   6.069462E-06    6.502873E-06    6.202194E-06    6.247197E-06    6.258431E-06    6.496116E-06    6.494057E-06    6.086468E-06    6.300858E-06    6.050710E-06    6.508593E-06    6.738491E-06    7.362515E-06    7.738736E-06    7.743374E-06    6.801264E-06    7.429118E-06    7.222628E-06    6.917800E-06    6.579838E-06
   6.588303E-06    6.944491E-06    6.575797E-06    6.475907E-06    6.458386E-06    6.014859E-06    6.264252E-06    6.033489E-06    5.820331E-06    6.309062E-06    6.456188E-06    6.365228E-06    6.232995E-06    6.867810E-06    7.538033E-06    6.571290E-06    6.991385E-06    6.955959E-06    7.100558E-06    6.922319E-06
   6.733191E-06    6.968046E-06    7.230130E-06    6.596967E-06    5.679651E-06    5.893584E-06    5.919628E-06    6.232020E-06    5.906770E-06    6.481059E-06    6.520773E-06    6.425923E-06    5.914565E-06    6.407733E-06    6.454466E-06    6.342491E-06    6.794527E-06    7.134340E-06    6.855979E-06    6.758056E-06
   6.566313E-06    6.941307E-06    6.544537E-06    5.734977E-06    5.287615E-06    5.497501E-06    5.593914E-06    6.035393E-06    6.247513E-06    5.779201E-06    5.966184E-06    5.939109E-06    5.700570E-06    5.719542E-06    5.757240E-06    6.422846E-06    6.099469E-06    6.240923E-06    6.598849E-06    6.354767E-06
   6.246226E-06    6.197286E-06    6.147657E-06    5.774079E-06    5.610502E-06    5.625337E-06    5.678127E-06    6.006880E-06    5.447280E-06    5.246054E-06    5.755023E-06    5.869586E-06    5.848536E-06    6.053956E-06    5.835561E-06    5.975912E-06    6.121461E-06    5.695633E-06    5.943228E-06    5.869792E-06
   6.164726E-06    6.126693E-06    5.720604E-06    5.750705E-06    6.227019E-06    5.520827E-06    5.862728E-06    5.395945E-06    5.371941E-06    5.912892E-06    6.126562E-06    6.099240E-06    6.228011E-06    6.371662E-06    5.405838E-06    5.338012E-06    5.233817E-06    5.599625E-06    5.688899E-06    5.591380E-06
   6.018229E-06    5.637203E-06    5.823917E-06    5.334051E-06    5.319632E-06    5.543198E-06    5.407558E-06    5.318299E-06    5.629097E-06    6.120759E-06    6.027294E-06    6.029839E-06    5.940984E-06    6.010086E-06    5.372471E-06    5.117337E-06    5.183992E-06    5.317833E-06    5.317125E-06    5.043837E-06
   5.745783E-06    5.388531E-06    5.630015E-06    5.452363E-06    5.502498E-06    5.750564E-06    5.623546E-06    5.418048E-06    5.722760E-06    6.180672E-06    6.066270E-06    6.340036E-06    6.075283E-06    5.713243E-06    5.557928E-06    5.539388E-06    5.439325E-06    5.339622E-06    5.314937E-06    5.286724E-06
   4.938672E-06    4.863434E-06    5.190069E-06    5.546840E-06    5.965886E-06    5.965886E-06    5.965886E-06    5.986763E-06    6.198124E-06    6.424062E-06    6.255878E-06    6.571538E-06    5.907101E-06    5.655880E-06    5.321827E-06    4.767913E-06    4.764141E-06    5.439449E-06    5.057288E-06    4.921751E-06
   4.966671E-06    5.306536E-06    5.486896E-06    5.887896E-06    5.965886E-06    5.965886E-06    5.965886E-06    5.965886E-06    6.391114E-06    6.613684E-06    6.323426E-06    6.053878E-06    5.369389E-06    5.490921E-06    5.107211E-06    5.128526E-06    4.969420E-06    5.152548E-06    5.054543E-06    5.479712E-06
   4.539990E-06    5.162129E-06    5.682440E-06    6.411438E-06    5.965886E-06    5.965886E-06    5.965886E-06    5.965886E-06    6.021115E-06    6.127135E-06    6.712595E-06    6.096311E-06    5.729171E-06    5.708984E-06    5.690360E-06    5.434647E-06    5.026318E-06    4.780715E-06    4.721129E-06    4.820484E-06
   5.039086E-06    5.555476E-06    6.055111E-06    6.872360E-06    5.965886E-06    5.965886E-06    5.965886E-06    5.965886E-06    6.115540E-06    6.055290E-06    6.318452E-06    5.709721E-06    5.357984E-06    5.479502E-06    5.846749E-06    5.602913E-06    4.944386E-06    5.034198E-06    4.540281E-06    4.725746E-06
   5.490415E-06    5.474469E-06    5.999253E-06    6.267015E-06    5.965886E-06    5.965886E-06    5.965886E-06    5.965886E-06    5.842172E-06    5.813230E-06    5.728402E-06    6.045931E-06    5.907360E-06    5.996930E-06    5.942208E-06    4.970781E-06    4.979497E-06    4.947420E-06    5.067629E-06    4.899876E-06
   6.195697E-06    5.532341E-06    5.929095E-06    6.226366E-06    5.965886E-06    5.965886E-06    5.965886E-06    5.965886E-06    6.599227E-06    6.280808E-06    5.960789E-06    6.228393E-06    6.259556E-06    5.949932E-06    6.186778E-06    5.381352E-06    5.142758E-06    5.394862E-06    5.218441E-06    5.497837E-06
   6.531028E-06    5.681233E-06    5.781690E-06    5.830186E-06    5.965886E-06    5.965886E-06    5.965886E-06    5.965886E-06    6.527214E-06    6.545198E-06    6.120702E-06    6.035788E-06    6.618129E-06    6.575900E-06    6.402229E-06    6.005148E-06    5.436479E-06    5.628002E-06    5.502901E-06    5.818476E-06
   6.270266E-06    6.241851E-06    6.249372E-06    6.713275E-06    5.965886E-06    5.965886E-06    5.965886E-06    5.965886E-06    6.841243E-06    6.105087E-06    6.224780E-06    6.408924E-06    7.194594E-06    6.355851E-06    6.219056E-06    6.259751E-06    6.009508E-06    6.043603E-06    6.083467E-06    5.916626E-06
   6.394177E-06    6.495466E-06    6.206424E-06    6.640475E-06    5.965886E-06    5.965886E-06    5.965886E-06    5.965886E-06    6.316433E-06    6.453633E-06    7.234293E-06    6.972648E-06    6.937348E-06    6.005701E-06    5.870513E-06    5.799810E-06    6.079609E-06    5.969657E-06    6.025591E-06    5.998691E-06
   6.731854E-06    6.143024E-06    6.164007E-06    5.946312E-06    5.965886E-06    5.965886E-06    5.965886E-06    5.965886E-06    6.167682E-06    6.351992E-06    6.706739E-06    6.948280E-06    6.615598E-06    6.302203E-06    6.035372E-06    5.863891E-06    6.058870E-06    5.932387E-06    6.077472E-06    6.203146E-06
   6.381975E-06    6.337244E-06    5.896536E-06    5.831558E-06    5.965886E-06    5.965886E-06    5.965886E-06    5.965886E-06    5.909960E-06    6.083654E-06    6.617934E-06    6.788476E-06    6.531901E-06    6.182716E-06    6.529766E-06    5.588457E-06    5.854458E-06    6.038163E-06    6.244139E-06    6.413278E-06
   6.061256E-06    6.101938E-06    5.882160E-06    6.122060E-06    5.965886E-06    5.965886E-06    5.965886E-06    5.965886E-06    5.834070E-06    6.607267E-06    6.307306E-06    6.732012E-06    6.125830E-06    6.300519E-06    6.167781E-06    5.506777E-06    5.238118E-06    5.424565E-06    5.535543E-06    6.056546E-06
   5.921470E-06    6.177607E-06    6.111803E-06    6.698542E-06    5.965886E-06    5.965886E-06    5.965886E-06    5.965886E-06    6.242693E-06    6.598657E-06    6.879252E-06    6.912514E-06    6.575207E-06    6.869331E-06    5.978877E-06    5.107822E-06    5.164246E-06    5.661407E-06    5.387331E-06    5.282520E-06
   6.104381E-06    6.388085E-06    6.250681E-06    6.069838E-06    5.965886E-06    5.965886E-06    6.201390E-06    5.813528E-06    6.476691E-06    6.116806E-06    6.474816E-06    7.039940E-06    7.009261E-06    7.012452E-06    6.483269E-06    5.591986E-06    5.583114E-06    5.819961E-06    5.585153E-06    5.582816E-06
   5.627104E-06    6.598020E-06    6.530052E-06    5.691149E-06    5.952410E-06    5.965886E-06    6.445305E-06    6.538795E-06    5.979174E-06    6.520173E-06    6.594670E-06    6.446292E-06    6.695156E-06    6.376593E-06    6.250680E-06    5.896473E-06    6.033933E-06    6.118740E-06    5.950973E-06    5.485875E-06
   5.540027E-06    6.477840E-06    6.140161E-06    6.194668E-06    5.527565E-06    5.792980E-06    6.062175E-06    6.112430E-06    5.865248E-06    6.171663E-06    6.322857E-06    5.711094E-06    5.662071E-06    6.209389E-06    5.711478E-06    5.732435E-06    5.965626E-06    5.831262E-06    5.472746E-06    5.514137E-06
   5.760688E-06    5.787766E-06    5.539609E-06    5.966892E-06    5.663518E-06    6.147055E-06    5.766903E-06    6.150407E-06    5.613363E-06    5.769883E-06    6.187241E-06    5.933907E-06    6.327947E-06    5.900847E-06    5.745645E-06    5.118678E-06    5.149894E-06    5.401259E-06    5.303620E-06    5.013471E-06
   5.687460E-06    5.578812E-06    5.537287E-06    5.437531E-06    5.901884E-06    5.866784E-06    5.804961E-06    5.741210E-06    5.503041E-06    5.970788E-06    5.781852E-06    6.539845E-06    5.655003E-06    6.175048E-06    5.481665E-06    5.073077E-06    5.104125E-06    5.028147E-06    5.164816E-06    5.049109E-06
   5.057241E-06    5.381573E-06    5.238722E-06    5.965486E-06    5.814423E-06    5.810952E-06    5.581884E-06    5.670259E-06    5.529455E-06    5.876172E-06    6.127515E-06    5.800846E-06    5.592847E-06    6.015697E-06    5.439191E-06    5.213433E-06    5.560688E-06    5.189848E-06    5.039875E-06    5.303559E-06
   4.730684E-06    5.142857E-06    5.241830E-06    5.412036E-06    5.998313E-06    5.966944E-06    5.524225E-06    5.476898E-06    5.363775E-06    5.067456E-06    5.591499E-06    5.757340E-06    5.606796E-06    5.350685E-06    5.303012E-06    5.198270E-06    5.513764E-06    5.563046E-06    4.933488E-06    4.989778E-06
   4.960894E-06    5.308861E-06    5.175307E-06    5.268845E-06    5.300047E-06    5.289053E-06    4.947147E-06    4.965504E-06    4.655701E-06    5.019532E-06    5.420039E-06    5.746912E-06    5.185108E-06    5.223298E-06    5.532695E-06    5.360604E-06    5.167235E-06    5.122563E-06    5.195819E-06    5.065677E-06
   5.757640E-06    5.884364E-06    5.788312E-06    5.763914E-06    5.612257E-06    5.225629E-06    4.923268E-06    4.392459E-06    4.424701E-06    4.533580E-06    5.061947E-06    5.701380E-06    5.009645E-06    5.023807E-06    5.012251E-06    4.984443E-06    5.192472E-06    5.655653E-06    5.461964E-06    5.421024E-06
   5.827208E-06    6.103883E-06    5.693044E-06    5.321213E-06    5.646148E-06    5.319117E-06    4.799409E-06    4.675629E-06    4.358576E-06    4.567986E-06    4.949002E-06    5.223874E-06    5.201065E-06    4.857172E-06    5.114535E-06    5.229529E-06    4.984481E-06    5.366350E-06    5.314036E-06    5.341883E-06
   5.791872E-06    5.859206E-06    5.596584E-06    5.535873E-06    5.344898E-06    5.001112E-06    4.922427E-06    4.751998E-06    4.643656E-06    4.857418E-06    4.825215E-06    5.350510E-06    4.736299E-06    4.966211E-06    5.753225E-06    5.692398E-06    5.839803E-06    5.295332E-06    5.158921E-06    5.239543E-06
   5.965886E-06    5.843126E-06    5.457731E-06    5.199449E-06    4.991907E-06    5.211432E-06    5.291158E-06    5.061899E-06    4.931014E-06    4.906781E-06    5.174843E-06    5.782265E-06    5.547496E-06    5.822324E-06    6.064874E-06    5.887116E-06    6.222424E-06    6.073674E-06    5.888852E-06    5.315815E-06
   5.965886E-06    5.965886E-06    5.462043E-06    5.287484E-06    5.219345E-06    5.477837E-06    5.449556E-06    5.075133E-06    4.893215E-06    5.372892E-06    6.064316E-06    5.587658E-06    5.299820E-06    5.352114E-06    5.659218E-06    5.593988E-06    5.861786E-06    6.000841E-06    5.623533E-06    5.629790E-06
   5.965886E-06    5.965886E-06    5.965886E-06    5.764852E-06    5.542394E-06    5.281222E-06    5.493177E-06    5.416192E-06    5.232231E-06    5.321848E-06    5.817429E-06    5.260648E-06    5.579153E-06    4.915003E-06    4.984203E-06    5.581232E-06    5.811048E-06    6.161114E-06    5.975563E-06    5.772926E-06
   5.965886E-06    5.965886E-06    5.965886E-06    5.965886E-06    5.670722E-06    5.240594E-06    4.914488E-06    5.212613E-06    5.150167E-06    4.896985E-06    5.128057E-06    5.087191E-06    4.955977E-06    5.322598E-06    5.762603E-06    5.804572E-06    6.017705E-06    6.542646E-06    6.181932E-06    5.965886E-06
   5.965886E-06    5.965886E-06    5.965886E-06    5.965886E-06    5.646282E-06    5.391050E-06    5.054405E-06    4.857657E-06    5.435971E-06    4.975395E-06    4.869299E-06    4.896178E-06    4.997360E-06    5.647340E-06    6.231953E-06    6.240168E-06    5.888850E-06    6.178692E-06    5.875824E-06    5.965886E-06
   5.965886E-06    5.965886E-06    5.965886E-06    5.965886E-06    5.965886E-06    5.482759E-06    5.317877E-06    5.303325E-06    5.465518E-06    5.130481E-06    5.227263E-06    5.416639E-06    5.145803E-06    5.697232E-06    6.118274E-06    6.234712E-06    5.851542E-06    6.304236E-06    5.965886E-06    5.965886E-06
   5.965886E-06    5.965886E-06    5.965886E-06    5.965886E-06    5.965886E-06    5.195029E-06    5.343483E-06    5.810577E-06    5.820696E-06    5.370224E-06    5.591457E-06    5.381561E-06    5.485964E-06    5.807225E-06    5.571473E-06    5.995544E-06    6.550650E-06    5.965886E-06    5.965886E-06    5.965886E-06
   5.965886E-06    5.965886E-06    5.965886E-06    5.965886E-06    5.965886E-06    5.383986E-06    5.480706E-06    5.557798E-06    5.782247E-06    5.762135E-06    5.740307E-06    5.745718E-06    5.892173E-06    5.435030E-06    5.443762E-06    5.558960E-06    5.965886E-06    5.965886E-06    5.965886E-06    5.965886E-06
