   1.019724E-04    1.092541E-04    1.042024E-04    1.049585E-04    1.051473E-04    1.091406E-04    1.091060E-04    1.022581E-04    1.058601E-04    1.016574E-04    1.093502E-04    1.132127E-04    1.236969E-04    1.300177E-04    1.300956E-04    1.142673E-04    1.248159E-04    1.213466E-04    1.162253E-04    1.105472E-04
   1.106894E-04    1.166737E-04    1.104793E-04    1.088011E-04    1.085067E-04    1.010550E-04    1.052451E-04    1.013680E-04    9.778678E-05    1.059979E-04    1.084698E-04    1.069416E-04    1.047199E-04    1.153854E-04    1.266457E-04    1.104036E-04    1.174615E-04    1.168664E-04    1.192958E-04    1.163012E-04
   1.131237E-04    1.170694E-04    1.214727E-04    1.108350E-04    9.542323E-05    9.901751E-05    9.945508E-05    1.047035E-04    9.923904E-05    1.088876E-04    1.095548E-04    1.079613E-04    9.937001E-05    1.076557E-04    1.084408E-04    1.065595E-04    1.141542E-04    1.198633E-04    1.151866E-04    1.135414E-04
   1.103200E-04    1.166202E-04    1.099541E-04    9.635277E-05    8.883669E-05    9.236296E-05    9.398279E-05    1.014000E-04    1.049638E-04    9.709577E-05    1.002372E-04    9.978237E-05    9.577470E-05    9.609344E-05    9.672680E-05    1.079096E-04    1.024766E-04    1.048531E-04    1.108666E-04    1.067658E-04
   1.049422E-04    1.041200E-04    1.032862E-04    9.700971E-05    9.426148E-05    9.451072E-05    9.539763E-05    1.009210E-04    9.151920E-05    8.813843E-05    9.668956E-05    9.861432E-05    9.826067E-05    1.017119E-04    9.804268E-05    1.004007E-04    1.028461E-04    9.569176E-05    9.985157E-05    9.861778E-05
   1.035729E-04    1.029340E-04    9.611130E-05    9.661701E-05    1.046195E-04    9.275486E-05    9.849910E-05    9.065673E-05    9.025343E-05    9.934190E-05    1.029317E-04    1.024727E-04    1.046362E-04    1.070496E-04    9.082294E-05    8.968340E-05    8.793283E-05    9.407873E-05    9.557862E-05    9.394021E-05
   1.011117E-04    9.471007E-05    9.784704E-05    8.961685E-05    8.937460E-05    9.313072E-05    9.085183E-05    8.935220E-05    9.457388E-05    1.028342E-04    1.012640E-04    1.013067E-04    9.981388E-05    1.009748E-04    9.026234E-05    8.597587E-05    8.709572E-05    8.934437E-05    8.933248E-05    8.474099E-05
   9.653432E-05    9.053216E-05    9.458931E-05    9.160459E-05    9.244692E-05    9.661465E-05    9.448063E-05    9.102807E-05    9.614751E-05    1.038408E-04    1.019188E-04    1.065183E-04    1.020702E-04    9.598762E-05    9.337818E-05    9.306671E-05    9.138555E-05    8.971044E-05    8.929573E-05    8.882172E-05
   8.297413E-05    8.171006E-05    8.719783E-05    9.319190E-05    9.926175E-05    9.926175E-05    9.926175E-05    1.005830E-04    1.041341E-04    1.079300E-04    1.051044E-04    1.104077E-04    9.924461E-05    9.502387E-05    8.941148E-05    8.010523E-05    8.004184E-05    9.138763E-05    8.496699E-05    8.268983E-05
   8.344453E-05    8.915457E-05    9.218478E-05    9.892195E-05    9.926175E-05    9.926175E-05    9.926175E-05    9.926175E-05    1.073765E-04    1.111158E-04    1.062392E-04    1.017106E-04    9.021057E-05    9.225242E-05    8.580574E-05    8.616385E-05    8.349072E-05    8.656743E-05    8.492087E-05    9.206409E-05
   7.627591E-05    8.672841E-05    9.547011E-05    1.077179E-04    9.926175E-05    9.926175E-05    9.926175E-05    9.926175E-05    1.011601E-04    1.029414E-04    1.127776E-04    1.024235E-04    9.625523E-05    9.591606E-05    9.560317E-05    9.130695E-05    8.444666E-05    8.032031E-05    7.931922E-05    8.098847E-05
   8.466117E-05    9.333699E-05    1.017313E-04    1.154618E-04    9.926175E-05    9.926175E-05    9.926175E-05    9.926175E-05    1.027466E-04    1.017343E-04    1.061557E-04    9.592845E-05    9.001895E-05    9.206056E-05    9.823063E-05    9.413398E-05    8.307012E-05    8.457905E-05    7.628079E-05    7.939678E-05
   9.224390E-05    9.197600E-05    1.007928E-04    1.052915E-04    9.926175E-05    9.926175E-05    9.926175E-05    9.926175E-05    9.815374E-05    9.766749E-05    9.624230E-05    1.015771E-04    9.924895E-05    1.007538E-04    9.983444E-05    8.351358E-05    8.366002E-05    8.312110E-05    8.514072E-05    8.232232E-05
   1.040933E-04    9.294830E-05    9.961412E-05    1.046085E-04    9.926175E-05    9.926175E-05    9.926175E-05    9.926175E-05    1.108730E-04    1.055232E-04    1.001466E-04    1.046426E-04    1.051662E-04    9.996420E-05    1.039434E-04    9.041155E-05    8.640295E-05    9.063853E-05    8.767449E-05    9.236860E-05
   1.097271E-04    9.544983E-05    9.713758E-05    9.795237E-05    9.926175E-05    9.926175E-05    9.926175E-05    9.926175E-05    1.096631E-04    1.099652E-04    1.028333E-04    1.014067E-04    1.111905E-04    1.104810E-04    1.075632E-04    1.008919E-04    9.133773E-05    9.455549E-05    9.245369E-05    9.775563E-05
   1.053461E-04    1.048687E-04    1.049951E-04    1.127891E-04    9.926175E-05    9.926175E-05    9.926175E-05    9.926175E-05    1.149390E-04    1.025709E-04    1.045819E-04    1.076757E-04    1.208756E-04    1.067840E-04    1.044857E-04    1.051695E-04    1.009651E-04    1.015380E-04    1.022077E-04    9.940464E-05
   1.074279E-04    1.091297E-04    1.042735E-04    1.115660E-04    9.926175E-05    9.926175E-05    9.926175E-05    9.926175E-05    1.061218E-04    1.084268E-04    1.215426E-04    1.171468E-04    1.165537E-04    1.009012E-04    9.862989E-05    9.744202E-05    1.021429E-04    1.002956E-04    1.012353E-04    1.007834E-04
   1.131012E-04    1.032083E-04    1.035609E-04    9.990339E-05    9.926175E-05    9.926175E-05    9.926175E-05    9.926175E-05    1.036226E-04    1.067192E-04    1.126792E-04    1.167373E-04    1.111480E-04    1.058827E-04    1.013997E-04    9.851864E-05    1.017945E-04    9.966944E-05    1.021070E-04    1.042184E-04
   1.072229E-04    1.064714E-04    9.906710E-05    9.797541E-05    9.926175E-05    9.926175E-05    9.926175E-05    9.926175E-05    9.929265E-05    1.022109E-04    1.111872E-04    1.140525E-04    1.097418E-04    1.038752E-04    1.097059E-04    9.389109E-05    9.836016E-05    1.014466E-04    1.049071E-04    1.077488E-04
   1.018345E-04    1.025180E-04    9.882558E-05    1.028561E-04    9.926175E-05    9.926175E-05    9.926175E-05    9.926175E-05    9.801762E-05    1.110080E-04    1.059684E-04    1.131039E-04    1.029195E-04    1.058544E-04    1.036243E-04    9.251880E-05    8.800509E-05    9.113757E-05    9.300210E-05    1.017554E-04
   9.948603E-05    1.037893E-04    1.026838E-04    1.125415E-04    9.926175E-05    9.926175E-05    9.926175E-05    9.926175E-05    1.048829E-04    1.108634E-04    1.155776E-04    1.161364E-04    1.104694E-04    1.154109E-04    1.004505E-04    8.581600E-05    8.676397E-05    9.511672E-05    9.051201E-05    8.875108E-05
   1.025591E-04    1.073256E-04    1.050171E-04    1.019787E-04    9.926175E-05    9.926175E-05    1.041889E-04    9.767249E-05    1.088142E-04    1.027678E-04    1.087827E-04    1.182773E-04    1.177619E-04    1.178155E-04    1.089247E-04    9.395039E-05    9.380134E-05    9.778058E-05    9.383558E-05    9.379632E-05
   9.454040E-05    1.108527E-04    1.097107E-04    9.561642E-05    1.000058E-04    9.926175E-05    1.082869E-04    1.098576E-04    1.004555E-04    1.095448E-04    1.107964E-04    1.083035E-04    1.124846E-04    1.071325E-04    1.050170E-04    9.906605E-05    1.013755E-04    1.028003E-04    9.998169E-05    9.216764E-05
   9.307744E-05    1.088335E-04    1.031602E-04    1.040760E-04    9.286806E-05    9.732727E-05    1.018500E-04    1.026943E-04    9.854145E-05    1.036895E-04    1.062297E-04    9.595151E-05    9.512787E-05    1.043233E-04    9.595797E-05    9.631007E-05    1.002279E-04    9.797044E-05    9.194705E-05    9.264245E-05
   9.678474E-05    9.723966E-05    9.307041E-05    1.002491E-04    9.515220E-05    1.032760E-04    9.688916E-05    1.033324E-04    9.430955E-05    9.693922E-05    1.039512E-04    9.969497E-05    1.063152E-04    9.913953E-05    9.653200E-05    8.599839E-05    8.652285E-05    9.074601E-05    8.910558E-05    8.423082E-05
   9.555443E-05    9.372905E-05    9.303139E-05    9.135540E-05    9.915696E-05    9.856724E-05    9.752856E-05    9.645748E-05    9.245604E-05    1.003146E-04    9.714030E-05    1.098753E-04    9.500913E-05    1.037464E-04    9.209690E-05    8.523226E-05    8.575388E-05    8.447738E-05    8.677355E-05    8.482956E-05
   8.496620E-05    9.041526E-05    8.801524E-05    1.002255E-04    9.768754E-05    9.762922E-05    9.378067E-05    9.526544E-05    9.289982E-05    9.872497E-05    1.029478E-04    9.745943E-05    9.396486E-05    1.010691E-04    9.138330E-05    8.759036E-05    9.342456E-05    8.719410E-05    8.467443E-05    8.910456E-05
   7.947974E-05    8.640462E-05    8.806746E-05    9.092707E-05    1.007771E-04    1.002500E-04    9.281195E-05    9.201681E-05    9.011623E-05    8.513781E-05    9.394221E-05    9.672848E-05    9.419921E-05    8.989632E-05    8.909538E-05    8.733560E-05    9.263619E-05    9.346418E-05    8.288703E-05    8.383275E-05
   8.334748E-05    8.919363E-05    8.694980E-05    8.852133E-05    8.904555E-05    8.886085E-05    8.311651E-05    8.342492E-05    7.821997E-05    8.433265E-05    9.106153E-05    9.655329E-05    8.711448E-05    8.775611E-05    9.295424E-05    9.006296E-05    8.681419E-05    8.606367E-05    8.729442E-05    8.510794E-05
   9.673354E-05    9.886260E-05    9.724885E-05    9.683893E-05    9.429097E-05    8.779527E-05    8.271533E-05    7.379726E-05    7.433895E-05    7.616822E-05    8.504525E-05    9.578830E-05    8.416654E-05    8.440447E-05    8.421032E-05    8.374313E-05    8.723820E-05    9.502006E-05    9.176590E-05    9.107807E-05
   9.790233E-05    1.025507E-04    9.564826E-05    8.940116E-05    9.486036E-05    8.936594E-05    8.063439E-05    7.855477E-05    7.322800E-05    7.674627E-05    8.314768E-05    8.776578E-05    8.738256E-05    8.160485E-05    8.592878E-05    8.786078E-05    8.374377E-05    9.015950E-05    8.928057E-05    8.974844E-05
   9.730865E-05    9.843993E-05    9.402765E-05    9.300765E-05    8.979909E-05    8.402317E-05    8.270120E-05    7.983783E-05    7.801760E-05    8.160899E-05    8.106795E-05    8.989337E-05    7.957409E-05    8.343680E-05    9.665935E-05    9.563740E-05    9.811394E-05    8.896633E-05    8.667450E-05    8.802904E-05
   9.926175E-05    9.816976E-05    9.169479E-05    8.735541E-05    8.386853E-05    8.755674E-05    8.889621E-05    8.504445E-05    8.284547E-05    8.243834E-05    8.694201E-05    9.714725E-05    9.320292E-05    9.782027E-05    1.018953E-04    9.890883E-05    1.045423E-04    1.020432E-04    9.893801E-05    8.931047E-05
   9.926175E-05    9.926175E-05    9.176723E-05    8.883449E-05    8.768968E-05    9.203258E-05    9.155745E-05    8.526679E-05    8.221041E-05    9.026941E-05    1.018860E-04    9.387767E-05    8.904174E-05    8.992032E-05    9.507995E-05    9.398402E-05    9.848328E-05    1.008195E-04    9.448041E-05    9.458553E-05
   9.926175E-05    9.926175E-05    9.926175E-05    9.685470E-05    9.311721E-05    8.872927E-05    9.229030E-05    9.099689E-05    8.790618E-05    8.941182E-05    9.773803E-05    8.838362E-05    9.373478E-05    8.257646E-05    8.373909E-05    9.376971E-05    9.763084E-05    1.035122E-04    1.003948E-04    9.699035E-05
   9.926175E-05    9.926175E-05    9.926175E-05    9.926175E-05    9.527323E-05    8.804668E-05    8.256782E-05    8.757658E-05    8.652744E-05    8.227376E-05    8.615597E-05    8.546937E-05    8.326487E-05    8.942444E-05    9.681691E-05    9.752203E-05    1.011029E-04    1.099223E-04    1.038620E-04    9.926175E-05
   9.926175E-05    9.926175E-05    9.926175E-05    9.926175E-05    9.486262E-05    9.057449E-05    8.491854E-05    8.161301E-05    9.132921E-05    8.359110E-05    8.180860E-05    8.226020E-05    8.396013E-05    9.488039E-05    1.047024E-04    1.048404E-04    9.893797E-05    1.038076E-04    9.871912E-05    9.926175E-05
   9.926175E-05    9.926175E-05    9.926175E-05    9.926175E-05    9.926175E-05    9.211527E-05    8.934512E-05    8.910063E-05    9.182561E-05    8.619669E-05    8.782271E-05    9.100440E-05    8.645412E-05    9.571862E-05    1.027925E-04    1.047488E-04    9.831117E-05    1.059168E-04    9.926175E-05    9.926175E-05
   9.926175E-05    9.926175E-05    9.926175E-05    9.926175E-05    9.926175E-05    8.728116E-05    8.977531E-05    9.762292E-05    9.779292E-05    9.022460E-05    9.394151E-05    9.041505E-05    9.216912E-05    9.756660E-05    9.360576E-05    1.007305E-04    1.100568E-04    9.926175E-05    9.926175E-05    9.926175E-05
   9.926175E-05    9.926175E-05    9.926175E-05    9.926175E-05    9.926175E-05    9.045581E-05    9.208079E-05    9.337601E-05    9.714695E-05    9.680905E-05    9.644231E-05    9.653322E-05    9.899380E-05    9.131340E-05    9.146009E-05    9.339553E-05    9.926175E-05    9.926175E-05    9.926175E-05    9.926175E-05
