   1.593531E-01   3.703129E-01   4.000000E-01   4.000000E-01   2.339964E-01   2.657834E-01   4.000000E-01   4.000000E-01   4.000000E-01   2.526672E-01   1.974607E-01   1.739762E-01   1.911463E-01   1.384081E-01   1.772449E-01   2.115080E-01   3.067373E-01   3.839068E-01   2.317046E-01   1.074405E-01
   1.595960E-01   4.000000E-01   4.000000E-01   2.874589E-01   1.901525E-01   2.410249E-01   2.647125E-01   4.000000E-01   3.606072E-01   3.707546E-01   1.688287E-01   3.293574E-01   2.225663E-01   1.817419E-01   2.468986E-01   2.203988E-01   2.303330E-01   2.087325E-01   2.726172E-01   1.865429E-01
   9.976625E-02   2.274015E-01   2.706912E-01   1.361113E-01   8.680389E-02   1.282828E-01   2.133024E-01   2.387134E-01   2.317733E-01   2.733463E-01   2.394516E-01   2.828883E-01   2.997496E-01   2.985070E-01   1.990982E-01   2.119480E-01   2.247449E-01   2.037399E-01   1.969479E-01   1.988567E-01
   7.244887E-02   1.598158E-01   1.186990E-01   9.559723E-02   1.249406E-01   1.025418E-01   1.227422E-01   1.980082E-01   2.165513E-01   1.959436E-01   2.017508E-01   2.356760E-01   2.060135E-01   3.687975E-01   2.479829E-01   1.170646E-01   1.621236E-01   1.603588E-01   1.369209E-01   1.706741E-01
   8.699796E-02   1.375905E-01   1.322319E-01   1.230032E-01   1.066268E-01   1.549615E-01   1.410613E-01   8.911469E-02   1.483288E-01   1.406947E-01   1.939493E-01   1.658563E-01   1.501349E-01   2.668724E-01   2.780098E-01   1.239419E-01   1.420884E-01   1.832496E-01   1.827648E-01   1.470337E-01
   8.723160E-02   1.488339E-01   9.238106E-02   6.768163E-02   8.361362E-02   1.649164E-01   8.299647E-02   4.753479E-02   9.400276E-02   1.131336E-01   1.147815E-01   1.515821E-01   2.287906E-01   2.424406E-01   1.750912E-01   1.356557E-01   1.558799E-01   1.630507E-01   1.386348E-01   1.387674E-01
   9.289530E-02   8.949388E-02   6.338920E-02   6.739801E-02   8.717377E-02   7.633934E-02   1.089615E-01   6.606083E-02   1.106422E-01   1.107831E-01   1.750257E-01   2.144944E-01   2.133167E-01   2.135144E-01   1.142389E-01   9.849607E-02   1.255661E-01   1.589875E-01   1.822371E-01   2.298520E-01
   9.227597E-02   7.418700E-02   5.004277E-02   5.261556E-02   4.754788E-02   1.218527E-01   7.708169E-02   1.408208E-01   1.034350E-01   1.508194E-01   1.350466E-01   1.236608E-01   1.291594E-01   1.358703E-01   1.791857E-01   9.729976E-02   1.468346E-01   1.640527E-01   2.153476E-01   2.600708E-01
   5.849417E-02   8.449923E-02   4.216164E-02   4.264659E-02   1.000000E-01   1.000000E-01   1.000000E-01   1.058202E-01   1.017174E-01   1.402163E-01   1.055233E-01   1.186628E-01   1.593811E-01   8.122043E-02   1.363623E-01   1.205654E-01   1.355686E-01   1.411366E-01   1.856944E-01   2.048847E-01
   7.142662E-02   4.942780E-02   3.166394E-02   5.655350E-02   1.000000E-01   1.000000E-01   1.000000E-01   1.000000E-01   8.733098E-02   1.301575E-01   9.120016E-02   9.833210E-02   8.997963E-02   7.710304E-02   1.207104E-01   1.178332E-01   1.002474E-01   1.201309E-01   1.309584E-01   1.473125E-01
   1.138708E-01   6.645469E-02   7.370053E-02   6.753583E-02   1.000000E-01   1.000000E-01   1.000000E-01   1.000000E-01   8.694516E-02   7.262862E-02   8.772528E-02   8.285257E-02   9.301905E-02   7.728334E-02   7.818711E-02   8.554201E-02   9.756039E-02   7.999595E-02   1.518062E-01   1.787863E-01
   1.036638E-01   5.227669E-02   1.231962E-01   1.562586E-01   1.000000E-01   1.000000E-01   1.000000E-01   1.000000E-01   7.192726E-02   9.465622E-02   1.008882E-01   8.822514E-02   1.496877E-01   9.007378E-02   7.892775E-02   7.052390E-02   6.218596E-02   4.388608E-02   1.250402E-01   1.555576E-01
   7.300715E-02   5.451484E-02   7.261830E-02   9.002479E-02   1.000000E-01   1.000000E-01   1.000000E-01   1.000000E-01   8.655369E-02   1.028773E-01   8.396228E-02   6.615031E-02   9.264198E-02   1.170021E-01   7.933420E-02   9.295792E-02   8.667942E-02   7.170039E-02   1.219445E-01   2.003635E-01
   6.945967E-02   1.096468E-01   4.029347E-02   4.622503E-02   1.000000E-01   1.000000E-01   1.000000E-01   1.000000E-01   1.012048E-01   7.190211E-02   6.825425E-02   1.111907E-01   1.763620E-01   1.145596E-01   7.449974E-02   1.239972E-01   1.073037E-01   1.247756E-01   1.535275E-01   2.279294E-01
   1.604325E-01   1.884579E-01   8.593754E-02   4.111964E-02   1.000000E-01   1.000000E-01   1.000000E-01   1.000000E-01   8.836073E-02   8.122613E-02   8.802756E-02   1.162318E-01   2.445789E-01   2.139643E-01   1.770497E-01   1.188981E-01   1.084482E-01   1.463499E-01   1.472443E-01   1.829909E-01
   1.478524E-01   1.474460E-01   1.288305E-01   8.896476E-02   1.000000E-01   1.000000E-01   1.000000E-01   1.000000E-01   8.563588E-02   8.678361E-02   8.365214E-02   1.767032E-01   2.979641E-01   3.997841E-01   2.682838E-01   2.739840E-01   1.595113E-01   1.211515E-01   1.417836E-01   1.894560E-01
   1.182251E-01   1.239735E-01   9.487930E-02   8.859139E-02   1.000000E-01   1.000000E-01   1.000000E-01   1.000000E-01   7.673894E-02   9.856545E-02   1.769650E-01   1.253077E-01   2.350760E-01   2.044466E-01   2.518039E-01   1.741359E-01   3.435468E-01   1.983104E-01   1.925584E-01   2.180024E-01
   1.289174E-01   1.068696E-01   8.085061E-02   6.423771E-02   1.000000E-01   1.000000E-01   1.000000E-01   1.000000E-01   7.384461E-02   1.118965E-01   1.156068E-01   1.236967E-01   1.419993E-01   1.578567E-01   2.661395E-01   2.749844E-01   2.408708E-01   1.310731E-01   1.879851E-01   1.784649E-01
   7.795150E-02   7.365163E-02   1.098672E-01   9.503681E-02   1.000000E-01   1.000000E-01   1.000000E-01   1.000000E-01   7.242286E-02   1.094079E-01   1.013703E-01   1.900783E-01   1.617623E-01   1.835495E-01   1.906137E-01   2.838559E-01   2.218087E-01   2.117810E-01   1.325275E-01   1.611094E-01
   5.563358E-02   1.513502E-01   1.046506E-01   1.067890E-01   1.000000E-01   1.000000E-01   1.000000E-01   1.000000E-01   7.639982E-02   8.978773E-02   1.118239E-01   1.611443E-01   1.631918E-01   1.870863E-01   2.259413E-01   2.051683E-01   1.670835E-01   1.402615E-01   1.107211E-01   8.779842E-02
   1.316101E-01   2.166799E-01   1.237934E-01   1.247545E-01   1.000000E-01   1.000000E-01   1.000000E-01   1.000000E-01   1.010179E-01   1.638854E-01   1.585060E-01   1.014073E-01   1.467699E-01   1.583637E-01   1.945900E-01   1.553592E-01   2.765921E-01   2.291496E-01   1.389478E-01   1.595053E-01
   1.092172E-01   1.125606E-01   1.648529E-01   1.276220E-01   1.000000E-01   1.000000E-01   2.380243E-01   1.623145E-01   1.480595E-01   1.807134E-01   1.260501E-01   7.123993E-02   7.752966E-02   9.340378E-02   9.730850E-02   1.278281E-01   2.099028E-01   2.094600E-01   1.547554E-01   1.322084E-01
   5.345549E-02   9.757502E-02   2.224284E-01   1.664034E-01   1.737019E-01   1.000000E-01   2.271889E-01   2.793089E-01   3.548933E-01   3.010292E-01   9.010296E-02   7.874687E-02   4.509442E-02   7.677735E-02   5.860980E-02   1.467503E-01   1.997027E-01   1.290465E-01   1.366977E-01   1.599995E-01
   7.437148E-02   1.091257E-01   1.221124E-01   1.661587E-01   1.773090E-01   2.021663E-01   2.155180E-01   2.435475E-01   4.000000E-01   4.000000E-01   1.941151E-01   7.443106E-02   6.995130E-02   1.268072E-01   1.880150E-01   1.586016E-01   1.650303E-01   1.618020E-01   2.295825E-01   2.705040E-01
   1.014788E-01   1.151139E-01   1.723945E-01   2.265474E-01   3.039242E-01   2.692236E-01   2.917710E-01   3.952521E-01   3.876805E-01   3.927940E-01   1.943183E-01   1.955158E-01   2.003974E-01   1.481562E-01   1.264137E-01   1.505183E-01   1.700996E-01   2.179864E-01   2.113978E-01   2.292600E-01
   1.258505E-01   1.334412E-01   1.896702E-01   2.209506E-01   3.057549E-01   3.628991E-01   2.105559E-01   2.385422E-01   3.074954E-01   4.000000E-01   3.863841E-01   2.628941E-01   1.711578E-01   1.435334E-01   1.376350E-01   9.881206E-02   1.269004E-01   2.148567E-01   1.684185E-01   1.564893E-01
   1.268877E-01   1.644413E-01   3.760985E-01   3.401556E-01   2.328733E-01   3.971312E-01   3.170966E-01   3.244654E-01   3.664936E-01   3.788221E-01   3.781672E-01   3.414591E-01   2.634407E-01   9.570377E-02   1.093237E-01   8.343277E-02   1.011094E-01   1.201661E-01   1.466905E-01   1.482558E-01
   1.225416E-01   1.952591E-01   1.973207E-01   3.490687E-01   4.000000E-01   4.000000E-01   3.967845E-01   3.505312E-01   4.000000E-01   4.000000E-01   3.730753E-01   3.524642E-01   2.557654E-01   1.136722E-01   9.350561E-02   8.525130E-02   9.992914E-02   1.144132E-01   1.472622E-01   1.647749E-01
   1.144837E-01   1.702135E-01   2.617259E-01   2.333755E-01   4.000000E-01   4.000000E-01   2.545390E-01   2.997832E-01   4.000000E-01   3.767137E-01   4.000000E-01   3.767250E-01   2.825922E-01   1.904493E-01   1.816753E-01   8.395505E-02   7.090688E-02   1.065779E-01   8.822009E-02   2.006533E-01
   5.691757E-02   1.312119E-01   2.952688E-01   3.872743E-01   4.000000E-01   3.751929E-01   2.609446E-01   2.834011E-01   2.675153E-01   3.710718E-01   4.000000E-01   3.652479E-01   2.055335E-01   1.509498E-01   8.935339E-02   1.136995E-01   7.803692E-02   7.675033E-02   1.397086E-01   2.033025E-01
   7.592392E-02   1.376291E-01   2.723719E-01   4.000000E-01   4.000000E-01   3.989996E-01   2.768937E-01   2.324809E-01   2.988633E-01   3.845263E-01   4.000000E-01   3.476716E-01   1.841767E-01   1.698220E-01   1.582762E-01   1.533279E-01   1.087705E-01   1.074484E-01   2.010928E-01   1.728604E-01
   8.055803E-02   1.936907E-01   2.065109E-01   4.000000E-01   4.000000E-01   3.083111E-01   3.120126E-01   3.038578E-01   3.515869E-01   3.190557E-01   3.782881E-01   3.755068E-01   2.762544E-01   3.443706E-01   2.588365E-01   2.224952E-01   1.202807E-01   1.169032E-01   2.583731E-01   2.797896E-01
   1.000000E-01   1.780526E-01   1.590877E-01   4.000000E-01   4.000000E-01   4.000000E-01   2.455233E-01   4.000000E-01   1.798197E-01   4.000000E-01   3.830581E-01   3.233353E-01   1.877254E-01   3.615329E-01   3.338698E-01   2.967876E-01   2.094453E-01   1.075819E-01   2.783731E-01   3.039972E-01
   1.000000E-01   1.000000E-01   2.064944E-01   3.479634E-01   4.000000E-01   3.582910E-01   2.865415E-01   3.856774E-01   3.453178E-01   3.738333E-01   2.708021E-01   2.655822E-01   2.469968E-01   3.711289E-01   3.794915E-01   3.253515E-01   2.039450E-01   2.471401E-01   1.920428E-01   2.586443E-01
   1.000000E-01   1.000000E-01   1.000000E-01   2.823231E-01   4.000000E-01   3.237665E-01   3.277966E-01   3.095119E-01   3.459411E-01   3.675353E-01   3.071958E-01   3.022483E-01   3.783028E-01   3.750412E-01   3.778403E-01   3.020156E-01   2.362785E-01   2.466535E-01   2.801916E-01   2.162386E-01
   1.000000E-01   1.000000E-01   1.000000E-01   1.000000E-01   2.250458E-01   2.606121E-01   2.668832E-01   4.000000E-01   3.904710E-01   2.381092E-01   3.029314E-01   2.648329E-01   3.858571E-01   4.000000E-01   4.000000E-01   3.746969E-01   3.402538E-01   2.485033E-01   2.691662E-01   1.000000E-01
   1.000000E-01   1.000000E-01   1.000000E-01   1.000000E-01   2.288434E-01   3.087059E-01   3.156555E-01   3.413764E-01   3.573084E-01   3.964508E-01   3.921500E-01   3.624298E-01   3.239784E-01   2.320115E-01   2.462084E-01   4.000000E-01   3.083736E-01   1.948228E-01   1.553934E-01   1.000000E-01
   1.000000E-01   1.000000E-01   1.000000E-01   1.000000E-01   1.000000E-01   2.913612E-01   3.292464E-01   3.357564E-01   4.000000E-01   4.000000E-01   2.899416E-01   1.825804E-01   1.208900E-01   8.540846E-02   1.282119E-01   2.116963E-01   1.684976E-01   1.901339E-01   1.000000E-01   1.000000E-01
   1.000000E-01   1.000000E-01   1.000000E-01   1.000000E-01   1.000000E-01   2.577939E-01   3.348015E-01   3.909619E-01   3.289954E-01   3.155374E-01   3.757270E-01   1.969530E-01   1.238355E-01   8.602849E-02   1.009179E-01   6.616600E-02   8.342949E-02   1.000000E-01   1.000000E-01   1.000000E-01
   1.000000E-01   1.000000E-01   1.000000E-01   1.000000E-01   1.000000E-01   2.029711E-01   1.976074E-01   3.661558E-01   2.742632E-01   2.145922E-01   2.463679E-01   2.632667E-01   1.544154E-01   7.488500E-02   9.900258E-02   8.222872E-02   1.000000E-01   1.000000E-01   1.000000E-01   1.000000E-01
