   2.291376E-05    2.454999E-05    2.341486E-05    2.358475E-05    2.362716E-05    2.452449E-05    2.451671E-05    2.297796E-05    2.378733E-05    2.284296E-05    2.457159E-05    2.543951E-05    2.779536E-05    2.921569E-05    2.923320E-05    2.567649E-05    2.804680E-05    2.726725E-05    2.611645E-05    2.484055E-05
   2.487251E-05    2.621721E-05    2.482530E-05    2.444819E-05    2.438204E-05    2.270762E-05    2.364914E-05    2.277795E-05    2.197322E-05    2.381831E-05    2.437374E-05    2.403035E-05    2.353114E-05    2.592772E-05    2.845799E-05    2.480828E-05    2.639425E-05    2.626051E-05    2.680640E-05    2.613351E-05
   2.541950E-05    2.630614E-05    2.729557E-05    2.490522E-05    2.144212E-05    2.224977E-05    2.234810E-05    2.352745E-05    2.229955E-05    2.446764E-05    2.461757E-05    2.425949E-05    2.232898E-05    2.419082E-05    2.436724E-05    2.394451E-05    2.565106E-05    2.693394E-05    2.588306E-05    2.551338E-05
   2.478949E-05    2.620519E-05    2.470728E-05    2.165099E-05    1.996209E-05    2.075446E-05    2.111844E-05    2.278514E-05    2.358594E-05    2.181795E-05    2.252385E-05    2.242164E-05    2.152110E-05    2.159272E-05    2.173504E-05    2.424787E-05    2.302704E-05    2.356107E-05    2.491233E-05    2.399085E-05
   2.358108E-05    2.339633E-05    2.320896E-05    2.179861E-05    2.118107E-05    2.123707E-05    2.143637E-05    2.267749E-05    2.056486E-05    1.980518E-05    2.172667E-05    2.215917E-05    2.207971E-05    2.285522E-05    2.203072E-05    2.256058E-05    2.311007E-05    2.150246E-05    2.243719E-05    2.215995E-05
   2.327340E-05    2.312982E-05    2.159673E-05    2.171037E-05    2.350857E-05    2.084252E-05    2.213328E-05    2.037106E-05    2.028044E-05    2.232267E-05    2.312932E-05    2.302617E-05    2.351232E-05    2.405464E-05    2.040841E-05    2.015235E-05    1.975899E-05    2.114000E-05    2.147704E-05    2.110888E-05
   2.272034E-05    2.128187E-05    2.198676E-05    2.013739E-05    2.008296E-05    2.092698E-05    2.041490E-05    2.007793E-05    2.125127E-05    2.310742E-05    2.275456E-05    2.276417E-05    2.242872E-05    2.268960E-05    2.028244E-05    1.931925E-05    1.957088E-05    2.007617E-05    2.007349E-05    1.904176E-05
   2.169179E-05    2.034307E-05    2.125473E-05    2.058405E-05    2.077333E-05    2.170984E-05    2.123031E-05    2.045450E-05    2.160487E-05    2.333360E-05    2.290170E-05    2.393524E-05    2.293573E-05    2.156894E-05    2.098259E-05    2.091259E-05    2.053483E-05    2.015842E-05    2.006524E-05    1.995872E-05
   1.864474E-05    1.836070E-05    1.959383E-05    2.094073E-05    2.240923E-05    2.240923E-05    2.240923E-05    2.260155E-05    2.339949E-05    2.425246E-05    2.361753E-05    2.480922E-05    2.230080E-05    2.135238E-05    2.009125E-05    1.800008E-05    1.798584E-05    2.053530E-05    1.909254E-05    1.858086E-05
   1.875044E-05    2.003352E-05    2.071442E-05    2.222830E-05    2.240923E-05    2.240923E-05    2.240923E-05    2.240923E-05    2.412808E-05    2.496833E-05    2.387254E-05    2.285492E-05    2.027081E-05    2.072962E-05    1.928102E-05    1.936149E-05    1.876082E-05    1.945217E-05    1.908218E-05    2.068730E-05
   1.713961E-05    1.948835E-05    2.145265E-05    2.420480E-05    2.240923E-05    2.240923E-05    2.240923E-05    2.240923E-05    2.273124E-05    2.313149E-05    2.534175E-05    2.301512E-05    2.162907E-05    2.155286E-05    2.148255E-05    2.051717E-05    1.897562E-05    1.804841E-05    1.782346E-05    1.819855E-05
   1.902383E-05    2.097333E-05    2.285958E-05    2.594490E-05    2.240923E-05    2.240923E-05    2.240923E-05    2.240923E-05    2.308771E-05    2.286025E-05    2.385376E-05    2.155564E-05    2.022775E-05    2.068651E-05    2.207296E-05    2.115242E-05    1.866631E-05    1.900537E-05    1.714071E-05    1.784089E-05
   2.072771E-05    2.066751E-05    2.264870E-05    2.365957E-05    2.240923E-05    2.240923E-05    2.240923E-05    2.240923E-05    2.205568E-05    2.194642E-05    2.162617E-05    2.282492E-05    2.230178E-05    2.263993E-05    2.243334E-05    1.876596E-05    1.879886E-05    1.867776E-05    1.913158E-05    1.849827E-05
   2.339033E-05    2.088599E-05    2.238383E-05    2.350611E-05    2.240923E-05    2.240923E-05    2.240923E-05    2.240923E-05    2.491376E-05    2.371164E-05    2.250349E-05    2.351376E-05    2.363141E-05    2.246250E-05    2.335666E-05    2.031597E-05    1.941521E-05    2.036697E-05    1.970094E-05    2.075573E-05
   2.465629E-05    2.144810E-05    2.182734E-05    2.201043E-05    2.240923E-05    2.240923E-05    2.240923E-05    2.240923E-05    2.464189E-05    2.470978E-05    2.310720E-05    2.278663E-05    2.498511E-05    2.482569E-05    2.417004E-05    2.267096E-05    2.052409E-05    2.124713E-05    2.077485E-05    2.196622E-05
   2.367184E-05    2.356457E-05    2.359296E-05    2.534431E-05    2.240923E-05    2.240923E-05    2.240923E-05    2.240923E-05    2.582742E-05    2.304825E-05    2.350012E-05    2.419531E-05    2.716142E-05    2.399495E-05    2.347851E-05    2.363215E-05    2.268741E-05    2.281613E-05    2.296663E-05    2.233676E-05
   2.413964E-05    2.452203E-05    2.343082E-05    2.506948E-05    2.240923E-05    2.240923E-05    2.240923E-05    2.240923E-05    2.384614E-05    2.436410E-05    2.731129E-05    2.632351E-05    2.619024E-05    2.267304E-05    2.216267E-05    2.189575E-05    2.295206E-05    2.253697E-05    2.274813E-05    2.264658E-05
   2.541446E-05    2.319147E-05    2.327069E-05    2.244884E-05    2.240923E-05    2.240923E-05    2.240923E-05    2.240923E-05    2.328456E-05    2.398038E-05    2.531964E-05    2.623152E-05    2.497556E-05    2.379241E-05    2.278506E-05    2.213767E-05    2.287377E-05    2.239627E-05    2.294400E-05    2.341845E-05
   2.409357E-05    2.392470E-05    2.226092E-05    2.201561E-05    2.240923E-05    2.240923E-05    2.240923E-05    2.240923E-05    2.231160E-05    2.296733E-05    2.498438E-05    2.562822E-05    2.465958E-05    2.334132E-05    2.465152E-05    2.109784E-05    2.210206E-05    2.279560E-05    2.357321E-05    2.421175E-05
   2.288278E-05    2.303636E-05    2.220665E-05    2.311233E-05    2.240923E-05    2.240923E-05    2.240923E-05    2.240923E-05    2.202509E-05    2.494411E-05    2.381168E-05    2.541505E-05    2.312656E-05    2.378606E-05    2.328494E-05    2.078948E-05    1.977522E-05    2.047911E-05    2.089808E-05    2.286500E-05
   2.235505E-05    2.332203E-05    2.307361E-05    2.528869E-05    2.240923E-05    2.240923E-05    2.240923E-05    2.240923E-05    2.356775E-05    2.491160E-05    2.597092E-05    2.609649E-05    2.482307E-05    2.593346E-05    2.257178E-05    1.928332E-05    1.949634E-05    2.137325E-05    2.033854E-05    1.994285E-05
   2.304559E-05    2.411664E-05    2.359790E-05    2.291518E-05    2.240923E-05    2.240923E-05    2.341182E-05    2.194754E-05    2.445115E-05    2.309249E-05    2.444407E-05    2.657756E-05    2.646174E-05    2.647378E-05    2.447598E-05    2.111116E-05    2.107767E-05    2.197183E-05    2.108537E-05    2.107654E-05
   2.124374E-05    2.490920E-05    2.465260E-05    2.148553E-05    2.247186E-05    2.240923E-05    2.433266E-05    2.468561E-05    2.257290E-05    2.461531E-05    2.489655E-05    2.433638E-05    2.527591E-05    2.407325E-05    2.359790E-05    2.226068E-05    2.277963E-05    2.309979E-05    2.246643E-05    2.071057E-05
   2.091501E-05    2.445549E-05    2.318066E-05    2.338644E-05    2.086796E-05    2.186997E-05    2.288625E-05    2.307597E-05    2.214280E-05    2.329959E-05    2.387039E-05    2.156083E-05    2.137575E-05    2.344202E-05    2.156228E-05    2.164140E-05    2.252175E-05    2.201449E-05    2.066100E-05    2.081726E-05
   2.174806E-05    2.185028E-05    2.091343E-05    2.252653E-05    2.138122E-05    2.320669E-05    2.177152E-05    2.321934E-05    2.119187E-05    2.178277E-05    2.335840E-05    2.240200E-05    2.388960E-05    2.227719E-05    2.169127E-05    1.932431E-05    1.944215E-05    2.039112E-05    2.002251E-05    1.892712E-05
   2.147160E-05    2.106143E-05    2.090466E-05    2.052806E-05    2.228111E-05    2.214860E-05    2.191520E-05    2.167452E-05    2.077537E-05    2.254124E-05    2.182795E-05    2.468957E-05    2.134907E-05    2.331237E-05    2.069467E-05    1.915215E-05    1.926936E-05    1.898253E-05    1.949849E-05    1.906166E-05
   1.909237E-05    2.031680E-05    1.977750E-05    2.252122E-05    2.195092E-05    2.193782E-05    2.107303E-05    2.140666E-05    2.087510E-05    2.218404E-05    2.313292E-05    2.189967E-05    2.111442E-05    2.271078E-05    2.053432E-05    1.968203E-05    2.099301E-05    1.959299E-05    1.902680E-05    2.002228E-05
   1.785953E-05    1.941559E-05    1.978924E-05    2.043181E-05    2.264515E-05    2.252673E-05    2.085535E-05    2.067668E-05    2.024961E-05    1.913093E-05    2.110933E-05    2.173542E-05    2.116707E-05    2.020019E-05    2.002022E-05    1.962479E-05    2.081586E-05    2.100191E-05    1.862517E-05    1.883767E-05
   1.872863E-05    2.004229E-05    1.953809E-05    1.989122E-05    2.000902E-05    1.996752E-05    1.867673E-05    1.874603E-05    1.757645E-05    1.895000E-05    2.046202E-05    2.169605E-05    1.957510E-05    1.971927E-05    2.088732E-05    2.023764E-05    1.950762E-05    1.933897E-05    1.961553E-05    1.912422E-05
   2.173655E-05    2.221496E-05    2.185235E-05    2.176024E-05    2.118769E-05    1.972808E-05    1.858658E-05    1.658264E-05    1.670437E-05    1.711541E-05    1.911013E-05    2.152415E-05    1.891268E-05    1.896614E-05    1.892252E-05    1.881754E-05    1.960290E-05    2.135152E-05    2.062030E-05    2.046574E-05
   2.199919E-05    2.304371E-05    2.149268E-05    2.008893E-05    2.131564E-05    2.008101E-05    1.811899E-05    1.765168E-05    1.645473E-05    1.724531E-05    1.868374E-05    1.972145E-05    1.963534E-05    1.833705E-05    1.930866E-05    1.974280E-05    1.881768E-05    2.025933E-05    2.006183E-05    2.016696E-05
   2.186578E-05    2.211999E-05    2.112852E-05    2.089932E-05    2.017834E-05    1.888046E-05    1.858341E-05    1.794000E-05    1.753098E-05    1.833798E-05    1.821641E-05    2.019953E-05    1.788073E-05    1.874870E-05    2.171988E-05    2.149024E-05    2.204674E-05    1.999122E-05    1.947623E-05    1.978060E-05
   2.240923E-05    2.205928E-05    2.060432E-05    1.962924E-05    1.884571E-05    1.967448E-05    1.997546E-05    1.910995E-05    1.861583E-05    1.852434E-05    1.953634E-05    2.182951E-05    2.094320E-05    2.198075E-05    2.289644E-05    2.222535E-05    2.349123E-05    2.292966E-05    2.223191E-05    2.006855E-05
   2.240923E-05    2.240923E-05    2.062060E-05    1.996159E-05    1.970435E-05    2.068022E-05    2.057346E-05    1.915991E-05    1.847313E-05    2.028403E-05    2.289433E-05    2.109482E-05    2.000816E-05    2.020558E-05    2.136498E-05    2.111872E-05    2.212973E-05    2.265469E-05    2.123026E-05    2.125388E-05
   2.240923E-05    2.240923E-05    2.240923E-05    2.176378E-05    2.092394E-05    1.993795E-05    2.073813E-05    2.044750E-05    1.975300E-05    2.009132E-05    2.196227E-05    1.986028E-05    2.106271E-05    1.855538E-05    1.881663E-05    2.107056E-05    2.193818E-05    2.325977E-05    2.255926E-05    2.179426E-05
   2.240923E-05    2.240923E-05    2.240923E-05    2.240923E-05    2.140841E-05    1.978457E-05    1.855344E-05    1.967893E-05    1.944319E-05    1.848736E-05    1.935971E-05    1.920543E-05    1.871007E-05    2.009416E-05    2.175529E-05    2.191373E-05    2.271836E-05    2.470014E-05    2.333836E-05    2.240923E-05
   2.240923E-05    2.240923E-05    2.240923E-05    2.240923E-05    2.131615E-05    2.035258E-05    1.908166E-05    1.833889E-05    2.052217E-05    1.878338E-05    1.838284E-05    1.848431E-05    1.886630E-05    2.132014E-05    2.352720E-05    2.355821E-05    2.223190E-05    2.332613E-05    2.218272E-05    2.240923E-05
   2.240923E-05    2.240923E-05    2.240923E-05    2.240923E-05    2.240923E-05    2.069880E-05    2.007633E-05    2.002140E-05    2.063371E-05    1.936887E-05    1.973424E-05    2.044918E-05    1.942671E-05    2.150850E-05    2.309803E-05    2.353762E-05    2.209105E-05    2.380009E-05    2.240923E-05    2.240923E-05
   2.240923E-05    2.240923E-05    2.240923E-05    2.240923E-05    2.240923E-05    1.961255E-05    2.017300E-05    2.193640E-05    2.197460E-05    2.027396E-05    2.110917E-05    2.031675E-05    2.071090E-05    2.192375E-05    2.103372E-05    2.263470E-05    2.473036E-05    2.240923E-05    2.240923E-05    2.240923E-05
   2.240923E-05    2.240923E-05    2.240923E-05    2.240923E-05    2.240923E-05    2.032591E-05    2.069105E-05    2.098210E-05    2.182945E-05    2.175352E-05    2.167111E-05    2.169154E-05    2.224444E-05    2.051862E-05    2.055158E-05    2.098648E-05    2.240923E-05    2.240923E-05    2.240923E-05    2.240923E-05
