   8.608239E-05    9.222941E-05    8.796492E-05    8.860319E-05    8.876252E-05    9.213358E-05    9.210437E-05    8.632359E-05    8.936425E-05    8.581644E-05    9.231054E-05    9.557115E-05    1.044216E-04    1.097575E-04    1.098233E-04    9.646144E-05    1.053662E-04    1.024376E-04    9.811426E-05    9.332099E-05
   9.344105E-05    9.849282E-05    9.326367E-05    9.184694E-05    9.159846E-05    8.530797E-05    8.884508E-05    8.557219E-05    8.254899E-05    8.948061E-05    9.156727E-05    9.027721E-05    8.840177E-05    9.740525E-05    1.069109E-04    9.319976E-05    9.915790E-05    9.865547E-05    1.007063E-04    9.817836E-05
   9.549597E-05    9.882690E-05    1.025440E-04    9.356393E-05    8.055375E-05    8.358794E-05    8.395732E-05    8.838793E-05    8.377495E-05    9.192002E-05    9.248327E-05    9.113803E-05    8.388551E-05    9.088005E-05    9.154285E-05    8.995473E-05    9.636589E-05    1.011854E-04    9.723746E-05    9.584864E-05
   9.312916E-05    9.844767E-05    9.282031E-05    8.133844E-05    7.499356E-05    7.797035E-05    7.933776E-05    8.559920E-05    8.860767E-05    8.196566E-05    8.461761E-05    8.423361E-05    8.085045E-05    8.111952E-05    8.165419E-05    9.109439E-05    8.650798E-05    8.851420E-05    9.359062E-05    9.012883E-05
   8.858941E-05    8.789531E-05    8.719142E-05    8.189301E-05    7.957303E-05    7.978343E-05    8.053213E-05    8.519480E-05    7.725806E-05    7.440411E-05    8.162274E-05    8.324758E-05    8.294903E-05    8.586247E-05    8.276501E-05    8.475559E-05    8.681989E-05    8.078043E-05    8.429203E-05    8.325050E-05
   8.743350E-05    8.689409E-05    8.113459E-05    8.156150E-05    8.831700E-05    7.830118E-05    8.315032E-05    7.652999E-05    7.618954E-05    8.386178E-05    8.689224E-05    8.650472E-05    8.833108E-05    9.036845E-05    7.667030E-05    7.570834E-05    7.423055E-05    7.941876E-05    8.068492E-05    7.930182E-05
   8.535576E-05    7.995172E-05    8.259986E-05    7.565216E-05    7.544766E-05    7.861847E-05    7.669469E-05    7.542874E-05    7.983675E-05    8.680993E-05    8.548433E-05    8.552043E-05    8.426021E-05    8.524027E-05    7.619706E-05    7.257853E-05    7.352388E-05    7.542213E-05    7.541210E-05    7.153608E-05
   8.149170E-05    7.642484E-05    7.984977E-05    7.733015E-05    7.804122E-05    8.155951E-05    7.975803E-05    7.684347E-05    8.116516E-05    8.765967E-05    8.603712E-05    8.991990E-05    8.616495E-05    8.103019E-05    7.882737E-05    7.856443E-05    7.714524E-05    7.573116E-05    7.538107E-05    7.498092E-05
   7.004455E-05    6.897745E-05    7.361008E-05    7.867011E-05    8.849865E-05    8.849865E-05    8.849865E-05    8.490949E-05    8.790719E-05    9.111164E-05    8.872631E-05    9.320327E-05    8.377965E-05    8.021662E-05    7.547879E-05    6.762269E-05    6.756919E-05    7.714700E-05    7.172686E-05    6.980455E-05
   7.044165E-05    7.526191E-05    7.781993E-05    8.350727E-05    8.849865E-05    8.849865E-05    8.849865E-05    8.849865E-05    9.064435E-05    9.380102E-05    8.968434E-05    8.586137E-05    7.615335E-05    7.787703E-05    7.243491E-05    7.273722E-05    7.048064E-05    7.307792E-05    7.168793E-05    7.771805E-05
   6.439008E-05    7.321381E-05    8.059332E-05    9.093259E-05    8.849865E-05    8.849865E-05    8.849865E-05    8.849865E-05    8.539670E-05    8.690036E-05    9.520386E-05    8.646319E-05    8.125610E-05    8.096978E-05    8.070564E-05    7.707889E-05    7.128762E-05    6.780426E-05    6.695917E-05    6.836830E-05
   7.146870E-05    7.879260E-05    8.587886E-05    9.746979E-05    8.849865E-05    8.849865E-05    8.849865E-05    8.849865E-05    8.673592E-05    8.588139E-05    8.961379E-05    8.098024E-05    7.599160E-05    7.771507E-05    8.292368E-05    7.946539E-05    7.012558E-05    7.139938E-05    6.439421E-05    6.702464E-05
   7.786984E-05    7.764368E-05    8.508663E-05    8.888426E-05    8.849865E-05    8.849865E-05    8.849865E-05    8.849865E-05    8.285877E-05    8.244829E-05    8.124518E-05    8.574866E-05    8.378332E-05    8.505369E-05    8.427757E-05    7.049994E-05    7.062356E-05    7.016861E-05    7.187353E-05    6.949431E-05
   8.787277E-05    7.846448E-05    8.409158E-05    8.830774E-05    8.849865E-05    8.849865E-05    8.849865E-05    8.849865E-05    9.359599E-05    8.907988E-05    8.454110E-05    8.833650E-05    8.877847E-05    8.438711E-05    8.774628E-05    7.632302E-05    7.293907E-05    7.651463E-05    7.401247E-05    7.797511E-05
   9.262873E-05    8.057620E-05    8.200096E-05    8.268878E-05    8.849865E-05    8.849865E-05    8.849865E-05    8.849865E-05    9.257463E-05    9.282969E-05    8.680912E-05    8.560481E-05    9.386406E-05    9.326514E-05    9.080198E-05    8.517024E-05    7.710488E-05    7.982122E-05    7.804694E-05    8.252269E-05
   8.893037E-05    8.852736E-05    8.863403E-05    9.521351E-05    8.849865E-05    8.849865E-05    8.849865E-05    8.849865E-05    9.702846E-05    8.658765E-05    8.828525E-05    9.089693E-05    1.020400E-04    9.014421E-05    8.820407E-05    8.878124E-05    8.523207E-05    8.571564E-05    8.628102E-05    8.391475E-05
   9.068778E-05    9.212435E-05    8.802490E-05    9.418100E-05    8.849865E-05    8.849865E-05    8.849865E-05    8.849865E-05    8.958516E-05    9.153104E-05    1.026030E-04    9.889217E-05    9.839150E-05    8.517808E-05    8.326072E-05    8.225795E-05    8.622631E-05    8.466687E-05    8.546017E-05    8.507866E-05
   9.547702E-05    8.712572E-05    8.742332E-05    8.433578E-05    8.849865E-05    8.849865E-05    8.849865E-05    8.849865E-05    8.747543E-05    9.008948E-05    9.512081E-05    9.854656E-05    9.382817E-05    8.938332E-05    8.559890E-05    8.316680E-05    8.593216E-05    8.413828E-05    8.619599E-05    8.797842E-05
   9.051472E-05    8.988031E-05    8.362980E-05    8.270823E-05    8.849865E-05    8.849865E-05    8.849865E-05    8.849865E-05    8.382020E-05    8.628367E-05    9.386130E-05    9.628008E-05    9.264111E-05    8.768866E-05    9.261082E-05    7.926035E-05    8.303302E-05    8.563849E-05    8.855981E-05    9.095869E-05
   8.596600E-05    8.654299E-05    8.342592E-05    8.682838E-05    8.849865E-05    8.849865E-05    8.849865E-05    8.849865E-05    8.274386E-05    9.371001E-05    8.945570E-05    9.547925E-05    8.688186E-05    8.935944E-05    8.747685E-05    7.810190E-05    7.429155E-05    7.693591E-05    7.850989E-05    8.589921E-05
   8.398345E-05    8.761620E-05    8.668292E-05    9.500456E-05    8.849865E-05    8.849865E-05    8.849865E-05    8.849865E-05    8.853930E-05    9.358790E-05    9.756754E-05    9.803928E-05    9.325530E-05    9.742683E-05    8.479764E-05    7.244358E-05    7.324383E-05    8.029500E-05    7.640782E-05    7.492129E-05
   8.657765E-05    9.060138E-05    8.865259E-05    8.608772E-05    8.849865E-05    8.849865E-05    8.795351E-05    8.245251E-05    9.185806E-05    8.675386E-05    9.183148E-05    9.984655E-05    9.941144E-05    9.945670E-05    9.195136E-05    7.931042E-05    7.918459E-05    8.254376E-05    7.921350E-05    7.918035E-05
   7.980848E-05    9.357886E-05    9.261489E-05    8.071683E-05    8.442226E-05    8.849865E-05    9.141292E-05    9.273888E-05    8.480185E-05    9.247477E-05    9.353136E-05    9.142692E-05    9.495653E-05    9.043839E-05    8.865259E-05    8.362891E-05    8.557849E-05    8.678130E-05    8.440188E-05    7.780546E-05
   7.857349E-05    9.187437E-05    8.708511E-05    8.785817E-05    7.839674E-05    8.216108E-05    8.597905E-05    8.669180E-05    8.318606E-05    8.753189E-05    8.967627E-05    8.099970E-05    8.030441E-05    8.806696E-05    8.100516E-05    8.130239E-05    8.460970E-05    8.270403E-05    7.761925E-05    7.820629E-05
   8.170310E-05    8.208713E-05    7.856756E-05    8.462766E-05    8.032495E-05    8.718288E-05    8.179124E-05    8.723042E-05    7.961360E-05    8.183350E-05    8.775283E-05    8.415984E-05    8.974846E-05    8.369094E-05    8.148974E-05    7.259755E-05    7.304028E-05    7.660536E-05    7.522055E-05    7.110541E-05
   8.066450E-05    7.912357E-05    7.853462E-05    7.711979E-05    8.370566E-05    8.320783E-05    8.233101E-05    8.142683E-05    7.804892E-05    8.468291E-05    8.200325E-05    9.275378E-05    8.020417E-05    8.757990E-05    7.774575E-05    7.195080E-05    7.239114E-05    7.131355E-05    7.325191E-05    7.161085E-05
   7.172620E-05    7.632615E-05    7.430012E-05    8.460772E-05    8.246521E-05    8.241598E-05    7.916714E-05    8.042054E-05    7.842355E-05    8.334098E-05    8.690575E-05    8.227265E-05    7.932263E-05    8.531985E-05    7.714334E-05    7.394144E-05    7.886652E-05    7.360694E-05    7.147989E-05    7.521969E-05
   6.709468E-05    7.294047E-05    7.434420E-05    7.675821E-05    8.507330E-05    8.462840E-05    7.834937E-05    7.767813E-05    7.607372E-05    7.187107E-05    7.930351E-05    8.165561E-05    7.952046E-05    7.588807E-05    7.521194E-05    7.372639E-05    7.820100E-05    7.889997E-05    6.997102E-05    7.076937E-05
   7.035972E-05    7.529488E-05    7.340070E-05    7.472734E-05    7.516988E-05    7.501396E-05    7.016474E-05    7.042509E-05    6.603121E-05    7.119137E-05    7.687171E-05    8.150771E-05    7.353972E-05    7.408136E-05    7.846949E-05    7.602875E-05    7.328623E-05    7.265265E-05    7.369162E-05    7.184585E-05
   8.165987E-05    8.345717E-05    8.209488E-05    8.174884E-05    7.959792E-05    7.411443E-05    6.982608E-05    6.229767E-05    6.275496E-05    6.429917E-05    7.179293E-05    8.086193E-05    7.105114E-05    7.125200E-05    7.108811E-05    7.069371E-05    7.364416E-05    8.021340E-05    7.746633E-05    7.688568E-05
   8.264654E-05    8.657059E-05    8.074371E-05    7.547008E-05    8.007858E-05    7.544034E-05    6.806940E-05    6.631384E-05    6.181712E-05    6.478716E-05    7.019105E-05    7.408953E-05    7.376603E-05    6.888864E-05    7.253878E-05    7.416973E-05    7.069425E-05    7.611024E-05    7.536828E-05    7.576324E-05
   8.214537E-05    8.310036E-05    7.937563E-05    7.851458E-05    7.580600E-05    7.093012E-05    6.981415E-05    6.739697E-05    6.586037E-05    6.889213E-05    6.843540E-05    7.588559E-05    6.717432E-05    7.043512E-05    8.159725E-05    8.073454E-05    8.282517E-05    7.510300E-05    7.316830E-05    7.431176E-05
   8.849865E-05    8.287229E-05    7.740630E-05    7.374311E-05    7.079957E-05    7.391306E-05    7.504381E-05    7.179225E-05    6.993593E-05    6.959225E-05    7.339413E-05    8.200911E-05    7.867942E-05    8.257726E-05    8.601732E-05    8.349620E-05    8.825184E-05    8.614213E-05    8.352083E-05    7.539352E-05
   8.849865E-05    8.849865E-05    7.746745E-05    7.499170E-05    7.402529E-05    7.769145E-05    7.729035E-05    7.197995E-05    6.939983E-05    7.620303E-05    8.600941E-05    7.924903E-05    7.516666E-05    7.590833E-05    8.026396E-05    7.933880E-05    8.313695E-05    8.510915E-05    7.975784E-05    7.984658E-05
   8.849865E-05    8.849865E-05    8.849865E-05    8.176215E-05    7.860706E-05    7.490288E-05    7.790901E-05    7.681715E-05    7.420805E-05    7.547908E-05    8.250784E-05    7.461109E-05    7.912840E-05    6.970885E-05    7.069031E-05    7.915789E-05    8.241735E-05    8.738228E-05    8.475063E-05    8.187666E-05
   8.849865E-05    8.849865E-05    8.849865E-05    8.849865E-05    8.042712E-05    7.432666E-05    6.970155E-05    7.392981E-05    7.304415E-05    6.945331E-05    7.273057E-05    7.215096E-05    7.028998E-05    7.548972E-05    8.173025E-05    8.232549E-05    8.534833E-05    9.279349E-05    8.767754E-05    8.849865E-05
   8.849865E-05    8.849865E-05    8.849865E-05    8.849865E-05    8.008049E-05    7.646056E-05    7.168597E-05    6.889552E-05    7.709768E-05    7.056538E-05    6.906064E-05    6.944186E-05    7.087690E-05    8.009549E-05    8.838698E-05    8.850349E-05    8.352080E-05    8.763160E-05    8.333605E-05    8.849865E-05
   8.849865E-05    8.849865E-05    8.849865E-05    8.849865E-05    8.849865E-05    7.776126E-05    7.542276E-05    7.521637E-05    7.751673E-05    7.276495E-05    7.413759E-05    7.682349E-05    7.298226E-05    8.080311E-05    8.677468E-05    8.842611E-05    8.299166E-05    8.941217E-05    8.849865E-05    8.849865E-05
   8.849865E-05    8.849865E-05    8.849865E-05    8.849865E-05    8.849865E-05    7.368043E-05    7.578592E-05    8.241066E-05    8.255417E-05    7.616520E-05    7.930292E-05    7.632598E-05    7.780672E-05    8.236312E-05    7.901949E-05    8.503403E-05    9.290702E-05    8.849865E-05    8.849865E-05    8.849865E-05
   8.849865E-05    8.849865E-05    8.849865E-05    8.849865E-05    8.849865E-05    7.636038E-05    7.773215E-05    7.882554E-05    8.200886E-05    8.172362E-05    8.141403E-05    8.149077E-05    8.356792E-05    7.708433E-05    7.720817E-05    7.884201E-05    8.849865E-05    8.849865E-05    8.849865E-05    8.849865E-05
