   6.014277E-06    6.443748E-06    6.145803E-06    6.190396E-06    6.201528E-06    6.437052E-06    6.435012E-06    6.031129E-06    6.243569E-06    5.995696E-06    6.449416E-06    6.677223E-06    7.295573E-06    7.668373E-06    7.672969E-06    6.739425E-06    7.361570E-06    7.156958E-06    6.854902E-06    6.520012E-06
   6.528401E-06    6.881350E-06    6.516008E-06    6.417026E-06    6.399665E-06    5.960171E-06    6.207296E-06    5.978631E-06    5.767411E-06    6.251699E-06    6.397486E-06    6.307354E-06    6.176323E-06    6.805366E-06    7.469496E-06    6.511542E-06    6.927817E-06    6.892714E-06    7.035998E-06    6.859380E-06
   6.671971E-06    6.904691E-06    7.164392E-06    6.536986E-06    5.628010E-06    5.839998E-06    5.865806E-06    6.175357E-06    5.853064E-06    6.422132E-06    6.461484E-06    6.367497E-06    5.860789E-06    6.349473E-06    6.395780E-06    6.284823E-06    6.732749E-06    7.069473E-06    6.793642E-06    6.696610E-06
   6.506610E-06    6.878195E-06    6.485032E-06    5.682833E-06    5.239539E-06    5.447517E-06    5.543053E-06    5.980518E-06    6.190709E-06    5.726655E-06    5.911938E-06    5.885109E-06    5.648739E-06    5.667538E-06    5.704894E-06    6.364448E-06    6.044011E-06    6.184179E-06    6.538851E-06    6.296987E-06
   6.189433E-06    6.140939E-06    6.091761E-06    5.721579E-06    5.559490E-06    5.574190E-06    5.626500E-06    5.952264E-06    5.397752E-06    5.198356E-06    5.702697E-06    5.816218E-06    5.795360E-06    5.998912E-06    5.782503E-06    5.921578E-06    6.065804E-06    5.643847E-06    5.889191E-06    5.816422E-06
   6.108674E-06    6.070988E-06    5.668591E-06    5.698418E-06    6.170401E-06    5.470631E-06    5.809423E-06    5.346884E-06    5.323098E-06    5.859131E-06    6.070858E-06    6.043784E-06    6.171385E-06    6.313729E-06    5.356687E-06    5.289478E-06    5.186230E-06    5.548712E-06    5.637174E-06    5.540542E-06
   5.963510E-06    5.585948E-06    5.770964E-06    5.285553E-06    5.271265E-06    5.492798E-06    5.358391E-06    5.269943E-06    5.577916E-06    6.065107E-06    5.972492E-06    5.975014E-06    5.886967E-06    5.955441E-06    5.323623E-06    5.070809E-06    5.136858E-06    5.269482E-06    5.268780E-06    4.997977E-06
   5.693541E-06    5.339537E-06    5.578825E-06    5.402788E-06    5.452468E-06    5.698279E-06    5.572416E-06    5.368785E-06    5.670727E-06    6.124476E-06    6.011114E-06    6.282390E-06    6.020045E-06    5.661297E-06    5.507394E-06    5.489023E-06    5.389869E-06    5.291072E-06    5.266613E-06    5.238656E-06
   4.893769E-06    4.819214E-06    5.142880E-06    5.496407E-06    5.846935E-06    5.846935E-06    5.846935E-06    5.932330E-06    6.141769E-06    6.365653E-06    6.198998E-06    6.511788E-06    5.853392E-06    5.604456E-06    5.273440E-06    4.724562E-06    4.720824E-06    5.389992E-06    5.011306E-06    4.877001E-06
   4.921513E-06    5.258287E-06    5.437008E-06    5.834362E-06    5.846935E-06    5.846935E-06    5.846935E-06    5.846935E-06    6.333005E-06    6.553550E-06    6.265932E-06    5.998835E-06    5.320570E-06    5.440997E-06    5.060775E-06    5.081896E-06    4.924237E-06    5.105699E-06    5.008586E-06    5.429889E-06
   4.498711E-06    5.115194E-06    5.630774E-06    6.353143E-06    5.846935E-06    5.846935E-06    5.846935E-06    5.846935E-06    5.966370E-06    6.071426E-06    6.651562E-06    6.040882E-06    5.677080E-06    5.657076E-06    5.638622E-06    5.385234E-06    4.980618E-06    4.737248E-06    4.678204E-06    4.776655E-06
   4.993269E-06    5.504964E-06    6.000057E-06    6.809874E-06    5.846935E-06    5.846935E-06    5.846935E-06    5.846935E-06    6.059936E-06    6.000233E-06    6.261003E-06    5.657807E-06    5.309268E-06    5.429681E-06    5.793589E-06    5.551970E-06    4.899430E-06    4.988426E-06    4.498999E-06    4.682778E-06
   5.440494E-06    5.424694E-06    5.944706E-06    6.210033E-06    5.846935E-06    5.846935E-06    5.846935E-06    5.846935E-06    5.789054E-06    5.760375E-06    5.676318E-06    5.990960E-06    5.853648E-06    5.942405E-06    5.888180E-06    4.925585E-06    4.934222E-06    4.902437E-06    5.021553E-06    4.855325E-06
   6.139364E-06    5.482040E-06    5.875186E-06    6.169754E-06    5.846935E-06    5.846935E-06    5.846935E-06    5.846935E-06    6.539226E-06    6.223701E-06    5.906592E-06    6.171763E-06    6.202642E-06    5.895834E-06    6.130527E-06    5.332424E-06    5.095998E-06    5.345811E-06    5.170993E-06    5.447849E-06
   6.471646E-06    5.629578E-06    5.729121E-06    5.777177E-06    5.846935E-06    5.846935E-06    5.846935E-06    5.846935E-06    6.467867E-06    6.485687E-06    6.065051E-06    5.980910E-06    6.557955E-06    6.516111E-06    6.344018E-06    5.950548E-06    5.387049E-06    5.576831E-06    5.452868E-06    5.765573E-06
   6.213255E-06    6.185098E-06    6.192551E-06    6.652236E-06    5.846935E-06    5.846935E-06    5.846935E-06    5.846935E-06    6.779040E-06    6.049578E-06    6.168183E-06    6.350652E-06    7.129179E-06    6.298062E-06    6.162511E-06    6.202836E-06    5.954868E-06    5.988653E-06    6.028155E-06    5.862831E-06
   6.336039E-06    6.436408E-06    6.149993E-06    6.580098E-06    5.846935E-06    5.846935E-06    5.846935E-06    5.846935E-06    6.259003E-06    6.394955E-06    7.168517E-06    6.909251E-06    6.874271E-06    5.951096E-06    5.817136E-06    5.747076E-06    6.024332E-06    5.915379E-06    5.970805E-06    5.944150E-06
   6.670647E-06    6.087171E-06    6.107963E-06    5.892247E-06    5.846935E-06    5.846935E-06    5.846935E-06    5.846935E-06    6.111604E-06    6.294238E-06    6.645760E-06    6.885105E-06    6.555447E-06    6.244901E-06    5.980497E-06    5.810575E-06    6.003781E-06    5.878449E-06    6.022214E-06    6.146746E-06
   6.323948E-06    6.279624E-06    5.842923E-06    5.778536E-06    5.846935E-06    5.846935E-06    5.846935E-06    5.846935E-06    5.856226E-06    6.028340E-06    6.557762E-06    6.726754E-06    6.472512E-06    6.126501E-06    6.470395E-06    5.537645E-06    5.801228E-06    5.983263E-06    6.187365E-06    6.354967E-06
   6.006145E-06    6.046457E-06    5.828678E-06    6.066397E-06    5.846935E-06    5.846935E-06    5.846935E-06    5.846935E-06    5.781025E-06    6.547192E-06    6.249958E-06    6.670803E-06    6.070133E-06    6.243233E-06    6.111702E-06    5.456708E-06    5.190491E-06    5.375244E-06    5.485213E-06    6.001479E-06
   5.867631E-06    6.121439E-06    6.056233E-06    6.637637E-06    5.846935E-06    5.846935E-06    5.846935E-06    5.846935E-06    6.185933E-06    6.538661E-06    6.816704E-06    6.849663E-06    6.515423E-06    6.806873E-06    5.924516E-06    5.061380E-06    5.117291E-06    5.609932E-06    5.338348E-06    5.234490E-06
   6.048879E-06    6.330003E-06    6.193848E-06    6.014649E-06    5.846935E-06    5.846935E-06    6.145006E-06    5.760670E-06    6.417803E-06    6.061190E-06    6.415946E-06    6.975931E-06    6.945531E-06    6.948693E-06    6.424321E-06    5.541142E-06    5.532351E-06    5.767045E-06    5.534371E-06    5.532056E-06
   5.575941E-06    6.538029E-06    6.470680E-06    5.639404E-06    5.898289E-06    5.846935E-06    6.386703E-06    6.479343E-06    5.924810E-06    6.460890E-06    6.534710E-06    6.387681E-06    6.634282E-06    6.318615E-06    6.193848E-06    5.842861E-06    5.979071E-06    6.063107E-06    5.896865E-06    5.435996E-06
   5.489656E-06    6.418942E-06    6.084333E-06    6.138344E-06    5.477307E-06    5.740309E-06    6.007057E-06    6.056854E-06    5.811920E-06    6.115549E-06    6.265368E-06    5.659167E-06    5.610590E-06    6.152932E-06    5.659548E-06    5.680315E-06    5.911385E-06    5.778243E-06    5.422986E-06    5.464001E-06
   5.708311E-06    5.735142E-06    5.489242E-06    5.912640E-06    5.612024E-06    6.091164E-06    5.714469E-06    6.094486E-06    5.562325E-06    5.717422E-06    6.130985E-06    5.879955E-06    6.270412E-06    5.847195E-06    5.693404E-06    5.072138E-06    5.103070E-06    5.352150E-06    5.255398E-06    4.967888E-06
   5.635748E-06    5.528088E-06    5.486940E-06    5.388091E-06    5.848223E-06    5.813442E-06    5.752181E-06    5.689009E-06    5.453006E-06    5.916500E-06    5.729282E-06    6.480383E-06    5.603586E-06    6.118903E-06    5.431825E-06    5.026952E-06    5.057717E-06    4.982429E-06    5.117856E-06    5.003201E-06
   5.011259E-06    5.332642E-06    5.191090E-06    5.911247E-06    5.761557E-06    5.758118E-06    5.531132E-06    5.618703E-06    5.479180E-06    5.822744E-06    6.071802E-06    5.748104E-06    5.541996E-06    5.961001E-06    5.389737E-06    5.166031E-06    5.510129E-06    5.142660E-06    4.994051E-06    5.255338E-06
   4.687672E-06    5.096097E-06    5.194170E-06    5.362828E-06    5.943775E-06    5.912691E-06    5.473997E-06    5.427101E-06    5.315006E-06    5.021381E-06    5.540660E-06    5.704993E-06    5.555817E-06    5.302035E-06    5.254796E-06    5.151006E-06    5.463631E-06    5.512466E-06    4.888631E-06    4.944409E-06
   4.915788E-06    5.260591E-06    5.128252E-06    5.220939E-06    5.251857E-06    5.240964E-06    4.902166E-06    4.920356E-06    4.613371E-06    4.973893E-06    5.370759E-06    5.694660E-06    5.137964E-06    5.175807E-06    5.482390E-06    5.311864E-06    5.120253E-06    5.075988E-06    5.148577E-06    5.019619E-06
   5.705291E-06    5.830862E-06    5.735684E-06    5.711507E-06    5.561229E-06    5.178117E-06    4.878505E-06    4.352521E-06    4.384470E-06    4.492359E-06    5.015922E-06    5.649541E-06    4.964096E-06    4.978129E-06    4.966678E-06    4.939124E-06    5.145261E-06    5.604231E-06    5.412302E-06    5.371734E-06
   5.774226E-06    6.048385E-06    5.641282E-06    5.272831E-06    5.594812E-06    5.270754E-06    4.755772E-06    4.633117E-06    4.318947E-06    4.526453E-06    4.904004E-06    5.176377E-06    5.153775E-06    4.813009E-06    5.068032E-06    5.181980E-06    4.939161E-06    5.317557E-06    5.265719E-06    5.293314E-06
   5.739211E-06    5.805933E-06    5.545699E-06    5.485540E-06    5.296301E-06    4.955640E-06    4.877671E-06    4.708791E-06    4.601435E-06    4.813253E-06    4.781343E-06    5.301861E-06    4.693236E-06    4.921057E-06    5.700915E-06    5.640641E-06    5.786706E-06    5.247185E-06    5.112014E-06    5.191904E-06
   5.846935E-06    5.789998E-06    5.408108E-06    5.152174E-06    4.946519E-06    5.164048E-06    5.243049E-06    5.015875E-06    4.886180E-06    4.862168E-06    5.127792E-06    5.729691E-06    5.497057E-06    5.769386E-06    6.009731E-06    5.833588E-06    6.165848E-06    6.018451E-06    5.835309E-06    5.267482E-06
   5.846935E-06    5.846935E-06    5.412381E-06    5.239409E-06    5.171889E-06    5.428031E-06    5.400008E-06    5.028988E-06    4.848724E-06    5.324040E-06    6.009178E-06    5.536854E-06    5.251633E-06    5.303451E-06    5.607763E-06    5.543126E-06    5.808489E-06    5.946280E-06    5.572403E-06    5.578602E-06
   5.846935E-06    5.846935E-06    5.846935E-06    5.712437E-06    5.492002E-06    5.233203E-06    5.443231E-06    5.366946E-06    5.184658E-06    5.273460E-06    5.764535E-06    5.212817E-06    5.528426E-06    4.870314E-06    4.938886E-06    5.530486E-06    5.758213E-06    6.105095E-06    5.921232E-06    5.720437E-06
   5.846935E-06    5.846935E-06    5.846935E-06    5.846935E-06    5.619163E-06    5.192945E-06    4.869804E-06    5.165218E-06    5.103340E-06    4.852461E-06    5.081431E-06    5.040937E-06    4.910916E-06    5.274204E-06    5.710208E-06    5.751795E-06    5.962991E-06    6.483158E-06    6.125724E-06    5.846935E-06
   5.846935E-06    5.846935E-06    5.846935E-06    5.846935E-06    5.594945E-06    5.342033E-06    5.008449E-06    4.813490E-06    5.386546E-06    4.930157E-06    4.825026E-06    4.851661E-06    4.951922E-06    5.595993E-06    6.175290E-06    6.183430E-06    5.835307E-06    6.122514E-06    5.822399E-06    5.846935E-06
   5.846935E-06    5.846935E-06    5.846935E-06    5.846935E-06    5.846935E-06    5.432908E-06    5.269526E-06    5.255106E-06    5.415824E-06    5.083834E-06    5.179735E-06    5.367389E-06    5.099017E-06    5.645432E-06    6.062645E-06    6.178025E-06    5.798338E-06    6.246917E-06    5.846935E-06    5.846935E-06
   5.846935E-06    5.846935E-06    5.846935E-06    5.846935E-06    5.846935E-06    5.147795E-06    5.294898E-06    5.757746E-06    5.767773E-06    5.321397E-06    5.540618E-06    5.332630E-06    5.436084E-06    5.754424E-06    5.520816E-06    5.941031E-06    6.491090E-06    5.846935E-06    5.846935E-06    5.846935E-06
   5.846935E-06    5.846935E-06    5.846935E-06    5.846935E-06    5.846935E-06    5.335034E-06    5.430874E-06    5.507266E-06    5.729674E-06    5.709744E-06    5.688114E-06    5.693476E-06    5.838599E-06    5.385614E-06    5.394266E-06    5.508417E-06    5.846935E-06    5.846935E-06    5.846935E-06    5.846935E-06
