   8.053428E-02   9.631707E-02   1.126260E-01   7.928270E-02   1.095056E-01   1.303383E-01   1.165082E-01   1.129054E-01   1.450591E-01   1.021079E-01   1.467552E-01   2.122309E-01   1.284602E-01   1.499096E-01   1.269143E-01   9.851180E-02   1.021629E-01   1.043848E-01   6.221675E-02   4.309885E-02
   8.779576E-02   8.816777E-02   1.062591E-01   9.310890E-02   1.169219E-01   1.105573E-01   6.717250E-02   8.910639E-02   1.238009E-01   8.768536E-02   9.537537E-02   1.906215E-01   1.381795E-01   1.140926E-01   1.168690E-01   6.851622E-02   9.922325E-02   1.233491E-01   8.692058E-02   7.438422E-02
   7.589110E-02   6.638490E-02   9.119121E-02   9.284070E-02   4.944873E-02   6.031778E-02   4.609810E-02   4.100335E-02   8.805748E-02   7.653393E-02   1.178765E-01   2.190340E-01   1.561933E-01   1.153781E-01   9.326005E-02   1.252420E-01   1.719145E-01   1.242471E-01   8.738072E-02   7.613200E-02
   8.434569E-02   6.818647E-02   7.927065E-02   6.196410E-02   5.721586E-02   4.963674E-02   3.889917E-02   6.005536E-02   8.648640E-02   9.161543E-02   9.075619E-02   1.385660E-01   1.133385E-01   1.682930E-01   1.159190E-01   9.908846E-02   1.337948E-01   9.358636E-02   6.037820E-02   7.727577E-02
   1.215973E-01   1.353446E-01   1.795371E-01   9.530803E-02   1.291184E-01   7.256230E-02   5.849608E-02   6.396481E-02   9.757737E-02   7.187827E-02   8.225786E-02   1.139094E-01   1.064897E-01   1.430378E-01   1.666797E-01   1.400810E-01   1.025651E-01   5.742989E-02   8.184489E-02   1.113828E-01
   1.209648E-01   1.240098E-01   1.376005E-01   1.183315E-01   1.107823E-01   8.892529E-02   8.046916E-02   9.112575E-02   4.763915E-02   6.517215E-02   7.712733E-02   1.927182E-01   1.288425E-01   1.791110E-01   1.046653E-01   1.320407E-01   6.596844E-02   5.966160E-02   6.195890E-02   9.444922E-02
   1.236333E-01   1.300027E-01   1.305698E-01   9.436549E-02   9.954654E-02   1.275014E-01   1.382515E-01   9.448231E-02   5.306531E-02   6.869916E-02   1.124179E-01   1.048710E-01   1.786096E-01   9.858443E-02   1.201884E-01   1.736395E-01   9.942101E-02   6.936987E-02   7.072606E-02   1.271366E-01
   1.906483E-01   1.678351E-01   2.242474E-01   9.833290E-02   7.308023E-02   9.114896E-02   7.965417E-02   1.142539E-01   9.526628E-02   8.176786E-02   1.339040E-01   1.081631E-01   1.333902E-01   1.226428E-01   1.278457E-01   9.866911E-02   7.634269E-02   9.008729E-02   1.235817E-01   1.815360E-01
   2.616292E-01   2.228774E-01   2.360882E-01   1.395118E-01   1.000000E-01   1.000000E-01   1.000000E-01   1.243419E-01   1.487715E-01   1.406312E-01   2.064845E-01   1.827123E-01   7.041245E-02   1.057464E-01   4.789163E-02   8.491826E-02   7.890491E-02   6.708756E-02   7.714208E-02   1.073195E-01
   3.481885E-01   3.802671E-01   1.344738E-01   1.024050E-01   1.000000E-01   1.000000E-01   1.000000E-01   1.000000E-01   1.373020E-01   1.633136E-01   1.900677E-01   1.995972E-01   1.302395E-01   6.771803E-02   5.452155E-02   5.486775E-02   6.690551E-02   1.184719E-01   6.682707E-02   1.110655E-01
   4.000000E-01   3.896978E-01   3.614841E-01   1.155486E-01   1.000000E-01   1.000000E-01   1.000000E-01   1.000000E-01   1.565866E-01   1.475106E-01   2.355190E-01   1.632442E-01   1.092060E-01   5.503707E-02   3.644683E-02   5.125452E-02   6.228893E-02   1.040077E-01   9.420016E-02   1.187799E-01
   2.149740E-01   3.569384E-01   2.264063E-01   1.241967E-01   1.000000E-01   1.000000E-01   1.000000E-01   1.000000E-01   1.565269E-01   3.282658E-01   3.044524E-01   1.546524E-01   1.072590E-01   5.991327E-02   5.085159E-02   6.664199E-02   1.096412E-01   7.856970E-02   7.008020E-02   1.319866E-01
   2.283453E-01   1.700990E-01   1.522897E-01   1.506066E-01   1.000000E-01   1.000000E-01   1.000000E-01   1.000000E-01   2.619427E-01   3.045249E-01   2.538211E-01   2.170571E-01   1.256605E-01   7.635803E-02   1.207709E-01   9.692582E-02   5.217057E-02   6.310569E-02   5.918658E-02   8.619193E-02
   1.523339E-01   1.964273E-01   1.560714E-01   2.357038E-01   1.000000E-01   1.000000E-01   1.000000E-01   1.000000E-01   2.778478E-01   3.660389E-01   2.563070E-01   1.651842E-01   1.148622E-01   1.076852E-01   8.888668E-02   8.727867E-02   4.607204E-02   4.240818E-02   5.696958E-02   7.234492E-02
   1.045093E-01   9.441663E-02   1.566730E-01   2.463138E-01   1.000000E-01   1.000000E-01   1.000000E-01   1.000000E-01   3.495427E-01   3.413383E-01   1.579552E-01   2.133215E-01   1.472229E-01   9.862422E-02   8.607538E-02   8.270593E-02   5.316275E-02   3.822528E-02   5.236504E-02   7.622815E-02
   1.000336E-01   1.705495E-01   1.352151E-01   2.513957E-01   1.000000E-01   1.000000E-01   1.000000E-01   1.000000E-01   1.990543E-01   2.501921E-01   1.414400E-01   1.274469E-01   1.856816E-01   1.184578E-01   8.045503E-02   6.348169E-02   5.370071E-02   5.604423E-02   5.712008E-02   1.156188E-01
   9.402370E-02   1.269774E-01   1.869012E-01   2.620511E-01   1.000000E-01   1.000000E-01   1.000000E-01   1.000000E-01   2.917085E-01   1.857198E-01   1.788068E-01   1.025275E-01   8.146837E-02   1.311963E-01   1.324535E-01   1.113146E-01   4.668451E-02   4.914079E-02   8.138224E-02   1.942195E-01
   8.760416E-02   7.867756E-02   1.175442E-01   1.085285E-01   1.000000E-01   1.000000E-01   1.000000E-01   1.000000E-01   1.327047E-01   1.313784E-01   1.020070E-01   1.273574E-01   8.645576E-02   9.741565E-02   6.087445E-02   7.674319E-02   8.456893E-02   8.942094E-02   1.107223E-01   2.317708E-01
   8.136203E-02   6.294277E-02   9.183923E-02   1.042461E-01   1.000000E-01   1.000000E-01   1.000000E-01   1.000000E-01   1.460863E-01   1.437977E-01   8.674486E-02   1.111402E-01   6.432331E-02   6.387915E-02   3.522970E-02   5.814689E-02   8.753772E-02   1.147902E-01   9.433973E-02   1.023921E-01
   6.318627E-02   1.045652E-01   1.192918E-01   1.722821E-01   1.000000E-01   1.000000E-01   1.000000E-01   1.000000E-01   1.853102E-01   8.240129E-02   9.628912E-02   1.095583E-01   7.057424E-02   1.066045E-01   5.519359E-02   8.544050E-02   1.341131E-01   1.763498E-01   2.510320E-01   1.685582E-01
   8.522125E-02   6.971554E-02   8.972103E-02   8.341767E-02   1.000000E-01   1.000000E-01   1.000000E-01   1.000000E-01   1.683145E-01   2.540917E-01   2.001042E-01   1.286293E-01   8.101049E-02   1.070495E-01   9.663280E-02   8.156659E-02   6.724283E-02   1.746220E-01   2.328257E-01   2.280529E-01
   7.584453E-02   6.535537E-02   5.953685E-02   7.832109E-02   1.000000E-01   1.000000E-01   3.465665E-01   3.212549E-01   3.418178E-01   3.136469E-01   2.151650E-01   2.201147E-01   1.147496E-01   1.166989E-01   1.716895E-01   1.877375E-01   1.836730E-01   1.694853E-01   1.726745E-01   1.423633E-01
   1.182670E-01   9.657256E-02   7.696219E-02   8.712756E-02   1.137148E-01   1.000000E-01   3.615582E-01   2.729850E-01   3.582894E-01   3.724547E-01   2.240195E-01   1.767272E-01   1.531584E-01   1.471143E-01   2.120838E-01   1.916698E-01   2.634684E-01   2.304855E-01   1.323194E-01   9.830532E-02
   1.231192E-01   1.296609E-01   1.402259E-01   1.293863E-01   1.009636E-01   2.029154E-01   3.441046E-01   2.645035E-01   3.067957E-01   3.247735E-01   3.063734E-01   2.308507E-01   1.892283E-01   1.628376E-01   2.375581E-01   1.900519E-01   2.018215E-01   1.895411E-01   1.177754E-01   1.689929E-01
   1.255224E-01   2.073036E-01   8.197464E-02   1.099040E-01   1.111455E-01   3.012799E-01   3.196294E-01   3.380870E-01   3.337474E-01   3.142337E-01   2.965183E-01   2.316602E-01   1.812820E-01   1.542070E-01   2.390853E-01   1.762936E-01   2.179972E-01   1.831982E-01   1.564981E-01   2.018244E-01
   1.233322E-01   1.430798E-01   7.618646E-02   8.605553E-02   1.100394E-01   1.939262E-01   3.192931E-01   2.525524E-01   2.399687E-01   1.939212E-01   2.235026E-01   1.366014E-01   1.858927E-01   1.928501E-01   1.807294E-01   3.323119E-01   2.318350E-01   2.454390E-01   2.460877E-01   2.178339E-01
   1.083282E-01   1.226961E-01   1.092423E-01   1.377520E-01   1.577127E-01   3.769634E-01   2.949648E-01   2.009937E-01   2.051852E-01   1.799024E-01   2.614440E-01   2.480787E-01   2.400013E-01   2.888701E-01   3.524163E-01   3.375980E-01   1.509993E-01   2.823624E-01   3.666289E-01   1.622730E-01
   1.850283E-01   2.062381E-01   1.863968E-01   2.090086E-01   2.602040E-01   1.939839E-01   2.503751E-01   1.587735E-01   1.626140E-01   2.027232E-01   2.825486E-01   3.510263E-01   3.264945E-01   2.147454E-01   2.185891E-01   2.834376E-01   2.029857E-01   1.835092E-01   2.082375E-01   1.880273E-01
   2.214837E-01   2.931150E-01   2.482581E-01   1.858867E-01   3.386228E-01   3.390837E-01   1.658677E-01   1.889195E-01   1.357683E-01   2.300825E-01   2.319482E-01   2.132245E-01   1.360366E-01   1.771246E-01   1.987979E-01   1.892163E-01   1.950035E-01   1.138768E-01   8.130915E-02   1.158906E-01
   3.536924E-01   2.258615E-01   2.726662E-01   2.187473E-01   2.472071E-01   2.717425E-01   1.382284E-01   1.964228E-01   1.335192E-01   1.356109E-01   1.887412E-01   1.343561E-01   1.372813E-01   1.565243E-01   1.658446E-01   1.324440E-01   1.804875E-01   9.621090E-02   9.194981E-02   7.402982E-02
   2.666175E-01   2.527857E-01   2.530518E-01   1.695632E-01   1.698982E-01   1.313362E-01   1.523104E-01   2.007266E-01   2.444043E-01   1.720949E-01   1.362642E-01   1.020999E-01   9.418972E-02   1.311735E-01   1.345604E-01   2.110204E-01   1.685835E-01   7.828560E-02   1.089111E-01   1.187704E-01
   1.153957E-01   1.189084E-01   1.690101E-01   1.645880E-01   1.668857E-01   1.343649E-01   1.444778E-01   1.863661E-01   1.364767E-01   9.743187E-02   1.249408E-01   5.395227E-02   8.813398E-02   1.410103E-01   1.696246E-01   1.557508E-01   2.465253E-01   1.699579E-01   1.389853E-01   1.231118E-01
   1.000000E-01   7.022597E-02   1.040329E-01   6.944088E-02   7.961234E-02   1.385694E-01   1.206089E-01   8.600069E-02   1.296878E-01   7.076975E-02   9.574802E-02   8.256921E-02   7.860278E-02   1.507094E-01   1.382276E-01   1.440589E-01   1.392510E-01   1.606422E-01   1.025668E-01   1.200644E-01
   1.000000E-01   1.000000E-01   6.862737E-02   5.645262E-02   5.657533E-02   9.910650E-02   7.734763E-02   6.539463E-02   7.043577E-02   4.294159E-02   4.327057E-02   6.773839E-02   8.528990E-02   2.052150E-01   1.414991E-01   9.766718E-02   1.116574E-01   1.379547E-01   1.521160E-01   1.555717E-01
   1.000000E-01   1.000000E-01   1.000000E-01   8.622988E-02   8.918297E-02   1.047130E-01   5.003022E-02   6.213805E-02   5.077507E-02   6.153725E-02   3.133833E-02   6.877029E-02   1.526824E-01   1.613026E-01   1.174133E-01   1.012642E-01   8.097960E-02   1.004472E-01   1.146925E-01   1.075363E-01
   1.000000E-01   1.000000E-01   1.000000E-01   1.000000E-01   1.094599E-01   6.104229E-02   5.255470E-02   5.978545E-02   7.258102E-02   6.518956E-02   6.530205E-02   7.498302E-02   1.553123E-01   1.332198E-01   1.335037E-01   8.464728E-02   1.113158E-01   7.155410E-02   9.275518E-02   1.000000E-01
   1.000000E-01   1.000000E-01   1.000000E-01   1.000000E-01   1.217455E-01   1.132996E-01   5.952695E-02   5.570902E-02   5.666256E-02   9.055059E-02   7.372595E-02   6.113303E-02   9.144978E-02   1.800381E-01   1.816800E-01   1.076901E-01   1.074125E-01   8.175785E-02   9.359112E-02   1.000000E-01
   1.000000E-01   1.000000E-01   1.000000E-01   1.000000E-01   1.000000E-01   1.152085E-01   1.438856E-01   1.188453E-01   1.243014E-01   9.809897E-02   1.114861E-01   1.303398E-01   1.250461E-01   1.066657E-01   1.434486E-01   1.356646E-01   9.704717E-02   1.569988E-01   1.000000E-01   1.000000E-01
   1.000000E-01   1.000000E-01   1.000000E-01   1.000000E-01   1.000000E-01   7.657416E-02   1.184872E-01   6.994134E-02   1.500707E-01   1.695151E-01   1.231751E-01   1.680519E-01   1.279119E-01   1.183984E-01   9.693181E-02   1.461910E-01   1.234763E-01   1.000000E-01   1.000000E-01   1.000000E-01
   1.000000E-01   1.000000E-01   1.000000E-01   1.000000E-01   1.000000E-01   9.462230E-02   1.131359E-01   1.554638E-01   1.770584E-01   1.573387E-01   1.096704E-01   1.335063E-01   1.230787E-01   1.551295E-01   8.858447E-02   1.071850E-01   1.000000E-01   1.000000E-01   1.000000E-01   1.000000E-01
