   2.182138E-01   2.542893E-01   2.242558E-01   1.953219E-01   2.260855E-01   1.639932E-01   1.743823E-01   8.578814E-02   1.276404E-01   2.054753E-01   1.373695E-01   9.867790E-02   1.453949E-01   2.480274E-01   1.945485E-01   2.888050E-01   3.776056E-01   2.218540E-01   1.068032E-01   1.641160E-01
   2.168928E-01   1.921005E-01   2.241060E-01   2.367423E-01   2.184871E-01   1.748685E-01   1.399241E-01   8.015562E-02   1.105881E-01   9.896769E-02   1.381178E-01   2.083556E-01   2.276707E-01   1.876792E-01   1.983065E-01   2.481297E-01   2.991204E-01   2.523326E-01   2.830417E-01   2.200076E-01
   1.555827E-01   1.564967E-01   2.404487E-01   2.456212E-01   1.874336E-01   1.733876E-01   1.528134E-01   8.682224E-02   5.805282E-02   8.004497E-02   1.328124E-01   1.418821E-01   2.199183E-01   2.018561E-01   2.143919E-01   2.393416E-01   2.667345E-01   2.965794E-01   2.091251E-01   1.699472E-01
   1.905260E-01   1.771947E-01   1.726239E-01   1.598813E-01   2.832184E-01   2.121147E-01   1.516683E-01   8.082119E-02   9.487509E-02   1.272938E-01   1.450462E-01   1.532667E-01   1.337130E-01   1.220916E-01   1.430327E-01   1.281891E-01   2.488045E-01   3.264432E-01   1.407663E-01   1.035355E-01
   1.255695E-01   1.389843E-01   1.708807E-01   8.751730E-02   1.682021E-01   2.211796E-01   1.240074E-01   8.516466E-02   8.621909E-02   1.082134E-01   1.268556E-01   1.406413E-01   2.012576E-01   2.530710E-01   1.610508E-01   1.330271E-01   2.678009E-01   2.192613E-01   1.175436E-01   7.165046E-02
   1.643651E-01   1.247029E-01   1.223101E-01   1.054479E-01   1.551466E-01   9.006413E-02   1.542187E-01   1.267509E-01   6.447825E-02   9.905662E-02   1.144009E-01   1.054274E-01   1.423153E-01   1.776391E-01   1.550647E-01   1.504404E-01   1.382129E-01   1.516380E-01   2.073069E-01   2.448995E-01
   2.743807E-01   1.631284E-01   1.288430E-01   1.425946E-01   1.778195E-01   1.028405E-01   1.006043E-01   1.014428E-01   7.876631E-02   9.641180E-02   1.022749E-01   9.651662E-02   1.145653E-01   1.577250E-01   2.120310E-01   2.275574E-01   2.263473E-01   3.326111E-01   3.423041E-01   3.855520E-01
   2.298353E-01   1.303759E-01   1.396073E-01   1.361600E-01   1.360728E-01   1.222556E-01   7.215817E-02   7.823770E-02   7.091002E-02   6.965984E-02   1.107632E-01   9.023864E-02   1.490213E-01   2.069504E-01   2.397292E-01   1.981757E-01   2.365678E-01   2.752506E-01   3.339189E-01   4.000000E-01
   1.746085E-01   2.293129E-01   1.406650E-01   1.823273E-01   1.000000E-01   1.000000E-01   1.000000E-01   7.086686E-02   6.112154E-02   8.362169E-02   9.905522E-02   1.175063E-01   1.201278E-01   1.051196E-01   1.894821E-01   1.902744E-01   1.908086E-01   1.903272E-01   2.546536E-01   4.000000E-01
   3.173265E-01   1.939911E-01   1.859155E-01   1.535759E-01   1.000000E-01   1.000000E-01   1.000000E-01   1.000000E-01   7.880927E-02   5.845051E-02   1.640699E-01   1.466083E-01   1.541377E-01   2.011599E-01   1.931815E-01   1.773782E-01   1.248577E-01   2.201449E-01   2.346850E-01   2.879973E-01
   1.651926E-01   1.706196E-01   1.920314E-01   2.730644E-01   1.000000E-01   1.000000E-01   1.000000E-01   1.000000E-01   7.532906E-02   1.283151E-01   1.282729E-01   1.620246E-01   1.684094E-01   3.525005E-01   1.621424E-01   2.011664E-01   2.344927E-01   3.534515E-01   2.948209E-01   3.285928E-01
   2.143337E-01   2.872181E-01   2.129071E-01   1.767652E-01   1.000000E-01   1.000000E-01   1.000000E-01   1.000000E-01   1.187673E-01   1.750710E-01   1.376377E-01   1.857063E-01   2.043700E-01   2.457056E-01   3.961040E-01   2.749017E-01   2.502680E-01   3.895714E-01   4.000000E-01   2.582793E-01
   3.753650E-01   3.800637E-01   3.482454E-01   3.054188E-01   1.000000E-01   1.000000E-01   1.000000E-01   1.000000E-01   1.046191E-01   1.521354E-01   1.810734E-01   2.686595E-01   2.035090E-01   2.060510E-01   3.016892E-01   4.000000E-01   4.000000E-01   4.000000E-01   4.000000E-01   2.841724E-01
   3.237804E-01   3.545691E-01   3.524174E-01   3.616753E-01   1.000000E-01   1.000000E-01   1.000000E-01   1.000000E-01   9.159093E-02   1.951114E-01   1.028408E-01   2.163248E-01   1.946316E-01   2.549270E-01   2.349637E-01   3.978481E-01   4.000000E-01   4.000000E-01   4.000000E-01   2.387565E-01
   2.257853E-01   2.711830E-01   3.531727E-01   3.476682E-01   1.000000E-01   1.000000E-01   1.000000E-01   1.000000E-01   1.297073E-01   1.305560E-01   1.222415E-01   1.096417E-01   1.229968E-01   1.741540E-01   2.891608E-01   3.655157E-01   4.000000E-01   4.000000E-01   4.000000E-01   4.000000E-01
   2.390948E-01   2.656201E-01   2.797658E-01   2.931305E-01   1.000000E-01   1.000000E-01   1.000000E-01   1.000000E-01   2.036976E-01   2.236652E-01   1.924996E-01   1.723973E-01   1.302963E-01   1.213343E-01   3.131128E-01   2.595570E-01   4.000000E-01   4.000000E-01   4.000000E-01   4.000000E-01
   2.202794E-01   2.141902E-01   2.274205E-01   2.529811E-01   1.000000E-01   1.000000E-01   1.000000E-01   1.000000E-01   2.165070E-01   1.476983E-01   2.123971E-01   1.612373E-01   2.134515E-01   2.293993E-01   3.059605E-01   3.946796E-01   4.000000E-01   3.424205E-01   3.081657E-01   4.000000E-01
   1.760489E-01   1.732033E-01   9.982837E-02   1.200125E-01   1.000000E-01   1.000000E-01   1.000000E-01   1.000000E-01   1.042810E-01   1.864609E-01   3.507735E-01   2.840551E-01   2.595001E-01   3.763356E-01   2.339471E-01   3.129328E-01   3.757764E-01   3.872112E-01   2.563817E-01   3.410367E-01
   8.864417E-02   1.170645E-01   1.099724E-01   1.776242E-01   1.000000E-01   1.000000E-01   1.000000E-01   1.000000E-01   1.976460E-01   2.033258E-01   2.025082E-01   3.746247E-01   3.563591E-01   3.077375E-01   3.215235E-01   2.943362E-01   2.585814E-01   4.000000E-01   3.311135E-01   3.729023E-01
   1.012674E-01   7.911942E-02   1.603162E-01   1.466880E-01   1.000000E-01   1.000000E-01   1.000000E-01   1.000000E-01   1.124093E-01   1.238334E-01   1.309065E-01   1.527798E-01   2.659844E-01   4.000000E-01   3.307725E-01   3.192426E-01   3.765640E-01   1.770167E-01   3.870697E-01   3.136430E-01
   1.860859E-01   9.958295E-02   1.393176E-01   1.559772E-01   1.000000E-01   1.000000E-01   1.000000E-01   1.000000E-01   8.359514E-02   7.365256E-02   1.112473E-01   1.755246E-01   3.270342E-01   4.000000E-01   4.000000E-01   3.996620E-01   3.525497E-01   4.000000E-01   4.000000E-01   3.080223E-01
   1.476719E-01   1.430671E-01   2.076059E-01   2.337350E-01   1.000000E-01   1.000000E-01   3.222246E-01   2.024959E-01   1.220077E-01   8.233903E-02   8.756135E-02   1.904915E-01   2.998611E-01   3.689831E-01   4.000000E-01   4.000000E-01   4.000000E-01   4.000000E-01   4.000000E-01   4.000000E-01
   3.291338E-01   3.169192E-01   4.000000E-01   3.444470E-01   3.495675E-01   1.000000E-01   2.225324E-01   1.968027E-01   1.130945E-01   7.429284E-02   1.203891E-01   1.918298E-01   3.291720E-01   4.000000E-01   4.000000E-01   3.494195E-01   4.000000E-01   4.000000E-01   3.336466E-01   2.295683E-01
   3.425089E-01   3.784616E-01   4.000000E-01   4.000000E-01   3.352390E-01   2.257763E-01   2.512030E-01   1.910775E-01   8.745887E-02   5.234425E-02   1.123787E-01   2.789522E-01   4.000000E-01   4.000000E-01   3.254990E-01   4.000000E-01   4.000000E-01   3.994232E-01   4.000000E-01   2.491258E-01
   3.934222E-01   3.825468E-01   4.000000E-01   3.915642E-01   2.774213E-01   2.388498E-01   2.549709E-01   2.015679E-01   8.782424E-02   1.209456E-01   1.433193E-01   2.058785E-01   3.069633E-01   3.204798E-01   4.000000E-01   4.000000E-01   4.000000E-01   3.717878E-01   4.000000E-01   2.242677E-01
   3.363904E-01   4.000000E-01   3.546867E-01   4.000000E-01   2.711237E-01   1.927287E-01   1.967578E-01   1.901707E-01   2.106971E-01   3.175823E-01   2.218206E-01   3.564025E-01   3.737547E-01   3.649747E-01   4.000000E-01   4.000000E-01   4.000000E-01   3.929492E-01   2.529106E-01   1.976655E-01
   2.025132E-01   4.000000E-01   4.000000E-01   3.158876E-01   1.945833E-01   2.166052E-01   1.324002E-01   1.469373E-01   2.109548E-01   2.665956E-01   3.934559E-01   4.000000E-01   4.000000E-01   4.000000E-01   4.000000E-01   4.000000E-01   4.000000E-01   4.000000E-01   3.422777E-01   2.350670E-01
   2.201499E-01   2.702075E-01   4.000000E-01   3.858396E-01   3.585763E-01   3.126883E-01   1.823553E-01   2.430953E-01   3.065454E-01   1.857200E-01   3.005474E-01   4.000000E-01   4.000000E-01   4.000000E-01   4.000000E-01   4.000000E-01   2.894305E-01   3.192066E-01   2.533020E-01   2.247029E-01
   1.061831E-01   2.248642E-01   2.502341E-01   3.180399E-01   3.415725E-01   1.113006E-01   1.269037E-01   1.121460E-01   1.529025E-01   1.887181E-01   3.637171E-01   4.000000E-01   2.703758E-01   2.069555E-01   3.152161E-01   2.605643E-01   1.904412E-01   2.536202E-01   2.661318E-01   2.355521E-01
   1.418276E-01   1.345148E-01   2.452664E-01   2.640608E-01   2.925207E-01   1.756558E-01   7.514603E-02   1.478149E-01   1.541855E-01   2.914380E-01   1.937753E-01   1.854281E-01   9.637842E-02   1.781929E-01   1.752193E-01   1.483888E-01   1.869310E-01   2.092756E-01   2.827489E-01   2.111011E-01
   2.265765E-01   2.477577E-01   1.871636E-01   2.756439E-01   2.739263E-01   1.916415E-01   8.752476E-02   1.374148E-01   1.950459E-01   1.873922E-01   3.146388E-01   2.242086E-01   1.824862E-01   1.980895E-01   1.633389E-01   1.842985E-01   1.694394E-01   1.506284E-01   1.701317E-01   1.141014E-01
   1.763970E-01   2.811867E-01   2.525663E-01   2.273609E-01   2.543543E-01   1.283018E-01   9.591876E-02   1.935353E-01   1.601856E-01   1.733219E-01   2.762172E-01   2.174377E-01   1.373508E-01   1.942206E-01   1.766082E-01   1.634766E-01   1.374443E-01   8.146171E-02   7.282437E-02   7.642618E-02
   1.000000E-01   3.600433E-01   2.736341E-01   3.995405E-01   2.462882E-01   1.209794E-01   9.338308E-02   1.386898E-01   1.808847E-01   2.228747E-01   2.146741E-01   1.613348E-01   1.022916E-01   1.748721E-01   2.697792E-01   1.835462E-01   1.760878E-01   7.487507E-02   7.341537E-02   7.929694E-02
   1.000000E-01   1.000000E-01   2.899537E-01   4.000000E-01   2.621928E-01   1.425231E-01   8.636788E-02   1.421559E-01   1.127379E-01   1.053814E-01   1.866097E-01   1.376606E-01   1.015909E-01   1.563529E-01   2.703833E-01   2.548620E-01   1.061775E-01   1.208398E-01   1.028074E-01   7.450618E-02
   1.000000E-01   1.000000E-01   1.000000E-01   3.251077E-01   1.504794E-01   1.227689E-01   1.752306E-01   1.262945E-01   1.088157E-01   6.455289E-02   1.793020E-01   1.543644E-01   1.447281E-01   1.867184E-01   2.978477E-01   2.412945E-01   1.665857E-01   8.112226E-02   1.032767E-01   1.720508E-01
   1.000000E-01   1.000000E-01   1.000000E-01   1.000000E-01   1.978328E-01   2.246774E-01   1.319708E-01   1.095366E-01   1.369377E-01   1.248088E-01   2.096148E-01   1.177403E-01   1.774761E-01   1.556183E-01   1.325692E-01   1.470568E-01   1.644861E-01   9.571761E-02   1.354184E-01   1.000000E-01
   1.000000E-01   1.000000E-01   1.000000E-01   1.000000E-01   2.558703E-01   1.994814E-01   1.930370E-01   1.729758E-01   1.133865E-01   1.352758E-01   2.047987E-01   2.573704E-01   1.497179E-01   1.645166E-01   2.193440E-01   1.129106E-01   1.203805E-01   1.090304E-01   7.292625E-02   1.000000E-01
   1.000000E-01   1.000000E-01   1.000000E-01   1.000000E-01   1.000000E-01   2.558640E-01   3.791724E-01   1.905579E-01   2.726331E-01   1.651950E-01   1.421271E-01   1.410984E-01   1.260298E-01   2.003604E-01   1.751312E-01   1.613408E-01   1.617935E-01   1.876670E-01   1.000000E-01   1.000000E-01
   1.000000E-01   1.000000E-01   1.000000E-01   1.000000E-01   1.000000E-01   4.000000E-01   4.000000E-01   2.316788E-01   1.448364E-01   1.715190E-01   1.003719E-01   1.818243E-01   1.716387E-01   1.707293E-01   1.699905E-01   2.196598E-01   1.955059E-01   1.000000E-01   1.000000E-01   1.000000E-01
   1.000000E-01   1.000000E-01   1.000000E-01   1.000000E-01   1.000000E-01   4.000000E-01   4.000000E-01   3.269825E-01   2.862612E-01   1.885462E-01   1.427300E-01   1.814274E-01   1.308363E-01   2.122947E-01   2.828659E-01   1.759380E-01   1.000000E-01   1.000000E-01   1.000000E-01   1.000000E-01
