obsnme,obsval,weight,obgnme,i,j,oname,otype,time,totim,usecol,zone,observed,standard_deviation
oname:hds_otype:lst_usecol:trgw-0-13-10_time:3652.5,34.08722166,0.0,oname:hds_otype:lst_usecol:trgw-0-13-10,,,hds,lst,3652.5,,trgw-0-13-10,,,
oname:hds_otype:lst_usecol:trgw-0-13-10_time:3683.5,34.09235231,2.0,oname:hds_otype:lst_usecol:trgw-0-13-10,,,hds,lst,3683.5,,trgw-0-13-10,,,
oname:hds_otype:lst_usecol:trgw-0-13-10_time:3712.5,34.11697023,2.0,oname:hds_otype:lst_usecol:trgw-0-13-10,,,hds,lst,3712.5,,trgw-0-13-10,,,
oname:hds_otype:lst_usecol:trgw-0-13-10_time:3743.5,34.2074897,2.0,oname:hds_otype:lst_usecol:trgw-0-13-10,,,hds,lst,3743.5,,trgw-0-13-10,,,
oname:hds_otype:lst_usecol:trgw-0-13-10_time:3773.5,34.20981941,2.0,oname:hds_otype:lst_usecol:trgw-0-13-10,,,hds,lst,3773.5,,trgw-0-13-10,,,
oname:hds_otype:lst_usecol:trgw-0-13-10_time:3804.5,34.25398455,2.0,oname:hds_otype:lst_usecol:trgw-0-13-10,,,hds,lst,3804.5,,trgw-0-13-10,,,
oname:hds_otype:lst_usecol:trgw-0-13-10_time:3834.5,34.23083101,2.0,oname:hds_otype:lst_usecol:trgw-0-13-10,,,hds,lst,3834.5,,trgw-0-13-10,,,
oname:hds_otype:lst_usecol:trgw-0-13-10_time:3865.5,34.18030152,2.0,oname:hds_otype:lst_usecol:trgw-0-13-10,,,hds,lst,3865.5,,trgw-0-13-10,,,
oname:hds_otype:lst_usecol:trgw-0-13-10_time:3896.5,34.08429752,2.0,oname:hds_otype:lst_usecol:trgw-0-13-10,,,hds,lst,3896.5,,trgw-0-13-10,,,
oname:hds_otype:lst_usecol:trgw-0-13-10_time:3926.5,33.99271482,2.0,oname:hds_otype:lst_usecol:trgw-0-13-10,,,hds,lst,3926.5,,trgw-0-13-10,,,
oname:hds_otype:lst_usecol:trgw-0-13-10_time:3957.5,33.90948122,2.0,oname:hds_otype:lst_usecol:trgw-0-13-10,,,hds,lst,3957.5,,trgw-0-13-10,,,
oname:hds_otype:lst_usecol:trgw-0-13-10_time:3987.5,33.86687257,2.0,oname:hds_otype:lst_usecol:trgw-0-13-10,,,hds,lst,3987.5,,trgw-0-13-10,,,
oname:hds_otype:lst_usecol:trgw-0-13-10_time:4018.5,33.83559173,2.0,oname:hds_otype:lst_usecol:trgw-0-13-10,,,hds,lst,4018.5,,trgw-0-13-10,,,
oname:hds_otype:lst_usecol:trgw-0-13-10_time:4049.5,33.85989653,0.0,oname:hds_otype:lst_usecol:trgw-0-13-10,,,hds,lst,4049.5,,trgw-0-13-10,,,
oname:hds_otype:lst_usecol:trgw-0-13-10_time:4077.5,33.88410587,0.0,oname:hds_otype:lst_usecol:trgw-0-13-10,,,hds,lst,4077.5,,trgw-0-13-10,,,
oname:hds_otype:lst_usecol:trgw-0-13-10_time:4108.5,33.92541703,0.0,oname:hds_otype:lst_usecol:trgw-0-13-10,,,hds,lst,4108.5,,trgw-0-13-10,,,
oname:hds_otype:lst_usecol:trgw-0-13-10_time:4138.5,33.99946281,0.0,oname:hds_otype:lst_usecol:trgw-0-13-10,,,hds,lst,4138.5,,trgw-0-13-10,,,
oname:hds_otype:lst_usecol:trgw-0-13-10_time:4169.5,34.0297886,0.0,oname:hds_otype:lst_usecol:trgw-0-13-10,,,hds,lst,4169.5,,trgw-0-13-10,,,
oname:hds_otype:lst_usecol:trgw-0-13-10_time:4199.5,34.02184134,0.0,oname:hds_otype:lst_usecol:trgw-0-13-10,,,hds,lst,4199.5,,trgw-0-13-10,,,
oname:hds_otype:lst_usecol:trgw-0-13-10_time:4230.5,33.96408482,0.0,oname:hds_otype:lst_usecol:trgw-0-13-10,,,hds,lst,4230.5,,trgw-0-13-10,,,
oname:hds_otype:lst_usecol:trgw-0-13-10_time:4261.5,33.88891938,0.0,oname:hds_otype:lst_usecol:trgw-0-13-10,,,hds,lst,4261.5,,trgw-0-13-10,,,
oname:hds_otype:lst_usecol:trgw-0-13-10_time:4291.5,33.80739097,0.0,oname:hds_otype:lst_usecol:trgw-0-13-10,,,hds,lst,4291.5,,trgw-0-13-10,,,
oname:hds_otype:lst_usecol:trgw-0-13-10_time:4322.5,33.73677984,0.0,oname:hds_otype:lst_usecol:trgw-0-13-10,,,hds,lst,4322.5,,trgw-0-13-10,,,
oname:hds_otype:lst_usecol:trgw-0-13-10_time:4352.5,33.6964806,0.0,oname:hds_otype:lst_usecol:trgw-0-13-10,,,hds,lst,4352.5,,trgw-0-13-10,,,
oname:hds_otype:lst_usecol:trgw-0-13-10_time:4383.5,33.71152995,0.0,oname:hds_otype:lst_usecol:trgw-0-13-10,,,hds,lst,4383.5,,trgw-0-13-10,,,
oname:hds_otype:lst_usecol:trgw-0-15-16_time:3652.5,34.00709257,0.0,oname:hds_otype:lst_usecol:trgw-0-15-16,,,hds,lst,3652.5,,trgw-0-15-16,,,
oname:hds_otype:lst_usecol:trgw-0-15-16_time:3683.5,34.00914902,2.0,oname:hds_otype:lst_usecol:trgw-0-15-16,,,hds,lst,3683.5,,trgw-0-15-16,,,
oname:hds_otype:lst_usecol:trgw-0-15-16_time:3712.5,34.02857205,2.0,oname:hds_otype:lst_usecol:trgw-0-15-16,,,hds,lst,3712.5,,trgw-0-15-16,,,
oname:hds_otype:lst_usecol:trgw-0-15-16_time:3743.5,34.10455667,2.0,oname:hds_otype:lst_usecol:trgw-0-15-16,,,hds,lst,3743.5,,trgw-0-15-16,,,
oname:hds_otype:lst_usecol:trgw-0-15-16_time:3773.5,34.08982842,2.0,oname:hds_otype:lst_usecol:trgw-0-15-16,,,hds,lst,3773.5,,trgw-0-15-16,,,
oname:hds_otype:lst_usecol:trgw-0-15-16_time:3804.5,34.1240053,2.0,oname:hds_otype:lst_usecol:trgw-0-15-16,,,hds,lst,3804.5,,trgw-0-15-16,,,
oname:hds_otype:lst_usecol:trgw-0-15-16_time:3834.5,34.09413484,2.0,oname:hds_otype:lst_usecol:trgw-0-15-16,,,hds,lst,3834.5,,trgw-0-15-16,,,
oname:hds_otype:lst_usecol:trgw-0-15-16_time:3865.5,34.04889124,2.0,oname:hds_otype:lst_usecol:trgw-0-15-16,,,hds,lst,3865.5,,trgw-0-15-16,,,
oname:hds_otype:lst_usecol:trgw-0-15-16_time:3896.5,33.9697187,2.0,oname:hds_otype:lst_usecol:trgw-0-15-16,,,hds,lst,3896.5,,trgw-0-15-16,,,
oname:hds_otype:lst_usecol:trgw-0-15-16_time:3926.5,33.90326948,2.0,oname:hds_otype:lst_usecol:trgw-0-15-16,,,hds,lst,3926.5,,trgw-0-15-16,,,
oname:hds_otype:lst_usecol:trgw-0-15-16_time:3957.5,33.84758508,2.0,oname:hds_otype:lst_usecol:trgw-0-15-16,,,hds,lst,3957.5,,trgw-0-15-16,,,
oname:hds_otype:lst_usecol:trgw-0-15-16_time:3987.5,33.83012768,2.0,oname:hds_otype:lst_usecol:trgw-0-15-16,,,hds,lst,3987.5,,trgw-0-15-16,,,
oname:hds_otype:lst_usecol:trgw-0-15-16_time:4018.5,33.82218124,2.0,oname:hds_otype:lst_usecol:trgw-0-15-16,,,hds,lst,4018.5,,trgw-0-15-16,,,
oname:hds_otype:lst_usecol:trgw-0-15-16_time:4049.5,33.85527665,0.0,oname:hds_otype:lst_usecol:trgw-0-15-16,,,hds,lst,4049.5,,trgw-0-15-16,,,
oname:hds_otype:lst_usecol:trgw-0-15-16_time:4077.5,33.87707704,0.0,oname:hds_otype:lst_usecol:trgw-0-15-16,,,hds,lst,4077.5,,trgw-0-15-16,,,
oname:hds_otype:lst_usecol:trgw-0-15-16_time:4108.5,33.91053145,0.0,oname:hds_otype:lst_usecol:trgw-0-15-16,,,hds,lst,4108.5,,trgw-0-15-16,,,
oname:hds_otype:lst_usecol:trgw-0-15-16_time:4138.5,33.97053086,0.0,oname:hds_otype:lst_usecol:trgw-0-15-16,,,hds,lst,4138.5,,trgw-0-15-16,,,
oname:hds_otype:lst_usecol:trgw-0-15-16_time:4169.5,33.9834726,0.0,oname:hds_otype:lst_usecol:trgw-0-15-16,,,hds,lst,4169.5,,trgw-0-15-16,,,
oname:hds_otype:lst_usecol:trgw-0-15-16_time:4199.5,33.96759052,0.0,oname:hds_otype:lst_usecol:trgw-0-15-16,,,hds,lst,4199.5,,trgw-0-15-16,,,
oname:hds_otype:lst_usecol:trgw-0-15-16_time:4230.5,33.91382127,0.0,oname:hds_otype:lst_usecol:trgw-0-15-16,,,hds,lst,4230.5,,trgw-0-15-16,,,
oname:hds_otype:lst_usecol:trgw-0-15-16_time:4261.5,33.85433453,0.0,oname:hds_otype:lst_usecol:trgw-0-15-16,,,hds,lst,4261.5,,trgw-0-15-16,,,
oname:hds_otype:lst_usecol:trgw-0-15-16_time:4291.5,33.79417432,0.0,oname:hds_otype:lst_usecol:trgw-0-15-16,,,hds,lst,4291.5,,trgw-0-15-16,,,
oname:hds_otype:lst_usecol:trgw-0-15-16_time:4322.5,33.74756248,0.0,oname:hds_otype:lst_usecol:trgw-0-15-16,,,hds,lst,4322.5,,trgw-0-15-16,,,
oname:hds_otype:lst_usecol:trgw-0-15-16_time:4352.5,33.72700605,0.0,oname:hds_otype:lst_usecol:trgw-0-15-16,,,hds,lst,4352.5,,trgw-0-15-16,,,
oname:hds_otype:lst_usecol:trgw-0-15-16_time:4383.5,33.75212608,0.0,oname:hds_otype:lst_usecol:trgw-0-15-16,,,hds,lst,4383.5,,trgw-0-15-16,,,
oname:hds_otype:lst_usecol:trgw-0-2-15_time:3652.5,34.21348703,0.0,oname:hds_otype:lst_usecol:trgw-0-2-15,,,hds,lst,3652.5,,trgw-0-2-15,,,
oname:hds_otype:lst_usecol:trgw-0-2-15_time:3683.5,34.22918605,2.0,oname:hds_otype:lst_usecol:trgw-0-2-15,,,hds,lst,3683.5,,trgw-0-2-15,,,
oname:hds_otype:lst_usecol:trgw-0-2-15_time:3712.5,34.25373544,2.0,oname:hds_otype:lst_usecol:trgw-0-2-15,,,hds,lst,3712.5,,trgw-0-2-15,,,
oname:hds_otype:lst_usecol:trgw-0-2-15_time:3743.5,34.31669101,2.0,oname:hds_otype:lst_usecol:trgw-0-2-15,,,hds,lst,3743.5,,trgw-0-2-15,,,
oname:hds_otype:lst_usecol:trgw-0-2-15_time:3773.5,34.32853921,2.0,oname:hds_otype:lst_usecol:trgw-0-2-15,,,hds,lst,3773.5,,trgw-0-2-15,,,
oname:hds_otype:lst_usecol:trgw-0-2-15_time:3804.5,34.36179213,2.0,oname:hds_otype:lst_usecol:trgw-0-2-15,,,hds,lst,3804.5,,trgw-0-2-15,,,
oname:hds_otype:lst_usecol:trgw-0-2-15_time:3834.5,34.35455697,2.0,oname:hds_otype:lst_usecol:trgw-0-2-15,,,hds,lst,3834.5,,trgw-0-2-15,,,
oname:hds_otype:lst_usecol:trgw-0-2-15_time:3865.5,34.32758332,2.0,oname:hds_otype:lst_usecol:trgw-0-2-15,,,hds,lst,3865.5,,trgw-0-2-15,,,
oname:hds_otype:lst_usecol:trgw-0-2-15_time:3896.5,34.2699941,2.0,oname:hds_otype:lst_usecol:trgw-0-2-15,,,hds,lst,3896.5,,trgw-0-2-15,,,
oname:hds_otype:lst_usecol:trgw-0-2-15_time:3926.5,34.21097416,2.0,oname:hds_otype:lst_usecol:trgw-0-2-15,,,hds,lst,3926.5,,trgw-0-2-15,,,
oname:hds_otype:lst_usecol:trgw-0-2-15_time:3957.5,34.15435073,2.0,oname:hds_otype:lst_usecol:trgw-0-2-15,,,hds,lst,3957.5,,trgw-0-2-15,,,
oname:hds_otype:lst_usecol:trgw-0-2-15_time:3987.5,34.1248327,2.0,oname:hds_otype:lst_usecol:trgw-0-2-15,,,hds,lst,3987.5,,trgw-0-2-15,,,
oname:hds_otype:lst_usecol:trgw-0-2-15_time:4018.5,34.11425528,2.0,oname:hds_otype:lst_usecol:trgw-0-2-15,,,hds,lst,4018.5,,trgw-0-2-15,,,
oname:hds_otype:lst_usecol:trgw-0-2-15_time:4049.5,34.13500976,0.0,oname:hds_otype:lst_usecol:trgw-0-2-15,,,hds,lst,4049.5,,trgw-0-2-15,,,
oname:hds_otype:lst_usecol:trgw-0-2-15_time:4077.5,34.15479663,0.0,oname:hds_otype:lst_usecol:trgw-0-2-15,,,hds,lst,4077.5,,trgw-0-2-15,,,
oname:hds_otype:lst_usecol:trgw-0-2-15_time:4108.5,34.18434252,0.0,oname:hds_otype:lst_usecol:trgw-0-2-15,,,hds,lst,4108.5,,trgw-0-2-15,,,
oname:hds_otype:lst_usecol:trgw-0-2-15_time:4138.5,34.2333282,0.0,oname:hds_otype:lst_usecol:trgw-0-2-15,,,hds,lst,4138.5,,trgw-0-2-15,,,
oname:hds_otype:lst_usecol:trgw-0-2-15_time:4169.5,34.25840969,0.0,oname:hds_otype:lst_usecol:trgw-0-2-15,,,hds,lst,4169.5,,trgw-0-2-15,,,
oname:hds_otype:lst_usecol:trgw-0-2-15_time:4199.5,34.25899726,0.0,oname:hds_otype:lst_usecol:trgw-0-2-15,,,hds,lst,4199.5,,trgw-0-2-15,,,
oname:hds_otype:lst_usecol:trgw-0-2-15_time:4230.5,34.22753278,0.0,oname:hds_otype:lst_usecol:trgw-0-2-15,,,hds,lst,4230.5,,trgw-0-2-15,,,
oname:hds_otype:lst_usecol:trgw-0-2-15_time:4261.5,34.18191348,0.0,oname:hds_otype:lst_usecol:trgw-0-2-15,,,hds,lst,4261.5,,trgw-0-2-15,,,
oname:hds_otype:lst_usecol:trgw-0-2-15_time:4291.5,34.12979376,0.0,oname:hds_otype:lst_usecol:trgw-0-2-15,,,hds,lst,4291.5,,trgw-0-2-15,,,
oname:hds_otype:lst_usecol:trgw-0-2-15_time:4322.5,34.08226793,0.0,oname:hds_otype:lst_usecol:trgw-0-2-15,,,hds,lst,4322.5,,trgw-0-2-15,,,
oname:hds_otype:lst_usecol:trgw-0-2-15_time:4352.5,34.05293557,0.0,oname:hds_otype:lst_usecol:trgw-0-2-15,,,hds,lst,4352.5,,trgw-0-2-15,,,
oname:hds_otype:lst_usecol:trgw-0-2-15_time:4383.5,34.05758512,0.0,oname:hds_otype:lst_usecol:trgw-0-2-15,,,hds,lst,4383.5,,trgw-0-2-15,,,
oname:hds_otype:lst_usecol:trgw-0-2-9_time:3652.5,34.47347501,0.0,oname:hds_otype:lst_usecol:trgw-0-2-9,,,hds,lst,3652.5,,trgw-0-2-9,,,
oname:hds_otype:lst_usecol:trgw-0-2-9_time:3683.5,34.51690294,2.0,oname:hds_otype:lst_usecol:trgw-0-2-9,,,hds,lst,3683.5,,trgw-0-2-9,,,
oname:hds_otype:lst_usecol:trgw-0-2-9_time:3712.5,34.57622264,2.0,oname:hds_otype:lst_usecol:trgw-0-2-9,,,hds,lst,3712.5,,trgw-0-2-9,,,
oname:hds_otype:lst_usecol:trgw-0-2-9_time:3743.5,34.7133972,2.0,oname:hds_otype:lst_usecol:trgw-0-2-9,,,hds,lst,3743.5,,trgw-0-2-9,,,
oname:hds_otype:lst_usecol:trgw-0-2-9_time:3773.5,34.73160568,2.0,oname:hds_otype:lst_usecol:trgw-0-2-9,,,hds,lst,3773.5,,trgw-0-2-9,,,
oname:hds_otype:lst_usecol:trgw-0-2-9_time:3804.5,34.80135849,2.0,oname:hds_otype:lst_usecol:trgw-0-2-9,,,hds,lst,3804.5,,trgw-0-2-9,,,
oname:hds_otype:lst_usecol:trgw-0-2-9_time:3834.5,34.78132621,2.0,oname:hds_otype:lst_usecol:trgw-0-2-9,,,hds,lst,3834.5,,trgw-0-2-9,,,
oname:hds_otype:lst_usecol:trgw-0-2-9_time:3865.5,34.7243696,2.0,oname:hds_otype:lst_usecol:trgw-0-2-9,,,hds,lst,3865.5,,trgw-0-2-9,,,
oname:hds_otype:lst_usecol:trgw-0-2-9_time:3896.5,34.60552313,2.0,oname:hds_otype:lst_usecol:trgw-0-2-9,,,hds,lst,3896.5,,trgw-0-2-9,,,
oname:hds_otype:lst_usecol:trgw-0-2-9_time:3926.5,34.48854812,2.0,oname:hds_otype:lst_usecol:trgw-0-2-9,,,hds,lst,3926.5,,trgw-0-2-9,,,
oname:hds_otype:lst_usecol:trgw-0-2-9_time:3957.5,34.37826149,2.0,oname:hds_otype:lst_usecol:trgw-0-2-9,,,hds,lst,3957.5,,trgw-0-2-9,,,
oname:hds_otype:lst_usecol:trgw-0-2-9_time:3987.5,34.32567854,2.0,oname:hds_otype:lst_usecol:trgw-0-2-9,,,hds,lst,3987.5,,trgw-0-2-9,,,
oname:hds_otype:lst_usecol:trgw-0-2-9_time:4018.5,34.30634321,2.0,oname:hds_otype:lst_usecol:trgw-0-2-9,,,hds,lst,4018.5,,trgw-0-2-9,,,
oname:hds_otype:lst_usecol:trgw-0-2-9_time:4049.5,34.35263458,0.0,oname:hds_otype:lst_usecol:trgw-0-2-9,,,hds,lst,4049.5,,trgw-0-2-9,,,
oname:hds_otype:lst_usecol:trgw-0-2-9_time:4077.5,34.39245648,0.0,oname:hds_otype:lst_usecol:trgw-0-2-9,,,hds,lst,4077.5,,trgw-0-2-9,,,
oname:hds_otype:lst_usecol:trgw-0-2-9_time:4108.5,34.45182849,0.0,oname:hds_otype:lst_usecol:trgw-0-2-9,,,hds,lst,4108.5,,trgw-0-2-9,,,
oname:hds_otype:lst_usecol:trgw-0-2-9_time:4138.5,34.55219666,0.0,oname:hds_otype:lst_usecol:trgw-0-2-9,,,hds,lst,4138.5,,trgw-0-2-9,,,
oname:hds_otype:lst_usecol:trgw-0-2-9_time:4169.5,34.59722494,0.0,oname:hds_otype:lst_usecol:trgw-0-2-9,,,hds,lst,4169.5,,trgw-0-2-9,,,
oname:hds_otype:lst_usecol:trgw-0-2-9_time:4199.5,34.59260872,0.0,oname:hds_otype:lst_usecol:trgw-0-2-9,,,hds,lst,4199.5,,trgw-0-2-9,,,
oname:hds_otype:lst_usecol:trgw-0-2-9_time:4230.5,34.52349118,0.0,oname:hds_otype:lst_usecol:trgw-0-2-9,,,hds,lst,4230.5,,trgw-0-2-9,,,
oname:hds_otype:lst_usecol:trgw-0-2-9_time:4261.5,34.42997419,0.0,oname:hds_otype:lst_usecol:trgw-0-2-9,,,hds,lst,4261.5,,trgw-0-2-9,,,
oname:hds_otype:lst_usecol:trgw-0-2-9_time:4291.5,34.32535661,0.0,oname:hds_otype:lst_usecol:trgw-0-2-9,,,hds,lst,4291.5,,trgw-0-2-9,,,
oname:hds_otype:lst_usecol:trgw-0-2-9_time:4322.5,34.23275569,0.0,oname:hds_otype:lst_usecol:trgw-0-2-9,,,hds,lst,4322.5,,trgw-0-2-9,,,
oname:hds_otype:lst_usecol:trgw-0-2-9_time:4352.5,34.17852288,0.0,oname:hds_otype:lst_usecol:trgw-0-2-9,,,hds,lst,4352.5,,trgw-0-2-9,,,
oname:hds_otype:lst_usecol:trgw-0-2-9_time:4383.5,34.19531969,0.0,oname:hds_otype:lst_usecol:trgw-0-2-9,,,hds,lst,4383.5,,trgw-0-2-9,,,
oname:hds_otype:lst_usecol:trgw-0-21-10_time:3652.5,33.92174657,0.0,oname:hds_otype:lst_usecol:trgw-0-21-10,,,hds,lst,3652.5,,trgw-0-21-10,,,
oname:hds_otype:lst_usecol:trgw-0-21-10_time:3683.5,33.91844247,2.0,oname:hds_otype:lst_usecol:trgw-0-21-10,,,hds,lst,3683.5,,trgw-0-21-10,,,
oname:hds_otype:lst_usecol:trgw-0-21-10_time:3712.5,33.94472008,2.0,oname:hds_otype:lst_usecol:trgw-0-21-10,,,hds,lst,3712.5,,trgw-0-21-10,,,
oname:hds_otype:lst_usecol:trgw-0-21-10_time:3743.5,34.0449371,2.0,oname:hds_otype:lst_usecol:trgw-0-21-10,,,hds,lst,3743.5,,trgw-0-21-10,,,
oname:hds_otype:lst_usecol:trgw-0-21-10_time:3773.5,34.0328778,2.0,oname:hds_otype:lst_usecol:trgw-0-21-10,,,hds,lst,3773.5,,trgw-0-21-10,,,
oname:hds_otype:lst_usecol:trgw-0-21-10_time:3804.5,34.07544914,2.0,oname:hds_otype:lst_usecol:trgw-0-21-10,,,hds,lst,3804.5,,trgw-0-21-10,,,
oname:hds_otype:lst_usecol:trgw-0-21-10_time:3834.5,34.03876386,2.0,oname:hds_otype:lst_usecol:trgw-0-21-10,,,hds,lst,3834.5,,trgw-0-21-10,,,
oname:hds_otype:lst_usecol:trgw-0-21-10_time:3865.5,33.97728562,2.0,oname:hds_otype:lst_usecol:trgw-0-21-10,,,hds,lst,3865.5,,trgw-0-21-10,,,
oname:hds_otype:lst_usecol:trgw-0-21-10_time:3896.5,33.87036838,2.0,oname:hds_otype:lst_usecol:trgw-0-21-10,,,hds,lst,3896.5,,trgw-0-21-10,,,
oname:hds_otype:lst_usecol:trgw-0-21-10_time:3926.5,33.777404,2.0,oname:hds_otype:lst_usecol:trgw-0-21-10,,,hds,lst,3926.5,,trgw-0-21-10,,,
oname:hds_otype:lst_usecol:trgw-0-21-10_time:3957.5,33.69908115,2.0,oname:hds_otype:lst_usecol:trgw-0-21-10,,,hds,lst,3957.5,,trgw-0-21-10,,,
oname:hds_otype:lst_usecol:trgw-0-21-10_time:3987.5,33.63275587,2.0,oname:hds_otype:lst_usecol:trgw-0-21-10,,,hds,lst,3987.5,,trgw-0-21-10,,,
oname:hds_otype:lst_usecol:trgw-0-21-10_time:4018.5,33.579332,2.0,oname:hds_otype:lst_usecol:trgw-0-21-10,,,hds,lst,4018.5,,trgw-0-21-10,,,
oname:hds_otype:lst_usecol:trgw-0-21-10_time:4049.5,33.60069357,0.0,oname:hds_otype:lst_usecol:trgw-0-21-10,,,hds,lst,4049.5,,trgw-0-21-10,,,
oname:hds_otype:lst_usecol:trgw-0-21-10_time:4077.5,33.62135285,0.0,oname:hds_otype:lst_usecol:trgw-0-21-10,,,hds,lst,4077.5,,trgw-0-21-10,,,
oname:hds_otype:lst_usecol:trgw-0-21-10_time:4108.5,33.6608575,0.0,oname:hds_otype:lst_usecol:trgw-0-21-10,,,hds,lst,4108.5,,trgw-0-21-10,,,
oname:hds_otype:lst_usecol:trgw-0-21-10_time:4138.5,33.73757309,0.0,oname:hds_otype:lst_usecol:trgw-0-21-10,,,hds,lst,4138.5,,trgw-0-21-10,,,
oname:hds_otype:lst_usecol:trgw-0-21-10_time:4169.5,33.75727518,0.0,oname:hds_otype:lst_usecol:trgw-0-21-10,,,hds,lst,4169.5,,trgw-0-21-10,,,
oname:hds_otype:lst_usecol:trgw-0-21-10_time:4199.5,33.73696296,0.0,oname:hds_otype:lst_usecol:trgw-0-21-10,,,hds,lst,4199.5,,trgw-0-21-10,,,
oname:hds_otype:lst_usecol:trgw-0-21-10_time:4230.5,33.66473513,0.0,oname:hds_otype:lst_usecol:trgw-0-21-10,,,hds,lst,4230.5,,trgw-0-21-10,,,
oname:hds_otype:lst_usecol:trgw-0-21-10_time:4261.5,33.58171212,0.0,oname:hds_otype:lst_usecol:trgw-0-21-10,,,hds,lst,4261.5,,trgw-0-21-10,,,
oname:hds_otype:lst_usecol:trgw-0-21-10_time:4291.5,33.49735832,0.0,oname:hds_otype:lst_usecol:trgw-0-21-10,,,hds,lst,4291.5,,trgw-0-21-10,,,
oname:hds_otype:lst_usecol:trgw-0-21-10_time:4322.5,33.42607349,0.0,oname:hds_otype:lst_usecol:trgw-0-21-10,,,hds,lst,4322.5,,trgw-0-21-10,,,
oname:hds_otype:lst_usecol:trgw-0-21-10_time:4352.5,33.38640499,0.0,oname:hds_otype:lst_usecol:trgw-0-21-10,,,hds,lst,4352.5,,trgw-0-21-10,,,
oname:hds_otype:lst_usecol:trgw-0-21-10_time:4383.5,33.40863773,0.0,oname:hds_otype:lst_usecol:trgw-0-21-10,,,hds,lst,4383.5,,trgw-0-21-10,,,
oname:hds_otype:lst_usecol:trgw-0-22-15_time:3652.5,33.85638409,0.0,oname:hds_otype:lst_usecol:trgw-0-22-15,,,hds,lst,3652.5,,trgw-0-22-15,,,
oname:hds_otype:lst_usecol:trgw-0-22-15_time:3683.5,33.85457426,2.0,oname:hds_otype:lst_usecol:trgw-0-22-15,,,hds,lst,3683.5,,trgw-0-22-15,,,
oname:hds_otype:lst_usecol:trgw-0-22-15_time:3712.5,33.87578999,2.0,oname:hds_otype:lst_usecol:trgw-0-22-15,,,hds,lst,3712.5,,trgw-0-22-15,,,
oname:hds_otype:lst_usecol:trgw-0-22-15_time:3743.5,33.95188152,2.0,oname:hds_otype:lst_usecol:trgw-0-22-15,,,hds,lst,3743.5,,trgw-0-22-15,,,
oname:hds_otype:lst_usecol:trgw-0-22-15_time:3773.5,33.93002913,2.0,oname:hds_otype:lst_usecol:trgw-0-22-15,,,hds,lst,3773.5,,trgw-0-22-15,,,
oname:hds_otype:lst_usecol:trgw-0-22-15_time:3804.5,33.96145891,2.0,oname:hds_otype:lst_usecol:trgw-0-22-15,,,hds,lst,3804.5,,trgw-0-22-15,,,
oname:hds_otype:lst_usecol:trgw-0-22-15_time:3834.5,33.92678169,2.0,oname:hds_otype:lst_usecol:trgw-0-22-15,,,hds,lst,3834.5,,trgw-0-22-15,,,
oname:hds_otype:lst_usecol:trgw-0-22-15_time:3865.5,33.87935398,2.0,oname:hds_otype:lst_usecol:trgw-0-22-15,,,hds,lst,3865.5,,trgw-0-22-15,,,
oname:hds_otype:lst_usecol:trgw-0-22-15_time:3896.5,33.80084203,2.0,oname:hds_otype:lst_usecol:trgw-0-22-15,,,hds,lst,3896.5,,trgw-0-22-15,,,
oname:hds_otype:lst_usecol:trgw-0-22-15_time:3926.5,33.73942335,2.0,oname:hds_otype:lst_usecol:trgw-0-22-15,,,hds,lst,3926.5,,trgw-0-22-15,,,
oname:hds_otype:lst_usecol:trgw-0-22-15_time:3957.5,33.69079449,2.0,oname:hds_otype:lst_usecol:trgw-0-22-15,,,hds,lst,3957.5,,trgw-0-22-15,,,
oname:hds_otype:lst_usecol:trgw-0-22-15_time:3987.5,33.67052401,2.0,oname:hds_otype:lst_usecol:trgw-0-22-15,,,hds,lst,3987.5,,trgw-0-22-15,,,
oname:hds_otype:lst_usecol:trgw-0-22-15_time:4018.5,33.63177796,2.0,oname:hds_otype:lst_usecol:trgw-0-22-15,,,hds,lst,4018.5,,trgw-0-22-15,,,
oname:hds_otype:lst_usecol:trgw-0-22-15_time:4049.5,33.65644421,0.0,oname:hds_otype:lst_usecol:trgw-0-22-15,,,hds,lst,4049.5,,trgw-0-22-15,,,
oname:hds_otype:lst_usecol:trgw-0-22-15_time:4077.5,33.67330685,0.0,oname:hds_otype:lst_usecol:trgw-0-22-15,,,hds,lst,4077.5,,trgw-0-22-15,,,
oname:hds_otype:lst_usecol:trgw-0-22-15_time:4108.5,33.70337954,0.0,oname:hds_otype:lst_usecol:trgw-0-22-15,,,hds,lst,4108.5,,trgw-0-22-15,,,
oname:hds_otype:lst_usecol:trgw-0-22-15_time:4138.5,33.76015224,0.0,oname:hds_otype:lst_usecol:trgw-0-22-15,,,hds,lst,4138.5,,trgw-0-22-15,,,
oname:hds_otype:lst_usecol:trgw-0-22-15_time:4169.5,33.76549877,0.0,oname:hds_otype:lst_usecol:trgw-0-22-15,,,hds,lst,4169.5,,trgw-0-22-15,,,
oname:hds_otype:lst_usecol:trgw-0-22-15_time:4199.5,33.74508303,0.0,oname:hds_otype:lst_usecol:trgw-0-22-15,,,hds,lst,4199.5,,trgw-0-22-15,,,
oname:hds_otype:lst_usecol:trgw-0-22-15_time:4230.5,33.6878455,0.0,oname:hds_otype:lst_usecol:trgw-0-22-15,,,hds,lst,4230.5,,trgw-0-22-15,,,
oname:hds_otype:lst_usecol:trgw-0-22-15_time:4261.5,33.62921886,0.0,oname:hds_otype:lst_usecol:trgw-0-22-15,,,hds,lst,4261.5,,trgw-0-22-15,,,
oname:hds_otype:lst_usecol:trgw-0-22-15_time:4291.5,33.57222832,0.0,oname:hds_otype:lst_usecol:trgw-0-22-15,,,hds,lst,4291.5,,trgw-0-22-15,,,
oname:hds_otype:lst_usecol:trgw-0-22-15_time:4322.5,33.52692759,0.0,oname:hds_otype:lst_usecol:trgw-0-22-15,,,hds,lst,4322.5,,trgw-0-22-15,,,
oname:hds_otype:lst_usecol:trgw-0-22-15_time:4352.5,33.50517703,0.0,oname:hds_otype:lst_usecol:trgw-0-22-15,,,hds,lst,4352.5,,trgw-0-22-15,,,
oname:hds_otype:lst_usecol:trgw-0-22-15_time:4383.5,33.52947081,0.0,oname:hds_otype:lst_usecol:trgw-0-22-15,,,hds,lst,4383.5,,trgw-0-22-15,,,
oname:hds_otype:lst_usecol:trgw-0-24-4_time:3652.5,34.04669858,0.0,oname:hds_otype:lst_usecol:trgw-0-24-4,,,hds,lst,3652.5,,trgw-0-24-4,,,
oname:hds_otype:lst_usecol:trgw-0-24-4_time:3683.5,34.06077765,2.0,oname:hds_otype:lst_usecol:trgw-0-24-4,,,hds,lst,3683.5,,trgw-0-24-4,,,
oname:hds_otype:lst_usecol:trgw-0-24-4_time:3712.5,34.10250642,2.0,oname:hds_otype:lst_usecol:trgw-0-24-4,,,hds,lst,3712.5,,trgw-0-24-4,,,
oname:hds_otype:lst_usecol:trgw-0-24-4_time:3743.5,34.2368856,2.0,oname:hds_otype:lst_usecol:trgw-0-24-4,,,hds,lst,3743.5,,trgw-0-24-4,,,
oname:hds_otype:lst_usecol:trgw-0-24-4_time:3773.5,34.23509934,2.0,oname:hds_otype:lst_usecol:trgw-0-24-4,,,hds,lst,3773.5,,trgw-0-24-4,,,
oname:hds_otype:lst_usecol:trgw-0-24-4_time:3804.5,34.29631167,2.0,oname:hds_otype:lst_usecol:trgw-0-24-4,,,hds,lst,3804.5,,trgw-0-24-4,,,
oname:hds_otype:lst_usecol:trgw-0-24-4_time:3834.5,34.25842847,2.0,oname:hds_otype:lst_usecol:trgw-0-24-4,,,hds,lst,3834.5,,trgw-0-24-4,,,
oname:hds_otype:lst_usecol:trgw-0-24-4_time:3865.5,34.18364855,2.0,oname:hds_otype:lst_usecol:trgw-0-24-4,,,hds,lst,3865.5,,trgw-0-24-4,,,
oname:hds_otype:lst_usecol:trgw-0-24-4_time:3896.5,34.04602368,2.0,oname:hds_otype:lst_usecol:trgw-0-24-4,,,hds,lst,3896.5,,trgw-0-24-4,,,
oname:hds_otype:lst_usecol:trgw-0-24-4_time:3926.5,33.91925222,2.0,oname:hds_otype:lst_usecol:trgw-0-24-4,,,hds,lst,3926.5,,trgw-0-24-4,,,
oname:hds_otype:lst_usecol:trgw-0-24-4_time:3957.5,33.80714123,2.0,oname:hds_otype:lst_usecol:trgw-0-24-4,,,hds,lst,3957.5,,trgw-0-24-4,,,
oname:hds_otype:lst_usecol:trgw-0-24-4_time:3987.5,33.42019744,2.0,oname:hds_otype:lst_usecol:trgw-0-24-4,,,hds,lst,3987.5,,trgw-0-24-4,,,
oname:hds_otype:lst_usecol:trgw-0-24-4_time:4018.5,33.38138191,2.0,oname:hds_otype:lst_usecol:trgw-0-24-4,,,hds,lst,4018.5,,trgw-0-24-4,,,
oname:hds_otype:lst_usecol:trgw-0-24-4_time:4049.5,33.39824369,0.0,oname:hds_otype:lst_usecol:trgw-0-24-4,,,hds,lst,4049.5,,trgw-0-24-4,,,
oname:hds_otype:lst_usecol:trgw-0-24-4_time:4077.5,33.41955996,0.0,oname:hds_otype:lst_usecol:trgw-0-24-4,,,hds,lst,4077.5,,trgw-0-24-4,,,
oname:hds_otype:lst_usecol:trgw-0-24-4_time:4108.5,33.46791913,0.0,oname:hds_otype:lst_usecol:trgw-0-24-4,,,hds,lst,4108.5,,trgw-0-24-4,,,
oname:hds_otype:lst_usecol:trgw-0-24-4_time:4138.5,33.56742319,0.0,oname:hds_otype:lst_usecol:trgw-0-24-4,,,hds,lst,4138.5,,trgw-0-24-4,,,
oname:hds_otype:lst_usecol:trgw-0-24-4_time:4169.5,33.60081093,0.0,oname:hds_otype:lst_usecol:trgw-0-24-4,,,hds,lst,4169.5,,trgw-0-24-4,,,
oname:hds_otype:lst_usecol:trgw-0-24-4_time:4199.5,33.5810424,0.0,oname:hds_otype:lst_usecol:trgw-0-24-4,,,hds,lst,4199.5,,trgw-0-24-4,,,
oname:hds_otype:lst_usecol:trgw-0-24-4_time:4230.5,33.49160007,0.0,oname:hds_otype:lst_usecol:trgw-0-24-4,,,hds,lst,4230.5,,trgw-0-24-4,,,
oname:hds_otype:lst_usecol:trgw-0-24-4_time:4261.5,33.38181811,0.0,oname:hds_otype:lst_usecol:trgw-0-24-4,,,hds,lst,4261.5,,trgw-0-24-4,,,
oname:hds_otype:lst_usecol:trgw-0-24-4_time:4291.5,33.26596945,0.0,oname:hds_otype:lst_usecol:trgw-0-24-4,,,hds,lst,4291.5,,trgw-0-24-4,,,
oname:hds_otype:lst_usecol:trgw-0-24-4_time:4322.5,33.16284283,0.0,oname:hds_otype:lst_usecol:trgw-0-24-4,,,hds,lst,4322.5,,trgw-0-24-4,,,
oname:hds_otype:lst_usecol:trgw-0-24-4_time:4352.5,33.09947365,0.0,oname:hds_otype:lst_usecol:trgw-0-24-4,,,hds,lst,4352.5,,trgw-0-24-4,,,
oname:hds_otype:lst_usecol:trgw-0-24-4_time:4383.5,33.11667909,0.0,oname:hds_otype:lst_usecol:trgw-0-24-4,,,hds,lst,4383.5,,trgw-0-24-4,,,
oname:hds_otype:lst_usecol:trgw-0-26-6_time:3652.5,33.92346915,0.0,oname:hds_otype:lst_usecol:trgw-0-26-6,,,hds,lst,3652.5,,trgw-0-26-6,,,
oname:hds_otype:lst_usecol:trgw-0-26-6_time:3683.5,33.92345463,2.0,oname:hds_otype:lst_usecol:trgw-0-26-6,,,hds,lst,3683.5,,trgw-0-26-6,,1.0,0.5
oname:hds_otype:lst_usecol:trgw-0-26-6_time:3712.5,33.9587573,2.0,oname:hds_otype:lst_usecol:trgw-0-26-6,,,hds,lst,3712.5,,trgw-0-26-6,,1.0,0.5
oname:hds_otype:lst_usecol:trgw-0-26-6_time:3743.5,34.08233485,2.0,oname:hds_otype:lst_usecol:trgw-0-26-6,,,hds,lst,3743.5,,trgw-0-26-6,,1.0,0.5
oname:hds_otype:lst_usecol:trgw-0-26-6_time:3773.5,34.07021316,2.0,oname:hds_otype:lst_usecol:trgw-0-26-6,,,hds,lst,3773.5,,trgw-0-26-6,,1.0,0.5
oname:hds_otype:lst_usecol:trgw-0-26-6_time:3804.5,34.12438864,2.0,oname:hds_otype:lst_usecol:trgw-0-26-6,,,hds,lst,3804.5,,trgw-0-26-6,,1.0,0.5
oname:hds_otype:lst_usecol:trgw-0-26-6_time:3834.5,34.08193207,2.0,oname:hds_otype:lst_usecol:trgw-0-26-6,,,hds,lst,3834.5,,trgw-0-26-6,,1.0,0.5
oname:hds_otype:lst_usecol:trgw-0-26-6_time:3865.5,34.00945553,2.0,oname:hds_otype:lst_usecol:trgw-0-26-6,,,hds,lst,3865.5,,trgw-0-26-6,,1.0,0.5
oname:hds_otype:lst_usecol:trgw-0-26-6_time:3896.5,33.88087538,2.0,oname:hds_otype:lst_usecol:trgw-0-26-6,,,hds,lst,3896.5,,trgw-0-26-6,,1.0,0.5
oname:hds_otype:lst_usecol:trgw-0-26-6_time:3926.5,33.76791809,2.0,oname:hds_otype:lst_usecol:trgw-0-26-6,,,hds,lst,3926.5,,trgw-0-26-6,,1.0,0.5
oname:hds_otype:lst_usecol:trgw-0-26-6_time:3957.5,33.6712627,2.0,oname:hds_otype:lst_usecol:trgw-0-26-6,,,hds,lst,3957.5,,trgw-0-26-6,,1.0,0.5
oname:hds_otype:lst_usecol:trgw-0-26-6_time:3987.5,33.52035931,2.0,oname:hds_otype:lst_usecol:trgw-0-26-6,,,hds,lst,3987.5,,trgw-0-26-6,,1.0,0.5
oname:hds_otype:lst_usecol:trgw-0-26-6_time:4018.5,33.4502093,2.0,oname:hds_otype:lst_usecol:trgw-0-26-6,,,hds,lst,4018.5,,trgw-0-26-6,,1.0,0.5
oname:hds_otype:lst_usecol:trgw-0-26-6_time:4049.5,33.47036583,0.0,oname:hds_otype:lst_usecol:trgw-0-26-6,,,hds,lst,4049.5,,trgw-0-26-6,,,
oname:hds_otype:lst_usecol:trgw-0-26-6_time:4077.5,33.49106523,0.0,oname:hds_otype:lst_usecol:trgw-0-26-6,,,hds,lst,4077.5,,trgw-0-26-6,,,
oname:hds_otype:lst_usecol:trgw-0-26-6_time:4108.5,33.53603191,0.0,oname:hds_otype:lst_usecol:trgw-0-26-6,,,hds,lst,4108.5,,trgw-0-26-6,,,
oname:hds_otype:lst_usecol:trgw-0-26-6_time:4138.5,33.62766855,0.0,oname:hds_otype:lst_usecol:trgw-0-26-6,,,hds,lst,4138.5,,trgw-0-26-6,,,
oname:hds_otype:lst_usecol:trgw-0-26-6_time:4169.5,33.65172951,0.0,oname:hds_otype:lst_usecol:trgw-0-26-6,,,hds,lst,4169.5,,trgw-0-26-6,,,
oname:hds_otype:lst_usecol:trgw-0-26-6_time:4199.5,33.62816487,0.0,oname:hds_otype:lst_usecol:trgw-0-26-6,,,hds,lst,4199.5,,trgw-0-26-6,,,
oname:hds_otype:lst_usecol:trgw-0-26-6_time:4230.5,33.54165404,0.0,oname:hds_otype:lst_usecol:trgw-0-26-6,,,hds,lst,4230.5,,trgw-0-26-6,,,
oname:hds_otype:lst_usecol:trgw-0-26-6_time:4261.5,33.4411961,0.0,oname:hds_otype:lst_usecol:trgw-0-26-6,,,hds,lst,4261.5,,trgw-0-26-6,,,
oname:hds_otype:lst_usecol:trgw-0-26-6_time:4291.5,33.33791948,0.0,oname:hds_otype:lst_usecol:trgw-0-26-6,,,hds,lst,4291.5,,trgw-0-26-6,,,
oname:hds_otype:lst_usecol:trgw-0-26-6_time:4322.5,33.24618815,0.0,oname:hds_otype:lst_usecol:trgw-0-26-6,,,hds,lst,4322.5,,trgw-0-26-6,,,
oname:hds_otype:lst_usecol:trgw-0-26-6_time:4352.5,33.19053807,0.0,oname:hds_otype:lst_usecol:trgw-0-26-6,,,hds,lst,4352.5,,trgw-0-26-6,,,
oname:hds_otype:lst_usecol:trgw-0-26-6_time:4383.5,33.21112926,0.0,oname:hds_otype:lst_usecol:trgw-0-26-6,,,hds,lst,4383.5,,trgw-0-26-6,,,
oname:hds_otype:lst_usecol:trgw-0-29-15_time:3652.5,33.74016036,0.0,oname:hds_otype:lst_usecol:trgw-0-29-15,,,hds,lst,3652.5,,trgw-0-29-15,,,
oname:hds_otype:lst_usecol:trgw-0-29-15_time:3683.5,33.74262379,2.0,oname:hds_otype:lst_usecol:trgw-0-29-15,,,hds,lst,3683.5,,trgw-0-29-15,,,
oname:hds_otype:lst_usecol:trgw-0-29-15_time:3712.5,33.75757547,2.0,oname:hds_otype:lst_usecol:trgw-0-29-15,,,hds,lst,3712.5,,trgw-0-29-15,,,
oname:hds_otype:lst_usecol:trgw-0-29-15_time:3743.5,33.81180353,2.0,oname:hds_otype:lst_usecol:trgw-0-29-15,,,hds,lst,3743.5,,trgw-0-29-15,,,
oname:hds_otype:lst_usecol:trgw-0-29-15_time:3773.5,33.79864753,2.0,oname:hds_otype:lst_usecol:trgw-0-29-15,,,hds,lst,3773.5,,trgw-0-29-15,,,
oname:hds_otype:lst_usecol:trgw-0-29-15_time:3804.5,33.82021916,2.0,oname:hds_otype:lst_usecol:trgw-0-29-15,,,hds,lst,3804.5,,trgw-0-29-15,,,
oname:hds_otype:lst_usecol:trgw-0-29-15_time:3834.5,33.79760247,2.0,oname:hds_otype:lst_usecol:trgw-0-29-15,,,hds,lst,3834.5,,trgw-0-29-15,,,
oname:hds_otype:lst_usecol:trgw-0-29-15_time:3865.5,33.76246616,2.0,oname:hds_otype:lst_usecol:trgw-0-29-15,,,hds,lst,3865.5,,trgw-0-29-15,,,
oname:hds_otype:lst_usecol:trgw-0-29-15_time:3896.5,33.70569697,2.0,oname:hds_otype:lst_usecol:trgw-0-29-15,,,hds,lst,3896.5,,trgw-0-29-15,,,
oname:hds_otype:lst_usecol:trgw-0-29-15_time:3926.5,33.66016079,2.0,oname:hds_otype:lst_usecol:trgw-0-29-15,,,hds,lst,3926.5,,trgw-0-29-15,,,
oname:hds_otype:lst_usecol:trgw-0-29-15_time:3957.5,33.62348678,2.0,oname:hds_otype:lst_usecol:trgw-0-29-15,,,hds,lst,3957.5,,trgw-0-29-15,,,
oname:hds_otype:lst_usecol:trgw-0-29-15_time:3987.5,33.6059581,2.0,oname:hds_otype:lst_usecol:trgw-0-29-15,,,hds,lst,3987.5,,trgw-0-29-15,,,
oname:hds_otype:lst_usecol:trgw-0-29-15_time:4018.5,33.58464458,2.0,oname:hds_otype:lst_usecol:trgw-0-29-15,,,hds,lst,4018.5,,trgw-0-29-15,,,
oname:hds_otype:lst_usecol:trgw-0-29-15_time:4049.5,33.59866171,0.0,oname:hds_otype:lst_usecol:trgw-0-29-15,,,hds,lst,4049.5,,trgw-0-29-15,,,
oname:hds_otype:lst_usecol:trgw-0-29-15_time:4077.5,33.61043034,0.0,oname:hds_otype:lst_usecol:trgw-0-29-15,,,hds,lst,4077.5,,trgw-0-29-15,,,
oname:hds_otype:lst_usecol:trgw-0-29-15_time:4108.5,33.63318443,0.0,oname:hds_otype:lst_usecol:trgw-0-29-15,,,hds,lst,4108.5,,trgw-0-29-15,,,
oname:hds_otype:lst_usecol:trgw-0-29-15_time:4138.5,33.6743647,0.0,oname:hds_otype:lst_usecol:trgw-0-29-15,,,hds,lst,4138.5,,trgw-0-29-15,,,
oname:hds_otype:lst_usecol:trgw-0-29-15_time:4169.5,33.67870351,0.0,oname:hds_otype:lst_usecol:trgw-0-29-15,,,hds,lst,4169.5,,trgw-0-29-15,,,
oname:hds_otype:lst_usecol:trgw-0-29-15_time:4199.5,33.66593088,0.0,oname:hds_otype:lst_usecol:trgw-0-29-15,,,hds,lst,4199.5,,trgw-0-29-15,,,
oname:hds_otype:lst_usecol:trgw-0-29-15_time:4230.5,33.62403763,0.0,oname:hds_otype:lst_usecol:trgw-0-29-15,,,hds,lst,4230.5,,trgw-0-29-15,,,
oname:hds_otype:lst_usecol:trgw-0-29-15_time:4261.5,33.58034794,0.0,oname:hds_otype:lst_usecol:trgw-0-29-15,,,hds,lst,4261.5,,trgw-0-29-15,,,
oname:hds_otype:lst_usecol:trgw-0-29-15_time:4291.5,33.53691372,0.0,oname:hds_otype:lst_usecol:trgw-0-29-15,,,hds,lst,4291.5,,trgw-0-29-15,,,
oname:hds_otype:lst_usecol:trgw-0-29-15_time:4322.5,33.48611419,0.0,oname:hds_otype:lst_usecol:trgw-0-29-15,,,hds,lst,4322.5,,trgw-0-29-15,,,
oname:hds_otype:lst_usecol:trgw-0-29-15_time:4352.5,33.44641385,0.0,oname:hds_otype:lst_usecol:trgw-0-29-15,,,hds,lst,4352.5,,trgw-0-29-15,,,
oname:hds_otype:lst_usecol:trgw-0-29-15_time:4383.5,33.45028147,0.0,oname:hds_otype:lst_usecol:trgw-0-29-15,,,hds,lst,4383.5,,trgw-0-29-15,,,
oname:hds_otype:lst_usecol:trgw-0-3-8_time:3652.5,34.54826033,0.0,oname:hds_otype:lst_usecol:trgw-0-3-8,,,hds,lst,3652.5,,trgw-0-3-8,,,
oname:hds_otype:lst_usecol:trgw-0-3-8_time:3683.5,34.60186839,2.0,oname:hds_otype:lst_usecol:trgw-0-3-8,,,hds,lst,3683.5,,trgw-0-3-8,,1.0,0.5
oname:hds_otype:lst_usecol:trgw-0-3-8_time:3712.5,34.67176957,2.0,oname:hds_otype:lst_usecol:trgw-0-3-8,,,hds,lst,3712.5,,trgw-0-3-8,,1.0,0.5
oname:hds_otype:lst_usecol:trgw-0-3-8_time:3743.5,34.83201087,2.0,oname:hds_otype:lst_usecol:trgw-0-3-8,,,hds,lst,3743.5,,trgw-0-3-8,,1.0,0.5
oname:hds_otype:lst_usecol:trgw-0-3-8_time:3773.5,34.84877501,2.0,oname:hds_otype:lst_usecol:trgw-0-3-8,,,hds,lst,3773.5,,trgw-0-3-8,,1.0,0.5
oname:hds_otype:lst_usecol:trgw-0-3-8_time:3804.5,34.92983342,2.0,oname:hds_otype:lst_usecol:trgw-0-3-8,,,hds,lst,3804.5,,trgw-0-3-8,,1.0,0.5
oname:hds_otype:lst_usecol:trgw-0-3-8_time:3834.5,34.90379561,2.0,oname:hds_otype:lst_usecol:trgw-0-3-8,,,hds,lst,3834.5,,trgw-0-3-8,,1.0,0.5
oname:hds_otype:lst_usecol:trgw-0-3-8_time:3865.5,34.83711981,2.0,oname:hds_otype:lst_usecol:trgw-0-3-8,,,hds,lst,3865.5,,trgw-0-3-8,,1.0,0.5
oname:hds_otype:lst_usecol:trgw-0-3-8_time:3896.5,34.6992745,2.0,oname:hds_otype:lst_usecol:trgw-0-3-8,,,hds,lst,3896.5,,trgw-0-3-8,,1.0,0.5
oname:hds_otype:lst_usecol:trgw-0-3-8_time:3926.5,34.5659187,2.0,oname:hds_otype:lst_usecol:trgw-0-3-8,,,hds,lst,3926.5,,trgw-0-3-8,,1.0,0.5
oname:hds_otype:lst_usecol:trgw-0-3-8_time:3957.5,34.44102595,2.0,oname:hds_otype:lst_usecol:trgw-0-3-8,,,hds,lst,3957.5,,trgw-0-3-8,,1.0,0.5
oname:hds_otype:lst_usecol:trgw-0-3-8_time:3987.5,34.38368584,2.0,oname:hds_otype:lst_usecol:trgw-0-3-8,,,hds,lst,3987.5,,trgw-0-3-8,,1.0,0.5
oname:hds_otype:lst_usecol:trgw-0-3-8_time:4018.5,34.36309152,2.0,oname:hds_otype:lst_usecol:trgw-0-3-8,,,hds,lst,4018.5,,trgw-0-3-8,,1.0,0.5
oname:hds_otype:lst_usecol:trgw-0-3-8_time:4049.5,34.41833319,0.0,oname:hds_otype:lst_usecol:trgw-0-3-8,,,hds,lst,4049.5,,trgw-0-3-8,,,
oname:hds_otype:lst_usecol:trgw-0-3-8_time:4077.5,34.46364847,0.0,oname:hds_otype:lst_usecol:trgw-0-3-8,,,hds,lst,4077.5,,trgw-0-3-8,,,
oname:hds_otype:lst_usecol:trgw-0-3-8_time:4108.5,34.53156206,0.0,oname:hds_otype:lst_usecol:trgw-0-3-8,,,hds,lst,4108.5,,trgw-0-3-8,,,
oname:hds_otype:lst_usecol:trgw-0-3-8_time:4138.5,34.64739302,0.0,oname:hds_otype:lst_usecol:trgw-0-3-8,,,hds,lst,4138.5,,trgw-0-3-8,,,
oname:hds_otype:lst_usecol:trgw-0-3-8_time:4169.5,34.6961582,0.0,oname:hds_otype:lst_usecol:trgw-0-3-8,,,hds,lst,4169.5,,trgw-0-3-8,,,
oname:hds_otype:lst_usecol:trgw-0-3-8_time:4199.5,34.68833648,0.0,oname:hds_otype:lst_usecol:trgw-0-3-8,,,hds,lst,4199.5,,trgw-0-3-8,,,
oname:hds_otype:lst_usecol:trgw-0-3-8_time:4230.5,34.60652233,0.0,oname:hds_otype:lst_usecol:trgw-0-3-8,,,hds,lst,4230.5,,trgw-0-3-8,,,
oname:hds_otype:lst_usecol:trgw-0-3-8_time:4261.5,34.49863639,0.0,oname:hds_otype:lst_usecol:trgw-0-3-8,,,hds,lst,4261.5,,trgw-0-3-8,,,
oname:hds_otype:lst_usecol:trgw-0-3-8_time:4291.5,34.37882731,0.0,oname:hds_otype:lst_usecol:trgw-0-3-8,,,hds,lst,4291.5,,trgw-0-3-8,,,
oname:hds_otype:lst_usecol:trgw-0-3-8_time:4322.5,34.27405156,0.0,oname:hds_otype:lst_usecol:trgw-0-3-8,,,hds,lst,4322.5,,trgw-0-3-8,,,
oname:hds_otype:lst_usecol:trgw-0-3-8_time:4352.5,34.21401047,0.0,oname:hds_otype:lst_usecol:trgw-0-3-8,,,hds,lst,4352.5,,trgw-0-3-8,,,
oname:hds_otype:lst_usecol:trgw-0-3-8_time:4383.5,34.23654536,0.0,oname:hds_otype:lst_usecol:trgw-0-3-8,,,hds,lst,4383.5,,trgw-0-3-8,,,
oname:hds_otype:lst_usecol:trgw-0-33-7_time:3652.5,33.71307976,0.0,oname:hds_otype:lst_usecol:trgw-0-33-7,,,hds,lst,3652.5,,trgw-0-33-7,,,
oname:hds_otype:lst_usecol:trgw-0-33-7_time:3683.5,33.71263108,2.0,oname:hds_otype:lst_usecol:trgw-0-33-7,,,hds,lst,3683.5,,trgw-0-33-7,,,
oname:hds_otype:lst_usecol:trgw-0-33-7_time:3712.5,33.73857981,2.0,oname:hds_otype:lst_usecol:trgw-0-33-7,,,hds,lst,3712.5,,trgw-0-33-7,,,
oname:hds_otype:lst_usecol:trgw-0-33-7_time:3743.5,33.83302136,2.0,oname:hds_otype:lst_usecol:trgw-0-33-7,,,hds,lst,3743.5,,trgw-0-33-7,,,
oname:hds_otype:lst_usecol:trgw-0-33-7_time:3773.5,33.82104707,2.0,oname:hds_otype:lst_usecol:trgw-0-33-7,,,hds,lst,3773.5,,trgw-0-33-7,,,
oname:hds_otype:lst_usecol:trgw-0-33-7_time:3804.5,33.85992285,2.0,oname:hds_otype:lst_usecol:trgw-0-33-7,,,hds,lst,3804.5,,trgw-0-33-7,,,
oname:hds_otype:lst_usecol:trgw-0-33-7_time:3834.5,33.82469814,2.0,oname:hds_otype:lst_usecol:trgw-0-33-7,,,hds,lst,3834.5,,trgw-0-33-7,,,
oname:hds_otype:lst_usecol:trgw-0-33-7_time:3865.5,33.76591738,2.0,oname:hds_otype:lst_usecol:trgw-0-33-7,,,hds,lst,3865.5,,trgw-0-33-7,,,
oname:hds_otype:lst_usecol:trgw-0-33-7_time:3896.5,33.66516674,2.0,oname:hds_otype:lst_usecol:trgw-0-33-7,,,hds,lst,3896.5,,trgw-0-33-7,,,
oname:hds_otype:lst_usecol:trgw-0-33-7_time:3926.5,33.57837691,2.0,oname:hds_otype:lst_usecol:trgw-0-33-7,,,hds,lst,3926.5,,trgw-0-33-7,,,
oname:hds_otype:lst_usecol:trgw-0-33-7_time:3957.5,33.50599363,2.0,oname:hds_otype:lst_usecol:trgw-0-33-7,,,hds,lst,3957.5,,trgw-0-33-7,,,
oname:hds_otype:lst_usecol:trgw-0-33-7_time:3987.5,33.45196527,2.0,oname:hds_otype:lst_usecol:trgw-0-33-7,,,hds,lst,3987.5,,trgw-0-33-7,,,
oname:hds_otype:lst_usecol:trgw-0-33-7_time:4018.5,33.39023355,2.0,oname:hds_otype:lst_usecol:trgw-0-33-7,,,hds,lst,4018.5,,trgw-0-33-7,,,
oname:hds_otype:lst_usecol:trgw-0-33-7_time:4049.5,33.40371868,0.0,oname:hds_otype:lst_usecol:trgw-0-33-7,,,hds,lst,4049.5,,trgw-0-33-7,,,
oname:hds_otype:lst_usecol:trgw-0-33-7_time:4077.5,33.41984076,0.0,oname:hds_otype:lst_usecol:trgw-0-33-7,,,hds,lst,4077.5,,trgw-0-33-7,,,
oname:hds_otype:lst_usecol:trgw-0-33-7_time:4108.5,33.45505878,0.0,oname:hds_otype:lst_usecol:trgw-0-33-7,,,hds,lst,4108.5,,trgw-0-33-7,,,
oname:hds_otype:lst_usecol:trgw-0-33-7_time:4138.5,33.52580058,0.0,oname:hds_otype:lst_usecol:trgw-0-33-7,,,hds,lst,4138.5,,trgw-0-33-7,,,
oname:hds_otype:lst_usecol:trgw-0-33-7_time:4169.5,33.54238201,0.0,oname:hds_otype:lst_usecol:trgw-0-33-7,,,hds,lst,4169.5,,trgw-0-33-7,,,
oname:hds_otype:lst_usecol:trgw-0-33-7_time:4199.5,33.52213856,0.0,oname:hds_otype:lst_usecol:trgw-0-33-7,,,hds,lst,4199.5,,trgw-0-33-7,,,
oname:hds_otype:lst_usecol:trgw-0-33-7_time:4230.5,33.45285643,0.0,oname:hds_otype:lst_usecol:trgw-0-33-7,,,hds,lst,4230.5,,trgw-0-33-7,,,
oname:hds_otype:lst_usecol:trgw-0-33-7_time:4261.5,33.37406386,0.0,oname:hds_otype:lst_usecol:trgw-0-33-7,,,hds,lst,4261.5,,trgw-0-33-7,,,
oname:hds_otype:lst_usecol:trgw-0-33-7_time:4291.5,33.29436758,0.0,oname:hds_otype:lst_usecol:trgw-0-33-7,,,hds,lst,4291.5,,trgw-0-33-7,,,
oname:hds_otype:lst_usecol:trgw-0-33-7_time:4322.5,33.2103459,0.0,oname:hds_otype:lst_usecol:trgw-0-33-7,,,hds,lst,4322.5,,trgw-0-33-7,,,
oname:hds_otype:lst_usecol:trgw-0-33-7_time:4352.5,33.15155409,0.0,oname:hds_otype:lst_usecol:trgw-0-33-7,,,hds,lst,4352.5,,trgw-0-33-7,,,
oname:hds_otype:lst_usecol:trgw-0-33-7_time:4383.5,33.15976829,0.0,oname:hds_otype:lst_usecol:trgw-0-33-7,,,hds,lst,4383.5,,trgw-0-33-7,,,
oname:hds_otype:lst_usecol:trgw-0-34-10_time:3652.5,33.64330333,0.0,oname:hds_otype:lst_usecol:trgw-0-34-10,,,hds,lst,3652.5,,trgw-0-34-10,,,
oname:hds_otype:lst_usecol:trgw-0-34-10_time:3683.5,33.63270296,2.0,oname:hds_otype:lst_usecol:trgw-0-34-10,,,hds,lst,3683.5,,trgw-0-34-10,,,
oname:hds_otype:lst_usecol:trgw-0-34-10_time:3712.5,33.65221557,2.0,oname:hds_otype:lst_usecol:trgw-0-34-10,,,hds,lst,3712.5,,trgw-0-34-10,,,
oname:hds_otype:lst_usecol:trgw-0-34-10_time:3743.5,33.72758859,2.0,oname:hds_otype:lst_usecol:trgw-0-34-10,,,hds,lst,3743.5,,trgw-0-34-10,,,
oname:hds_otype:lst_usecol:trgw-0-34-10_time:3773.5,33.7178383,2.0,oname:hds_otype:lst_usecol:trgw-0-34-10,,,hds,lst,3773.5,,trgw-0-34-10,,,
oname:hds_otype:lst_usecol:trgw-0-34-10_time:3804.5,33.74814039,2.0,oname:hds_otype:lst_usecol:trgw-0-34-10,,,hds,lst,3804.5,,trgw-0-34-10,,,
oname:hds_otype:lst_usecol:trgw-0-34-10_time:3834.5,33.71999922,2.0,oname:hds_otype:lst_usecol:trgw-0-34-10,,,hds,lst,3834.5,,trgw-0-34-10,,,
oname:hds_otype:lst_usecol:trgw-0-34-10_time:3865.5,33.6719723,2.0,oname:hds_otype:lst_usecol:trgw-0-34-10,,,hds,lst,3865.5,,trgw-0-34-10,,,
oname:hds_otype:lst_usecol:trgw-0-34-10_time:3896.5,33.59084431,2.0,oname:hds_otype:lst_usecol:trgw-0-34-10,,,hds,lst,3896.5,,trgw-0-34-10,,,
oname:hds_otype:lst_usecol:trgw-0-34-10_time:3926.5,33.52118249,2.0,oname:hds_otype:lst_usecol:trgw-0-34-10,,,hds,lst,3926.5,,trgw-0-34-10,,,
oname:hds_otype:lst_usecol:trgw-0-34-10_time:3957.5,33.46335715,2.0,oname:hds_otype:lst_usecol:trgw-0-34-10,,,hds,lst,3957.5,,trgw-0-34-10,,,
oname:hds_otype:lst_usecol:trgw-0-34-10_time:3987.5,33.42549727,2.0,oname:hds_otype:lst_usecol:trgw-0-34-10,,,hds,lst,3987.5,,trgw-0-34-10,,,
oname:hds_otype:lst_usecol:trgw-0-34-10_time:4018.5,33.36301668,2.0,oname:hds_otype:lst_usecol:trgw-0-34-10,,,hds,lst,4018.5,,trgw-0-34-10,,,
oname:hds_otype:lst_usecol:trgw-0-34-10_time:4049.5,33.3729039,0.0,oname:hds_otype:lst_usecol:trgw-0-34-10,,,hds,lst,4049.5,,trgw-0-34-10,,,
oname:hds_otype:lst_usecol:trgw-0-34-10_time:4077.5,33.38652846,0.0,oname:hds_otype:lst_usecol:trgw-0-34-10,,,hds,lst,4077.5,,trgw-0-34-10,,,
oname:hds_otype:lst_usecol:trgw-0-34-10_time:4108.5,33.4158975,0.0,oname:hds_otype:lst_usecol:trgw-0-34-10,,,hds,lst,4108.5,,trgw-0-34-10,,,
oname:hds_otype:lst_usecol:trgw-0-34-10_time:4138.5,33.4731771,0.0,oname:hds_otype:lst_usecol:trgw-0-34-10,,,hds,lst,4138.5,,trgw-0-34-10,,,
oname:hds_otype:lst_usecol:trgw-0-34-10_time:4169.5,33.48612071,0.0,oname:hds_otype:lst_usecol:trgw-0-34-10,,,hds,lst,4169.5,,trgw-0-34-10,,,
oname:hds_otype:lst_usecol:trgw-0-34-10_time:4199.5,33.47003888,0.0,oname:hds_otype:lst_usecol:trgw-0-34-10,,,hds,lst,4199.5,,trgw-0-34-10,,,
oname:hds_otype:lst_usecol:trgw-0-34-10_time:4230.5,33.41370185,0.0,oname:hds_otype:lst_usecol:trgw-0-34-10,,,hds,lst,4230.5,,trgw-0-34-10,,,
oname:hds_otype:lst_usecol:trgw-0-34-10_time:4261.5,33.34985813,0.0,oname:hds_otype:lst_usecol:trgw-0-34-10,,,hds,lst,4261.5,,trgw-0-34-10,,,
oname:hds_otype:lst_usecol:trgw-0-34-10_time:4291.5,33.28521316,0.0,oname:hds_otype:lst_usecol:trgw-0-34-10,,,hds,lst,4291.5,,trgw-0-34-10,,,
oname:hds_otype:lst_usecol:trgw-0-34-10_time:4322.5,33.20109018,0.0,oname:hds_otype:lst_usecol:trgw-0-34-10,,,hds,lst,4322.5,,trgw-0-34-10,,,
oname:hds_otype:lst_usecol:trgw-0-34-10_time:4352.5,33.13671223,0.0,oname:hds_otype:lst_usecol:trgw-0-34-10,,,hds,lst,4352.5,,trgw-0-34-10,,,
oname:hds_otype:lst_usecol:trgw-0-34-10_time:4383.5,33.13673899,0.0,oname:hds_otype:lst_usecol:trgw-0-34-10,,,hds,lst,4383.5,,trgw-0-34-10,,,
oname:hds_otype:lst_usecol:trgw-0-9-1_time:3652.5,34.96671924,0.0,oname:hds_otype:lst_usecol:trgw-0-9-1,,,hds,lst,3652.5,,trgw-0-9-1,,,
oname:hds_otype:lst_usecol:trgw-0-9-1_time:3683.5,35.04518882,2.0,oname:hds_otype:lst_usecol:trgw-0-9-1,,,hds,lst,3683.5,,trgw-0-9-1,,,
oname:hds_otype:lst_usecol:trgw-0-9-1_time:3712.5,35.15580962,2.0,oname:hds_otype:lst_usecol:trgw-0-9-1,,,hds,lst,3712.5,,trgw-0-9-1,,,
oname:hds_otype:lst_usecol:trgw-0-9-1_time:3743.5,35.40947776,2.0,oname:hds_otype:lst_usecol:trgw-0-9-1,,,hds,lst,3743.5,,trgw-0-9-1,,,
oname:hds_otype:lst_usecol:trgw-0-9-1_time:3773.5,35.44618306,2.0,oname:hds_otype:lst_usecol:trgw-0-9-1,,,hds,lst,3773.5,,trgw-0-9-1,,,
oname:hds_otype:lst_usecol:trgw-0-9-1_time:3804.5,35.57868411,2.0,oname:hds_otype:lst_usecol:trgw-0-9-1,,,hds,lst,3804.5,,trgw-0-9-1,,,
oname:hds_otype:lst_usecol:trgw-0-9-1_time:3834.5,35.54717347,2.0,oname:hds_otype:lst_usecol:trgw-0-9-1,,,hds,lst,3834.5,,trgw-0-9-1,,,
oname:hds_otype:lst_usecol:trgw-0-9-1_time:3865.5,35.44816058,2.0,oname:hds_otype:lst_usecol:trgw-0-9-1,,,hds,lst,3865.5,,trgw-0-9-1,,,
oname:hds_otype:lst_usecol:trgw-0-9-1_time:3896.5,35.23504661,2.0,oname:hds_otype:lst_usecol:trgw-0-9-1,,,hds,lst,3896.5,,trgw-0-9-1,,,
oname:hds_otype:lst_usecol:trgw-0-9-1_time:3926.5,35.02296751,2.0,oname:hds_otype:lst_usecol:trgw-0-9-1,,,hds,lst,3926.5,,trgw-0-9-1,,,
oname:hds_otype:lst_usecol:trgw-0-9-1_time:3957.5,34.81966113,2.0,oname:hds_otype:lst_usecol:trgw-0-9-1,,,hds,lst,3957.5,,trgw-0-9-1,,,
oname:hds_otype:lst_usecol:trgw-0-9-1_time:3987.5,34.71230525,2.0,oname:hds_otype:lst_usecol:trgw-0-9-1,,,hds,lst,3987.5,,trgw-0-9-1,,,
oname:hds_otype:lst_usecol:trgw-0-9-1_time:4018.5,34.65821922,2.0,oname:hds_otype:lst_usecol:trgw-0-9-1,,,hds,lst,4018.5,,trgw-0-9-1,,,
oname:hds_otype:lst_usecol:trgw-0-9-1_time:4049.5,34.72389607,0.0,oname:hds_otype:lst_usecol:trgw-0-9-1,,,hds,lst,4049.5,,trgw-0-9-1,,,
oname:hds_otype:lst_usecol:trgw-0-9-1_time:4077.5,34.78229829,0.0,oname:hds_otype:lst_usecol:trgw-0-9-1,,,hds,lst,4077.5,,trgw-0-9-1,,,
oname:hds_otype:lst_usecol:trgw-0-9-1_time:4108.5,34.87990632,0.0,oname:hds_otype:lst_usecol:trgw-0-9-1,,,hds,lst,4108.5,,trgw-0-9-1,,,
oname:hds_otype:lst_usecol:trgw-0-9-1_time:4138.5,35.05643594,0.0,oname:hds_otype:lst_usecol:trgw-0-9-1,,,hds,lst,4138.5,,trgw-0-9-1,,,
oname:hds_otype:lst_usecol:trgw-0-9-1_time:4169.5,35.13489782,0.0,oname:hds_otype:lst_usecol:trgw-0-9-1,,,hds,lst,4169.5,,trgw-0-9-1,,,
oname:hds_otype:lst_usecol:trgw-0-9-1_time:4199.5,35.12664093,0.0,oname:hds_otype:lst_usecol:trgw-0-9-1,,,hds,lst,4199.5,,trgw-0-9-1,,,
oname:hds_otype:lst_usecol:trgw-0-9-1_time:4230.5,35.00198385,0.0,oname:hds_otype:lst_usecol:trgw-0-9-1,,,hds,lst,4230.5,,trgw-0-9-1,,,
oname:hds_otype:lst_usecol:trgw-0-9-1_time:4261.5,34.83237089,0.0,oname:hds_otype:lst_usecol:trgw-0-9-1,,,hds,lst,4261.5,,trgw-0-9-1,,,
oname:hds_otype:lst_usecol:trgw-0-9-1_time:4291.5,34.64037232,0.0,oname:hds_otype:lst_usecol:trgw-0-9-1,,,hds,lst,4291.5,,trgw-0-9-1,,,
oname:hds_otype:lst_usecol:trgw-0-9-1_time:4322.5,34.46754061,0.0,oname:hds_otype:lst_usecol:trgw-0-9-1,,,hds,lst,4322.5,,trgw-0-9-1,,,
oname:hds_otype:lst_usecol:trgw-0-9-1_time:4352.5,34.36250461,0.0,oname:hds_otype:lst_usecol:trgw-0-9-1,,,hds,lst,4352.5,,trgw-0-9-1,,,
oname:hds_otype:lst_usecol:trgw-0-9-1_time:4383.5,34.38603688,0.0,oname:hds_otype:lst_usecol:trgw-0-9-1,,,hds,lst,4383.5,,trgw-0-9-1,,,
oname:sfr_otype:lst_usecol:gage-1_time:3652.5,1988.866268542516,0.0,oname:sfr_otype:lst_usecol:gage-1,,,sfr,lst,3652.5,,gage-1,,,
oname:sfr_otype:lst_usecol:gage-1_time:3683.5,1781.751835224006,0.1,oname:sfr_otype:lst_usecol:gage-1,,,sfr,lst,3683.5,,gage-1,,1.0,281.5377508748288
oname:sfr_otype:lst_usecol:gage-1_time:3712.5,1889.98468396435,0.1,oname:sfr_otype:lst_usecol:gage-1,,,sfr,lst,3712.5,,gage-1,,1.0,274.9121657002148
oname:sfr_otype:lst_usecol:gage-1_time:3743.5,2364.710917459259,0.1,oname:sfr_otype:lst_usecol:gage-1,,,sfr,lst,3743.5,,gage-1,,1.0,281.6797639969459
oname:sfr_otype:lst_usecol:gage-1_time:3773.5,2409.502601663795,0.1,oname:sfr_otype:lst_usecol:gage-1,,,sfr,lst,3773.5,,gage-1,,1.0,289.23137046365764
oname:sfr_otype:lst_usecol:gage-1_time:3804.5,2520.013975624193,0.1,oname:sfr_otype:lst_usecol:gage-1,,,sfr,lst,3804.5,,gage-1,,1.0,302.324777661694
oname:sfr_otype:lst_usecol:gage-1_time:3834.5,2540.894636506845,0.1,oname:sfr_otype:lst_usecol:gage-1,,,sfr,lst,3834.5,,gage-1,,1.0,303.4117844348936
oname:sfr_otype:lst_usecol:gage-1_time:3865.5,2071.319915049336,0.1,oname:sfr_otype:lst_usecol:gage-1,,,sfr,lst,3865.5,,gage-1,,1.0,298.21273962917525
oname:sfr_otype:lst_usecol:gage-1_time:3896.5,1575.526252871268,0.1,oname:sfr_otype:lst_usecol:gage-1,,,sfr,lst,3896.5,,gage-1,,1.0,291.0845976211529
oname:sfr_otype:lst_usecol:gage-1_time:3926.5,1143.997718152059,0.1,oname:sfr_otype:lst_usecol:gage-1,,,sfr,lst,3926.5,,gage-1,,1.0,264.8800567790778
oname:sfr_otype:lst_usecol:gage-1_time:3957.5,788.0420625133572,0.1,oname:sfr_otype:lst_usecol:gage-1,,,sfr,lst,3957.5,,gage-1,,1.0,242.87324895334123
oname:sfr_otype:lst_usecol:gage-1_time:3987.5,612.9250481362303,0.1,oname:sfr_otype:lst_usecol:gage-1,,,sfr,lst,3987.5,,gage-1,,1.0,220.41833313284872
oname:sfr_otype:lst_usecol:gage-1_time:4018.5,425.2237783989868,0.1,oname:sfr_otype:lst_usecol:gage-1,,,sfr,lst,4018.5,,gage-1,,1.0,200.66656288256627
oname:sfr_otype:lst_usecol:gage-1_time:4049.5,404.0334170867474,0.0,oname:sfr_otype:lst_usecol:gage-1,,,sfr,lst,4049.5,,gage-1,,,
oname:sfr_otype:lst_usecol:gage-1_time:4077.5,538.3368024413066,0.0,oname:sfr_otype:lst_usecol:gage-1,,,sfr,lst,4077.5,,gage-1,,,
oname:sfr_otype:lst_usecol:gage-1_time:4108.5,842.8589539909749,0.0,oname:sfr_otype:lst_usecol:gage-1,,,sfr,lst,4108.5,,gage-1,,,
oname:sfr_otype:lst_usecol:gage-1_time:4138.5,1207.21421675094,0.0,oname:sfr_otype:lst_usecol:gage-1,,,sfr,lst,4138.5,,gage-1,,,
oname:sfr_otype:lst_usecol:gage-1_time:4169.5,1247.451177468989,0.0,oname:sfr_otype:lst_usecol:gage-1,,,sfr,lst,4169.5,,gage-1,,,
oname:sfr_otype:lst_usecol:gage-1_time:4199.5,1318.106878649144,0.0,oname:sfr_otype:lst_usecol:gage-1,,,sfr,lst,4199.5,,gage-1,,,
oname:sfr_otype:lst_usecol:gage-1_time:4230.5,904.2768398042036,0.0,oname:sfr_otype:lst_usecol:gage-1,,,sfr,lst,4230.5,,gage-1,,,
oname:sfr_otype:lst_usecol:gage-1_time:4261.5,529.54844979293,0.0,oname:sfr_otype:lst_usecol:gage-1,,,sfr,lst,4261.5,,gage-1,,,
oname:sfr_otype:lst_usecol:gage-1_time:4291.5,158.6515843406093,0.0,oname:sfr_otype:lst_usecol:gage-1,,,sfr,lst,4291.5,,gage-1,,,
oname:sfr_otype:lst_usecol:gage-1_time:4322.5,0.0,0.0,oname:sfr_otype:lst_usecol:gage-1,,,sfr,lst,4322.5,,gage-1,,,
oname:sfr_otype:lst_usecol:gage-1_time:4352.5,0.0,0.0,oname:sfr_otype:lst_usecol:gage-1,,,sfr,lst,4352.5,,gage-1,,,
oname:sfr_otype:lst_usecol:gage-1_time:4383.5,0.0,0.0,oname:sfr_otype:lst_usecol:gage-1,,,sfr,lst,4383.5,,gage-1,,,
oname:sfr_otype:lst_usecol:headwater_time:3652.5,-406.6566258823955,0.0,oname:sfr_otype:lst_usecol:headwater,,,sfr,lst,3652.5,,headwater,,,
oname:sfr_otype:lst_usecol:headwater_time:3683.5,-361.2396014255384,0.0,oname:sfr_otype:lst_usecol:headwater,,,sfr,lst,3683.5,,headwater,,,
oname:sfr_otype:lst_usecol:headwater_time:3712.5,-399.4658215221816,0.0,oname:sfr_otype:lst_usecol:headwater,,,sfr,lst,3712.5,,headwater,,,
oname:sfr_otype:lst_usecol:headwater_time:3743.5,-609.893220746807,0.0,oname:sfr_otype:lst_usecol:headwater,,,sfr,lst,3743.5,,headwater,,,
oname:sfr_otype:lst_usecol:headwater_time:3773.5,-614.3898127882137,0.0,oname:sfr_otype:lst_usecol:headwater,,,sfr,lst,3773.5,,headwater,,,
oname:sfr_otype:lst_usecol:headwater_time:3804.5,-711.950611222444,0.0,oname:sfr_otype:lst_usecol:headwater,,,sfr,lst,3804.5,,headwater,,,
oname:sfr_otype:lst_usecol:headwater_time:3834.5,-713.7981471299347,0.0,oname:sfr_otype:lst_usecol:headwater,,,sfr,lst,3834.5,,headwater,,,
oname:sfr_otype:lst_usecol:headwater_time:3865.5,-544.1710094834722,0.0,oname:sfr_otype:lst_usecol:headwater,,,sfr,lst,3865.5,,headwater,,,
oname:sfr_otype:lst_usecol:headwater_time:3896.5,-332.1642067579576,0.0,oname:sfr_otype:lst_usecol:headwater,,,sfr,lst,3896.5,,headwater,,,
oname:sfr_otype:lst_usecol:headwater_time:3926.5,-135.6417383561075,0.0,oname:sfr_otype:lst_usecol:headwater,,,sfr,lst,3926.5,,headwater,,,
oname:sfr_otype:lst_usecol:headwater_time:3957.5,40.03496233814676,0.0,oname:sfr_otype:lst_usecol:headwater,,,sfr,lst,3957.5,,headwater,,,
oname:sfr_otype:lst_usecol:headwater_time:3987.5,120.0543956009572,0.0,oname:sfr_otype:lst_usecol:headwater,,,sfr,lst,3987.5,,headwater,,,
oname:sfr_otype:lst_usecol:headwater_time:4018.5,173.5635095940809,0.0,oname:sfr_otype:lst_usecol:headwater,,,sfr,lst,4018.5,,headwater,,,
oname:sfr_otype:lst_usecol:headwater_time:4049.5,174.2478140080501,0.0,oname:sfr_otype:lst_usecol:headwater,,,sfr,lst,4049.5,,headwater,,,
oname:sfr_otype:lst_usecol:headwater_time:4077.5,97.2159629568942,0.0,oname:sfr_otype:lst_usecol:headwater,,,sfr,lst,4077.5,,headwater,,,
oname:sfr_otype:lst_usecol:headwater_time:4108.5,-60.80913691825263,0.0,oname:sfr_otype:lst_usecol:headwater,,,sfr,lst,4108.5,,headwater,,,
oname:sfr_otype:lst_usecol:headwater_time:4138.5,-227.8665544546469,0.0,oname:sfr_otype:lst_usecol:headwater,,,sfr,lst,4138.5,,headwater,,,
oname:sfr_otype:lst_usecol:headwater_time:4169.5,-231.6242832953249,0.0,oname:sfr_otype:lst_usecol:headwater,,,sfr,lst,4169.5,,headwater,,,
oname:sfr_otype:lst_usecol:headwater_time:4199.5,-290.6547225307861,0.0,oname:sfr_otype:lst_usecol:headwater,,,sfr,lst,4199.5,,headwater,,,
oname:sfr_otype:lst_usecol:headwater_time:4230.5,-136.9136964521608,0.0,oname:sfr_otype:lst_usecol:headwater,,,sfr,lst,4230.5,,headwater,,,
oname:sfr_otype:lst_usecol:headwater_time:4261.5,26.55277134091956,0.0,oname:sfr_otype:lst_usecol:headwater,,,sfr,lst,4261.5,,headwater,,,
oname:sfr_otype:lst_usecol:headwater_time:4291.5,201.4348742105036,0.0,oname:sfr_otype:lst_usecol:headwater,,,sfr,lst,4291.5,,headwater,,,
oname:sfr_otype:lst_usecol:headwater_time:4322.5,352.4518285545392,0.0,oname:sfr_otype:lst_usecol:headwater,,,sfr,lst,4322.5,,headwater,,,
oname:sfr_otype:lst_usecol:headwater_time:4352.5,429.6483929427312,0.0,oname:sfr_otype:lst_usecol:headwater,,,sfr,lst,4352.5,,headwater,,,
oname:sfr_otype:lst_usecol:headwater_time:4383.5,433.1669959692441,0.0,oname:sfr_otype:lst_usecol:headwater,,,sfr,lst,4383.5,,headwater,,,
oname:sfr_otype:lst_usecol:tailwater_time:3652.5,-241.3750763879434,0.0,oname:sfr_otype:lst_usecol:tailwater,,,sfr,lst,3652.5,,tailwater,,,
oname:sfr_otype:lst_usecol:tailwater_time:3683.5,-50.23109993039339,0.0,oname:sfr_otype:lst_usecol:tailwater,,,sfr,lst,3683.5,,tailwater,,,
oname:sfr_otype:lst_usecol:tailwater_time:3712.5,-120.9887844740931,0.0,oname:sfr_otype:lst_usecol:tailwater,,,sfr,lst,3712.5,,tailwater,,,
oname:sfr_otype:lst_usecol:tailwater_time:3743.5,-394.47154031277,0.0,oname:sfr_otype:lst_usecol:tailwater,,,sfr,lst,3743.5,,tailwater,,,
oname:sfr_otype:lst_usecol:tailwater_time:3773.5,-440.7997975274232,0.0,oname:sfr_otype:lst_usecol:tailwater,,,sfr,lst,3773.5,,tailwater,,,
oname:sfr_otype:lst_usecol:tailwater_time:3804.5,-452.7082303636369,0.0,oname:sfr_otype:lst_usecol:tailwater,,,sfr,lst,3804.5,,tailwater,,,
oname:sfr_otype:lst_usecol:tailwater_time:3834.5,-474.2991663579041,0.0,oname:sfr_otype:lst_usecol:tailwater,,,sfr,lst,3834.5,,tailwater,,,
oname:sfr_otype:lst_usecol:tailwater_time:3865.5,-162.8950365089841,0.0,oname:sfr_otype:lst_usecol:tailwater,,,sfr,lst,3865.5,,tailwater,,,
oname:sfr_otype:lst_usecol:tailwater_time:3896.5,131.924014400595,0.0,oname:sfr_otype:lst_usecol:tailwater,,,sfr,lst,3896.5,,tailwater,,,
oname:sfr_otype:lst_usecol:tailwater_time:3926.5,377.6913143720722,0.0,oname:sfr_otype:lst_usecol:tailwater,,,sfr,lst,3926.5,,tailwater,,,
oname:sfr_otype:lst_usecol:tailwater_time:3957.5,565.7807656174522,0.0,oname:sfr_otype:lst_usecol:tailwater,,,sfr,lst,3957.5,,tailwater,,,
oname:sfr_otype:lst_usecol:tailwater_time:3987.5,666.1361408945877,0.0,oname:sfr_otype:lst_usecol:tailwater,,,sfr,lst,3987.5,,tailwater,,,
oname:sfr_otype:lst_usecol:tailwater_time:4018.5,805.7913785048565,0.0,oname:sfr_otype:lst_usecol:tailwater,,,sfr,lst,4018.5,,tailwater,,,
oname:sfr_otype:lst_usecol:tailwater_time:4049.5,829.7161812704286,0.0,oname:sfr_otype:lst_usecol:tailwater,,,sfr,lst,4049.5,,tailwater,,,
oname:sfr_otype:lst_usecol:tailwater_time:4077.5,774.0410855741194,0.0,oname:sfr_otype:lst_usecol:tailwater,,,sfr,lst,4077.5,,tailwater,,,
oname:sfr_otype:lst_usecol:tailwater_time:4108.5,622.8356714401401,0.0,oname:sfr_otype:lst_usecol:tailwater,,,sfr,lst,4108.5,,tailwater,,,
oname:sfr_otype:lst_usecol:tailwater_time:4138.5,418.7058251420546,0.0,oname:sfr_otype:lst_usecol:tailwater,,,sfr,lst,4138.5,,tailwater,,,
oname:sfr_otype:lst_usecol:tailwater_time:4169.5,376.5919158355953,0.0,oname:sfr_otype:lst_usecol:tailwater,,,sfr,lst,4169.5,,tailwater,,,
oname:sfr_otype:lst_usecol:tailwater_time:4199.5,365.102791341144,0.0,oname:sfr_otype:lst_usecol:tailwater,,,sfr,lst,4199.5,,tailwater,,,
oname:sfr_otype:lst_usecol:tailwater_time:4230.5,631.6298677302946,0.0,oname:sfr_otype:lst_usecol:tailwater,,,sfr,lst,4230.5,,tailwater,,,
oname:sfr_otype:lst_usecol:tailwater_time:4261.5,850.2535192954492,0.0,oname:sfr_otype:lst_usecol:tailwater,,,sfr,lst,4261.5,,tailwater,,,
oname:sfr_otype:lst_usecol:tailwater_time:4291.5,1049.949966902669,0.0,oname:sfr_otype:lst_usecol:tailwater,,,sfr,lst,4291.5,,tailwater,,,
oname:sfr_otype:lst_usecol:tailwater_time:4322.5,984.5528301815236,0.0,oname:sfr_otype:lst_usecol:tailwater,,,sfr,lst,4322.5,,tailwater,,,
oname:sfr_otype:lst_usecol:tailwater_time:4352.5,907.3562657933314,0.0,oname:sfr_otype:lst_usecol:tailwater,,,sfr,lst,4352.5,,tailwater,,,
oname:sfr_otype:lst_usecol:tailwater_time:4383.5,903.8376627668184,0.0,oname:sfr_otype:lst_usecol:tailwater,,,sfr,lst,4383.5,,tailwater,,,
oname:hk_otype:arr_i:0_j:0_zone:1,16.9,0.0,hk,0,0,hk,arr,,,,1,,
oname:hk_otype:arr_i:0_j:10_zone:1,33.9,0.0,hk,0,10,hk,arr,,,,1,,
oname:hk_otype:arr_i:0_j:11_zone:1,39.5,0.0,hk,0,11,hk,arr,,,,1,,
oname:hk_otype:arr_i:0_j:12_zone:1,57.4,0.0,hk,0,12,hk,arr,,,,1,,
oname:hk_otype:arr_i:0_j:13_zone:1,38.0,0.0,hk,0,13,hk,arr,,,,1,,
oname:hk_otype:arr_i:0_j:14_zone:1,52.6,0.0,hk,0,14,hk,arr,,,,1,,
oname:hk_otype:arr_i:0_j:15_zone:1,27.4,0.0,hk,0,15,hk,arr,,,,1,,
oname:hk_otype:arr_i:0_j:16_zone:1,28.6,0.0,hk,0,16,hk,arr,,,,1,,
oname:hk_otype:arr_i:0_j:17_zone:1,14.4,0.0,hk,0,17,hk,arr,,,,1,,
oname:hk_otype:arr_i:0_j:18_zone:1,30.1,0.0,hk,0,18,hk,arr,,,,1,,
oname:hk_otype:arr_i:0_j:19_zone:1,18.3,0.0,hk,0,19,hk,arr,,,,1,,
oname:hk_otype:arr_i:0_j:1_zone:1,12.8,0.0,hk,0,1,hk,arr,,,,1,,
oname:hk_otype:arr_i:0_j:2_zone:1,19.1,0.0,hk,0,2,hk,arr,,,,1,,
oname:hk_otype:arr_i:0_j:3_zone:1,16.9,0.0,hk,0,3,hk,arr,,,,1,,
oname:hk_otype:arr_i:0_j:4_zone:1,10.6,0.0,hk,0,4,hk,arr,,,,1,,
oname:hk_otype:arr_i:0_j:5_zone:1,8.6,0.0,hk,0,5,hk,arr,,,,1,,
oname:hk_otype:arr_i:0_j:6_zone:1,12.9,0.0,hk,0,6,hk,arr,,,,1,,
oname:hk_otype:arr_i:0_j:7_zone:1,18.7,0.0,hk,0,7,hk,arr,,,,1,,
oname:hk_otype:arr_i:0_j:8_zone:1,23.2,0.0,hk,0,8,hk,arr,,,,1,,
oname:hk_otype:arr_i:0_j:9_zone:1,32.5,0.0,hk,0,9,hk,arr,,,,1,,
oname:hk_otype:arr_i:10_j:0_zone:1,27.6,0.0,hk,10,0,hk,arr,,,,1,,
oname:hk_otype:arr_i:10_j:10_zone:1,12.3,0.0,hk,10,10,hk,arr,,,,1,,
oname:hk_otype:arr_i:10_j:11_zone:1,15.8,0.0,hk,10,11,hk,arr,,,,1,,
oname:hk_otype:arr_i:10_j:12_zone:1,26.0,0.0,hk,10,12,hk,arr,,,,1,,
oname:hk_otype:arr_i:10_j:13_zone:1,35.6,0.0,hk,10,13,hk,arr,,,,1,,
oname:hk_otype:arr_i:10_j:14_zone:1,65.5,0.0,hk,10,14,hk,arr,,,,1,,
oname:hk_otype:arr_i:10_j:15_zone:1,50.7,0.0,hk,10,15,hk,arr,,,,1,,
oname:hk_otype:arr_i:10_j:16_zone:1,46.3,0.0,hk,10,16,hk,arr,,,,1,,
oname:hk_otype:arr_i:10_j:17_zone:1,47.8,0.0,hk,10,17,hk,arr,,,,1,,
oname:hk_otype:arr_i:10_j:18_zone:1,46.6,0.0,hk,10,18,hk,arr,,,,1,,
oname:hk_otype:arr_i:10_j:19_zone:1,54.4,0.0,hk,10,19,hk,arr,,,,1,,
oname:hk_otype:arr_i:10_j:1_zone:1,44.0,0.0,hk,10,1,hk,arr,,,,1,,
oname:hk_otype:arr_i:10_j:2_zone:1,25.5,0.0,hk,10,2,hk,arr,,,,1,,
oname:hk_otype:arr_i:10_j:3_zone:1,32.0,0.0,hk,10,3,hk,arr,,,,1,,
oname:hk_otype:arr_i:10_j:8_zone:1,13.4,0.0,hk,10,8,hk,arr,,,,1,,
oname:hk_otype:arr_i:10_j:9_zone:1,15.1,0.0,hk,10,9,hk,arr,,,,1,,
oname:hk_otype:arr_i:11_j:0_zone:1,22.2,0.0,hk,11,0,hk,arr,,,,1,,
oname:hk_otype:arr_i:11_j:10_zone:1,18.0,0.0,hk,11,10,hk,arr,,,,1,,
oname:hk_otype:arr_i:11_j:11_zone:1,18.1,0.0,hk,11,11,hk,arr,,,,1,,
oname:hk_otype:arr_i:11_j:12_zone:1,39.7,0.0,hk,11,12,hk,arr,,,,1,,
oname:hk_otype:arr_i:11_j:13_zone:1,33.7,0.0,hk,11,13,hk,arr,,,,1,,
oname:hk_otype:arr_i:11_j:14_zone:1,44.7,0.0,hk,11,14,hk,arr,,,,1,,
oname:hk_otype:arr_i:11_j:15_zone:1,54.9,0.0,hk,11,15,hk,arr,,,,1,,
oname:hk_otype:arr_i:11_j:16_zone:1,47.9,0.0,hk,11,16,hk,arr,,,,1,,
oname:hk_otype:arr_i:11_j:17_zone:1,49.7,0.0,hk,11,17,hk,arr,,,,1,,
oname:hk_otype:arr_i:11_j:18_zone:1,55.4,0.0,hk,11,18,hk,arr,,,,1,,
oname:hk_otype:arr_i:11_j:19_zone:1,69.8,0.0,hk,11,19,hk,arr,,,,1,,
oname:hk_otype:arr_i:11_j:1_zone:1,26.6,0.0,hk,11,1,hk,arr,,,,1,,
oname:hk_otype:arr_i:11_j:2_zone:1,21.6,0.0,hk,11,2,hk,arr,,,,1,,
oname:hk_otype:arr_i:11_j:3_zone:1,25.1,0.0,hk,11,3,hk,arr,,,,1,,
oname:hk_otype:arr_i:11_j:8_zone:1,20.3,0.0,hk,11,8,hk,arr,,,,1,,
oname:hk_otype:arr_i:11_j:9_zone:1,21.7,0.0,hk,11,9,hk,arr,,,,1,,
oname:hk_otype:arr_i:12_j:0_zone:1,32.5,0.0,hk,12,0,hk,arr,,,,1,,
oname:hk_otype:arr_i:12_j:10_zone:1,30.7,0.0,hk,12,10,hk,arr,,,,1,,
oname:hk_otype:arr_i:12_j:11_zone:1,18.9,0.0,hk,12,11,hk,arr,,,,1,,
oname:hk_otype:arr_i:12_j:12_zone:1,40.7,0.0,hk,12,12,hk,arr,,,,1,,
oname:hk_otype:arr_i:12_j:13_zone:1,22.3,0.0,hk,12,13,hk,arr,,,,1,,
oname:hk_otype:arr_i:12_j:14_zone:1,26.7,0.0,hk,12,14,hk,arr,,,,1,,
oname:hk_otype:arr_i:12_j:15_zone:1,37.2,0.0,hk,12,15,hk,arr,,,,1,,
oname:hk_otype:arr_i:12_j:16_zone:1,40.9,0.0,hk,12,16,hk,arr,,,,1,,
oname:hk_otype:arr_i:12_j:17_zone:1,52.3,0.0,hk,12,17,hk,arr,,,,1,,
oname:hk_otype:arr_i:12_j:18_zone:1,40.3,0.0,hk,12,18,hk,arr,,,,1,,
oname:hk_otype:arr_i:12_j:19_zone:1,43.7,0.0,hk,12,19,hk,arr,,,,1,,
oname:hk_otype:arr_i:12_j:1_zone:1,46.3,0.0,hk,12,1,hk,arr,,,,1,,
oname:hk_otype:arr_i:12_j:2_zone:1,38.8,0.0,hk,12,2,hk,arr,,,,1,,
oname:hk_otype:arr_i:12_j:3_zone:1,26.0,0.0,hk,12,3,hk,arr,,,,1,,
oname:hk_otype:arr_i:12_j:8_zone:1,30.0,0.0,hk,12,8,hk,arr,,,,1,,
oname:hk_otype:arr_i:12_j:9_zone:1,25.8,0.0,hk,12,9,hk,arr,,,,1,,
oname:hk_otype:arr_i:13_j:0_zone:1,21.1,0.0,hk,13,0,hk,arr,,,,1,,
oname:hk_otype:arr_i:13_j:10_zone:1,28.5,0.0,hk,13,10,hk,arr,,,,1,,
oname:hk_otype:arr_i:13_j:11_zone:1,15.3,0.0,hk,13,11,hk,arr,,,,1,,
oname:hk_otype:arr_i:13_j:12_zone:1,16.0,0.0,hk,13,12,hk,arr,,,,1,,
oname:hk_otype:arr_i:13_j:13_zone:1,17.3,0.0,hk,13,13,hk,arr,,,,1,,
oname:hk_otype:arr_i:13_j:14_zone:1,18.2,0.0,hk,13,14,hk,arr,,,,1,,
oname:hk_otype:arr_i:13_j:15_zone:1,29.2,0.0,hk,13,15,hk,arr,,,,1,,
oname:hk_otype:arr_i:13_j:16_zone:1,37.2,0.0,hk,13,16,hk,arr,,,,1,,
oname:hk_otype:arr_i:13_j:17_zone:1,36.9,0.0,hk,13,17,hk,arr,,,,1,,
oname:hk_otype:arr_i:13_j:18_zone:1,31.3,0.0,hk,13,18,hk,arr,,,,1,,
oname:hk_otype:arr_i:13_j:19_zone:1,46.8,0.0,hk,13,19,hk,arr,,,,1,,
oname:hk_otype:arr_i:13_j:1_zone:1,36.8,0.0,hk,13,1,hk,arr,,,,1,,
oname:hk_otype:arr_i:13_j:2_zone:1,25.2,0.0,hk,13,2,hk,arr,,,,1,,
oname:hk_otype:arr_i:13_j:3_zone:1,27.5,0.0,hk,13,3,hk,arr,,,,1,,
oname:hk_otype:arr_i:13_j:8_zone:1,17.8,0.0,hk,13,8,hk,arr,,,,1,,
oname:hk_otype:arr_i:13_j:9_zone:1,40.9,0.0,hk,13,9,hk,arr,,,,1,,
oname:hk_otype:arr_i:14_j:0_zone:1,27.8,0.0,hk,14,0,hk,arr,,,,1,,
oname:hk_otype:arr_i:14_j:10_zone:1,22.5,0.0,hk,14,10,hk,arr,,,,1,,
oname:hk_otype:arr_i:14_j:11_zone:1,11.3,0.0,hk,14,11,hk,arr,,,,1,,
oname:hk_otype:arr_i:14_j:12_zone:1,13.6,0.0,hk,14,12,hk,arr,,,,1,,
oname:hk_otype:arr_i:14_j:13_zone:1,17.4,0.0,hk,14,13,hk,arr,,,,1,,
oname:hk_otype:arr_i:14_j:14_zone:1,16.9,0.0,hk,14,14,hk,arr,,,,1,,
oname:hk_otype:arr_i:14_j:15_zone:1,22.9,0.0,hk,14,15,hk,arr,,,,1,,
oname:hk_otype:arr_i:14_j:16_zone:1,48.7,0.0,hk,14,16,hk,arr,,,,1,,
oname:hk_otype:arr_i:14_j:17_zone:1,31.9,0.0,hk,14,17,hk,arr,,,,1,,
oname:hk_otype:arr_i:14_j:18_zone:1,33.6,0.0,hk,14,18,hk,arr,,,,1,,
oname:hk_otype:arr_i:14_j:19_zone:1,20.9,0.0,hk,14,19,hk,arr,,,,1,,
oname:hk_otype:arr_i:14_j:1_zone:1,31.8,0.0,hk,14,1,hk,arr,,,,1,,
oname:hk_otype:arr_i:14_j:2_zone:1,24.0,0.0,hk,14,2,hk,arr,,,,1,,
oname:hk_otype:arr_i:14_j:3_zone:1,25.8,0.0,hk,14,3,hk,arr,,,,1,,
oname:hk_otype:arr_i:14_j:8_zone:1,36.4,0.0,hk,14,8,hk,arr,,,,1,,
oname:hk_otype:arr_i:14_j:9_zone:1,40.9,0.0,hk,14,9,hk,arr,,,,1,,
oname:hk_otype:arr_i:15_j:0_zone:1,39.3,0.0,hk,15,0,hk,arr,,,,1,,
oname:hk_otype:arr_i:15_j:10_zone:1,13.3,0.0,hk,15,10,hk,arr,,,,1,,
oname:hk_otype:arr_i:15_j:11_zone:1,15.0,0.0,hk,15,11,hk,arr,,,,1,,
oname:hk_otype:arr_i:15_j:12_zone:1,15.4,0.0,hk,15,12,hk,arr,,,,1,,
oname:hk_otype:arr_i:15_j:13_zone:1,17.0,0.0,hk,15,13,hk,arr,,,,1,,
oname:hk_otype:arr_i:15_j:14_zone:1,19.9,0.0,hk,15,14,hk,arr,,,,1,,
oname:hk_otype:arr_i:15_j:15_zone:1,29.4,0.0,hk,15,15,hk,arr,,,,1,,
oname:hk_otype:arr_i:15_j:16_zone:1,22.7,0.0,hk,15,16,hk,arr,,,,1,,
oname:hk_otype:arr_i:15_j:17_zone:1,29.3,0.0,hk,15,17,hk,arr,,,,1,,
oname:hk_otype:arr_i:15_j:18_zone:1,24.1,0.0,hk,15,18,hk,arr,,,,1,,
oname:hk_otype:arr_i:15_j:19_zone:1,23.1,0.0,hk,15,19,hk,arr,,,,1,,
oname:hk_otype:arr_i:15_j:1_zone:1,32.8,0.0,hk,15,1,hk,arr,,,,1,,
oname:hk_otype:arr_i:15_j:2_zone:1,22.2,0.0,hk,15,2,hk,arr,,,,1,,
oname:hk_otype:arr_i:15_j:3_zone:1,24.6,0.0,hk,15,3,hk,arr,,,,1,,
oname:hk_otype:arr_i:15_j:8_zone:1,26.0,0.0,hk,15,8,hk,arr,,,,1,,
oname:hk_otype:arr_i:15_j:9_zone:1,26.2,0.0,hk,15,9,hk,arr,,,,1,,
oname:hk_otype:arr_i:16_j:0_zone:1,37.6,0.0,hk,16,0,hk,arr,,,,1,,
oname:hk_otype:arr_i:16_j:10_zone:1,10.2,0.0,hk,16,10,hk,arr,,,,1,,
oname:hk_otype:arr_i:16_j:11_zone:1,11.9,0.0,hk,16,11,hk,arr,,,,1,,
oname:hk_otype:arr_i:16_j:12_zone:1,9.5,0.0,hk,16,12,hk,arr,,,,1,,
oname:hk_otype:arr_i:16_j:13_zone:1,20.6,0.0,hk,16,13,hk,arr,,,,1,,
oname:hk_otype:arr_i:16_j:14_zone:1,15.9,0.0,hk,16,14,hk,arr,,,,1,,
oname:hk_otype:arr_i:16_j:15_zone:1,14.0,0.0,hk,16,15,hk,arr,,,,1,,
oname:hk_otype:arr_i:16_j:16_zone:1,17.3,0.0,hk,16,16,hk,arr,,,,1,,
oname:hk_otype:arr_i:16_j:17_zone:1,12.7,0.0,hk,16,17,hk,arr,,,,1,,
oname:hk_otype:arr_i:16_j:18_zone:1,12.5,0.0,hk,16,18,hk,arr,,,,1,,
oname:hk_otype:arr_i:16_j:19_zone:1,13.0,0.0,hk,16,19,hk,arr,,,,1,,
oname:hk_otype:arr_i:16_j:1_zone:1,21.9,0.0,hk,16,1,hk,arr,,,,1,,
oname:hk_otype:arr_i:16_j:2_zone:1,29.9,0.0,hk,16,2,hk,arr,,,,1,,
oname:hk_otype:arr_i:16_j:3_zone:1,44.3,0.0,hk,16,3,hk,arr,,,,1,,
oname:hk_otype:arr_i:16_j:8_zone:1,20.9,0.0,hk,16,8,hk,arr,,,,1,,
oname:hk_otype:arr_i:16_j:9_zone:1,25.4,0.0,hk,16,9,hk,arr,,,,1,,
oname:hk_otype:arr_i:17_j:0_zone:1,25.2,0.0,hk,17,0,hk,arr,,,,1,,
oname:hk_otype:arr_i:17_j:10_zone:1,18.4,0.0,hk,17,10,hk,arr,,,,1,,
oname:hk_otype:arr_i:17_j:11_zone:1,16.4,0.0,hk,17,11,hk,arr,,,,1,,
oname:hk_otype:arr_i:17_j:12_zone:1,13.0,0.0,hk,17,12,hk,arr,,,,1,,
oname:hk_otype:arr_i:17_j:13_zone:1,11.6,0.0,hk,17,13,hk,arr,,,,1,,
oname:hk_otype:arr_i:17_j:14_zone:1,10.5,0.0,hk,17,14,hk,arr,,,,1,,
oname:hk_otype:arr_i:17_j:15_zone:1,10.6,0.0,hk,17,15,hk,arr,,,,1,,
oname:hk_otype:arr_i:17_j:16_zone:1,12.6,0.0,hk,17,16,hk,arr,,,,1,,
oname:hk_otype:arr_i:17_j:17_zone:1,16.3,0.0,hk,17,17,hk,arr,,,,1,,
oname:hk_otype:arr_i:17_j:18_zone:1,17.3,0.0,hk,17,18,hk,arr,,,,1,,
oname:hk_otype:arr_i:17_j:19_zone:1,13.0,0.0,hk,17,19,hk,arr,,,,1,,
oname:hk_otype:arr_i:17_j:1_zone:1,31.4,0.0,hk,17,1,hk,arr,,,,1,,
oname:hk_otype:arr_i:17_j:2_zone:1,48.0,0.0,hk,17,2,hk,arr,,,,1,,
oname:hk_otype:arr_i:17_j:3_zone:1,49.8,0.0,hk,17,3,hk,arr,,,,1,,
oname:hk_otype:arr_i:17_j:8_zone:1,25.9,0.0,hk,17,8,hk,arr,,,,1,,
oname:hk_otype:arr_i:17_j:9_zone:1,21.1,0.0,hk,17,9,hk,arr,,,,1,,
oname:hk_otype:arr_i:18_j:0_zone:1,28.9,0.0,hk,18,0,hk,arr,,,,1,,
oname:hk_otype:arr_i:18_j:10_zone:1,24.5,0.0,hk,18,10,hk,arr,,,,1,,
oname:hk_otype:arr_i:18_j:11_zone:1,16.3,0.0,hk,18,11,hk,arr,,,,1,,
oname:hk_otype:arr_i:18_j:12_zone:1,19.0,0.0,hk,18,12,hk,arr,,,,1,,
oname:hk_otype:arr_i:18_j:13_zone:1,14.3,0.0,hk,18,13,hk,arr,,,,1,,
oname:hk_otype:arr_i:18_j:14_zone:1,14.1,0.0,hk,18,14,hk,arr,,,,1,,
oname:hk_otype:arr_i:18_j:15_zone:1,9.9,0.0,hk,18,15,hk,arr,,,,1,,
oname:hk_otype:arr_i:18_j:16_zone:1,16.8,0.0,hk,18,16,hk,arr,,,,1,,
oname:hk_otype:arr_i:18_j:17_zone:1,15.5,0.0,hk,18,17,hk,arr,,,,1,,
oname:hk_otype:arr_i:18_j:18_zone:1,9.1,0.0,hk,18,18,hk,arr,,,,1,,
oname:hk_otype:arr_i:18_j:19_zone:1,13.3,0.0,hk,18,19,hk,arr,,,,1,,
oname:hk_otype:arr_i:18_j:1_zone:1,31.9,0.0,hk,18,1,hk,arr,,,,1,,
oname:hk_otype:arr_i:18_j:2_zone:1,36.1,0.0,hk,18,2,hk,arr,,,,1,,
oname:hk_otype:arr_i:18_j:3_zone:1,27.8,0.0,hk,18,3,hk,arr,,,,1,,
oname:hk_otype:arr_i:18_j:8_zone:1,29.4,0.0,hk,18,8,hk,arr,,,,1,,
oname:hk_otype:arr_i:18_j:9_zone:1,31.9,0.0,hk,18,9,hk,arr,,,,1,,
oname:hk_otype:arr_i:19_j:0_zone:1,32.4,0.0,hk,19,0,hk,arr,,,,1,,
oname:hk_otype:arr_i:19_j:10_zone:1,27.8,0.0,hk,19,10,hk,arr,,,,1,,
oname:hk_otype:arr_i:19_j:11_zone:1,34.5,0.0,hk,19,11,hk,arr,,,,1,,
oname:hk_otype:arr_i:19_j:12_zone:1,26.9,0.0,hk,19,12,hk,arr,,,,1,,
oname:hk_otype:arr_i:19_j:13_zone:1,16.8,0.0,hk,19,13,hk,arr,,,,1,,
oname:hk_otype:arr_i:19_j:14_zone:1,13.7,0.0,hk,19,14,hk,arr,,,,1,,
oname:hk_otype:arr_i:19_j:15_zone:1,12.4,0.0,hk,19,15,hk,arr,,,,1,,
oname:hk_otype:arr_i:19_j:16_zone:1,19.2,0.0,hk,19,16,hk,arr,,,,1,,
oname:hk_otype:arr_i:19_j:17_zone:1,13.8,0.0,hk,19,17,hk,arr,,,,1,,
oname:hk_otype:arr_i:19_j:18_zone:1,8.5,0.0,hk,19,18,hk,arr,,,,1,,
oname:hk_otype:arr_i:19_j:19_zone:1,10.5,0.0,hk,19,19,hk,arr,,,,1,,
oname:hk_otype:arr_i:19_j:1_zone:1,33.9,0.0,hk,19,1,hk,arr,,,,1,,
oname:hk_otype:arr_i:19_j:2_zone:1,37.3,0.0,hk,19,2,hk,arr,,,,1,,
oname:hk_otype:arr_i:19_j:3_zone:1,19.0,0.0,hk,19,3,hk,arr,,,,1,,
oname:hk_otype:arr_i:19_j:8_zone:1,39.5,0.0,hk,19,8,hk,arr,,,,1,,
oname:hk_otype:arr_i:19_j:9_zone:1,44.2,0.0,hk,19,9,hk,arr,,,,1,,
oname:hk_otype:arr_i:1_j:0_zone:1,16.2,0.0,hk,1,0,hk,arr,,,,1,,
oname:hk_otype:arr_i:1_j:10_zone:1,33.5,0.0,hk,1,10,hk,arr,,,,1,,
oname:hk_otype:arr_i:1_j:11_zone:1,41.0,0.0,hk,1,11,hk,arr,,,,1,,
oname:hk_otype:arr_i:1_j:12_zone:1,52.2,0.0,hk,1,12,hk,arr,,,,1,,
oname:hk_otype:arr_i:1_j:13_zone:1,54.5,0.0,hk,1,13,hk,arr,,,,1,,
oname:hk_otype:arr_i:1_j:14_zone:1,37.3,0.0,hk,1,14,hk,arr,,,,1,,
oname:hk_otype:arr_i:1_j:15_zone:1,34.5,0.0,hk,1,15,hk,arr,,,,1,,
oname:hk_otype:arr_i:1_j:16_zone:1,29.5,0.0,hk,1,16,hk,arr,,,,1,,
oname:hk_otype:arr_i:1_j:17_zone:1,16.2,0.0,hk,1,17,hk,arr,,,,1,,
oname:hk_otype:arr_i:1_j:18_zone:1,18.2,0.0,hk,1,18,hk,arr,,,,1,,
oname:hk_otype:arr_i:1_j:19_zone:1,30.8,0.0,hk,1,19,hk,arr,,,,1,,
oname:hk_otype:arr_i:1_j:1_zone:1,15.7,0.0,hk,1,1,hk,arr,,,,1,,
oname:hk_otype:arr_i:1_j:2_zone:1,14.3,0.0,hk,1,2,hk,arr,,,,1,,
oname:hk_otype:arr_i:1_j:3_zone:1,20.3,0.0,hk,1,3,hk,arr,,,,1,,
oname:hk_otype:arr_i:1_j:4_zone:1,14.7,0.0,hk,1,4,hk,arr,,,,1,,
oname:hk_otype:arr_i:1_j:5_zone:1,15.8,0.0,hk,1,5,hk,arr,,,,1,,
oname:hk_otype:arr_i:1_j:6_zone:1,9.9,0.0,hk,1,6,hk,arr,,,,1,,
oname:hk_otype:arr_i:1_j:7_zone:1,11.9,0.0,hk,1,7,hk,arr,,,,1,,
oname:hk_otype:arr_i:1_j:8_zone:1,18.3,0.0,hk,1,8,hk,arr,,,,1,,
oname:hk_otype:arr_i:1_j:9_zone:1,30.5,0.0,hk,1,9,hk,arr,,,,1,,
oname:hk_otype:arr_i:20_j:0_zone:1,35.6,0.0,hk,20,0,hk,arr,,,,1,,
oname:hk_otype:arr_i:20_j:10_zone:1,43.2,0.0,hk,20,10,hk,arr,,,,1,,
oname:hk_otype:arr_i:20_j:11_zone:1,86.4,0.0,hk,20,11,hk,arr,,,,1,,
oname:hk_otype:arr_i:20_j:12_zone:1,49.4,0.0,hk,20,12,hk,arr,,,,1,,
oname:hk_otype:arr_i:20_j:13_zone:1,22.1,0.0,hk,20,13,hk,arr,,,,1,,
oname:hk_otype:arr_i:20_j:14_zone:1,18.2,0.0,hk,20,14,hk,arr,,,,1,,
oname:hk_otype:arr_i:20_j:15_zone:1,12.1,0.0,hk,20,15,hk,arr,,,,1,,
oname:hk_otype:arr_i:20_j:16_zone:1,13.0,0.0,hk,20,16,hk,arr,,,,1,,
oname:hk_otype:arr_i:20_j:17_zone:1,22.0,0.0,hk,20,17,hk,arr,,,,1,,
oname:hk_otype:arr_i:20_j:18_zone:1,22.0,0.0,hk,20,18,hk,arr,,,,1,,
oname:hk_otype:arr_i:20_j:19_zone:1,13.1,0.0,hk,20,19,hk,arr,,,,1,,
oname:hk_otype:arr_i:20_j:1_zone:1,58.4,0.0,hk,20,1,hk,arr,,,,1,,
oname:hk_otype:arr_i:20_j:2_zone:1,41.3,0.0,hk,20,2,hk,arr,,,,1,,
oname:hk_otype:arr_i:20_j:3_zone:1,15.6,0.0,hk,20,3,hk,arr,,,,1,,
oname:hk_otype:arr_i:20_j:8_zone:1,43.6,0.0,hk,20,8,hk,arr,,,,1,,
oname:hk_otype:arr_i:20_j:9_zone:1,64.9,0.0,hk,20,9,hk,arr,,,,1,,
oname:hk_otype:arr_i:21_j:0_zone:1,46.7,0.0,hk,21,0,hk,arr,,,,1,,
oname:hk_otype:arr_i:21_j:10_zone:1,64.1,0.0,hk,21,10,hk,arr,,,,1,,
oname:hk_otype:arr_i:21_j:11_zone:1,76.5,0.0,hk,21,11,hk,arr,,,,1,,
oname:hk_otype:arr_i:21_j:12_zone:1,53.3,0.0,hk,21,12,hk,arr,,,,1,,
oname:hk_otype:arr_i:21_j:13_zone:1,26.7,0.0,hk,21,13,hk,arr,,,,1,,
oname:hk_otype:arr_i:21_j:14_zone:1,28.2,0.0,hk,21,14,hk,arr,,,,1,,
oname:hk_otype:arr_i:21_j:15_zone:1,19.2,0.0,hk,21,15,hk,arr,,,,1,,
oname:hk_otype:arr_i:21_j:16_zone:1,12.3,0.0,hk,21,16,hk,arr,,,,1,,
oname:hk_otype:arr_i:21_j:17_zone:1,16.1,0.0,hk,21,17,hk,arr,,,,1,,
oname:hk_otype:arr_i:21_j:18_zone:1,20.3,0.0,hk,21,18,hk,arr,,,,1,,
oname:hk_otype:arr_i:21_j:19_zone:1,20.7,0.0,hk,21,19,hk,arr,,,,1,,
oname:hk_otype:arr_i:21_j:1_zone:1,35.0,0.0,hk,21,1,hk,arr,,,,1,,
oname:hk_otype:arr_i:21_j:2_zone:1,47.3,0.0,hk,21,2,hk,arr,,,,1,,
oname:hk_otype:arr_i:21_j:3_zone:1,25.6,0.0,hk,21,3,hk,arr,,,,1,,
oname:hk_otype:arr_i:21_j:6_zone:1,23.9,0.0,hk,21,6,hk,arr,,,,1,,
oname:hk_otype:arr_i:21_j:7_zone:1,34.5,0.0,hk,21,7,hk,arr,,,,1,,
oname:hk_otype:arr_i:21_j:8_zone:1,51.9,0.0,hk,21,8,hk,arr,,,,1,,
oname:hk_otype:arr_i:21_j:9_zone:1,59.4,0.0,hk,21,9,hk,arr,,,,1,,
oname:hk_otype:arr_i:22_j:0_zone:1,40.3,0.0,hk,22,0,hk,arr,,,,1,,
oname:hk_otype:arr_i:22_j:10_zone:1,63.1,0.0,hk,22,10,hk,arr,,,,1,,
oname:hk_otype:arr_i:22_j:11_zone:1,42.0,0.0,hk,22,11,hk,arr,,,,1,,
oname:hk_otype:arr_i:22_j:12_zone:1,33.8,0.0,hk,22,12,hk,arr,,,,1,,
oname:hk_otype:arr_i:22_j:13_zone:1,21.2,0.0,hk,22,13,hk,arr,,,,1,,
oname:hk_otype:arr_i:22_j:14_zone:1,33.1,0.0,hk,22,14,hk,arr,,,,1,,
oname:hk_otype:arr_i:22_j:15_zone:1,29.1,0.0,hk,22,15,hk,arr,,,,1,,
oname:hk_otype:arr_i:22_j:16_zone:1,26.4,0.0,hk,22,16,hk,arr,,,,1,,
oname:hk_otype:arr_i:22_j:17_zone:1,19.8,0.0,hk,22,17,hk,arr,,,,1,,
oname:hk_otype:arr_i:22_j:18_zone:1,17.9,0.0,hk,22,18,hk,arr,,,,1,,
oname:hk_otype:arr_i:22_j:19_zone:1,18.0,0.0,hk,22,19,hk,arr,,,,1,,
oname:hk_otype:arr_i:22_j:1_zone:1,25.9,0.0,hk,22,1,hk,arr,,,,1,,
oname:hk_otype:arr_i:22_j:2_zone:1,30.5,0.0,hk,22,2,hk,arr,,,,1,,
oname:hk_otype:arr_i:22_j:3_zone:1,20.9,0.0,hk,22,3,hk,arr,,,,1,,
oname:hk_otype:arr_i:22_j:4_zone:1,21.7,0.0,hk,22,4,hk,arr,,,,1,,
oname:hk_otype:arr_i:22_j:6_zone:1,39.2,0.0,hk,22,6,hk,arr,,,,1,,
oname:hk_otype:arr_i:22_j:7_zone:1,37.9,0.0,hk,22,7,hk,arr,,,,1,,
oname:hk_otype:arr_i:22_j:8_zone:1,52.5,0.0,hk,22,8,hk,arr,,,,1,,
oname:hk_otype:arr_i:22_j:9_zone:1,53.4,0.0,hk,22,9,hk,arr,,,,1,,
oname:hk_otype:arr_i:23_j:0_zone:1,29.8,0.0,hk,23,0,hk,arr,,,,1,,
oname:hk_otype:arr_i:23_j:10_zone:1,36.1,0.0,hk,23,10,hk,arr,,,,1,,
oname:hk_otype:arr_i:23_j:11_zone:1,24.2,0.0,hk,23,11,hk,arr,,,,1,,
oname:hk_otype:arr_i:23_j:12_zone:1,24.8,0.0,hk,23,12,hk,arr,,,,1,,
oname:hk_otype:arr_i:23_j:13_zone:1,21.4,0.0,hk,23,13,hk,arr,,,,1,,
oname:hk_otype:arr_i:23_j:14_zone:1,29.0,0.0,hk,23,14,hk,arr,,,,1,,
oname:hk_otype:arr_i:23_j:15_zone:1,25.2,0.0,hk,23,15,hk,arr,,,,1,,
oname:hk_otype:arr_i:23_j:16_zone:1,20.1,0.0,hk,23,16,hk,arr,,,,1,,
oname:hk_otype:arr_i:23_j:17_zone:1,14.7,0.0,hk,23,17,hk,arr,,,,1,,
oname:hk_otype:arr_i:23_j:18_zone:1,27.2,0.0,hk,23,18,hk,arr,,,,1,,
oname:hk_otype:arr_i:23_j:19_zone:1,26.6,0.0,hk,23,19,hk,arr,,,,1,,
oname:hk_otype:arr_i:23_j:1_zone:1,37.4,0.0,hk,23,1,hk,arr,,,,1,,
oname:hk_otype:arr_i:23_j:2_zone:1,25.6,0.0,hk,23,2,hk,arr,,,,1,,
oname:hk_otype:arr_i:23_j:3_zone:1,24.0,0.0,hk,23,3,hk,arr,,,,1,,
oname:hk_otype:arr_i:23_j:4_zone:1,36.4,0.0,hk,23,4,hk,arr,,,,1,,
oname:hk_otype:arr_i:23_j:5_zone:1,24.0,0.0,hk,23,5,hk,arr,,,,1,,
oname:hk_otype:arr_i:23_j:6_zone:1,34.8,0.0,hk,23,6,hk,arr,,,,1,,
oname:hk_otype:arr_i:23_j:7_zone:1,35.9,0.0,hk,23,7,hk,arr,,,,1,,
oname:hk_otype:arr_i:23_j:8_zone:1,41.7,0.0,hk,23,8,hk,arr,,,,1,,
oname:hk_otype:arr_i:23_j:9_zone:1,28.7,0.0,hk,23,9,hk,arr,,,,1,,
oname:hk_otype:arr_i:24_j:0_zone:1,35.6,0.0,hk,24,0,hk,arr,,,,1,,
oname:hk_otype:arr_i:24_j:10_zone:1,41.0,0.0,hk,24,10,hk,arr,,,,1,,
oname:hk_otype:arr_i:24_j:11_zone:1,31.4,0.0,hk,24,11,hk,arr,,,,1,,
oname:hk_otype:arr_i:24_j:12_zone:1,31.1,0.0,hk,24,12,hk,arr,,,,1,,
oname:hk_otype:arr_i:24_j:13_zone:1,22.6,0.0,hk,24,13,hk,arr,,,,1,,
oname:hk_otype:arr_i:24_j:14_zone:1,38.6,0.0,hk,24,14,hk,arr,,,,1,,
oname:hk_otype:arr_i:24_j:15_zone:1,26.5,0.0,hk,24,15,hk,arr,,,,1,,
oname:hk_otype:arr_i:24_j:16_zone:1,38.4,0.0,hk,24,16,hk,arr,,,,1,,
oname:hk_otype:arr_i:24_j:17_zone:1,31.3,0.0,hk,24,17,hk,arr,,,,1,,
oname:hk_otype:arr_i:24_j:18_zone:1,17.6,0.0,hk,24,18,hk,arr,,,,1,,
oname:hk_otype:arr_i:24_j:19_zone:1,26.6,0.0,hk,24,19,hk,arr,,,,1,,
oname:hk_otype:arr_i:24_j:1_zone:1,39.5,0.0,hk,24,1,hk,arr,,,,1,,
oname:hk_otype:arr_i:24_j:2_zone:1,46.8,0.0,hk,24,2,hk,arr,,,,1,,
oname:hk_otype:arr_i:24_j:3_zone:1,40.7,0.0,hk,24,3,hk,arr,,,,1,,
oname:hk_otype:arr_i:24_j:4_zone:1,41.0,0.0,hk,24,4,hk,arr,,,,1,,
oname:hk_otype:arr_i:24_j:5_zone:1,44.8,0.0,hk,24,5,hk,arr,,,,1,,
oname:hk_otype:arr_i:24_j:6_zone:1,51.9,0.0,hk,24,6,hk,arr,,,,1,,
oname:hk_otype:arr_i:24_j:7_zone:1,46.7,0.0,hk,24,7,hk,arr,,,,1,,
oname:hk_otype:arr_i:24_j:8_zone:1,46.3,0.0,hk,24,8,hk,arr,,,,1,,
oname:hk_otype:arr_i:24_j:9_zone:1,34.1,0.0,hk,24,9,hk,arr,,,,1,,
oname:hk_otype:arr_i:25_j:0_zone:1,62.9,0.0,hk,25,0,hk,arr,,,,1,,
oname:hk_otype:arr_i:25_j:10_zone:1,51.2,0.0,hk,25,10,hk,arr,,,,1,,
oname:hk_otype:arr_i:25_j:11_zone:1,31.2,0.0,hk,25,11,hk,arr,,,,1,,
oname:hk_otype:arr_i:25_j:12_zone:1,25.1,0.0,hk,25,12,hk,arr,,,,1,,
oname:hk_otype:arr_i:25_j:13_zone:1,26.2,0.0,hk,25,13,hk,arr,,,,1,,
oname:hk_otype:arr_i:25_j:14_zone:1,20.0,0.0,hk,25,14,hk,arr,,,,1,,
oname:hk_otype:arr_i:25_j:15_zone:1,22.9,0.0,hk,25,15,hk,arr,,,,1,,
oname:hk_otype:arr_i:25_j:16_zone:1,26.6,0.0,hk,25,16,hk,arr,,,,1,,
oname:hk_otype:arr_i:25_j:17_zone:1,20.2,0.0,hk,25,17,hk,arr,,,,1,,
oname:hk_otype:arr_i:25_j:18_zone:1,27.8,0.0,hk,25,18,hk,arr,,,,1,,
oname:hk_otype:arr_i:25_j:19_zone:1,16.6,0.0,hk,25,19,hk,arr,,,,1,,
oname:hk_otype:arr_i:25_j:1_zone:1,49.6,0.0,hk,25,1,hk,arr,,,,1,,
oname:hk_otype:arr_i:25_j:2_zone:1,47.9,0.0,hk,25,2,hk,arr,,,,1,,
oname:hk_otype:arr_i:25_j:3_zone:1,30.1,0.0,hk,25,3,hk,arr,,,,1,,
oname:hk_otype:arr_i:25_j:4_zone:1,47.2,0.0,hk,25,4,hk,arr,,,,1,,
oname:hk_otype:arr_i:25_j:5_zone:1,56.1,0.0,hk,25,5,hk,arr,,,,1,,
oname:hk_otype:arr_i:25_j:6_zone:1,40.0,0.0,hk,25,6,hk,arr,,,,1,,
oname:hk_otype:arr_i:25_j:7_zone:1,28.5,0.0,hk,25,7,hk,arr,,,,1,,
oname:hk_otype:arr_i:25_j:8_zone:1,19.2,0.0,hk,25,8,hk,arr,,,,1,,
oname:hk_otype:arr_i:25_j:9_zone:1,25.9,0.0,hk,25,9,hk,arr,,,,1,,
oname:hk_otype:arr_i:26_j:0_zone:1,64.5,0.0,hk,26,0,hk,arr,,,,1,,
oname:hk_otype:arr_i:26_j:10_zone:1,38.0,0.0,hk,26,10,hk,arr,,,,1,,
oname:hk_otype:arr_i:26_j:11_zone:1,25.0,0.0,hk,26,11,hk,arr,,,,1,,
oname:hk_otype:arr_i:26_j:12_zone:1,34.8,0.0,hk,26,12,hk,arr,,,,1,,
oname:hk_otype:arr_i:26_j:13_zone:1,29.2,0.0,hk,26,13,hk,arr,,,,1,,
oname:hk_otype:arr_i:26_j:14_zone:1,28.8,0.0,hk,26,14,hk,arr,,,,1,,
oname:hk_otype:arr_i:26_j:15_zone:1,15.0,0.0,hk,26,15,hk,arr,,,,1,,
oname:hk_otype:arr_i:26_j:16_zone:1,22.6,0.0,hk,26,16,hk,arr,,,,1,,
oname:hk_otype:arr_i:26_j:17_zone:1,23.8,0.0,hk,26,17,hk,arr,,,,1,,
oname:hk_otype:arr_i:26_j:18_zone:1,24.3,0.0,hk,26,18,hk,arr,,,,1,,
oname:hk_otype:arr_i:26_j:19_zone:1,28.6,0.0,hk,26,19,hk,arr,,,,1,,
oname:hk_otype:arr_i:26_j:1_zone:1,47.6,0.0,hk,26,1,hk,arr,,,,1,,
oname:hk_otype:arr_i:26_j:2_zone:1,44.1,0.0,hk,26,2,hk,arr,,,,1,,
oname:hk_otype:arr_i:26_j:3_zone:1,61.1,0.0,hk,26,3,hk,arr,,,,1,,
oname:hk_otype:arr_i:26_j:4_zone:1,34.3,0.0,hk,26,4,hk,arr,,,,1,,
oname:hk_otype:arr_i:26_j:5_zone:1,48.6,0.0,hk,26,5,hk,arr,,,,1,,
oname:hk_otype:arr_i:26_j:6_zone:1,53.4,0.0,hk,26,6,hk,arr,,,,1,,
oname:hk_otype:arr_i:26_j:7_zone:1,34.5,0.0,hk,26,7,hk,arr,,,,1,,
oname:hk_otype:arr_i:26_j:8_zone:1,22.5,0.0,hk,26,8,hk,arr,,,,1,,
oname:hk_otype:arr_i:26_j:9_zone:1,40.8,0.0,hk,26,9,hk,arr,,,,1,,
oname:hk_otype:arr_i:27_j:0_zone:1,58.6,0.0,hk,27,0,hk,arr,,,,1,,
oname:hk_otype:arr_i:27_j:10_zone:1,28.3,0.0,hk,27,10,hk,arr,,,,1,,
oname:hk_otype:arr_i:27_j:11_zone:1,56.1,0.0,hk,27,11,hk,arr,,,,1,,
oname:hk_otype:arr_i:27_j:12_zone:1,56.1,0.0,hk,27,12,hk,arr,,,,1,,
oname:hk_otype:arr_i:27_j:13_zone:1,30.1,0.0,hk,27,13,hk,arr,,,,1,,
oname:hk_otype:arr_i:27_j:14_zone:1,55.8,0.0,hk,27,14,hk,arr,,,,1,,
oname:hk_otype:arr_i:27_j:15_zone:1,68.2,0.0,hk,27,15,hk,arr,,,,1,,
oname:hk_otype:arr_i:27_j:16_zone:1,48.9,0.0,hk,27,16,hk,arr,,,,1,,
oname:hk_otype:arr_i:27_j:17_zone:1,39.9,0.0,hk,27,17,hk,arr,,,,1,,
oname:hk_otype:arr_i:27_j:18_zone:1,21.0,0.0,hk,27,18,hk,arr,,,,1,,
oname:hk_otype:arr_i:27_j:19_zone:1,20.0,0.0,hk,27,19,hk,arr,,,,1,,
oname:hk_otype:arr_i:27_j:1_zone:1,34.5,0.0,hk,27,1,hk,arr,,,,1,,
oname:hk_otype:arr_i:27_j:2_zone:1,32.1,0.0,hk,27,2,hk,arr,,,,1,,
oname:hk_otype:arr_i:27_j:3_zone:1,51.9,0.0,hk,27,3,hk,arr,,,,1,,
oname:hk_otype:arr_i:27_j:4_zone:1,32.5,0.0,hk,27,4,hk,arr,,,,1,,
oname:hk_otype:arr_i:27_j:5_zone:1,38.5,0.0,hk,27,5,hk,arr,,,,1,,
oname:hk_otype:arr_i:27_j:6_zone:1,62.2,0.0,hk,27,6,hk,arr,,,,1,,
oname:hk_otype:arr_i:27_j:7_zone:1,56.3,0.0,hk,27,7,hk,arr,,,,1,,
oname:hk_otype:arr_i:27_j:8_zone:1,41.5,0.0,hk,27,8,hk,arr,,,,1,,
oname:hk_otype:arr_i:27_j:9_zone:1,40.3,0.0,hk,27,9,hk,arr,,,,1,,
oname:hk_otype:arr_i:28_j:0_zone:1,60.6,0.0,hk,28,0,hk,arr,,,,1,,
oname:hk_otype:arr_i:28_j:10_zone:1,72.8,0.0,hk,28,10,hk,arr,,,,1,,
oname:hk_otype:arr_i:28_j:11_zone:1,38.9,0.0,hk,28,11,hk,arr,,,,1,,
oname:hk_otype:arr_i:28_j:12_zone:1,40.2,0.0,hk,28,12,hk,arr,,,,1,,
oname:hk_otype:arr_i:28_j:13_zone:1,39.3,0.0,hk,28,13,hk,arr,,,,1,,
oname:hk_otype:arr_i:28_j:14_zone:1,65.1,0.0,hk,28,14,hk,arr,,,,1,,
oname:hk_otype:arr_i:28_j:15_zone:1,86.6,0.0,hk,28,15,hk,arr,,,,1,,
oname:hk_otype:arr_i:28_j:16_zone:1,73.9,0.0,hk,28,16,hk,arr,,,,1,,
oname:hk_otype:arr_i:28_j:17_zone:1,48.0,0.0,hk,28,17,hk,arr,,,,1,,
oname:hk_otype:arr_i:28_j:18_zone:1,46.5,0.0,hk,28,18,hk,arr,,,,1,,
oname:hk_otype:arr_i:28_j:19_zone:1,30.1,0.0,hk,28,19,hk,arr,,,,1,,
oname:hk_otype:arr_i:28_j:1_zone:1,43.6,0.0,hk,28,1,hk,arr,,,,1,,
oname:hk_otype:arr_i:28_j:2_zone:1,29.3,0.0,hk,28,2,hk,arr,,,,1,,
oname:hk_otype:arr_i:28_j:3_zone:1,33.8,0.0,hk,28,3,hk,arr,,,,1,,
oname:hk_otype:arr_i:28_j:4_zone:1,30.9,0.0,hk,28,4,hk,arr,,,,1,,
oname:hk_otype:arr_i:28_j:5_zone:1,35.7,0.0,hk,28,5,hk,arr,,,,1,,
oname:hk_otype:arr_i:28_j:6_zone:1,34.0,0.0,hk,28,6,hk,arr,,,,1,,
oname:hk_otype:arr_i:28_j:7_zone:1,44.1,0.0,hk,28,7,hk,arr,,,,1,,
oname:hk_otype:arr_i:28_j:8_zone:1,53.2,0.0,hk,28,8,hk,arr,,,,1,,
oname:hk_otype:arr_i:28_j:9_zone:1,28.4,0.0,hk,28,9,hk,arr,,,,1,,
oname:hk_otype:arr_i:29_j:0_zone:1,29.4,0.0,hk,29,0,hk,arr,,,,1,,
oname:hk_otype:arr_i:29_j:10_zone:1,35.4,0.0,hk,29,10,hk,arr,,,,1,,
oname:hk_otype:arr_i:29_j:11_zone:1,40.5,0.0,hk,29,11,hk,arr,,,,1,,
oname:hk_otype:arr_i:29_j:12_zone:1,69.2,0.0,hk,29,12,hk,arr,,,,1,,
oname:hk_otype:arr_i:29_j:13_zone:1,41.4,0.0,hk,29,13,hk,arr,,,,1,,
oname:hk_otype:arr_i:29_j:14_zone:1,41.4,0.0,hk,29,14,hk,arr,,,,1,,
oname:hk_otype:arr_i:29_j:15_zone:1,49.2,0.0,hk,29,15,hk,arr,,,,1,,
oname:hk_otype:arr_i:29_j:16_zone:1,55.9,0.0,hk,29,16,hk,arr,,,,1,,
oname:hk_otype:arr_i:29_j:17_zone:1,37.2,0.0,hk,29,17,hk,arr,,,,1,,
oname:hk_otype:arr_i:29_j:18_zone:1,37.1,0.0,hk,29,18,hk,arr,,,,1,,
oname:hk_otype:arr_i:29_j:19_zone:1,20.2,0.0,hk,29,19,hk,arr,,,,1,,
oname:hk_otype:arr_i:29_j:1_zone:1,23.4,0.0,hk,29,1,hk,arr,,,,1,,
oname:hk_otype:arr_i:29_j:2_zone:1,18.9,0.0,hk,29,2,hk,arr,,,,1,,
oname:hk_otype:arr_i:29_j:3_zone:1,32.2,0.0,hk,29,3,hk,arr,,,,1,,
oname:hk_otype:arr_i:29_j:4_zone:1,35.3,0.0,hk,29,4,hk,arr,,,,1,,
oname:hk_otype:arr_i:29_j:5_zone:1,32.8,0.0,hk,29,5,hk,arr,,,,1,,
oname:hk_otype:arr_i:29_j:6_zone:1,56.0,0.0,hk,29,6,hk,arr,,,,1,,
oname:hk_otype:arr_i:29_j:7_zone:1,64.2,0.0,hk,29,7,hk,arr,,,,1,,
oname:hk_otype:arr_i:29_j:8_zone:1,48.1,0.0,hk,29,8,hk,arr,,,,1,,
oname:hk_otype:arr_i:29_j:9_zone:1,46.1,0.0,hk,29,9,hk,arr,,,,1,,
oname:hk_otype:arr_i:2_j:0_zone:1,14.9,0.0,hk,2,0,hk,arr,,,,1,,
oname:hk_otype:arr_i:2_j:10_zone:1,38.8,0.0,hk,2,10,hk,arr,,,,1,,
oname:hk_otype:arr_i:2_j:11_zone:1,44.9,0.0,hk,2,11,hk,arr,,,,1,,
oname:hk_otype:arr_i:2_j:12_zone:1,36.0,0.0,hk,2,12,hk,arr,,,,1,,
oname:hk_otype:arr_i:2_j:13_zone:1,34.9,0.0,hk,2,13,hk,arr,,,,1,,
oname:hk_otype:arr_i:2_j:14_zone:1,40.5,0.0,hk,2,14,hk,arr,,,,1,,
oname:hk_otype:arr_i:2_j:15_zone:1,46.9,0.0,hk,2,15,hk,arr,,,,1,,
oname:hk_otype:arr_i:2_j:16_zone:1,27.4,0.0,hk,2,16,hk,arr,,,,1,,
oname:hk_otype:arr_i:2_j:17_zone:1,16.7,0.0,hk,2,17,hk,arr,,,,1,,
oname:hk_otype:arr_i:2_j:18_zone:1,13.8,0.0,hk,2,18,hk,arr,,,,1,,
oname:hk_otype:arr_i:2_j:19_zone:1,18.5,0.0,hk,2,19,hk,arr,,,,1,,
oname:hk_otype:arr_i:2_j:1_zone:1,16.9,0.0,hk,2,1,hk,arr,,,,1,,
oname:hk_otype:arr_i:2_j:2_zone:1,16.9,0.0,hk,2,2,hk,arr,,,,1,,
oname:hk_otype:arr_i:2_j:3_zone:1,13.6,0.0,hk,2,3,hk,arr,,,,1,,
oname:hk_otype:arr_i:2_j:4_zone:1,10.6,0.0,hk,2,4,hk,arr,,,,1,,
oname:hk_otype:arr_i:2_j:5_zone:1,15.2,0.0,hk,2,5,hk,arr,,,,1,,
oname:hk_otype:arr_i:2_j:6_zone:1,10.6,0.0,hk,2,6,hk,arr,,,,1,,
oname:hk_otype:arr_i:2_j:7_zone:1,13.9,0.0,hk,2,7,hk,arr,,,,1,,
oname:hk_otype:arr_i:2_j:8_zone:1,21.2,0.0,hk,2,8,hk,arr,,,,1,,
oname:hk_otype:arr_i:2_j:9_zone:1,35.7,0.0,hk,2,9,hk,arr,,,,1,,
oname:hk_otype:arr_i:30_j:0_zone:1,30.2,0.0,hk,30,0,hk,arr,,,,1,,
oname:hk_otype:arr_i:30_j:10_zone:1,62.1,0.0,hk,30,10,hk,arr,,,,1,,
oname:hk_otype:arr_i:30_j:11_zone:1,50.0,0.0,hk,30,11,hk,arr,,,,1,,
oname:hk_otype:arr_i:30_j:12_zone:1,57.3,0.0,hk,30,12,hk,arr,,,,1,,
oname:hk_otype:arr_i:30_j:13_zone:1,38.4,0.0,hk,30,13,hk,arr,,,,1,,
oname:hk_otype:arr_i:30_j:14_zone:1,50.6,0.0,hk,30,14,hk,arr,,,,1,,
oname:hk_otype:arr_i:30_j:15_zone:1,52.4,0.0,hk,30,15,hk,arr,,,,1,,
oname:hk_otype:arr_i:30_j:16_zone:1,59.1,0.0,hk,30,16,hk,arr,,,,1,,
oname:hk_otype:arr_i:30_j:17_zone:1,53.2,0.0,hk,30,17,hk,arr,,,,1,,
oname:hk_otype:arr_i:30_j:18_zone:1,33.5,0.0,hk,30,18,hk,arr,,,,1,,
oname:hk_otype:arr_i:30_j:19_zone:1,25.8,0.0,hk,30,19,hk,arr,,,,1,,
oname:hk_otype:arr_i:30_j:1_zone:1,18.0,0.0,hk,30,1,hk,arr,,,,1,,
oname:hk_otype:arr_i:30_j:2_zone:1,21.8,0.0,hk,30,2,hk,arr,,,,1,,
oname:hk_otype:arr_i:30_j:3_zone:1,26.3,0.0,hk,30,3,hk,arr,,,,1,,
oname:hk_otype:arr_i:30_j:4_zone:1,21.2,0.0,hk,30,4,hk,arr,,,,1,,
oname:hk_otype:arr_i:30_j:5_zone:1,29.9,0.0,hk,30,5,hk,arr,,,,1,,
oname:hk_otype:arr_i:30_j:6_zone:1,32.2,0.0,hk,30,6,hk,arr,,,,1,,
oname:hk_otype:arr_i:30_j:7_zone:1,37.0,0.0,hk,30,7,hk,arr,,,,1,,
oname:hk_otype:arr_i:30_j:8_zone:1,57.9,0.0,hk,30,8,hk,arr,,,,1,,
oname:hk_otype:arr_i:30_j:9_zone:1,44.7,0.0,hk,30,9,hk,arr,,,,1,,
oname:hk_otype:arr_i:31_j:0_zone:1,26.2,0.0,hk,31,0,hk,arr,,,,1,,
oname:hk_otype:arr_i:31_j:10_zone:1,38.2,0.0,hk,31,10,hk,arr,,,,1,,
oname:hk_otype:arr_i:31_j:11_zone:1,57.2,0.0,hk,31,11,hk,arr,,,,1,,
oname:hk_otype:arr_i:31_j:12_zone:1,63.9,0.0,hk,31,12,hk,arr,,,,1,,
oname:hk_otype:arr_i:31_j:13_zone:1,41.0,0.0,hk,31,13,hk,arr,,,,1,,
oname:hk_otype:arr_i:31_j:14_zone:1,51.5,0.0,hk,31,14,hk,arr,,,,1,,
oname:hk_otype:arr_i:31_j:15_zone:1,69.5,0.0,hk,31,15,hk,arr,,,,1,,
oname:hk_otype:arr_i:31_j:16_zone:1,78.4,0.0,hk,31,16,hk,arr,,,,1,,
oname:hk_otype:arr_i:31_j:17_zone:1,49.0,0.0,hk,31,17,hk,arr,,,,1,,
oname:hk_otype:arr_i:31_j:18_zone:1,36.1,0.0,hk,31,18,hk,arr,,,,1,,
oname:hk_otype:arr_i:31_j:19_zone:1,31.7,0.0,hk,31,19,hk,arr,,,,1,,
oname:hk_otype:arr_i:31_j:1_zone:1,28.2,0.0,hk,31,1,hk,arr,,,,1,,
oname:hk_otype:arr_i:31_j:2_zone:1,36.8,0.0,hk,31,2,hk,arr,,,,1,,
oname:hk_otype:arr_i:31_j:3_zone:1,22.0,0.0,hk,31,3,hk,arr,,,,1,,
oname:hk_otype:arr_i:31_j:4_zone:1,18.4,0.0,hk,31,4,hk,arr,,,,1,,
oname:hk_otype:arr_i:31_j:5_zone:1,28.7,0.0,hk,31,5,hk,arr,,,,1,,
oname:hk_otype:arr_i:31_j:6_zone:1,40.2,0.0,hk,31,6,hk,arr,,,,1,,
oname:hk_otype:arr_i:31_j:7_zone:1,71.6,0.0,hk,31,7,hk,arr,,,,1,,
oname:hk_otype:arr_i:31_j:8_zone:1,70.4,0.0,hk,31,8,hk,arr,,,,1,,
oname:hk_otype:arr_i:31_j:9_zone:1,64.4,0.0,hk,31,9,hk,arr,,,,1,,
oname:hk_otype:arr_i:32_j:10_zone:1,32.6,0.0,hk,32,10,hk,arr,,,,1,,
oname:hk_otype:arr_i:32_j:11_zone:1,40.3,0.0,hk,32,11,hk,arr,,,,1,,
oname:hk_otype:arr_i:32_j:12_zone:1,61.1,0.0,hk,32,12,hk,arr,,,,1,,
oname:hk_otype:arr_i:32_j:13_zone:1,71.8,0.0,hk,32,13,hk,arr,,,,1,,
oname:hk_otype:arr_i:32_j:14_zone:1,72.9,0.0,hk,32,14,hk,arr,,,,1,,
oname:hk_otype:arr_i:32_j:15_zone:1,75.9,0.0,hk,32,15,hk,arr,,,,1,,
oname:hk_otype:arr_i:32_j:16_zone:1,77.7,0.0,hk,32,16,hk,arr,,,,1,,
oname:hk_otype:arr_i:32_j:17_zone:1,70.8,0.0,hk,32,17,hk,arr,,,,1,,
oname:hk_otype:arr_i:32_j:18_zone:1,59.8,0.0,hk,32,18,hk,arr,,,,1,,
oname:hk_otype:arr_i:32_j:19_zone:1,47.3,0.0,hk,32,19,hk,arr,,,,1,,
oname:hk_otype:arr_i:32_j:1_zone:1,39.6,0.0,hk,32,1,hk,arr,,,,1,,
oname:hk_otype:arr_i:32_j:2_zone:1,34.1,0.0,hk,32,2,hk,arr,,,,1,,
oname:hk_otype:arr_i:32_j:3_zone:1,31.6,0.0,hk,32,3,hk,arr,,,,1,,
oname:hk_otype:arr_i:32_j:4_zone:1,30.5,0.0,hk,32,4,hk,arr,,,,1,,
oname:hk_otype:arr_i:32_j:5_zone:1,46.2,0.0,hk,32,5,hk,arr,,,,1,,
oname:hk_otype:arr_i:32_j:6_zone:1,41.5,0.0,hk,32,6,hk,arr,,,,1,,
oname:hk_otype:arr_i:32_j:7_zone:1,68.1,0.0,hk,32,7,hk,arr,,,,1,,
oname:hk_otype:arr_i:32_j:8_zone:1,55.5,0.0,hk,32,8,hk,arr,,,,1,,
oname:hk_otype:arr_i:32_j:9_zone:1,52.0,0.0,hk,32,9,hk,arr,,,,1,,
oname:hk_otype:arr_i:33_j:10_zone:1,38.3,0.0,hk,33,10,hk,arr,,,,1,,
oname:hk_otype:arr_i:33_j:11_zone:1,27.1,0.0,hk,33,11,hk,arr,,,,1,,
oname:hk_otype:arr_i:33_j:12_zone:1,38.9,0.0,hk,33,12,hk,arr,,,,1,,
oname:hk_otype:arr_i:33_j:13_zone:1,58.3,0.0,hk,33,13,hk,arr,,,,1,,
oname:hk_otype:arr_i:33_j:14_zone:1,60.5,0.0,hk,33,14,hk,arr,,,,1,,
oname:hk_otype:arr_i:33_j:15_zone:1,47.5,0.0,hk,33,15,hk,arr,,,,1,,
oname:hk_otype:arr_i:33_j:16_zone:1,59.3,0.0,hk,33,16,hk,arr,,,,1,,
oname:hk_otype:arr_i:33_j:17_zone:1,68.6,0.0,hk,33,17,hk,arr,,,,1,,
oname:hk_otype:arr_i:33_j:18_zone:1,48.4,0.0,hk,33,18,hk,arr,,,,1,,
oname:hk_otype:arr_i:33_j:19_zone:1,62.0,0.0,hk,33,19,hk,arr,,,,1,,
oname:hk_otype:arr_i:33_j:2_zone:1,32.0,0.0,hk,33,2,hk,arr,,,,1,,
oname:hk_otype:arr_i:33_j:3_zone:1,23.3,0.0,hk,33,3,hk,arr,,,,1,,
oname:hk_otype:arr_i:33_j:4_zone:1,24.8,0.0,hk,33,4,hk,arr,,,,1,,
oname:hk_otype:arr_i:33_j:5_zone:1,45.1,0.0,hk,33,5,hk,arr,,,,1,,
oname:hk_otype:arr_i:33_j:6_zone:1,41.9,0.0,hk,33,6,hk,arr,,,,1,,
oname:hk_otype:arr_i:33_j:7_zone:1,37.0,0.0,hk,33,7,hk,arr,,,,1,,
oname:hk_otype:arr_i:33_j:8_zone:1,58.1,0.0,hk,33,8,hk,arr,,,,1,,
oname:hk_otype:arr_i:33_j:9_zone:1,60.4,0.0,hk,33,9,hk,arr,,,,1,,
oname:hk_otype:arr_i:34_j:10_zone:1,24.3,0.0,hk,34,10,hk,arr,,,,1,,
oname:hk_otype:arr_i:34_j:11_zone:1,30.9,0.0,hk,34,11,hk,arr,,,,1,,
oname:hk_otype:arr_i:34_j:12_zone:1,27.6,0.0,hk,34,12,hk,arr,,,,1,,
oname:hk_otype:arr_i:34_j:13_zone:1,43.6,0.0,hk,34,13,hk,arr,,,,1,,
oname:hk_otype:arr_i:34_j:14_zone:1,52.1,0.0,hk,34,14,hk,arr,,,,1,,
oname:hk_otype:arr_i:34_j:15_zone:1,57.4,0.0,hk,34,15,hk,arr,,,,1,,
oname:hk_otype:arr_i:34_j:16_zone:1,50.7,0.0,hk,34,16,hk,arr,,,,1,,
oname:hk_otype:arr_i:34_j:17_zone:1,38.9,0.0,hk,34,17,hk,arr,,,,1,,
oname:hk_otype:arr_i:34_j:18_zone:1,41.6,0.0,hk,34,18,hk,arr,,,,1,,
oname:hk_otype:arr_i:34_j:19_zone:1,63.4,0.0,hk,34,19,hk,arr,,,,1,,
oname:hk_otype:arr_i:34_j:3_zone:1,16.6,0.0,hk,34,3,hk,arr,,,,1,,
oname:hk_otype:arr_i:34_j:4_zone:1,35.4,0.0,hk,34,4,hk,arr,,,,1,,
oname:hk_otype:arr_i:34_j:5_zone:1,32.8,0.0,hk,34,5,hk,arr,,,,1,,
oname:hk_otype:arr_i:34_j:6_zone:1,35.1,0.0,hk,34,6,hk,arr,,,,1,,
oname:hk_otype:arr_i:34_j:7_zone:1,39.1,0.0,hk,34,7,hk,arr,,,,1,,
oname:hk_otype:arr_i:34_j:8_zone:1,48.8,0.0,hk,34,8,hk,arr,,,,1,,
oname:hk_otype:arr_i:34_j:9_zone:1,56.6,0.0,hk,34,9,hk,arr,,,,1,,
oname:hk_otype:arr_i:35_j:10_zone:1,20.5,0.0,hk,35,10,hk,arr,,,,1,,
oname:hk_otype:arr_i:35_j:11_zone:1,49.6,0.0,hk,35,11,hk,arr,,,,1,,
oname:hk_otype:arr_i:35_j:12_zone:1,29.9,0.0,hk,35,12,hk,arr,,,,1,,
oname:hk_otype:arr_i:35_j:13_zone:1,33.5,0.0,hk,35,13,hk,arr,,,,1,,
oname:hk_otype:arr_i:35_j:14_zone:1,55.0,0.0,hk,35,14,hk,arr,,,,1,,
oname:hk_otype:arr_i:35_j:15_zone:1,93.5,0.0,hk,35,15,hk,arr,,,,1,,
oname:hk_otype:arr_i:35_j:16_zone:1,52.0,0.0,hk,35,16,hk,arr,,,,1,,
oname:hk_otype:arr_i:35_j:17_zone:1,40.9,0.0,hk,35,17,hk,arr,,,,1,,
oname:hk_otype:arr_i:35_j:18_zone:1,26.2,0.0,hk,35,18,hk,arr,,,,1,,
oname:hk_otype:arr_i:35_j:4_zone:1,37.1,0.0,hk,35,4,hk,arr,,,,1,,
oname:hk_otype:arr_i:35_j:5_zone:1,31.9,0.0,hk,35,5,hk,arr,,,,1,,
oname:hk_otype:arr_i:35_j:6_zone:1,42.2,0.0,hk,35,6,hk,arr,,,,1,,
oname:hk_otype:arr_i:35_j:7_zone:1,30.3,0.0,hk,35,7,hk,arr,,,,1,,
oname:hk_otype:arr_i:35_j:8_zone:1,34.4,0.0,hk,35,8,hk,arr,,,,1,,
oname:hk_otype:arr_i:35_j:9_zone:1,43.9,0.0,hk,35,9,hk,arr,,,,1,,
oname:hk_otype:arr_i:36_j:10_zone:1,53.1,0.0,hk,36,10,hk,arr,,,,1,,
oname:hk_otype:arr_i:36_j:11_zone:1,33.2,0.0,hk,36,11,hk,arr,,,,1,,
oname:hk_otype:arr_i:36_j:12_zone:1,24.6,0.0,hk,36,12,hk,arr,,,,1,,
oname:hk_otype:arr_i:36_j:13_zone:1,30.4,0.0,hk,36,13,hk,arr,,,,1,,
oname:hk_otype:arr_i:36_j:14_zone:1,52.1,0.0,hk,36,14,hk,arr,,,,1,,
oname:hk_otype:arr_i:36_j:15_zone:1,82.0,0.0,hk,36,15,hk,arr,,,,1,,
oname:hk_otype:arr_i:36_j:16_zone:1,57.6,0.0,hk,36,16,hk,arr,,,,1,,
oname:hk_otype:arr_i:36_j:17_zone:1,42.8,0.0,hk,36,17,hk,arr,,,,1,,
oname:hk_otype:arr_i:36_j:18_zone:1,30.9,0.0,hk,36,18,hk,arr,,,,1,,
oname:hk_otype:arr_i:36_j:4_zone:1,34.7,0.0,hk,36,4,hk,arr,,,,1,,
oname:hk_otype:arr_i:36_j:5_zone:1,23.7,0.0,hk,36,5,hk,arr,,,,1,,
oname:hk_otype:arr_i:36_j:6_zone:1,42.9,0.0,hk,36,6,hk,arr,,,,1,,
oname:hk_otype:arr_i:36_j:7_zone:1,54.8,0.0,hk,36,7,hk,arr,,,,1,,
oname:hk_otype:arr_i:36_j:8_zone:1,30.5,0.0,hk,36,8,hk,arr,,,,1,,
oname:hk_otype:arr_i:36_j:9_zone:1,46.1,0.0,hk,36,9,hk,arr,,,,1,,
oname:hk_otype:arr_i:37_j:10_zone:1,39.1,0.0,hk,37,10,hk,arr,,,,1,,
oname:hk_otype:arr_i:37_j:11_zone:1,24.1,0.0,hk,37,11,hk,arr,,,,1,,
oname:hk_otype:arr_i:37_j:12_zone:1,30.5,0.0,hk,37,12,hk,arr,,,,1,,
oname:hk_otype:arr_i:37_j:13_zone:1,42.8,0.0,hk,37,13,hk,arr,,,,1,,
oname:hk_otype:arr_i:37_j:14_zone:1,70.4,0.0,hk,37,14,hk,arr,,,,1,,
oname:hk_otype:arr_i:37_j:15_zone:1,100.0,0.0,hk,37,15,hk,arr,,,,1,,
oname:hk_otype:arr_i:37_j:16_zone:1,79.8,0.0,hk,37,16,hk,arr,,,,1,,
oname:hk_otype:arr_i:37_j:17_zone:1,53.1,0.0,hk,37,17,hk,arr,,,,1,,
oname:hk_otype:arr_i:37_j:5_zone:1,23.2,0.0,hk,37,5,hk,arr,,,,1,,
oname:hk_otype:arr_i:37_j:6_zone:1,38.8,0.0,hk,37,6,hk,arr,,,,1,,
oname:hk_otype:arr_i:37_j:7_zone:1,42.6,0.0,hk,37,7,hk,arr,,,,1,,
oname:hk_otype:arr_i:37_j:8_zone:1,48.2,0.0,hk,37,8,hk,arr,,,,1,,
oname:hk_otype:arr_i:37_j:9_zone:1,33.3,0.0,hk,37,9,hk,arr,,,,1,,
oname:hk_otype:arr_i:38_j:10_zone:1,28.5,0.0,hk,38,10,hk,arr,,,,1,,
oname:hk_otype:arr_i:38_j:11_zone:1,22.9,0.0,hk,38,11,hk,arr,,,,1,,
oname:hk_otype:arr_i:38_j:12_zone:1,25.1,0.0,hk,38,12,hk,arr,,,,1,,
oname:hk_otype:arr_i:38_j:13_zone:1,34.0,0.0,hk,38,13,hk,arr,,,,1,,
oname:hk_otype:arr_i:38_j:14_zone:1,57.4,0.0,hk,38,14,hk,arr,,,,1,,
oname:hk_otype:arr_i:38_j:15_zone:1,46.5,0.0,hk,38,15,hk,arr,,,,1,,
oname:hk_otype:arr_i:38_j:16_zone:1,73.7,0.0,hk,38,16,hk,arr,,,,1,,
oname:hk_otype:arr_i:38_j:5_zone:1,29.2,0.0,hk,38,5,hk,arr,,,,1,,
oname:hk_otype:arr_i:38_j:6_zone:1,29.7,0.0,hk,38,6,hk,arr,,,,1,,
oname:hk_otype:arr_i:38_j:7_zone:1,27.2,0.0,hk,38,7,hk,arr,,,,1,,
oname:hk_otype:arr_i:38_j:8_zone:1,27.2,0.0,hk,38,8,hk,arr,,,,1,,
oname:hk_otype:arr_i:38_j:9_zone:1,26.0,0.0,hk,38,9,hk,arr,,,,1,,
oname:hk_otype:arr_i:39_j:10_zone:1,17.9,0.0,hk,39,10,hk,arr,,,,1,,
oname:hk_otype:arr_i:39_j:11_zone:1,28.7,0.0,hk,39,11,hk,arr,,,,1,,
oname:hk_otype:arr_i:39_j:12_zone:1,28.5,0.0,hk,39,12,hk,arr,,,,1,,
oname:hk_otype:arr_i:39_j:13_zone:1,41.8,0.0,hk,39,13,hk,arr,,,,1,,
oname:hk_otype:arr_i:39_j:14_zone:1,29.9,0.0,hk,39,14,hk,arr,,,,1,,
oname:hk_otype:arr_i:39_j:15_zone:1,50.3,0.0,hk,39,15,hk,arr,,,,1,,
oname:hk_otype:arr_i:39_j:5_zone:1,18.5,0.0,hk,39,5,hk,arr,,,,1,,
oname:hk_otype:arr_i:39_j:6_zone:1,16.0,0.0,hk,39,6,hk,arr,,,,1,,
oname:hk_otype:arr_i:39_j:7_zone:1,30.2,0.0,hk,39,7,hk,arr,,,,1,,
oname:hk_otype:arr_i:39_j:8_zone:1,21.0,0.0,hk,39,8,hk,arr,,,,1,,
oname:hk_otype:arr_i:39_j:9_zone:1,14.4,0.0,hk,39,9,hk,arr,,,,1,,
oname:hk_otype:arr_i:3_j:0_zone:1,9.0,0.0,hk,3,0,hk,arr,,,,1,,
oname:hk_otype:arr_i:3_j:10_zone:1,27.8,0.0,hk,3,10,hk,arr,,,,1,,
oname:hk_otype:arr_i:3_j:11_zone:1,40.7,0.0,hk,3,11,hk,arr,,,,1,,
oname:hk_otype:arr_i:3_j:12_zone:1,30.6,0.0,hk,3,12,hk,arr,,,,1,,
oname:hk_otype:arr_i:3_j:13_zone:1,29.9,0.0,hk,3,13,hk,arr,,,,1,,
oname:hk_otype:arr_i:3_j:14_zone:1,39.4,0.0,hk,3,14,hk,arr,,,,1,,
oname:hk_otype:arr_i:3_j:15_zone:1,34.8,0.0,hk,3,15,hk,arr,,,,1,,
oname:hk_otype:arr_i:3_j:16_zone:1,21.3,0.0,hk,3,16,hk,arr,,,,1,,
oname:hk_otype:arr_i:3_j:17_zone:1,14.1,0.0,hk,3,17,hk,arr,,,,1,,
oname:hk_otype:arr_i:3_j:18_zone:1,21.8,0.0,hk,3,18,hk,arr,,,,1,,
oname:hk_otype:arr_i:3_j:19_zone:1,21.2,0.0,hk,3,19,hk,arr,,,,1,,
oname:hk_otype:arr_i:3_j:1_zone:1,15.8,0.0,hk,3,1,hk,arr,,,,1,,
oname:hk_otype:arr_i:3_j:2_zone:1,14.0,0.0,hk,3,2,hk,arr,,,,1,,
oname:hk_otype:arr_i:3_j:3_zone:1,8.9,0.0,hk,3,3,hk,arr,,,,1,,
oname:hk_otype:arr_i:3_j:4_zone:1,11.8,0.0,hk,3,4,hk,arr,,,,1,,
oname:hk_otype:arr_i:3_j:5_zone:1,7.7,0.0,hk,3,5,hk,arr,,,,1,,
oname:hk_otype:arr_i:3_j:6_zone:1,10.9,0.0,hk,3,6,hk,arr,,,,1,,
oname:hk_otype:arr_i:3_j:7_zone:1,13.7,0.0,hk,3,7,hk,arr,,,,1,,
oname:hk_otype:arr_i:3_j:8_zone:1,18.0,0.0,hk,3,8,hk,arr,,,,1,,
oname:hk_otype:arr_i:3_j:9_zone:1,22.5,0.0,hk,3,9,hk,arr,,,,1,,
oname:hk_otype:arr_i:4_j:0_zone:1,16.1,0.0,hk,4,0,hk,arr,,,,1,,
oname:hk_otype:arr_i:4_j:10_zone:1,26.5,0.0,hk,4,10,hk,arr,,,,1,,
oname:hk_otype:arr_i:4_j:11_zone:1,23.0,0.0,hk,4,11,hk,arr,,,,1,,
oname:hk_otype:arr_i:4_j:12_zone:1,18.2,0.0,hk,4,12,hk,arr,,,,1,,
oname:hk_otype:arr_i:4_j:13_zone:1,31.6,0.0,hk,4,13,hk,arr,,,,1,,
oname:hk_otype:arr_i:4_j:14_zone:1,30.7,0.0,hk,4,14,hk,arr,,,,1,,
oname:hk_otype:arr_i:4_j:15_zone:1,45.8,0.0,hk,4,15,hk,arr,,,,1,,
oname:hk_otype:arr_i:4_j:16_zone:1,29.5,0.0,hk,4,16,hk,arr,,,,1,,
oname:hk_otype:arr_i:4_j:17_zone:1,21.2,0.0,hk,4,17,hk,arr,,,,1,,
oname:hk_otype:arr_i:4_j:18_zone:1,23.6,0.0,hk,4,18,hk,arr,,,,1,,
oname:hk_otype:arr_i:4_j:19_zone:1,47.8,0.0,hk,4,19,hk,arr,,,,1,,
oname:hk_otype:arr_i:4_j:1_zone:1,26.1,0.0,hk,4,1,hk,arr,,,,1,,
oname:hk_otype:arr_i:4_j:2_zone:1,26.4,0.0,hk,4,2,hk,arr,,,,1,,
oname:hk_otype:arr_i:4_j:3_zone:1,14.7,0.0,hk,4,3,hk,arr,,,,1,,
oname:hk_otype:arr_i:4_j:4_zone:1,15.1,0.0,hk,4,4,hk,arr,,,,1,,
oname:hk_otype:arr_i:4_j:5_zone:1,13.1,0.0,hk,4,5,hk,arr,,,,1,,
oname:hk_otype:arr_i:4_j:6_zone:1,10.3,0.0,hk,4,6,hk,arr,,,,1,,
oname:hk_otype:arr_i:4_j:7_zone:1,8.5,0.0,hk,4,7,hk,arr,,,,1,,
oname:hk_otype:arr_i:4_j:8_zone:1,14.8,0.0,hk,4,8,hk,arr,,,,1,,
oname:hk_otype:arr_i:4_j:9_zone:1,17.1,0.0,hk,4,9,hk,arr,,,,1,,
oname:hk_otype:arr_i:5_j:0_zone:1,35.9,0.0,hk,5,0,hk,arr,,,,1,,
oname:hk_otype:arr_i:5_j:10_zone:1,23.6,0.0,hk,5,10,hk,arr,,,,1,,
oname:hk_otype:arr_i:5_j:11_zone:1,20.7,0.0,hk,5,11,hk,arr,,,,1,,
oname:hk_otype:arr_i:5_j:12_zone:1,21.2,0.0,hk,5,12,hk,arr,,,,1,,
oname:hk_otype:arr_i:5_j:13_zone:1,19.4,0.0,hk,5,13,hk,arr,,,,1,,
oname:hk_otype:arr_i:5_j:14_zone:1,23.4,0.0,hk,5,14,hk,arr,,,,1,,
oname:hk_otype:arr_i:5_j:15_zone:1,26.7,0.0,hk,5,15,hk,arr,,,,1,,
oname:hk_otype:arr_i:5_j:16_zone:1,40.7,0.0,hk,5,16,hk,arr,,,,1,,
oname:hk_otype:arr_i:5_j:17_zone:1,24.8,0.0,hk,5,17,hk,arr,,,,1,,
oname:hk_otype:arr_i:5_j:18_zone:1,25.5,0.0,hk,5,18,hk,arr,,,,1,,
oname:hk_otype:arr_i:5_j:19_zone:1,21.3,0.0,hk,5,19,hk,arr,,,,1,,
oname:hk_otype:arr_i:5_j:1_zone:1,32.7,0.0,hk,5,1,hk,arr,,,,1,,
oname:hk_otype:arr_i:5_j:2_zone:1,32.0,0.0,hk,5,2,hk,arr,,,,1,,
oname:hk_otype:arr_i:5_j:3_zone:1,26.3,0.0,hk,5,3,hk,arr,,,,1,,
oname:hk_otype:arr_i:5_j:4_zone:1,22.4,0.0,hk,5,4,hk,arr,,,,1,,
oname:hk_otype:arr_i:5_j:5_zone:1,19.8,0.0,hk,5,5,hk,arr,,,,1,,
oname:hk_otype:arr_i:5_j:6_zone:1,14.0,0.0,hk,5,6,hk,arr,,,,1,,
oname:hk_otype:arr_i:5_j:7_zone:1,14.9,0.0,hk,5,7,hk,arr,,,,1,,
oname:hk_otype:arr_i:5_j:8_zone:1,9.2,0.0,hk,5,8,hk,arr,,,,1,,
oname:hk_otype:arr_i:5_j:9_zone:1,12.8,0.0,hk,5,9,hk,arr,,,,1,,
oname:hk_otype:arr_i:6_j:0_zone:1,53.0,0.0,hk,6,0,hk,arr,,,,1,,
oname:hk_otype:arr_i:6_j:10_zone:1,15.6,0.0,hk,6,10,hk,arr,,,,1,,
oname:hk_otype:arr_i:6_j:11_zone:1,14.0,0.0,hk,6,11,hk,arr,,,,1,,
oname:hk_otype:arr_i:6_j:12_zone:1,13.8,0.0,hk,6,12,hk,arr,,,,1,,
oname:hk_otype:arr_i:6_j:13_zone:1,18.1,0.0,hk,6,13,hk,arr,,,,1,,
oname:hk_otype:arr_i:6_j:14_zone:1,23.8,0.0,hk,6,14,hk,arr,,,,1,,
oname:hk_otype:arr_i:6_j:15_zone:1,23.6,0.0,hk,6,15,hk,arr,,,,1,,
oname:hk_otype:arr_i:6_j:16_zone:1,26.2,0.0,hk,6,16,hk,arr,,,,1,,
oname:hk_otype:arr_i:6_j:17_zone:1,34.0,0.0,hk,6,17,hk,arr,,,,1,,
oname:hk_otype:arr_i:6_j:18_zone:1,19.3,0.0,hk,6,18,hk,arr,,,,1,,
oname:hk_otype:arr_i:6_j:19_zone:1,15.7,0.0,hk,6,19,hk,arr,,,,1,,
oname:hk_otype:arr_i:6_j:1_zone:1,55.2,0.0,hk,6,1,hk,arr,,,,1,,
oname:hk_otype:arr_i:6_j:2_zone:1,49.3,0.0,hk,6,2,hk,arr,,,,1,,
oname:hk_otype:arr_i:6_j:3_zone:1,40.1,0.0,hk,6,3,hk,arr,,,,1,,
oname:hk_otype:arr_i:6_j:4_zone:1,25.5,0.0,hk,6,4,hk,arr,,,,1,,
oname:hk_otype:arr_i:6_j:5_zone:1,13.6,0.0,hk,6,5,hk,arr,,,,1,,
oname:hk_otype:arr_i:6_j:6_zone:1,17.2,0.0,hk,6,6,hk,arr,,,,1,,
oname:hk_otype:arr_i:6_j:7_zone:1,21.8,0.0,hk,6,7,hk,arr,,,,1,,
oname:hk_otype:arr_i:6_j:8_zone:1,14.5,0.0,hk,6,8,hk,arr,,,,1,,
oname:hk_otype:arr_i:6_j:9_zone:1,12.7,0.0,hk,6,9,hk,arr,,,,1,,
oname:hk_otype:arr_i:7_j:0_zone:1,70.9,0.0,hk,7,0,hk,arr,,,,1,,
oname:hk_otype:arr_i:7_j:10_zone:1,14.0,0.0,hk,7,10,hk,arr,,,,1,,
oname:hk_otype:arr_i:7_j:11_zone:1,9.2,0.0,hk,7,11,hk,arr,,,,1,,
oname:hk_otype:arr_i:7_j:12_zone:1,10.0,0.0,hk,7,12,hk,arr,,,,1,,
oname:hk_otype:arr_i:7_j:13_zone:1,15.4,0.0,hk,7,13,hk,arr,,,,1,,
oname:hk_otype:arr_i:7_j:14_zone:1,20.6,0.0,hk,7,14,hk,arr,,,,1,,
oname:hk_otype:arr_i:7_j:15_zone:1,24.7,0.0,hk,7,15,hk,arr,,,,1,,
oname:hk_otype:arr_i:7_j:16_zone:1,16.6,0.0,hk,7,16,hk,arr,,,,1,,
oname:hk_otype:arr_i:7_j:17_zone:1,21.7,0.0,hk,7,17,hk,arr,,,,1,,
oname:hk_otype:arr_i:7_j:18_zone:1,18.6,0.0,hk,7,18,hk,arr,,,,1,,
oname:hk_otype:arr_i:7_j:19_zone:1,18.0,0.0,hk,7,19,hk,arr,,,,1,,
oname:hk_otype:arr_i:7_j:1_zone:1,57.2,0.0,hk,7,1,hk,arr,,,,1,,
oname:hk_otype:arr_i:7_j:2_zone:1,93.2,0.0,hk,7,2,hk,arr,,,,1,,
oname:hk_otype:arr_i:7_j:3_zone:1,59.0,0.0,hk,7,3,hk,arr,,,,1,,
oname:hk_otype:arr_i:7_j:4_zone:1,22.7,0.0,hk,7,4,hk,arr,,,,1,,
oname:hk_otype:arr_i:7_j:5_zone:1,19.9,0.0,hk,7,5,hk,arr,,,,1,,
oname:hk_otype:arr_i:7_j:6_zone:1,22.2,0.0,hk,7,6,hk,arr,,,,1,,
oname:hk_otype:arr_i:7_j:7_zone:1,14.2,0.0,hk,7,7,hk,arr,,,,1,,
oname:hk_otype:arr_i:7_j:8_zone:1,8.4,0.0,hk,7,8,hk,arr,,,,1,,
oname:hk_otype:arr_i:7_j:9_zone:1,11.5,0.0,hk,7,9,hk,arr,,,,1,,
oname:hk_otype:arr_i:8_j:0_zone:1,80.2,0.0,hk,8,0,hk,arr,,,,1,,
oname:hk_otype:arr_i:8_j:10_zone:1,12.1,0.0,hk,8,10,hk,arr,,,,1,,
oname:hk_otype:arr_i:8_j:11_zone:1,7.1,0.0,hk,8,11,hk,arr,,,,1,,
oname:hk_otype:arr_i:8_j:12_zone:1,8.8,0.0,hk,8,12,hk,arr,,,,1,,
oname:hk_otype:arr_i:8_j:13_zone:1,17.7,0.0,hk,8,13,hk,arr,,,,1,,
oname:hk_otype:arr_i:8_j:14_zone:1,24.1,0.0,hk,8,14,hk,arr,,,,1,,
oname:hk_otype:arr_i:8_j:15_zone:1,25.0,0.0,hk,8,15,hk,arr,,,,1,,
oname:hk_otype:arr_i:8_j:16_zone:1,31.4,0.0,hk,8,16,hk,arr,,,,1,,
oname:hk_otype:arr_i:8_j:17_zone:1,17.4,0.0,hk,8,17,hk,arr,,,,1,,
oname:hk_otype:arr_i:8_j:18_zone:1,19.4,0.0,hk,8,18,hk,arr,,,,1,,
oname:hk_otype:arr_i:8_j:19_zone:1,24.3,0.0,hk,8,19,hk,arr,,,,1,,
oname:hk_otype:arr_i:8_j:1_zone:1,59.6,0.0,hk,8,1,hk,arr,,,,1,,
oname:hk_otype:arr_i:8_j:2_zone:1,66.5,0.0,hk,8,2,hk,arr,,,,1,,
oname:hk_otype:arr_i:8_j:3_zone:1,32.7,0.0,hk,8,3,hk,arr,,,,1,,
oname:hk_otype:arr_i:8_j:7_zone:1,10.4,0.0,hk,8,7,hk,arr,,,,1,,
oname:hk_otype:arr_i:8_j:8_zone:1,9.5,0.0,hk,8,8,hk,arr,,,,1,,
oname:hk_otype:arr_i:8_j:9_zone:1,11.0,0.0,hk,8,9,hk,arr,,,,1,,
oname:hk_otype:arr_i:9_j:0_zone:1,60.9,0.0,hk,9,0,hk,arr,,,,1,,
oname:hk_otype:arr_i:9_j:10_zone:1,15.3,0.0,hk,9,10,hk,arr,,,,1,,
oname:hk_otype:arr_i:9_j:11_zone:1,11.2,0.0,hk,9,11,hk,arr,,,,1,,
oname:hk_otype:arr_i:9_j:12_zone:1,18.0,0.0,hk,9,12,hk,arr,,,,1,,
oname:hk_otype:arr_i:9_j:13_zone:1,20.2,0.0,hk,9,13,hk,arr,,,,1,,
oname:hk_otype:arr_i:9_j:14_zone:1,44.4,0.0,hk,9,14,hk,arr,,,,1,,
oname:hk_otype:arr_i:9_j:15_zone:1,45.5,0.0,hk,9,15,hk,arr,,,,1,,
oname:hk_otype:arr_i:9_j:16_zone:1,22.3,0.0,hk,9,16,hk,arr,,,,1,,
oname:hk_otype:arr_i:9_j:17_zone:1,31.5,0.0,hk,9,17,hk,arr,,,,1,,
oname:hk_otype:arr_i:9_j:18_zone:1,21.0,0.0,hk,9,18,hk,arr,,,,1,,
oname:hk_otype:arr_i:9_j:19_zone:1,28.9,0.0,hk,9,19,hk,arr,,,,1,,
oname:hk_otype:arr_i:9_j:1_zone:1,52.5,0.0,hk,9,1,hk,arr,,,,1,,
oname:hk_otype:arr_i:9_j:2_zone:1,38.1,0.0,hk,9,2,hk,arr,,,,1,,
oname:hk_otype:arr_i:9_j:3_zone:1,23.2,0.0,hk,9,3,hk,arr,,,,1,,
oname:hk_otype:arr_i:9_j:8_zone:1,10.2,0.0,hk,9,8,hk,arr,,,,1,,
oname:hk_otype:arr_i:9_j:9_zone:1,10.3,0.0,hk,9,9,hk,arr,,,,1,,
oname:hdslay1_t1_otype:arr_i:0_j:0,35.02421,0.0,hdslay1_t1,0,0,hdslay1,arr,,,,,,
oname:hdslay1_t1_otype:arr_i:0_j:1,35.01243,0.0,hdslay1_t1,0,1,hdslay1,arr,,,,,,
oname:hdslay1_t1_otype:arr_i:0_j:10,34.42269,0.0,hdslay1_t1,0,10,hdslay1,arr,,,,,,
oname:hdslay1_t1_otype:arr_i:0_j:11,34.37695,0.0,hdslay1_t1,0,11,hdslay1,arr,,,,,,
oname:hdslay1_t1_otype:arr_i:0_j:12,34.33982,0.0,hdslay1_t1,0,12,hdslay1,arr,,,,,,
oname:hdslay1_t1_otype:arr_i:0_j:13,34.30258,0.0,hdslay1_t1,0,13,hdslay1,arr,,,,,,
oname:hdslay1_t1_otype:arr_i:0_j:14,34.26366,0.0,hdslay1_t1,0,14,hdslay1,arr,,,,,,
oname:hdslay1_t1_otype:arr_i:0_j:15,34.21732,0.0,hdslay1_t1,0,15,hdslay1,arr,,,,,,
oname:hdslay1_t1_otype:arr_i:0_j:16,34.21368,0.0,hdslay1_t1,0,16,hdslay1,arr,,,,,,
oname:hdslay1_t1_otype:arr_i:0_j:17,34.2094,0.0,hdslay1_t1,0,17,hdslay1,arr,,,,,,
oname:hdslay1_t1_otype:arr_i:0_j:18,34.206,0.0,hdslay1_t1,0,18,hdslay1,arr,,,,,,
oname:hdslay1_t1_otype:arr_i:0_j:19,34.20443,0.0,hdslay1_t1,0,19,hdslay1,arr,,,,,,
oname:hdslay1_t1_otype:arr_i:0_j:2,34.98487,0.0,hdslay1_t1,0,2,hdslay1,arr,,,,,,
oname:hdslay1_t1_otype:arr_i:0_j:3,34.95281,0.0,hdslay1_t1,0,3,hdslay1,arr,,,,,,
oname:hdslay1_t1_otype:arr_i:0_j:4,34.89876,0.0,hdslay1_t1,0,4,hdslay1,arr,,,,,,
oname:hdslay1_t1_otype:arr_i:0_j:5,34.81148,0.0,hdslay1_t1,0,5,hdslay1,arr,,,,,,
oname:hdslay1_t1_otype:arr_i:0_j:6,34.70565,0.0,hdslay1_t1,0,6,hdslay1,arr,,,,,,
oname:hdslay1_t1_otype:arr_i:0_j:7,34.61451,0.0,hdslay1_t1,0,7,hdslay1,arr,,,,,,
oname:hdslay1_t1_otype:arr_i:0_j:8,34.53675,0.0,hdslay1_t1,0,8,hdslay1,arr,,,,,,
oname:hdslay1_t1_otype:arr_i:0_j:9,34.47365,0.0,hdslay1_t1,0,9,hdslay1,arr,,,,,,
oname:hdslay1_t1_otype:arr_i:10_j:0,34.9565,0.0,hdslay1_t1,10,0,hdslay1,arr,,,,,,
oname:hdslay1_t1_otype:arr_i:10_j:1,34.95402,0.0,hdslay1_t1,10,1,hdslay1,arr,,,,,,
oname:hdslay1_t1_otype:arr_i:10_j:10,34.16173,0.0,hdslay1_t1,10,10,hdslay1,arr,,,,,,
oname:hdslay1_t1_otype:arr_i:10_j:11,34.1128,0.0,hdslay1_t1,10,11,hdslay1,arr,,,,,,
oname:hdslay1_t1_otype:arr_i:10_j:12,34.06791,0.0,hdslay1_t1,10,12,hdslay1,arr,,,,,,
oname:hdslay1_t1_otype:arr_i:10_j:13,34.03582,0.0,hdslay1_t1,10,13,hdslay1,arr,,,,,,
oname:hdslay1_t1_otype:arr_i:10_j:14,34.02779,0.0,hdslay1_t1,10,14,hdslay1,arr,,,,,,
oname:hdslay1_t1_otype:arr_i:10_j:15,34.01935,0.0,hdslay1_t1,10,15,hdslay1,arr,,,,,,
oname:hdslay1_t1_otype:arr_i:10_j:16,34.01451,0.0,hdslay1_t1,10,16,hdslay1,arr,,,,,,
oname:hdslay1_t1_otype:arr_i:10_j:17,34.02507,0.0,hdslay1_t1,10,17,hdslay1,arr,,,,,,
oname:hdslay1_t1_otype:arr_i:10_j:18,34.03363,0.0,hdslay1_t1,10,18,hdslay1,arr,,,,,,
oname:hdslay1_t1_otype:arr_i:10_j:19,34.03783,0.0,hdslay1_t1,10,19,hdslay1,arr,,,,,,
oname:hdslay1_t1_otype:arr_i:10_j:2,34.9525,0.0,hdslay1_t1,10,2,hdslay1,arr,,,,,,
oname:hdslay1_t1_otype:arr_i:10_j:3,34.95058,0.0,hdslay1_t1,10,3,hdslay1,arr,,,,,,
oname:hdslay1_t1_otype:arr_i:10_j:4,1e+30,0.0,hdslay1_t1,10,4,hdslay1,arr,,,,,,
oname:hdslay1_t1_otype:arr_i:10_j:5,1e+30,0.0,hdslay1_t1,10,5,hdslay1,arr,,,,,,
oname:hdslay1_t1_otype:arr_i:10_j:6,1e+30,0.0,hdslay1_t1,10,6,hdslay1,arr,,,,,,
oname:hdslay1_t1_otype:arr_i:10_j:7,1e+30,0.0,hdslay1_t1,10,7,hdslay1,arr,,,,,,
oname:hdslay1_t1_otype:arr_i:10_j:8,34.21228,0.0,hdslay1_t1,10,8,hdslay1,arr,,,,,,
oname:hdslay1_t1_otype:arr_i:10_j:9,34.19076,0.0,hdslay1_t1,10,9,hdslay1,arr,,,,,,
oname:hdslay1_t1_otype:arr_i:11_j:0,34.93013,0.0,hdslay1_t1,11,0,hdslay1,arr,,,,,,
oname:hdslay1_t1_otype:arr_i:11_j:1,34.92809,0.0,hdslay1_t1,11,1,hdslay1,arr,,,,,,
oname:hdslay1_t1_otype:arr_i:11_j:10,34.12138,0.0,hdslay1_t1,11,10,hdslay1,arr,,,,,,
oname:hdslay1_t1_otype:arr_i:11_j:11,34.08455,0.0,hdslay1_t1,11,11,hdslay1,arr,,,,,,
oname:hdslay1_t1_otype:arr_i:11_j:12,34.04439,0.0,hdslay1_t1,11,12,hdslay1,arr,,,,,,
oname:hdslay1_t1_otype:arr_i:11_j:13,33.99437,0.0,hdslay1_t1,11,13,hdslay1,arr,,,,,,
oname:hdslay1_t1_otype:arr_i:11_j:14,34.0141,0.0,hdslay1_t1,11,14,hdslay1,arr,,,,,,
oname:hdslay1_t1_otype:arr_i:11_j:15,34.01291,0.0,hdslay1_t1,11,15,hdslay1,arr,,,,,,
oname:hdslay1_t1_otype:arr_i:11_j:16,34.01778,0.0,hdslay1_t1,11,16,hdslay1,arr,,,,,,
oname:hdslay1_t1_otype:arr_i:11_j:17,34.02534,0.0,hdslay1_t1,11,17,hdslay1,arr,,,,,,
oname:hdslay1_t1_otype:arr_i:11_j:18,34.03178,0.0,hdslay1_t1,11,18,hdslay1,arr,,,,,,
oname:hdslay1_t1_otype:arr_i:11_j:19,34.03475,0.0,hdslay1_t1,11,19,hdslay1,arr,,,,,,
oname:hdslay1_t1_otype:arr_i:11_j:2,34.92516,0.0,hdslay1_t1,11,2,hdslay1,arr,,,,,,
oname:hdslay1_t1_otype:arr_i:11_j:3,34.92714,0.0,hdslay1_t1,11,3,hdslay1,arr,,,,,,
oname:hdslay1_t1_otype:arr_i:11_j:4,1e+30,0.0,hdslay1_t1,11,4,hdslay1,arr,,,,,,
oname:hdslay1_t1_otype:arr_i:11_j:5,1e+30,0.0,hdslay1_t1,11,5,hdslay1,arr,,,,,,
oname:hdslay1_t1_otype:arr_i:11_j:6,1e+30,0.0,hdslay1_t1,11,6,hdslay1,arr,,,,,,
oname:hdslay1_t1_otype:arr_i:11_j:7,1e+30,0.0,hdslay1_t1,11,7,hdslay1,arr,,,,,,
oname:hdslay1_t1_otype:arr_i:11_j:8,34.15906,0.0,hdslay1_t1,11,8,hdslay1,arr,,,,,,
oname:hdslay1_t1_otype:arr_i:11_j:9,34.14623,0.0,hdslay1_t1,11,9,hdslay1,arr,,,,,,
oname:hdslay1_t1_otype:arr_i:12_j:0,34.89867,0.0,hdslay1_t1,12,0,hdslay1,arr,,,,,,
oname:hdslay1_t1_otype:arr_i:12_j:1,34.89624,0.0,hdslay1_t1,12,1,hdslay1,arr,,,,,,
oname:hdslay1_t1_otype:arr_i:12_j:10,34.10025,0.0,hdslay1_t1,12,10,hdslay1,arr,,,,,,
oname:hdslay1_t1_otype:arr_i:12_j:11,34.07347,0.0,hdslay1_t1,12,11,hdslay1,arr,,,,,,
oname:hdslay1_t1_otype:arr_i:12_j:12,34.04565,0.0,hdslay1_t1,12,12,hdslay1,arr,,,,,,
oname:hdslay1_t1_otype:arr_i:12_j:13,34.02122,0.0,hdslay1_t1,12,13,hdslay1,arr,,,,,,
oname:hdslay1_t1_otype:arr_i:12_j:14,34.01561,0.0,hdslay1_t1,12,14,hdslay1,arr,,,,,,
oname:hdslay1_t1_otype:arr_i:12_j:15,34.01085,0.0,hdslay1_t1,12,15,hdslay1,arr,,,,,,
oname:hdslay1_t1_otype:arr_i:12_j:16,34.01797,0.0,hdslay1_t1,12,16,hdslay1,arr,,,,,,
oname:hdslay1_t1_otype:arr_i:12_j:17,34.02464,0.0,hdslay1_t1,12,17,hdslay1,arr,,,,,,
oname:hdslay1_t1_otype:arr_i:12_j:18,34.03068,0.0,hdslay1_t1,12,18,hdslay1,arr,,,,,,
oname:hdslay1_t1_otype:arr_i:12_j:19,34.0336,0.0,hdslay1_t1,12,19,hdslay1,arr,,,,,,
oname:hdslay1_t1_otype:arr_i:12_j:2,34.89501,0.0,hdslay1_t1,12,2,hdslay1,arr,,,,,,
oname:hdslay1_t1_otype:arr_i:12_j:3,34.89386,0.0,hdslay1_t1,12,3,hdslay1,arr,,,,,,
oname:hdslay1_t1_otype:arr_i:12_j:4,1e+30,0.0,hdslay1_t1,12,4,hdslay1,arr,,,,,,
oname:hdslay1_t1_otype:arr_i:12_j:5,1e+30,0.0,hdslay1_t1,12,5,hdslay1,arr,,,,,,
oname:hdslay1_t1_otype:arr_i:12_j:6,1e+30,0.0,hdslay1_t1,12,6,hdslay1,arr,,,,,,
oname:hdslay1_t1_otype:arr_i:12_j:7,1e+30,0.0,hdslay1_t1,12,7,hdslay1,arr,,,,,,
oname:hdslay1_t1_otype:arr_i:12_j:8,34.12824,0.0,hdslay1_t1,12,8,hdslay1,arr,,,,,,
oname:hdslay1_t1_otype:arr_i:12_j:9,34.11665,0.0,hdslay1_t1,12,9,hdslay1,arr,,,,,,
oname:hdslay1_t1_otype:arr_i:13_j:0,34.86092,0.0,hdslay1_t1,13,0,hdslay1,arr,,,,,,
oname:hdslay1_t1_otype:arr_i:13_j:1,34.86144,0.0,hdslay1_t1,13,1,hdslay1,arr,,,,,,
oname:hdslay1_t1_otype:arr_i:13_j:10,34.08722,0.0,hdslay1_t1,13,10,hdslay1,arr,,,,,,
oname:hdslay1_t1_otype:arr_i:13_j:11,34.06703,0.0,hdslay1_t1,13,11,hdslay1,arr,,,,,,
oname:hdslay1_t1_otype:arr_i:13_j:12,34.04485,0.0,hdslay1_t1,13,12,hdslay1,arr,,,,,,
oname:hdslay1_t1_otype:arr_i:13_j:13,34.02569,0.0,hdslay1_t1,13,13,hdslay1,arr,,,,,,
oname:hdslay1_t1_otype:arr_i:13_j:14,34.01496,0.0,hdslay1_t1,13,14,hdslay1,arr,,,,,,
oname:hdslay1_t1_otype:arr_i:13_j:15,34.00737,0.0,hdslay1_t1,13,15,hdslay1,arr,,,,,,
oname:hdslay1_t1_otype:arr_i:13_j:16,34.01564,0.0,hdslay1_t1,13,16,hdslay1,arr,,,,,,
oname:hdslay1_t1_otype:arr_i:13_j:17,34.02191,0.0,hdslay1_t1,13,17,hdslay1,arr,,,,,,
oname:hdslay1_t1_otype:arr_i:13_j:18,34.02814,0.0,hdslay1_t1,13,18,hdslay1,arr,,,,,,
oname:hdslay1_t1_otype:arr_i:13_j:19,34.03233,0.0,hdslay1_t1,13,19,hdslay1,arr,,,,,,
oname:hdslay1_t1_otype:arr_i:13_j:2,34.86064,0.0,hdslay1_t1,13,2,hdslay1,arr,,,,,,
oname:hdslay1_t1_otype:arr_i:13_j:3,34.85694,0.0,hdslay1_t1,13,3,hdslay1,arr,,,,,,
oname:hdslay1_t1_otype:arr_i:13_j:4,1e+30,0.0,hdslay1_t1,13,4,hdslay1,arr,,,,,,
oname:hdslay1_t1_otype:arr_i:13_j:5,1e+30,0.0,hdslay1_t1,13,5,hdslay1,arr,,,,,,
oname:hdslay1_t1_otype:arr_i:13_j:6,1e+30,0.0,hdslay1_t1,13,6,hdslay1,arr,,,,,,
oname:hdslay1_t1_otype:arr_i:13_j:7,1e+30,0.0,hdslay1_t1,13,7,hdslay1,arr,,,,,,
oname:hdslay1_t1_otype:arr_i:13_j:8,34.10261,0.0,hdslay1_t1,13,8,hdslay1,arr,,,,,,
oname:hdslay1_t1_otype:arr_i:13_j:9,34.09517,0.0,hdslay1_t1,13,9,hdslay1,arr,,,,,,
oname:hdslay1_t1_otype:arr_i:14_j:0,34.80681,0.0,hdslay1_t1,14,0,hdslay1,arr,,,,,,
oname:hdslay1_t1_otype:arr_i:14_j:1,34.81274,0.0,hdslay1_t1,14,1,hdslay1,arr,,,,,,
oname:hdslay1_t1_otype:arr_i:14_j:10,34.07306,0.0,hdslay1_t1,14,10,hdslay1,arr,,,,,,
oname:hdslay1_t1_otype:arr_i:14_j:11,34.05592,0.0,hdslay1_t1,14,11,hdslay1,arr,,,,,,
oname:hdslay1_t1_otype:arr_i:14_j:12,34.03633,0.0,hdslay1_t1,14,12,hdslay1,arr,,,,,,
oname:hdslay1_t1_otype:arr_i:14_j:13,34.02164,0.0,hdslay1_t1,14,13,hdslay1,arr,,,,,,
oname:hdslay1_t1_otype:arr_i:14_j:14,34.01188,0.0,hdslay1_t1,14,14,hdslay1,arr,,,,,,
oname:hdslay1_t1_otype:arr_i:14_j:15,34.00357,0.0,hdslay1_t1,14,15,hdslay1,arr,,,,,,
oname:hdslay1_t1_otype:arr_i:14_j:16,34.01252,0.0,hdslay1_t1,14,16,hdslay1,arr,,,,,,
oname:hdslay1_t1_otype:arr_i:14_j:17,34.0184,0.0,hdslay1_t1,14,17,hdslay1,arr,,,,,,
oname:hdslay1_t1_otype:arr_i:14_j:18,34.02435,0.0,hdslay1_t1,14,18,hdslay1,arr,,,,,,
oname:hdslay1_t1_otype:arr_i:14_j:19,34.02909,0.0,hdslay1_t1,14,19,hdslay1,arr,,,,,,
oname:hdslay1_t1_otype:arr_i:14_j:2,34.81221,0.0,hdslay1_t1,14,2,hdslay1,arr,,,,,,
oname:hdslay1_t1_otype:arr_i:14_j:3,34.81056,0.0,hdslay1_t1,14,3,hdslay1,arr,,,,,,
oname:hdslay1_t1_otype:arr_i:14_j:4,1e+30,0.0,hdslay1_t1,14,4,hdslay1,arr,,,,,,
oname:hdslay1_t1_otype:arr_i:14_j:5,1e+30,0.0,hdslay1_t1,14,5,hdslay1,arr,,,,,,
oname:hdslay1_t1_otype:arr_i:14_j:6,1e+30,0.0,hdslay1_t1,14,6,hdslay1,arr,,,,,,
oname:hdslay1_t1_otype:arr_i:14_j:7,1e+30,0.0,hdslay1_t1,14,7,hdslay1,arr,,,,,,
oname:hdslay1_t1_otype:arr_i:14_j:8,34.07892,0.0,hdslay1_t1,14,8,hdslay1,arr,,,,,,
oname:hdslay1_t1_otype:arr_i:14_j:9,34.07822,0.0,hdslay1_t1,14,9,hdslay1,arr,,,,,,
oname:hdslay1_t1_otype:arr_i:15_j:0,34.75627,0.0,hdslay1_t1,15,0,hdslay1,arr,,,,,,
oname:hdslay1_t1_otype:arr_i:15_j:1,34.7603,0.0,hdslay1_t1,15,1,hdslay1,arr,,,,,,
oname:hdslay1_t1_otype:arr_i:15_j:10,34.05111,0.0,hdslay1_t1,15,10,hdslay1,arr,,,,,,
oname:hdslay1_t1_otype:arr_i:15_j:11,34.03677,0.0,hdslay1_t1,15,11,hdslay1,arr,,,,,,
oname:hdslay1_t1_otype:arr_i:15_j:12,34.02305,0.0,hdslay1_t1,15,12,hdslay1,arr,,,,,,
oname:hdslay1_t1_otype:arr_i:15_j:13,34.01173,0.0,hdslay1_t1,15,13,hdslay1,arr,,,,,,
oname:hdslay1_t1_otype:arr_i:15_j:14,34.00441,0.0,hdslay1_t1,15,14,hdslay1,arr,,,,,,
oname:hdslay1_t1_otype:arr_i:15_j:15,33.99676,0.0,hdslay1_t1,15,15,hdslay1,arr,,,,,,
oname:hdslay1_t1_otype:arr_i:15_j:16,34.00709,0.0,hdslay1_t1,15,16,hdslay1,arr,,,,,,
oname:hdslay1_t1_otype:arr_i:15_j:17,34.01352,0.0,hdslay1_t1,15,17,hdslay1,arr,,,,,,
oname:hdslay1_t1_otype:arr_i:15_j:18,34.02016,0.0,hdslay1_t1,15,18,hdslay1,arr,,,,,,
oname:hdslay1_t1_otype:arr_i:15_j:19,34.02467,0.0,hdslay1_t1,15,19,hdslay1,arr,,,,,,
oname:hdslay1_t1_otype:arr_i:15_j:2,34.75466,0.0,hdslay1_t1,15,2,hdslay1,arr,,,,,,
oname:hdslay1_t1_otype:arr_i:15_j:3,34.74976,0.0,hdslay1_t1,15,3,hdslay1,arr,,,,,,
oname:hdslay1_t1_otype:arr_i:15_j:4,1e+30,0.0,hdslay1_t1,15,4,hdslay1,arr,,,,,,
oname:hdslay1_t1_otype:arr_i:15_j:5,1e+30,0.0,hdslay1_t1,15,5,hdslay1,arr,,,,,,
oname:hdslay1_t1_otype:arr_i:15_j:6,1e+30,0.0,hdslay1_t1,15,6,hdslay1,arr,,,,,,
oname:hdslay1_t1_otype:arr_i:15_j:7,1e+30,0.0,hdslay1_t1,15,7,hdslay1,arr,,,,,,
oname:hdslay1_t1_otype:arr_i:15_j:8,34.05869,0.0,hdslay1_t1,15,8,hdslay1,arr,,,,,,
oname:hdslay1_t1_otype:arr_i:15_j:9,34.05706,0.0,hdslay1_t1,15,9,hdslay1,arr,,,,,,
oname:hdslay1_t1_otype:arr_i:16_j:0,34.70706,0.0,hdslay1_t1,16,0,hdslay1,arr,,,,,,
oname:hdslay1_t1_otype:arr_i:16_j:1,34.70163,0.0,hdslay1_t1,16,1,hdslay1,arr,,,,,,
oname:hdslay1_t1_otype:arr_i:16_j:10,34.02117,0.0,hdslay1_t1,16,10,hdslay1,arr,,,,,,
oname:hdslay1_t1_otype:arr_i:16_j:11,34.01391,0.0,hdslay1_t1,16,11,hdslay1,arr,,,,,,
oname:hdslay1_t1_otype:arr_i:16_j:12,34.00529,0.0,hdslay1_t1,16,12,hdslay1,arr,,,,,,
oname:hdslay1_t1_otype:arr_i:16_j:13,33.99846,0.0,hdslay1_t1,16,13,hdslay1,arr,,,,,,
oname:hdslay1_t1_otype:arr_i:16_j:14,33.99399,0.0,hdslay1_t1,16,14,hdslay1,arr,,,,,,
oname:hdslay1_t1_otype:arr_i:16_j:15,33.98779,0.0,hdslay1_t1,16,15,hdslay1,arr,,,,,,
oname:hdslay1_t1_otype:arr_i:16_j:16,33.99761,0.0,hdslay1_t1,16,16,hdslay1,arr,,,,,,
oname:hdslay1_t1_otype:arr_i:16_j:17,34.00568,0.0,hdslay1_t1,16,17,hdslay1,arr,,,,,,
oname:hdslay1_t1_otype:arr_i:16_j:18,34.013,0.0,hdslay1_t1,16,18,hdslay1,arr,,,,,,
oname:hdslay1_t1_otype:arr_i:16_j:19,34.01768,0.0,hdslay1_t1,16,19,hdslay1,arr,,,,,,
oname:hdslay1_t1_otype:arr_i:16_j:2,34.69308,0.0,hdslay1_t1,16,2,hdslay1,arr,,,,,,
oname:hdslay1_t1_otype:arr_i:16_j:3,34.69131,0.0,hdslay1_t1,16,3,hdslay1,arr,,,,,,
oname:hdslay1_t1_otype:arr_i:16_j:4,1e+30,0.0,hdslay1_t1,16,4,hdslay1,arr,,,,,,
oname:hdslay1_t1_otype:arr_i:16_j:5,1e+30,0.0,hdslay1_t1,16,5,hdslay1,arr,,,,,,
oname:hdslay1_t1_otype:arr_i:16_j:6,1e+30,0.0,hdslay1_t1,16,6,hdslay1,arr,,,,,,
oname:hdslay1_t1_otype:arr_i:16_j:7,1e+30,0.0,hdslay1_t1,16,7,hdslay1,arr,,,,,,
oname:hdslay1_t1_otype:arr_i:16_j:8,34.03135,0.0,hdslay1_t1,16,8,hdslay1,arr,,,,,,
oname:hdslay1_t1_otype:arr_i:16_j:9,34.02979,0.0,hdslay1_t1,16,9,hdslay1,arr,,,,,,
oname:hdslay1_t1_otype:arr_i:17_j:0,34.64519,0.0,hdslay1_t1,17,0,hdslay1,arr,,,,,,
oname:hdslay1_t1_otype:arr_i:17_j:1,34.63989,0.0,hdslay1_t1,17,1,hdslay1,arr,,,,,,
oname:hdslay1_t1_otype:arr_i:17_j:10,33.9902,0.0,hdslay1_t1,17,10,hdslay1,arr,,,,,,
oname:hdslay1_t1_otype:arr_i:17_j:11,33.98607,0.0,hdslay1_t1,17,11,hdslay1,arr,,,,,,
oname:hdslay1_t1_otype:arr_i:17_j:12,33.9787,0.0,hdslay1_t1,17,12,hdslay1,arr,,,,,,
oname:hdslay1_t1_otype:arr_i:17_j:13,33.97453,0.0,hdslay1_t1,17,13,hdslay1,arr,,,,,,
oname:hdslay1_t1_otype:arr_i:17_j:14,33.96993,0.0,hdslay1_t1,17,14,hdslay1,arr,,,,,,
oname:hdslay1_t1_otype:arr_i:17_j:15,33.96369,0.0,hdslay1_t1,17,15,hdslay1,arr,,,,,,
oname:hdslay1_t1_otype:arr_i:17_j:16,33.97789,0.0,hdslay1_t1,17,16,hdslay1,arr,,,,,,
oname:hdslay1_t1_otype:arr_i:17_j:17,33.99024,0.0,hdslay1_t1,17,17,hdslay1,arr,,,,,,
oname:hdslay1_t1_otype:arr_i:17_j:18,33.99973,0.0,hdslay1_t1,17,18,hdslay1,arr,,,,,,
oname:hdslay1_t1_otype:arr_i:17_j:19,34.00313,0.0,hdslay1_t1,17,19,hdslay1,arr,,,,,,
oname:hdslay1_t1_otype:arr_i:17_j:2,34.64141,0.0,hdslay1_t1,17,2,hdslay1,arr,,,,,,
oname:hdslay1_t1_otype:arr_i:17_j:3,34.64795,0.0,hdslay1_t1,17,3,hdslay1,arr,,,,,,
oname:hdslay1_t1_otype:arr_i:17_j:4,1e+30,0.0,hdslay1_t1,17,4,hdslay1,arr,,,,,,
oname:hdslay1_t1_otype:arr_i:17_j:5,1e+30,0.0,hdslay1_t1,17,5,hdslay1,arr,,,,,,
oname:hdslay1_t1_otype:arr_i:17_j:6,1e+30,0.0,hdslay1_t1,17,6,hdslay1,arr,,,,,,
oname:hdslay1_t1_otype:arr_i:17_j:7,1e+30,0.0,hdslay1_t1,17,7,hdslay1,arr,,,,,,
oname:hdslay1_t1_otype:arr_i:17_j:8,34.00202,0.0,hdslay1_t1,17,8,hdslay1,arr,,,,,,
oname:hdslay1_t1_otype:arr_i:17_j:9,33.99805,0.0,hdslay1_t1,17,9,hdslay1,arr,,,,,,
oname:hdslay1_t1_otype:arr_i:18_j:0,34.57288,0.0,hdslay1_t1,18,0,hdslay1,arr,,,,,,
oname:hdslay1_t1_otype:arr_i:18_j:1,34.57484,0.0,hdslay1_t1,18,1,hdslay1,arr,,,,,,
oname:hdslay1_t1_otype:arr_i:18_j:10,33.96725,0.0,hdslay1_t1,18,10,hdslay1,arr,,,,,,
oname:hdslay1_t1_otype:arr_i:18_j:11,33.95934,0.0,hdslay1_t1,18,11,hdslay1,arr,,,,,,
oname:hdslay1_t1_otype:arr_i:18_j:12,33.95189,0.0,hdslay1_t1,18,12,hdslay1,arr,,,,,,
oname:hdslay1_t1_otype:arr_i:18_j:13,33.94453,0.0,hdslay1_t1,18,13,hdslay1,arr,,,,,,
oname:hdslay1_t1_otype:arr_i:18_j:14,33.93302,0.0,hdslay1_t1,18,14,hdslay1,arr,,,,,,
oname:hdslay1_t1_otype:arr_i:18_j:15,33.92742,0.0,hdslay1_t1,18,15,hdslay1,arr,,,,,,
oname:hdslay1_t1_otype:arr_i:18_j:16,33.95077,0.0,hdslay1_t1,18,16,hdslay1,arr,,,,,,
oname:hdslay1_t1_otype:arr_i:18_j:17,33.96796,0.0,hdslay1_t1,18,17,hdslay1,arr,,,,,,
oname:hdslay1_t1_otype:arr_i:18_j:18,33.9815,0.0,hdslay1_t1,18,18,hdslay1,arr,,,,,,
oname:hdslay1_t1_otype:arr_i:18_j:19,33.98596,0.0,hdslay1_t1,18,19,hdslay1,arr,,,,,,
oname:hdslay1_t1_otype:arr_i:18_j:2,34.58284,0.0,hdslay1_t1,18,2,hdslay1,arr,,,,,,
oname:hdslay1_t1_otype:arr_i:18_j:3,34.59496,0.0,hdslay1_t1,18,3,hdslay1,arr,,,,,,
oname:hdslay1_t1_otype:arr_i:18_j:4,1e+30,0.0,hdslay1_t1,18,4,hdslay1,arr,,,,,,
oname:hdslay1_t1_otype:arr_i:18_j:5,1e+30,0.0,hdslay1_t1,18,5,hdslay1,arr,,,,,,
oname:hdslay1_t1_otype:arr_i:18_j:6,1e+30,0.0,hdslay1_t1,18,6,hdslay1,arr,,,,,,
oname:hdslay1_t1_otype:arr_i:18_j:7,1e+30,0.0,hdslay1_t1,18,7,hdslay1,arr,,,,,,
oname:hdslay1_t1_otype:arr_i:18_j:8,33.97769,0.0,hdslay1_t1,18,8,hdslay1,arr,,,,,,
oname:hdslay1_t1_otype:arr_i:18_j:9,33.97276,0.0,hdslay1_t1,18,9,hdslay1,arr,,,,,,
oname:hdslay1_t1_otype:arr_i:19_j:0,34.50094,0.0,hdslay1_t1,19,0,hdslay1,arr,,,,,,
oname:hdslay1_t1_otype:arr_i:19_j:1,34.50131,0.0,hdslay1_t1,19,1,hdslay1,arr,,,,,,
oname:hdslay1_t1_otype:arr_i:19_j:10,33.94651,0.0,hdslay1_t1,19,10,hdslay1,arr,,,,,,
oname:hdslay1_t1_otype:arr_i:19_j:11,33.93572,0.0,hdslay1_t1,19,11,hdslay1,arr,,,,,,
oname:hdslay1_t1_otype:arr_i:19_j:12,33.92756,0.0,hdslay1_t1,19,12,hdslay1,arr,,,,,,
oname:hdslay1_t1_otype:arr_i:19_j:13,33.91091,0.0,hdslay1_t1,19,13,hdslay1,arr,,,,,,
oname:hdslay1_t1_otype:arr_i:19_j:14,33.88495,0.0,hdslay1_t1,19,14,hdslay1,arr,,,,,,
oname:hdslay1_t1_otype:arr_i:19_j:15,33.89249,0.0,hdslay1_t1,19,15,hdslay1,arr,,,,,,
oname:hdslay1_t1_otype:arr_i:19_j:16,33.92301,0.0,hdslay1_t1,19,16,hdslay1,arr,,,,,,
oname:hdslay1_t1_otype:arr_i:19_j:17,33.9405,0.0,hdslay1_t1,19,17,hdslay1,arr,,,,,,
oname:hdslay1_t1_otype:arr_i:19_j:18,33.95123,0.0,hdslay1_t1,19,18,hdslay1,arr,,,,,,
oname:hdslay1_t1_otype:arr_i:19_j:19,33.95908,0.0,hdslay1_t1,19,19,hdslay1,arr,,,,,,
oname:hdslay1_t1_otype:arr_i:19_j:2,34.50863,0.0,hdslay1_t1,19,2,hdslay1,arr,,,,,,
oname:hdslay1_t1_otype:arr_i:19_j:3,34.52061,0.0,hdslay1_t1,19,3,hdslay1,arr,,,,,,
oname:hdslay1_t1_otype:arr_i:19_j:4,1e+30,0.0,hdslay1_t1,19,4,hdslay1,arr,,,,,,
oname:hdslay1_t1_otype:arr_i:19_j:5,1e+30,0.0,hdslay1_t1,19,5,hdslay1,arr,,,,,,
oname:hdslay1_t1_otype:arr_i:19_j:6,1e+30,0.0,hdslay1_t1,19,6,hdslay1,arr,,,,,,
oname:hdslay1_t1_otype:arr_i:19_j:7,1e+30,0.0,hdslay1_t1,19,7,hdslay1,arr,,,,,,
oname:hdslay1_t1_otype:arr_i:19_j:8,33.95816,0.0,hdslay1_t1,19,8,hdslay1,arr,,,,,,
oname:hdslay1_t1_otype:arr_i:19_j:9,33.95386,0.0,hdslay1_t1,19,9,hdslay1,arr,,,,,,
oname:hdslay1_t1_otype:arr_i:1_j:0,35.02388,0.0,hdslay1_t1,1,0,hdslay1,arr,,,,,,
oname:hdslay1_t1_otype:arr_i:1_j:1,35.01208,0.0,hdslay1_t1,1,1,hdslay1,arr,,,,,,
oname:hdslay1_t1_otype:arr_i:1_j:10,34.42246,0.0,hdslay1_t1,1,10,hdslay1,arr,,,,,,
oname:hdslay1_t1_otype:arr_i:1_j:11,34.37686,0.0,hdslay1_t1,1,11,hdslay1,arr,,,,,,
oname:hdslay1_t1_otype:arr_i:1_j:12,34.33796,0.0,hdslay1_t1,1,12,hdslay1,arr,,,,,,
oname:hdslay1_t1_otype:arr_i:1_j:13,34.30108,0.0,hdslay1_t1,1,13,hdslay1,arr,,,,,,
oname:hdslay1_t1_otype:arr_i:1_j:14,34.261,0.0,hdslay1_t1,1,14,hdslay1,arr,,,,,,
oname:hdslay1_t1_otype:arr_i:1_j:15,34.21878,0.0,hdslay1_t1,1,15,hdslay1,arr,,,,,,
oname:hdslay1_t1_otype:arr_i:1_j:16,34.21136,0.0,hdslay1_t1,1,16,hdslay1,arr,,,,,,
oname:hdslay1_t1_otype:arr_i:1_j:17,34.20528,0.0,hdslay1_t1,1,17,hdslay1,arr,,,,,,
oname:hdslay1_t1_otype:arr_i:1_j:18,34.20111,0.0,hdslay1_t1,1,18,hdslay1,arr,,,,,,
oname:hdslay1_t1_otype:arr_i:1_j:19,34.19844,0.0,hdslay1_t1,1,19,hdslay1,arr,,,,,,
oname:hdslay1_t1_otype:arr_i:1_j:2,34.98619,0.0,hdslay1_t1,1,2,hdslay1,arr,,,,,,
oname:hdslay1_t1_otype:arr_i:1_j:3,34.95096,0.0,hdslay1_t1,1,3,hdslay1,arr,,,,,,
oname:hdslay1_t1_otype:arr_i:1_j:4,34.89713,0.0,hdslay1_t1,1,4,hdslay1,arr,,,,,,
oname:hdslay1_t1_otype:arr_i:1_j:5,34.82274,0.0,hdslay1_t1,1,5,hdslay1,arr,,,,,,
oname:hdslay1_t1_otype:arr_i:1_j:6,34.72512,0.0,hdslay1_t1,1,6,hdslay1,arr,,,,,,
oname:hdslay1_t1_otype:arr_i:1_j:7,34.61932,0.0,hdslay1_t1,1,7,hdslay1,arr,,,,,,
oname:hdslay1_t1_otype:arr_i:1_j:8,34.53318,0.0,hdslay1_t1,1,8,hdslay1,arr,,,,,,
oname:hdslay1_t1_otype:arr_i:1_j:9,34.47168,0.0,hdslay1_t1,1,9,hdslay1,arr,,,,,,
oname:hdslay1_t1_otype:arr_i:20_j:0,34.4314,0.0,hdslay1_t1,20,0,hdslay1,arr,,,,,,
oname:hdslay1_t1_otype:arr_i:20_j:1,34.43452,0.0,hdslay1_t1,20,1,hdslay1,arr,,,,,,
oname:hdslay1_t1_otype:arr_i:20_j:10,33.9311,0.0,hdslay1_t1,20,10,hdslay1,arr,,,,,,
oname:hdslay1_t1_otype:arr_i:20_j:11,33.92189,0.0,hdslay1_t1,20,11,hdslay1,arr,,,,,,
oname:hdslay1_t1_otype:arr_i:20_j:12,33.91127,0.0,hdslay1_t1,20,12,hdslay1,arr,,,,,,
oname:hdslay1_t1_otype:arr_i:20_j:13,33.88199,0.0,hdslay1_t1,20,13,hdslay1,arr,,,,,,
oname:hdslay1_t1_otype:arr_i:20_j:14,33.80614,0.0,hdslay1_t1,20,14,hdslay1,arr,,,,,,
oname:hdslay1_t1_otype:arr_i:20_j:15,33.85886,0.0,hdslay1_t1,20,15,hdslay1,arr,,,,,,
oname:hdslay1_t1_otype:arr_i:20_j:16,33.89885,0.0,hdslay1_t1,20,16,hdslay1,arr,,,,,,
oname:hdslay1_t1_otype:arr_i:20_j:17,33.91694,0.0,hdslay1_t1,20,17,hdslay1,arr,,,,,,
oname:hdslay1_t1_otype:arr_i:20_j:18,33.92368,0.0,hdslay1_t1,20,18,hdslay1,arr,,,,,,
oname:hdslay1_t1_otype:arr_i:20_j:19,33.93071,0.0,hdslay1_t1,20,19,hdslay1,arr,,,,,,
oname:hdslay1_t1_otype:arr_i:20_j:2,34.4334,0.0,hdslay1_t1,20,2,hdslay1,arr,,,,,,
oname:hdslay1_t1_otype:arr_i:20_j:3,34.43097,0.0,hdslay1_t1,20,3,hdslay1,arr,,,,,,
oname:hdslay1_t1_otype:arr_i:20_j:4,1e+30,0.0,hdslay1_t1,20,4,hdslay1,arr,,,,,,
oname:hdslay1_t1_otype:arr_i:20_j:5,1e+30,0.0,hdslay1_t1,20,5,hdslay1,arr,,,,,,
oname:hdslay1_t1_otype:arr_i:20_j:6,1e+30,0.0,hdslay1_t1,20,6,hdslay1,arr,,,,,,
oname:hdslay1_t1_otype:arr_i:20_j:7,1e+30,0.0,hdslay1_t1,20,7,hdslay1,arr,,,,,,
oname:hdslay1_t1_otype:arr_i:20_j:8,33.94474,0.0,hdslay1_t1,20,8,hdslay1,arr,,,,,,
oname:hdslay1_t1_otype:arr_i:20_j:9,33.94008,0.0,hdslay1_t1,20,9,hdslay1,arr,,,,,,
oname:hdslay1_t1_otype:arr_i:21_j:0,34.36675,0.0,hdslay1_t1,21,0,hdslay1,arr,,,,,,
oname:hdslay1_t1_otype:arr_i:21_j:1,34.37012,0.0,hdslay1_t1,21,1,hdslay1,arr,,,,,,
oname:hdslay1_t1_otype:arr_i:21_j:10,33.92175,0.0,hdslay1_t1,21,10,hdslay1,arr,,,,,,
oname:hdslay1_t1_otype:arr_i:21_j:11,33.9142,0.0,hdslay1_t1,21,11,hdslay1,arr,,,,,,
oname:hdslay1_t1_otype:arr_i:21_j:12,33.90318,0.0,hdslay1_t1,21,12,hdslay1,arr,,,,,,
oname:hdslay1_t1_otype:arr_i:21_j:13,33.88126,0.0,hdslay1_t1,21,13,hdslay1,arr,,,,,,
oname:hdslay1_t1_otype:arr_i:21_j:14,33.85475,0.0,hdslay1_t1,21,14,hdslay1,arr,,,,,,
oname:hdslay1_t1_otype:arr_i:21_j:15,33.85846,0.0,hdslay1_t1,21,15,hdslay1,arr,,,,,,
oname:hdslay1_t1_otype:arr_i:21_j:16,33.88078,0.0,hdslay1_t1,21,16,hdslay1,arr,,,,,,
oname:hdslay1_t1_otype:arr_i:21_j:17,33.89821,0.0,hdslay1_t1,21,17,hdslay1,arr,,,,,,
oname:hdslay1_t1_otype:arr_i:21_j:18,33.90652,0.0,hdslay1_t1,21,18,hdslay1,arr,,,,,,
oname:hdslay1_t1_otype:arr_i:21_j:19,33.90942,0.0,hdslay1_t1,21,19,hdslay1,arr,,,,,,
oname:hdslay1_t1_otype:arr_i:21_j:2,34.36056,0.0,hdslay1_t1,21,2,hdslay1,arr,,,,,,
oname:hdslay1_t1_otype:arr_i:21_j:3,34.34094,0.0,hdslay1_t1,21,3,hdslay1,arr,,,,,,
oname:hdslay1_t1_otype:arr_i:21_j:4,1e+30,0.0,hdslay1_t1,21,4,hdslay1,arr,,,,,,
oname:hdslay1_t1_otype:arr_i:21_j:5,1e+30,0.0,hdslay1_t1,21,5,hdslay1,arr,,,,,,
oname:hdslay1_t1_otype:arr_i:21_j:6,33.9487,0.0,hdslay1_t1,21,6,hdslay1,arr,,,,,,
oname:hdslay1_t1_otype:arr_i:21_j:7,33.94296,0.0,hdslay1_t1,21,7,hdslay1,arr,,,,,,
oname:hdslay1_t1_otype:arr_i:21_j:8,33.93747,0.0,hdslay1_t1,21,8,hdslay1,arr,,,,,,
oname:hdslay1_t1_otype:arr_i:21_j:9,33.93069,0.0,hdslay1_t1,21,9,hdslay1,arr,,,,,,
oname:hdslay1_t1_otype:arr_i:22_j:0,34.30104,0.0,hdslay1_t1,22,0,hdslay1,arr,,,,,,
oname:hdslay1_t1_otype:arr_i:22_j:1,34.28948,0.0,hdslay1_t1,22,1,hdslay1,arr,,,,,,
oname:hdslay1_t1_otype:arr_i:22_j:10,33.91311,0.0,hdslay1_t1,22,10,hdslay1,arr,,,,,,
oname:hdslay1_t1_otype:arr_i:22_j:11,33.905,0.0,hdslay1_t1,22,11,hdslay1,arr,,,,,,
oname:hdslay1_t1_otype:arr_i:22_j:12,33.89331,0.0,hdslay1_t1,22,12,hdslay1,arr,,,,,,
oname:hdslay1_t1_otype:arr_i:22_j:13,33.87589,0.0,hdslay1_t1,22,13,hdslay1,arr,,,,,,
oname:hdslay1_t1_otype:arr_i:22_j:14,33.86022,0.0,hdslay1_t1,22,14,hdslay1,arr,,,,,,
oname:hdslay1_t1_otype:arr_i:22_j:15,33.85638,0.0,hdslay1_t1,22,15,hdslay1,arr,,,,,,
oname:hdslay1_t1_otype:arr_i:22_j:16,33.86637,0.0,hdslay1_t1,22,16,hdslay1,arr,,,,,,
oname:hdslay1_t1_otype:arr_i:22_j:17,33.87983,0.0,hdslay1_t1,22,17,hdslay1,arr,,,,,,
oname:hdslay1_t1_otype:arr_i:22_j:18,33.88667,0.0,hdslay1_t1,22,18,hdslay1,arr,,,,,,
oname:hdslay1_t1_otype:arr_i:22_j:19,33.88897,0.0,hdslay1_t1,22,19,hdslay1,arr,,,,,,
oname:hdslay1_t1_otype:arr_i:22_j:2,34.27583,0.0,hdslay1_t1,22,2,hdslay1,arr,,,,,,
oname:hdslay1_t1_otype:arr_i:22_j:3,34.23076,0.0,hdslay1_t1,22,3,hdslay1,arr,,,,,,
oname:hdslay1_t1_otype:arr_i:22_j:4,34.14926,0.0,hdslay1_t1,22,4,hdslay1,arr,,,,,,
oname:hdslay1_t1_otype:arr_i:22_j:5,1e+30,0.0,hdslay1_t1,22,5,hdslay1,arr,,,,,,
oname:hdslay1_t1_otype:arr_i:22_j:6,33.95294,0.0,hdslay1_t1,22,6,hdslay1,arr,,,,,,
oname:hdslay1_t1_otype:arr_i:22_j:7,33.94259,0.0,hdslay1_t1,22,7,hdslay1,arr,,,,,,
oname:hdslay1_t1_otype:arr_i:22_j:8,33.93222,0.0,hdslay1_t1,22,8,hdslay1,arr,,,,,,
oname:hdslay1_t1_otype:arr_i:22_j:9,33.92264,0.0,hdslay1_t1,22,9,hdslay1,arr,,,,,,
oname:hdslay1_t1_otype:arr_i:23_j:0,34.22353,0.0,hdslay1_t1,23,0,hdslay1,arr,,,,,,
oname:hdslay1_t1_otype:arr_i:23_j:1,34.2077,0.0,hdslay1_t1,23,1,hdslay1,arr,,,,,,
oname:hdslay1_t1_otype:arr_i:23_j:10,33.89693,0.0,hdslay1_t1,23,10,hdslay1,arr,,,,,,
oname:hdslay1_t1_otype:arr_i:23_j:11,33.88742,0.0,hdslay1_t1,23,11,hdslay1,arr,,,,,,
oname:hdslay1_t1_otype:arr_i:23_j:12,33.87708,0.0,hdslay1_t1,23,12,hdslay1,arr,,,,,,
oname:hdslay1_t1_otype:arr_i:23_j:13,33.86428,0.0,hdslay1_t1,23,13,hdslay1,arr,,,,,,
oname:hdslay1_t1_otype:arr_i:23_j:14,33.85287,0.0,hdslay1_t1,23,14,hdslay1,arr,,,,,,
oname:hdslay1_t1_otype:arr_i:23_j:15,33.84589,0.0,hdslay1_t1,23,15,hdslay1,arr,,,,,,
oname:hdslay1_t1_otype:arr_i:23_j:16,33.85242,0.0,hdslay1_t1,23,16,hdslay1,arr,,,,,,
oname:hdslay1_t1_otype:arr_i:23_j:17,33.8616,0.0,hdslay1_t1,23,17,hdslay1,arr,,,,,,
oname:hdslay1_t1_otype:arr_i:23_j:18,33.86875,0.0,hdslay1_t1,23,18,hdslay1,arr,,,,,,
oname:hdslay1_t1_otype:arr_i:23_j:19,33.87044,0.0,hdslay1_t1,23,19,hdslay1,arr,,,,,,
oname:hdslay1_t1_otype:arr_i:23_j:2,34.18657,0.0,hdslay1_t1,23,2,hdslay1,arr,,,,,,
oname:hdslay1_t1_otype:arr_i:23_j:3,34.1415,0.0,hdslay1_t1,23,3,hdslay1,arr,,,,,,
oname:hdslay1_t1_otype:arr_i:23_j:4,34.08424,0.0,hdslay1_t1,23,4,hdslay1,arr,,,,,,
oname:hdslay1_t1_otype:arr_i:23_j:5,34.0166,0.0,hdslay1_t1,23,5,hdslay1,arr,,,,,,
oname:hdslay1_t1_otype:arr_i:23_j:6,33.96597,0.0,hdslay1_t1,23,6,hdslay1,arr,,,,,,
oname:hdslay1_t1_otype:arr_i:23_j:7,33.94255,0.0,hdslay1_t1,23,7,hdslay1,arr,,,,,,
oname:hdslay1_t1_otype:arr_i:23_j:8,33.92598,0.0,hdslay1_t1,23,8,hdslay1,arr,,,,,,
oname:hdslay1_t1_otype:arr_i:23_j:9,33.91069,0.0,hdslay1_t1,23,9,hdslay1,arr,,,,,,
oname:hdslay1_t1_otype:arr_i:24_j:0,34.15238,0.0,hdslay1_t1,24,0,hdslay1,arr,,,,,,
oname:hdslay1_t1_otype:arr_i:24_j:1,34.14422,0.0,hdslay1_t1,24,1,hdslay1,arr,,,,,,
oname:hdslay1_t1_otype:arr_i:24_j:10,33.87083,0.0,hdslay1_t1,24,10,hdslay1,arr,,,,,,
oname:hdslay1_t1_otype:arr_i:24_j:11,33.8635,0.0,hdslay1_t1,24,11,hdslay1,arr,,,,,,
oname:hdslay1_t1_otype:arr_i:24_j:12,33.85712,0.0,hdslay1_t1,24,12,hdslay1,arr,,,,,,
oname:hdslay1_t1_otype:arr_i:24_j:13,33.84758,0.0,hdslay1_t1,24,13,hdslay1,arr,,,,,,
oname:hdslay1_t1_otype:arr_i:24_j:14,33.84003,0.0,hdslay1_t1,24,14,hdslay1,arr,,,,,,
oname:hdslay1_t1_otype:arr_i:24_j:15,33.83047,0.0,hdslay1_t1,24,15,hdslay1,arr,,,,,,
oname:hdslay1_t1_otype:arr_i:24_j:16,33.83613,0.0,hdslay1_t1,24,16,hdslay1,arr,,,,,,
oname:hdslay1_t1_otype:arr_i:24_j:17,33.84254,0.0,hdslay1_t1,24,17,hdslay1,arr,,,,,,
oname:hdslay1_t1_otype:arr_i:24_j:18,33.84942,0.0,hdslay1_t1,24,18,hdslay1,arr,,,,,,
oname:hdslay1_t1_otype:arr_i:24_j:19,33.85378,0.0,hdslay1_t1,24,19,hdslay1,arr,,,,,,
oname:hdslay1_t1_otype:arr_i:24_j:2,34.12255,0.0,hdslay1_t1,24,2,hdslay1,arr,,,,,,
oname:hdslay1_t1_otype:arr_i:24_j:3,34.09065,0.0,hdslay1_t1,24,3,hdslay1,arr,,,,,,
oname:hdslay1_t1_otype:arr_i:24_j:4,34.0467,0.0,hdslay1_t1,24,4,hdslay1,arr,,,,,,
oname:hdslay1_t1_otype:arr_i:24_j:5,33.99925,0.0,hdslay1_t1,24,5,hdslay1,arr,,,,,,
oname:hdslay1_t1_otype:arr_i:24_j:6,33.96287,0.0,hdslay1_t1,24,6,hdslay1,arr,,,,,,
oname:hdslay1_t1_otype:arr_i:24_j:7,33.9369,0.0,hdslay1_t1,24,7,hdslay1,arr,,,,,,
oname:hdslay1_t1_otype:arr_i:24_j:8,33.9151,0.0,hdslay1_t1,24,8,hdslay1,arr,,,,,,
oname:hdslay1_t1_otype:arr_i:24_j:9,33.89089,0.0,hdslay1_t1,24,9,hdslay1,arr,,,,,,
oname:hdslay1_t1_otype:arr_i:25_j:0,34.10593,0.0,hdslay1_t1,25,0,hdslay1,arr,,,,,,
oname:hdslay1_t1_otype:arr_i:25_j:1,34.10109,0.0,hdslay1_t1,25,1,hdslay1,arr,,,,,,
oname:hdslay1_t1_otype:arr_i:25_j:10,33.83737,0.0,hdslay1_t1,25,10,hdslay1,arr,,,,,,
oname:hdslay1_t1_otype:arr_i:25_j:11,33.83665,0.0,hdslay1_t1,25,11,hdslay1,arr,,,,,,
oname:hdslay1_t1_otype:arr_i:25_j:12,33.833,0.0,hdslay1_t1,25,12,hdslay1,arr,,,,,,
oname:hdslay1_t1_otype:arr_i:25_j:13,33.82701,0.0,hdslay1_t1,25,13,hdslay1,arr,,,,,,
oname:hdslay1_t1_otype:arr_i:25_j:14,33.82134,0.0,hdslay1_t1,25,14,hdslay1,arr,,,,,,
oname:hdslay1_t1_otype:arr_i:25_j:15,33.81359,0.0,hdslay1_t1,25,15,hdslay1,arr,,,,,,
oname:hdslay1_t1_otype:arr_i:25_j:16,33.81964,0.0,hdslay1_t1,25,16,hdslay1,arr,,,,,,
oname:hdslay1_t1_otype:arr_i:25_j:17,33.82472,0.0,hdslay1_t1,25,17,hdslay1,arr,,,,,,
oname:hdslay1_t1_otype:arr_i:25_j:18,33.82927,0.0,hdslay1_t1,25,18,hdslay1,arr,,,,,,
oname:hdslay1_t1_otype:arr_i:25_j:19,33.83385,0.0,hdslay1_t1,25,19,hdslay1,arr,,,,,,
oname:hdslay1_t1_otype:arr_i:25_j:2,34.08517,0.0,hdslay1_t1,25,2,hdslay1,arr,,,,,,
oname:hdslay1_t1_otype:arr_i:25_j:3,34.05443,0.0,hdslay1_t1,25,3,hdslay1,arr,,,,,,
oname:hdslay1_t1_otype:arr_i:25_j:4,34.01779,0.0,hdslay1_t1,25,4,hdslay1,arr,,,,,,
oname:hdslay1_t1_otype:arr_i:25_j:5,33.98167,0.0,hdslay1_t1,25,5,hdslay1,arr,,,,,,
oname:hdslay1_t1_otype:arr_i:25_j:6,33.94942,0.0,hdslay1_t1,25,6,hdslay1,arr,,,,,,
oname:hdslay1_t1_otype:arr_i:25_j:7,33.92174,0.0,hdslay1_t1,25,7,hdslay1,arr,,,,,,
oname:hdslay1_t1_otype:arr_i:25_j:8,33.89257,0.0,hdslay1_t1,25,8,hdslay1,arr,,,,,,
oname:hdslay1_t1_otype:arr_i:25_j:9,33.85937,0.0,hdslay1_t1,25,9,hdslay1,arr,,,,,,
oname:hdslay1_t1_otype:arr_i:26_j:0,34.07634,0.0,hdslay1_t1,26,0,hdslay1,arr,,,,,,
oname:hdslay1_t1_otype:arr_i:26_j:1,34.06977,0.0,hdslay1_t1,26,1,hdslay1,arr,,,,,,
oname:hdslay1_t1_otype:arr_i:26_j:10,33.78614,0.0,hdslay1_t1,26,10,hdslay1,arr,,,,,,
oname:hdslay1_t1_otype:arr_i:26_j:11,33.80476,0.0,hdslay1_t1,26,11,hdslay1,arr,,,,,,
oname:hdslay1_t1_otype:arr_i:26_j:12,33.80661,0.0,hdslay1_t1,26,12,hdslay1,arr,,,,,,
oname:hdslay1_t1_otype:arr_i:26_j:13,33.80406,0.0,hdslay1_t1,26,13,hdslay1,arr,,,,,,
oname:hdslay1_t1_otype:arr_i:26_j:14,33.79648,0.0,hdslay1_t1,26,14,hdslay1,arr,,,,,,
oname:hdslay1_t1_otype:arr_i:26_j:15,33.78829,0.0,hdslay1_t1,26,15,hdslay1,arr,,,,,,
oname:hdslay1_t1_otype:arr_i:26_j:16,33.79441,0.0,hdslay1_t1,26,16,hdslay1,arr,,,,,,
oname:hdslay1_t1_otype:arr_i:26_j:17,33.80022,0.0,hdslay1_t1,26,17,hdslay1,arr,,,,,,
oname:hdslay1_t1_otype:arr_i:26_j:18,33.8083,0.0,hdslay1_t1,26,18,hdslay1,arr,,,,,,
oname:hdslay1_t1_otype:arr_i:26_j:19,33.81139,0.0,hdslay1_t1,26,19,hdslay1,arr,,,,,,
oname:hdslay1_t1_otype:arr_i:26_j:2,34.05225,0.0,hdslay1_t1,26,2,hdslay1,arr,,,,,,
oname:hdslay1_t1_otype:arr_i:26_j:3,34.02518,0.0,hdslay1_t1,26,3,hdslay1,arr,,,,,,
oname:hdslay1_t1_otype:arr_i:26_j:4,33.99481,0.0,hdslay1_t1,26,4,hdslay1,arr,,,,,,
oname:hdslay1_t1_otype:arr_i:26_j:5,33.95657,0.0,hdslay1_t1,26,5,hdslay1,arr,,,,,,
oname:hdslay1_t1_otype:arr_i:26_j:6,33.92347,0.0,hdslay1_t1,26,6,hdslay1,arr,,,,,,
oname:hdslay1_t1_otype:arr_i:26_j:7,33.89538,0.0,hdslay1_t1,26,7,hdslay1,arr,,,,,,
oname:hdslay1_t1_otype:arr_i:26_j:8,33.8618,0.0,hdslay1_t1,26,8,hdslay1,arr,,,,,,
oname:hdslay1_t1_otype:arr_i:26_j:9,33.82758,0.0,hdslay1_t1,26,9,hdslay1,arr,,,,,,
oname:hdslay1_t1_otype:arr_i:27_j:0,34.04968,0.0,hdslay1_t1,27,0,hdslay1,arr,,,,,,
oname:hdslay1_t1_otype:arr_i:27_j:1,34.04182,0.0,hdslay1_t1,27,1,hdslay1,arr,,,,,,
oname:hdslay1_t1_otype:arr_i:27_j:10,33.79502,0.0,hdslay1_t1,27,10,hdslay1,arr,,,,,,
oname:hdslay1_t1_otype:arr_i:27_j:11,33.79096,0.0,hdslay1_t1,27,11,hdslay1,arr,,,,,,
oname:hdslay1_t1_otype:arr_i:27_j:12,33.78843,0.0,hdslay1_t1,27,12,hdslay1,arr,,,,,,
oname:hdslay1_t1_otype:arr_i:27_j:13,33.78309,0.0,hdslay1_t1,27,13,hdslay1,arr,,,,,,
oname:hdslay1_t1_otype:arr_i:27_j:14,33.77483,0.0,hdslay1_t1,27,14,hdslay1,arr,,,,,,
oname:hdslay1_t1_otype:arr_i:27_j:15,33.76814,0.0,hdslay1_t1,27,15,hdslay1,arr,,,,,,
oname:hdslay1_t1_otype:arr_i:27_j:16,33.77138,0.0,hdslay1_t1,27,16,hdslay1,arr,,,,,,
oname:hdslay1_t1_otype:arr_i:27_j:17,33.77703,0.0,hdslay1_t1,27,17,hdslay1,arr,,,,,,
oname:hdslay1_t1_otype:arr_i:27_j:18,33.78407,0.0,hdslay1_t1,27,18,hdslay1,arr,,,,,,
oname:hdslay1_t1_otype:arr_i:27_j:19,33.78938,0.0,hdslay1_t1,27,19,hdslay1,arr,,,,,,
oname:hdslay1_t1_otype:arr_i:27_j:2,34.02408,0.0,hdslay1_t1,27,2,hdslay1,arr,,,,,,
oname:hdslay1_t1_otype:arr_i:27_j:3,34.00003,0.0,hdslay1_t1,27,3,hdslay1,arr,,,,,,
oname:hdslay1_t1_otype:arr_i:27_j:4,33.96644,0.0,hdslay1_t1,27,4,hdslay1,arr,,,,,,
oname:hdslay1_t1_otype:arr_i:27_j:5,33.9273,0.0,hdslay1_t1,27,5,hdslay1,arr,,,,,,
oname:hdslay1_t1_otype:arr_i:27_j:6,33.89447,0.0,hdslay1_t1,27,6,hdslay1,arr,,,,,,
oname:hdslay1_t1_otype:arr_i:27_j:7,33.86803,0.0,hdslay1_t1,27,7,hdslay1,arr,,,,,,
oname:hdslay1_t1_otype:arr_i:27_j:8,33.84182,0.0,hdslay1_t1,27,8,hdslay1,arr,,,,,,
oname:hdslay1_t1_otype:arr_i:27_j:9,33.81879,0.0,hdslay1_t1,27,9,hdslay1,arr,,,,,,
oname:hdslay1_t1_otype:arr_i:28_j:0,34.0261,0.0,hdslay1_t1,28,0,hdslay1,arr,,,,,,
oname:hdslay1_t1_otype:arr_i:28_j:1,34.01647,0.0,hdslay1_t1,28,1,hdslay1,arr,,,,,,
oname:hdslay1_t1_otype:arr_i:28_j:10,33.7854,0.0,hdslay1_t1,28,10,hdslay1,arr,,,,,,
oname:hdslay1_t1_otype:arr_i:28_j:11,33.77851,0.0,hdslay1_t1,28,11,hdslay1,arr,,,,,,
oname:hdslay1_t1_otype:arr_i:28_j:12,33.77107,0.0,hdslay1_t1,28,12,hdslay1,arr,,,,,,
oname:hdslay1_t1_otype:arr_i:28_j:13,33.76502,0.0,hdslay1_t1,28,13,hdslay1,arr,,,,,,
oname:hdslay1_t1_otype:arr_i:28_j:14,33.76056,0.0,hdslay1_t1,28,14,hdslay1,arr,,,,,,
oname:hdslay1_t1_otype:arr_i:28_j:15,33.75641,0.0,hdslay1_t1,28,15,hdslay1,arr,,,,,,
oname:hdslay1_t1_otype:arr_i:28_j:16,33.75757,0.0,hdslay1_t1,28,16,hdslay1,arr,,,,,,
oname:hdslay1_t1_otype:arr_i:28_j:17,33.7613,0.0,hdslay1_t1,28,17,hdslay1,arr,,,,,,
oname:hdslay1_t1_otype:arr_i:28_j:18,33.76453,0.0,hdslay1_t1,28,18,hdslay1,arr,,,,,,
oname:hdslay1_t1_otype:arr_i:28_j:19,33.76843,0.0,hdslay1_t1,28,19,hdslay1,arr,,,,,,
oname:hdslay1_t1_otype:arr_i:28_j:2,33.99699,0.0,hdslay1_t1,28,2,hdslay1,arr,,,,,,
oname:hdslay1_t1_otype:arr_i:28_j:3,33.97,0.0,hdslay1_t1,28,3,hdslay1,arr,,,,,,
oname:hdslay1_t1_otype:arr_i:28_j:4,33.93296,0.0,hdslay1_t1,28,4,hdslay1,arr,,,,,,
oname:hdslay1_t1_otype:arr_i:28_j:5,33.89306,0.0,hdslay1_t1,28,5,hdslay1,arr,,,,,,
oname:hdslay1_t1_otype:arr_i:28_j:6,33.85454,0.0,hdslay1_t1,28,6,hdslay1,arr,,,,,,
oname:hdslay1_t1_otype:arr_i:28_j:7,33.83495,0.0,hdslay1_t1,28,7,hdslay1,arr,,,,,,
oname:hdslay1_t1_otype:arr_i:28_j:8,33.81924,0.0,hdslay1_t1,28,8,hdslay1,arr,,,,,,
oname:hdslay1_t1_otype:arr_i:28_j:9,33.80119,0.0,hdslay1_t1,28,9,hdslay1,arr,,,,,,
oname:hdslay1_t1_otype:arr_i:29_j:0,33.99921,0.0,hdslay1_t1,29,0,hdslay1,arr,,,,,,
oname:hdslay1_t1_otype:arr_i:29_j:1,33.9882,0.0,hdslay1_t1,29,1,hdslay1,arr,,,,,,
oname:hdslay1_t1_otype:arr_i:29_j:10,33.76951,0.0,hdslay1_t1,29,10,hdslay1,arr,,,,,,
oname:hdslay1_t1_otype:arr_i:29_j:11,33.75942,0.0,hdslay1_t1,29,11,hdslay1,arr,,,,,,
oname:hdslay1_t1_otype:arr_i:29_j:12,33.75207,0.0,hdslay1_t1,29,12,hdslay1,arr,,,,,,
oname:hdslay1_t1_otype:arr_i:29_j:13,33.74773,0.0,hdslay1_t1,29,13,hdslay1,arr,,,,,,
oname:hdslay1_t1_otype:arr_i:29_j:14,33.74386,0.0,hdslay1_t1,29,14,hdslay1,arr,,,,,,
oname:hdslay1_t1_otype:arr_i:29_j:15,33.74016,0.0,hdslay1_t1,29,15,hdslay1,arr,,,,,,
oname:hdslay1_t1_otype:arr_i:29_j:16,33.74208,0.0,hdslay1_t1,29,16,hdslay1,arr,,,,,,
oname:hdslay1_t1_otype:arr_i:29_j:17,33.74417,0.0,hdslay1_t1,29,17,hdslay1,arr,,,,,,
oname:hdslay1_t1_otype:arr_i:29_j:18,33.74754,0.0,hdslay1_t1,29,18,hdslay1,arr,,,,,,
oname:hdslay1_t1_otype:arr_i:29_j:19,33.74981,0.0,hdslay1_t1,29,19,hdslay1,arr,,,,,,
oname:hdslay1_t1_otype:arr_i:29_j:2,33.96418,0.0,hdslay1_t1,29,2,hdslay1,arr,,,,,,
oname:hdslay1_t1_otype:arr_i:29_j:3,33.93526,0.0,hdslay1_t1,29,3,hdslay1,arr,,,,,,
oname:hdslay1_t1_otype:arr_i:29_j:4,33.90054,0.0,hdslay1_t1,29,4,hdslay1,arr,,,,,,
oname:hdslay1_t1_otype:arr_i:29_j:5,33.85294,0.0,hdslay1_t1,29,5,hdslay1,arr,,,,,,
oname:hdslay1_t1_otype:arr_i:29_j:6,33.79599,0.0,hdslay1_t1,29,6,hdslay1,arr,,,,,,
oname:hdslay1_t1_otype:arr_i:29_j:7,33.80195,0.0,hdslay1_t1,29,7,hdslay1,arr,,,,,,
oname:hdslay1_t1_otype:arr_i:29_j:8,33.7934,0.0,hdslay1_t1,29,8,hdslay1,arr,,,,,,
oname:hdslay1_t1_otype:arr_i:29_j:9,33.78035,0.0,hdslay1_t1,29,9,hdslay1,arr,,,,,,
oname:hdslay1_t1_otype:arr_i:2_j:0,35.02224,0.0,hdslay1_t1,2,0,hdslay1,arr,,,,,,
oname:hdslay1_t1_otype:arr_i:2_j:1,35.01185,0.0,hdslay1_t1,2,1,hdslay1,arr,,,,,,
oname:hdslay1_t1_otype:arr_i:2_j:10,34.42374,0.0,hdslay1_t1,2,10,hdslay1,arr,,,,,,
oname:hdslay1_t1_otype:arr_i:2_j:11,34.37957,0.0,hdslay1_t1,2,11,hdslay1,arr,,,,,,
oname:hdslay1_t1_otype:arr_i:2_j:12,34.33762,0.0,hdslay1_t1,2,12,hdslay1,arr,,,,,,
oname:hdslay1_t1_otype:arr_i:2_j:13,34.29306,0.0,hdslay1_t1,2,13,hdslay1,arr,,,,,,
oname:hdslay1_t1_otype:arr_i:2_j:14,34.2503,0.0,hdslay1_t1,2,14,hdslay1,arr,,,,,,
oname:hdslay1_t1_otype:arr_i:2_j:15,34.21349,0.0,hdslay1_t1,2,15,hdslay1,arr,,,,,,
oname:hdslay1_t1_otype:arr_i:2_j:16,34.20406,0.0,hdslay1_t1,2,16,hdslay1,arr,,,,,,
oname:hdslay1_t1_otype:arr_i:2_j:17,34.19493,0.0,hdslay1_t1,2,17,hdslay1,arr,,,,,,
oname:hdslay1_t1_otype:arr_i:2_j:18,34.18898,0.0,hdslay1_t1,2,18,hdslay1,arr,,,,,,
oname:hdslay1_t1_otype:arr_i:2_j:19,34.18688,0.0,hdslay1_t1,2,19,hdslay1,arr,,,,,,
oname:hdslay1_t1_otype:arr_i:2_j:2,34.99382,0.0,hdslay1_t1,2,2,hdslay1,arr,,,,,,
oname:hdslay1_t1_otype:arr_i:2_j:3,34.95676,0.0,hdslay1_t1,2,3,hdslay1,arr,,,,,,
oname:hdslay1_t1_otype:arr_i:2_j:4,34.90058,0.0,hdslay1_t1,2,4,hdslay1,arr,,,,,,
oname:hdslay1_t1_otype:arr_i:2_j:5,34.82585,0.0,hdslay1_t1,2,5,hdslay1,arr,,,,,,
oname:hdslay1_t1_otype:arr_i:2_j:6,34.73385,0.0,hdslay1_t1,2,6,hdslay1,arr,,,,,,
oname:hdslay1_t1_otype:arr_i:2_j:7,34.62405,0.0,hdslay1_t1,2,7,hdslay1,arr,,,,,,
oname:hdslay1_t1_otype:arr_i:2_j:8,34.53619,0.0,hdslay1_t1,2,8,hdslay1,arr,,,,,,
oname:hdslay1_t1_otype:arr_i:2_j:9,34.47348,0.0,hdslay1_t1,2,9,hdslay1,arr,,,,,,
oname:hdslay1_t1_otype:arr_i:30_j:0,33.96902,0.0,hdslay1_t1,30,0,hdslay1,arr,,,,,,
oname:hdslay1_t1_otype:arr_i:30_j:1,33.95355,0.0,hdslay1_t1,30,1,hdslay1,arr,,,,,,
oname:hdslay1_t1_otype:arr_i:30_j:10,33.75001,0.0,hdslay1_t1,30,10,hdslay1,arr,,,,,,
oname:hdslay1_t1_otype:arr_i:30_j:11,33.74071,0.0,hdslay1_t1,30,11,hdslay1,arr,,,,,,
oname:hdslay1_t1_otype:arr_i:30_j:12,33.73417,0.0,hdslay1_t1,30,12,hdslay1,arr,,,,,,
oname:hdslay1_t1_otype:arr_i:30_j:13,33.72863,0.0,hdslay1_t1,30,13,hdslay1,arr,,,,,,
oname:hdslay1_t1_otype:arr_i:30_j:14,33.72479,0.0,hdslay1_t1,30,14,hdslay1,arr,,,,,,
oname:hdslay1_t1_otype:arr_i:30_j:15,33.7229,0.0,hdslay1_t1,30,15,hdslay1,arr,,,,,,
oname:hdslay1_t1_otype:arr_i:30_j:16,33.72419,0.0,hdslay1_t1,30,16,hdslay1,arr,,,,,,
oname:hdslay1_t1_otype:arr_i:30_j:17,33.72617,0.0,hdslay1_t1,30,17,hdslay1,arr,,,,,,
oname:hdslay1_t1_otype:arr_i:30_j:18,33.7286,0.0,hdslay1_t1,30,18,hdslay1,arr,,,,,,
oname:hdslay1_t1_otype:arr_i:30_j:19,33.72885,0.0,hdslay1_t1,30,19,hdslay1,arr,,,,,,
oname:hdslay1_t1_otype:arr_i:30_j:2,33.93009,0.0,hdslay1_t1,30,2,hdslay1,arr,,,,,,
oname:hdslay1_t1_otype:arr_i:30_j:3,33.90621,0.0,hdslay1_t1,30,3,hdslay1,arr,,,,,,
oname:hdslay1_t1_otype:arr_i:30_j:4,33.87189,0.0,hdslay1_t1,30,4,hdslay1,arr,,,,,,
oname:hdslay1_t1_otype:arr_i:30_j:5,33.83079,0.0,hdslay1_t1,30,5,hdslay1,arr,,,,,,
oname:hdslay1_t1_otype:arr_i:30_j:6,33.79595,0.0,hdslay1_t1,30,6,hdslay1,arr,,,,,,
oname:hdslay1_t1_otype:arr_i:30_j:7,33.78085,0.0,hdslay1_t1,30,7,hdslay1,arr,,,,,,
oname:hdslay1_t1_otype:arr_i:30_j:8,33.76945,0.0,hdslay1_t1,30,8,hdslay1,arr,,,,,,
oname:hdslay1_t1_otype:arr_i:30_j:9,33.75906,0.0,hdslay1_t1,30,9,hdslay1,arr,,,,,,
oname:hdslay1_t1_otype:arr_i:31_j:0,33.94673,0.0,hdslay1_t1,31,0,hdslay1,arr,,,,,,
oname:hdslay1_t1_otype:arr_i:31_j:1,33.92329,0.0,hdslay1_t1,31,1,hdslay1,arr,,,,,,
oname:hdslay1_t1_otype:arr_i:31_j:10,33.73095,0.0,hdslay1_t1,31,10,hdslay1,arr,,,,,,
oname:hdslay1_t1_otype:arr_i:31_j:11,33.72094,0.0,hdslay1_t1,31,11,hdslay1,arr,,,,,,
oname:hdslay1_t1_otype:arr_i:31_j:12,33.71348,0.0,hdslay1_t1,31,12,hdslay1,arr,,,,,,
oname:hdslay1_t1_otype:arr_i:31_j:13,33.70762,0.0,hdslay1_t1,31,13,hdslay1,arr,,,,,,
oname:hdslay1_t1_otype:arr_i:31_j:14,33.70595,0.0,hdslay1_t1,31,14,hdslay1,arr,,,,,,
oname:hdslay1_t1_otype:arr_i:31_j:15,33.70622,0.0,hdslay1_t1,31,15,hdslay1,arr,,,,,,
oname:hdslay1_t1_otype:arr_i:31_j:16,33.70816,0.0,hdslay1_t1,31,16,hdslay1,arr,,,,,,
oname:hdslay1_t1_otype:arr_i:31_j:17,33.71008,0.0,hdslay1_t1,31,17,hdslay1,arr,,,,,,
oname:hdslay1_t1_otype:arr_i:31_j:18,33.7115,0.0,hdslay1_t1,31,18,hdslay1,arr,,,,,,
oname:hdslay1_t1_otype:arr_i:31_j:19,33.71252,0.0,hdslay1_t1,31,19,hdslay1,arr,,,,,,
oname:hdslay1_t1_otype:arr_i:31_j:2,33.90282,0.0,hdslay1_t1,31,2,hdslay1,arr,,,,,,
oname:hdslay1_t1_otype:arr_i:31_j:3,33.87666,0.0,hdslay1_t1,31,3,hdslay1,arr,,,,,,
oname:hdslay1_t1_otype:arr_i:31_j:4,33.83879,0.0,hdslay1_t1,31,4,hdslay1,arr,,,,,,
oname:hdslay1_t1_otype:arr_i:31_j:5,33.80215,0.0,hdslay1_t1,31,5,hdslay1,arr,,,,,,
oname:hdslay1_t1_otype:arr_i:31_j:6,33.77592,0.0,hdslay1_t1,31,6,hdslay1,arr,,,,,,
oname:hdslay1_t1_otype:arr_i:31_j:7,33.75881,0.0,hdslay1_t1,31,7,hdslay1,arr,,,,,,
oname:hdslay1_t1_otype:arr_i:31_j:8,33.74891,0.0,hdslay1_t1,31,8,hdslay1,arr,,,,,,
oname:hdslay1_t1_otype:arr_i:31_j:9,33.73908,0.0,hdslay1_t1,31,9,hdslay1,arr,,,,,,
oname:hdslay1_t1_otype:arr_i:32_j:0,1e+30,0.0,hdslay1_t1,32,0,hdslay1,arr,,,,,,
oname:hdslay1_t1_otype:arr_i:32_j:1,33.90052,0.0,hdslay1_t1,32,1,hdslay1,arr,,,,,,
oname:hdslay1_t1_otype:arr_i:32_j:10,33.70599,0.0,hdslay1_t1,32,10,hdslay1,arr,,,,,,
oname:hdslay1_t1_otype:arr_i:32_j:11,33.69776,0.0,hdslay1_t1,32,11,hdslay1,arr,,,,,,
oname:hdslay1_t1_otype:arr_i:32_j:12,33.69059,0.0,hdslay1_t1,32,12,hdslay1,arr,,,,,,
oname:hdslay1_t1_otype:arr_i:32_j:13,33.68688,0.0,hdslay1_t1,32,13,hdslay1,arr,,,,,,
oname:hdslay1_t1_otype:arr_i:32_j:14,33.68804,0.0,hdslay1_t1,32,14,hdslay1,arr,,,,,,
oname:hdslay1_t1_otype:arr_i:32_j:15,33.69105,0.0,hdslay1_t1,32,15,hdslay1,arr,,,,,,
oname:hdslay1_t1_otype:arr_i:32_j:16,33.6943,0.0,hdslay1_t1,32,16,hdslay1,arr,,,,,,
oname:hdslay1_t1_otype:arr_i:32_j:17,33.6963,0.0,hdslay1_t1,32,17,hdslay1,arr,,,,,,
oname:hdslay1_t1_otype:arr_i:32_j:18,33.69855,0.0,hdslay1_t1,32,18,hdslay1,arr,,,,,,
oname:hdslay1_t1_otype:arr_i:32_j:19,33.69978,0.0,hdslay1_t1,32,19,hdslay1,arr,,,,,,
oname:hdslay1_t1_otype:arr_i:32_j:2,33.87896,0.0,hdslay1_t1,32,2,hdslay1,arr,,,,,,
oname:hdslay1_t1_otype:arr_i:32_j:3,33.84713,0.0,hdslay1_t1,32,3,hdslay1,arr,,,,,,
oname:hdslay1_t1_otype:arr_i:32_j:4,33.80838,0.0,hdslay1_t1,32,4,hdslay1,arr,,,,,,
oname:hdslay1_t1_otype:arr_i:32_j:5,33.77664,0.0,hdslay1_t1,32,5,hdslay1,arr,,,,,,
oname:hdslay1_t1_otype:arr_i:32_j:6,33.7552,0.0,hdslay1_t1,32,6,hdslay1,arr,,,,,,
oname:hdslay1_t1_otype:arr_i:32_j:7,33.7401,0.0,hdslay1_t1,32,7,hdslay1,arr,,,,,,
oname:hdslay1_t1_otype:arr_i:32_j:8,33.72671,0.0,hdslay1_t1,32,8,hdslay1,arr,,,,,,
oname:hdslay1_t1_otype:arr_i:32_j:9,33.71539,0.0,hdslay1_t1,32,9,hdslay1,arr,,,,,,
oname:hdslay1_t1_otype:arr_i:33_j:0,1e+30,0.0,hdslay1_t1,33,0,hdslay1,arr,,,,,,
oname:hdslay1_t1_otype:arr_i:33_j:1,1e+30,0.0,hdslay1_t1,33,1,hdslay1,arr,,,,,,
oname:hdslay1_t1_otype:arr_i:33_j:10,33.67792,0.0,hdslay1_t1,33,10,hdslay1,arr,,,,,,
oname:hdslay1_t1_otype:arr_i:33_j:11,33.66497,0.0,hdslay1_t1,33,11,hdslay1,arr,,,,,,
oname:hdslay1_t1_otype:arr_i:33_j:12,33.65767,0.0,hdslay1_t1,33,12,hdslay1,arr,,,,,,
oname:hdslay1_t1_otype:arr_i:33_j:13,33.66404,0.0,hdslay1_t1,33,13,hdslay1,arr,,,,,,
oname:hdslay1_t1_otype:arr_i:33_j:14,33.66896,0.0,hdslay1_t1,33,14,hdslay1,arr,,,,,,
oname:hdslay1_t1_otype:arr_i:33_j:15,33.67345,0.0,hdslay1_t1,33,15,hdslay1,arr,,,,,,
oname:hdslay1_t1_otype:arr_i:33_j:16,33.67951,0.0,hdslay1_t1,33,16,hdslay1,arr,,,,,,
oname:hdslay1_t1_otype:arr_i:33_j:17,33.68451,0.0,hdslay1_t1,33,17,hdslay1,arr,,,,,,
oname:hdslay1_t1_otype:arr_i:33_j:18,33.68844,0.0,hdslay1_t1,33,18,hdslay1,arr,,,,,,
oname:hdslay1_t1_otype:arr_i:33_j:19,33.69126,0.0,hdslay1_t1,33,19,hdslay1,arr,,,,,,
oname:hdslay1_t1_otype:arr_i:33_j:2,33.85326,0.0,hdslay1_t1,33,2,hdslay1,arr,,,,,,
oname:hdslay1_t1_otype:arr_i:33_j:3,33.81784,0.0,hdslay1_t1,33,3,hdslay1,arr,,,,,,
oname:hdslay1_t1_otype:arr_i:33_j:4,33.77564,0.0,hdslay1_t1,33,4,hdslay1,arr,,,,,,
oname:hdslay1_t1_otype:arr_i:33_j:5,33.74895,0.0,hdslay1_t1,33,5,hdslay1,arr,,,,,,
oname:hdslay1_t1_otype:arr_i:33_j:6,33.72918,0.0,hdslay1_t1,33,6,hdslay1,arr,,,,,,
oname:hdslay1_t1_otype:arr_i:33_j:7,33.71308,0.0,hdslay1_t1,33,7,hdslay1,arr,,,,,,
oname:hdslay1_t1_otype:arr_i:33_j:8,33.69844,0.0,hdslay1_t1,33,8,hdslay1,arr,,,,,,
oname:hdslay1_t1_otype:arr_i:33_j:9,33.68737,0.0,hdslay1_t1,33,9,hdslay1,arr,,,,,,
oname:hdslay1_t1_otype:arr_i:34_j:0,1e+30,0.0,hdslay1_t1,34,0,hdslay1,arr,,,,,,
oname:hdslay1_t1_otype:arr_i:34_j:1,1e+30,0.0,hdslay1_t1,34,1,hdslay1,arr,,,,,,
oname:hdslay1_t1_otype:arr_i:34_j:10,33.6433,0.0,hdslay1_t1,34,10,hdslay1,arr,,,,,,
oname:hdslay1_t1_otype:arr_i:34_j:11,33.62161,0.0,hdslay1_t1,34,11,hdslay1,arr,,,,,,
oname:hdslay1_t1_otype:arr_i:34_j:12,33.59187,0.0,hdslay1_t1,34,12,hdslay1,arr,,,,,,
oname:hdslay1_t1_otype:arr_i:34_j:13,33.63336,0.0,hdslay1_t1,34,13,hdslay1,arr,,,,,,
oname:hdslay1_t1_otype:arr_i:34_j:14,33.64598,0.0,hdslay1_t1,34,14,hdslay1,arr,,,,,,
oname:hdslay1_t1_otype:arr_i:34_j:15,33.65227,0.0,hdslay1_t1,34,15,hdslay1,arr,,,,,,
oname:hdslay1_t1_otype:arr_i:34_j:16,33.66062,0.0,hdslay1_t1,34,16,hdslay1,arr,,,,,,
oname:hdslay1_t1_otype:arr_i:34_j:17,33.66913,0.0,hdslay1_t1,34,17,hdslay1,arr,,,,,,
oname:hdslay1_t1_otype:arr_i:34_j:18,33.6773,0.0,hdslay1_t1,34,18,hdslay1,arr,,,,,,
oname:hdslay1_t1_otype:arr_i:34_j:19,33.68554,0.0,hdslay1_t1,34,19,hdslay1,arr,,,,,,
oname:hdslay1_t1_otype:arr_i:34_j:2,1e+30,0.0,hdslay1_t1,34,2,hdslay1,arr,,,,,,
oname:hdslay1_t1_otype:arr_i:34_j:3,33.77735,0.0,hdslay1_t1,34,3,hdslay1,arr,,,,,,
oname:hdslay1_t1_otype:arr_i:34_j:4,33.73452,0.0,hdslay1_t1,34,4,hdslay1,arr,,,,,,
oname:hdslay1_t1_otype:arr_i:34_j:5,33.7143,0.0,hdslay1_t1,34,5,hdslay1,arr,,,,,,
oname:hdslay1_t1_otype:arr_i:34_j:6,33.69321,0.0,hdslay1_t1,34,6,hdslay1,arr,,,,,,
oname:hdslay1_t1_otype:arr_i:34_j:7,33.67832,0.0,hdslay1_t1,34,7,hdslay1,arr,,,,,,
oname:hdslay1_t1_otype:arr_i:34_j:8,33.66754,0.0,hdslay1_t1,34,8,hdslay1,arr,,,,,,
oname:hdslay1_t1_otype:arr_i:34_j:9,33.65667,0.0,hdslay1_t1,34,9,hdslay1,arr,,,,,,
oname:hdslay1_t1_otype:arr_i:35_j:0,1e+30,0.0,hdslay1_t1,35,0,hdslay1,arr,,,,,,
oname:hdslay1_t1_otype:arr_i:35_j:1,1e+30,0.0,hdslay1_t1,35,1,hdslay1,arr,,,,,,
oname:hdslay1_t1_otype:arr_i:35_j:10,33.6042,0.0,hdslay1_t1,35,10,hdslay1,arr,,,,,,
oname:hdslay1_t1_otype:arr_i:35_j:11,33.59651,0.0,hdslay1_t1,35,11,hdslay1,arr,,,,,,
oname:hdslay1_t1_otype:arr_i:35_j:12,33.59447,0.0,hdslay1_t1,35,12,hdslay1,arr,,,,,,
oname:hdslay1_t1_otype:arr_i:35_j:13,33.61243,0.0,hdslay1_t1,35,13,hdslay1,arr,,,,,,
oname:hdslay1_t1_otype:arr_i:35_j:14,33.62525,0.0,hdslay1_t1,35,14,hdslay1,arr,,,,,,
oname:hdslay1_t1_otype:arr_i:35_j:15,33.63345,0.0,hdslay1_t1,35,15,hdslay1,arr,,,,,,
oname:hdslay1_t1_otype:arr_i:35_j:16,33.64124,0.0,hdslay1_t1,35,16,hdslay1,arr,,,,,,
oname:hdslay1_t1_otype:arr_i:35_j:17,33.65024,0.0,hdslay1_t1,35,17,hdslay1,arr,,,,,,
oname:hdslay1_t1_otype:arr_i:35_j:18,33.65857,0.0,hdslay1_t1,35,18,hdslay1,arr,,,,,,
oname:hdslay1_t1_otype:arr_i:35_j:19,1e+30,0.0,hdslay1_t1,35,19,hdslay1,arr,,,,,,
oname:hdslay1_t1_otype:arr_i:35_j:2,1e+30,0.0,hdslay1_t1,35,2,hdslay1,arr,,,,,,
oname:hdslay1_t1_otype:arr_i:35_j:3,1e+30,0.0,hdslay1_t1,35,3,hdslay1,arr,,,,,,
oname:hdslay1_t1_otype:arr_i:35_j:4,33.69155,0.0,hdslay1_t1,35,4,hdslay1,arr,,,,,,
oname:hdslay1_t1_otype:arr_i:35_j:5,33.67327,0.0,hdslay1_t1,35,5,hdslay1,arr,,,,,,
oname:hdslay1_t1_otype:arr_i:35_j:6,33.65141,0.0,hdslay1_t1,35,6,hdslay1,arr,,,,,,
oname:hdslay1_t1_otype:arr_i:35_j:7,33.63677,0.0,hdslay1_t1,35,7,hdslay1,arr,,,,,,
oname:hdslay1_t1_otype:arr_i:35_j:8,33.62887,0.0,hdslay1_t1,35,8,hdslay1,arr,,,,,,
oname:hdslay1_t1_otype:arr_i:35_j:9,33.61869,0.0,hdslay1_t1,35,9,hdslay1,arr,,,,,,
oname:hdslay1_t1_otype:arr_i:36_j:0,1e+30,0.0,hdslay1_t1,36,0,hdslay1,arr,,,,,,
oname:hdslay1_t1_otype:arr_i:36_j:1,1e+30,0.0,hdslay1_t1,36,1,hdslay1,arr,,,,,,
oname:hdslay1_t1_otype:arr_i:36_j:10,33.56717,0.0,hdslay1_t1,36,10,hdslay1,arr,,,,,,
oname:hdslay1_t1_otype:arr_i:36_j:11,33.56922,0.0,hdslay1_t1,36,11,hdslay1,arr,,,,,,
oname:hdslay1_t1_otype:arr_i:36_j:12,33.57195,0.0,hdslay1_t1,36,12,hdslay1,arr,,,,,,
oname:hdslay1_t1_otype:arr_i:36_j:13,33.58679,0.0,hdslay1_t1,36,13,hdslay1,arr,,,,,,
oname:hdslay1_t1_otype:arr_i:36_j:14,33.60287,0.0,hdslay1_t1,36,14,hdslay1,arr,,,,,,
oname:hdslay1_t1_otype:arr_i:36_j:15,33.61555,0.0,hdslay1_t1,36,15,hdslay1,arr,,,,,,
oname:hdslay1_t1_otype:arr_i:36_j:16,33.62345,0.0,hdslay1_t1,36,16,hdslay1,arr,,,,,,
oname:hdslay1_t1_otype:arr_i:36_j:17,33.63405,0.0,hdslay1_t1,36,17,hdslay1,arr,,,,,,
oname:hdslay1_t1_otype:arr_i:36_j:18,33.64619,0.0,hdslay1_t1,36,18,hdslay1,arr,,,,,,
oname:hdslay1_t1_otype:arr_i:36_j:19,1e+30,0.0,hdslay1_t1,36,19,hdslay1,arr,,,,,,
oname:hdslay1_t1_otype:arr_i:36_j:2,1e+30,0.0,hdslay1_t1,36,2,hdslay1,arr,,,,,,
oname:hdslay1_t1_otype:arr_i:36_j:3,1e+30,0.0,hdslay1_t1,36,3,hdslay1,arr,,,,,,
oname:hdslay1_t1_otype:arr_i:36_j:4,33.66486,0.0,hdslay1_t1,36,4,hdslay1,arr,,,,,,
oname:hdslay1_t1_otype:arr_i:36_j:5,33.62889,0.0,hdslay1_t1,36,5,hdslay1,arr,,,,,,
oname:hdslay1_t1_otype:arr_i:36_j:6,33.60665,0.0,hdslay1_t1,36,6,hdslay1,arr,,,,,,
oname:hdslay1_t1_otype:arr_i:36_j:7,33.59302,0.0,hdslay1_t1,36,7,hdslay1,arr,,,,,,
oname:hdslay1_t1_otype:arr_i:36_j:8,33.58406,0.0,hdslay1_t1,36,8,hdslay1,arr,,,,,,
oname:hdslay1_t1_otype:arr_i:36_j:9,33.57709,0.0,hdslay1_t1,36,9,hdslay1,arr,,,,,,
oname:hdslay1_t1_otype:arr_i:37_j:0,1e+30,0.0,hdslay1_t1,37,0,hdslay1,arr,,,,,,
oname:hdslay1_t1_otype:arr_i:37_j:1,1e+30,0.0,hdslay1_t1,37,1,hdslay1,arr,,,,,,
oname:hdslay1_t1_otype:arr_i:37_j:10,33.5294,0.0,hdslay1_t1,37,10,hdslay1,arr,,,,,,
oname:hdslay1_t1_otype:arr_i:37_j:11,33.52801,0.0,hdslay1_t1,37,11,hdslay1,arr,,,,,,
oname:hdslay1_t1_otype:arr_i:37_j:12,33.53613,0.0,hdslay1_t1,37,12,hdslay1,arr,,,,,,
oname:hdslay1_t1_otype:arr_i:37_j:13,33.55569,0.0,hdslay1_t1,37,13,hdslay1,arr,,,,,,
oname:hdslay1_t1_otype:arr_i:37_j:14,33.57847,0.0,hdslay1_t1,37,14,hdslay1,arr,,,,,,
oname:hdslay1_t1_otype:arr_i:37_j:15,33.59822,0.0,hdslay1_t1,37,15,hdslay1,arr,,,,,,
oname:hdslay1_t1_otype:arr_i:37_j:16,33.60833,0.0,hdslay1_t1,37,16,hdslay1,arr,,,,,,
oname:hdslay1_t1_otype:arr_i:37_j:17,33.61961,0.0,hdslay1_t1,37,17,hdslay1,arr,,,,,,
oname:hdslay1_t1_otype:arr_i:37_j:18,1e+30,0.0,hdslay1_t1,37,18,hdslay1,arr,,,,,,
oname:hdslay1_t1_otype:arr_i:37_j:19,1e+30,0.0,hdslay1_t1,37,19,hdslay1,arr,,,,,,
oname:hdslay1_t1_otype:arr_i:37_j:2,1e+30,0.0,hdslay1_t1,37,2,hdslay1,arr,,,,,,
oname:hdslay1_t1_otype:arr_i:37_j:3,1e+30,0.0,hdslay1_t1,37,3,hdslay1,arr,,,,,,
oname:hdslay1_t1_otype:arr_i:37_j:4,1e+30,0.0,hdslay1_t1,37,4,hdslay1,arr,,,,,,
oname:hdslay1_t1_otype:arr_i:37_j:5,33.56214,0.0,hdslay1_t1,37,5,hdslay1,arr,,,,,,
oname:hdslay1_t1_otype:arr_i:37_j:6,33.55816,0.0,hdslay1_t1,37,6,hdslay1,arr,,,,,,
oname:hdslay1_t1_otype:arr_i:37_j:7,33.55154,0.0,hdslay1_t1,37,7,hdslay1,arr,,,,,,
oname:hdslay1_t1_otype:arr_i:37_j:8,33.54197,0.0,hdslay1_t1,37,8,hdslay1,arr,,,,,,
oname:hdslay1_t1_otype:arr_i:37_j:9,33.53615,0.0,hdslay1_t1,37,9,hdslay1,arr,,,,,,
oname:hdslay1_t1_otype:arr_i:38_j:0,1e+30,0.0,hdslay1_t1,38,0,hdslay1,arr,,,,,,
oname:hdslay1_t1_otype:arr_i:38_j:1,1e+30,0.0,hdslay1_t1,38,1,hdslay1,arr,,,,,,
oname:hdslay1_t1_otype:arr_i:38_j:10,33.47089,0.0,hdslay1_t1,38,10,hdslay1,arr,,,,,,
oname:hdslay1_t1_otype:arr_i:38_j:11,33.46491,0.0,hdslay1_t1,38,11,hdslay1,arr,,,,,,
oname:hdslay1_t1_otype:arr_i:38_j:12,33.48141,0.0,hdslay1_t1,38,12,hdslay1,arr,,,,,,
oname:hdslay1_t1_otype:arr_i:38_j:13,33.51126,0.0,hdslay1_t1,38,13,hdslay1,arr,,,,,,
oname:hdslay1_t1_otype:arr_i:38_j:14,33.54778,0.0,hdslay1_t1,38,14,hdslay1,arr,,,,,,
oname:hdslay1_t1_otype:arr_i:38_j:15,33.58108,0.0,hdslay1_t1,38,15,hdslay1,arr,,,,,,
oname:hdslay1_t1_otype:arr_i:38_j:16,33.59685,0.0,hdslay1_t1,38,16,hdslay1,arr,,,,,,
oname:hdslay1_t1_otype:arr_i:38_j:17,1e+30,0.0,hdslay1_t1,38,17,hdslay1,arr,,,,,,
oname:hdslay1_t1_otype:arr_i:38_j:18,1e+30,0.0,hdslay1_t1,38,18,hdslay1,arr,,,,,,
oname:hdslay1_t1_otype:arr_i:38_j:19,1e+30,0.0,hdslay1_t1,38,19,hdslay1,arr,,,,,,
oname:hdslay1_t1_otype:arr_i:38_j:2,1e+30,0.0,hdslay1_t1,38,2,hdslay1,arr,,,,,,
oname:hdslay1_t1_otype:arr_i:38_j:3,1e+30,0.0,hdslay1_t1,38,3,hdslay1,arr,,,,,,
oname:hdslay1_t1_otype:arr_i:38_j:4,1e+30,0.0,hdslay1_t1,38,4,hdslay1,arr,,,,,,
oname:hdslay1_t1_otype:arr_i:38_j:5,33.50394,0.0,hdslay1_t1,38,5,hdslay1,arr,,,,,,
oname:hdslay1_t1_otype:arr_i:38_j:6,33.50453,0.0,hdslay1_t1,38,6,hdslay1,arr,,,,,,
oname:hdslay1_t1_otype:arr_i:38_j:7,33.49559,0.0,hdslay1_t1,38,7,hdslay1,arr,,,,,,
oname:hdslay1_t1_otype:arr_i:38_j:8,33.49055,0.0,hdslay1_t1,38,8,hdslay1,arr,,,,,,
oname:hdslay1_t1_otype:arr_i:38_j:9,33.48217,0.0,hdslay1_t1,38,9,hdslay1,arr,,,,,,
oname:hdslay1_t1_otype:arr_i:39_j:0,1e+30,0.0,hdslay1_t1,39,0,hdslay1,arr,,,,,,
oname:hdslay1_t1_otype:arr_i:39_j:1,1e+30,0.0,hdslay1_t1,39,1,hdslay1,arr,,,,,,
oname:hdslay1_t1_otype:arr_i:39_j:10,33.37513,0.0,hdslay1_t1,39,10,hdslay1,arr,,,,,,
oname:hdslay1_t1_otype:arr_i:39_j:11,33.38361,0.0,hdslay1_t1,39,11,hdslay1,arr,,,,,,
oname:hdslay1_t1_otype:arr_i:39_j:12,33.40559,0.0,hdslay1_t1,39,12,hdslay1,arr,,,,,,
oname:hdslay1_t1_otype:arr_i:39_j:13,33.445,0.0,hdslay1_t1,39,13,hdslay1,arr,,,,,,
oname:hdslay1_t1_otype:arr_i:39_j:14,33.49177,0.0,hdslay1_t1,39,14,hdslay1,arr,,,,,,
oname:hdslay1_t1_otype:arr_i:39_j:15,33.55586,0.0,hdslay1_t1,39,15,hdslay1,arr,,,,,,
oname:hdslay1_t1_otype:arr_i:39_j:16,1e+30,0.0,hdslay1_t1,39,16,hdslay1,arr,,,,,,
oname:hdslay1_t1_otype:arr_i:39_j:17,1e+30,0.0,hdslay1_t1,39,17,hdslay1,arr,,,,,,
oname:hdslay1_t1_otype:arr_i:39_j:18,1e+30,0.0,hdslay1_t1,39,18,hdslay1,arr,,,,,,
oname:hdslay1_t1_otype:arr_i:39_j:19,1e+30,0.0,hdslay1_t1,39,19,hdslay1,arr,,,,,,
oname:hdslay1_t1_otype:arr_i:39_j:2,1e+30,0.0,hdslay1_t1,39,2,hdslay1,arr,,,,,,
oname:hdslay1_t1_otype:arr_i:39_j:3,1e+30,0.0,hdslay1_t1,39,3,hdslay1,arr,,,,,,
oname:hdslay1_t1_otype:arr_i:39_j:4,1e+30,0.0,hdslay1_t1,39,4,hdslay1,arr,,,,,,
oname:hdslay1_t1_otype:arr_i:39_j:5,33.43396,0.0,hdslay1_t1,39,5,hdslay1,arr,,,,,,
oname:hdslay1_t1_otype:arr_i:39_j:6,33.42827,0.0,hdslay1_t1,39,6,hdslay1,arr,,,,,,
oname:hdslay1_t1_otype:arr_i:39_j:7,33.42597,0.0,hdslay1_t1,39,7,hdslay1,arr,,,,,,
oname:hdslay1_t1_otype:arr_i:39_j:8,33.41743,0.0,hdslay1_t1,39,8,hdslay1,arr,,,,,,
oname:hdslay1_t1_otype:arr_i:39_j:9,33.40048,0.0,hdslay1_t1,39,9,hdslay1,arr,,,,,,
oname:hdslay1_t1_otype:arr_i:3_j:0,35.01519,0.0,hdslay1_t1,3,0,hdslay1,arr,,,,,,
oname:hdslay1_t1_otype:arr_i:3_j:1,35.00758,0.0,hdslay1_t1,3,1,hdslay1,arr,,,,,,
oname:hdslay1_t1_otype:arr_i:3_j:10,34.4233,0.0,hdslay1_t1,3,10,hdslay1,arr,,,,,,
oname:hdslay1_t1_otype:arr_i:3_j:11,34.37758,0.0,hdslay1_t1,3,11,hdslay1,arr,,,,,,
oname:hdslay1_t1_otype:arr_i:3_j:12,34.33169,0.0,hdslay1_t1,3,12,hdslay1,arr,,,,,,
oname:hdslay1_t1_otype:arr_i:3_j:13,34.28144,0.0,hdslay1_t1,3,13,hdslay1,arr,,,,,,
oname:hdslay1_t1_otype:arr_i:3_j:14,34.23839,0.0,hdslay1_t1,3,14,hdslay1,arr,,,,,,
oname:hdslay1_t1_otype:arr_i:3_j:15,34.20026,0.0,hdslay1_t1,3,15,hdslay1,arr,,,,,,
oname:hdslay1_t1_otype:arr_i:3_j:16,34.18982,0.0,hdslay1_t1,3,16,hdslay1,arr,,,,,,
oname:hdslay1_t1_otype:arr_i:3_j:17,34.18053,0.0,hdslay1_t1,3,17,hdslay1,arr,,,,,,
oname:hdslay1_t1_otype:arr_i:3_j:18,34.17388,0.0,hdslay1_t1,3,18,hdslay1,arr,,,,,,
oname:hdslay1_t1_otype:arr_i:3_j:19,34.1717,0.0,hdslay1_t1,3,19,hdslay1,arr,,,,,,
oname:hdslay1_t1_otype:arr_i:3_j:2,34.9954,0.0,hdslay1_t1,3,2,hdslay1,arr,,,,,,
oname:hdslay1_t1_otype:arr_i:3_j:3,34.96313,0.0,hdslay1_t1,3,3,hdslay1,arr,,,,,,
oname:hdslay1_t1_otype:arr_i:3_j:4,34.90957,0.0,hdslay1_t1,3,4,hdslay1,arr,,,,,,
oname:hdslay1_t1_otype:arr_i:3_j:5,34.83613,0.0,hdslay1_t1,3,5,hdslay1,arr,,,,,,
oname:hdslay1_t1_otype:arr_i:3_j:6,34.74029,0.0,hdslay1_t1,3,6,hdslay1,arr,,,,,,
oname:hdslay1_t1_otype:arr_i:3_j:7,34.63773,0.0,hdslay1_t1,3,7,hdslay1,arr,,,,,,
oname:hdslay1_t1_otype:arr_i:3_j:8,34.54826,0.0,hdslay1_t1,3,8,hdslay1,arr,,,,,,
oname:hdslay1_t1_otype:arr_i:3_j:9,34.4794,0.0,hdslay1_t1,3,9,hdslay1,arr,,,,,,
oname:hdslay1_t1_otype:arr_i:4_j:0,35.00124,0.0,hdslay1_t1,4,0,hdslay1,arr,,,,,,
oname:hdslay1_t1_otype:arr_i:4_j:1,34.99712,0.0,hdslay1_t1,4,1,hdslay1,arr,,,,,,
oname:hdslay1_t1_otype:arr_i:4_j:10,34.42358,0.0,hdslay1_t1,4,10,hdslay1,arr,,,,,,
oname:hdslay1_t1_otype:arr_i:4_j:11,34.37412,0.0,hdslay1_t1,4,11,hdslay1,arr,,,,,,
oname:hdslay1_t1_otype:arr_i:4_j:12,34.31685,0.0,hdslay1_t1,4,12,hdslay1,arr,,,,,,
oname:hdslay1_t1_otype:arr_i:4_j:13,34.26424,0.0,hdslay1_t1,4,13,hdslay1,arr,,,,,,
oname:hdslay1_t1_otype:arr_i:4_j:14,34.22075,0.0,hdslay1_t1,4,14,hdslay1,arr,,,,,,
oname:hdslay1_t1_otype:arr_i:4_j:15,34.18416,0.0,hdslay1_t1,4,15,hdslay1,arr,,,,,,
oname:hdslay1_t1_otype:arr_i:4_j:16,34.17028,0.0,hdslay1_t1,4,16,hdslay1,arr,,,,,,
oname:hdslay1_t1_otype:arr_i:4_j:17,34.16132,0.0,hdslay1_t1,4,17,hdslay1,arr,,,,,,
oname:hdslay1_t1_otype:arr_i:4_j:18,34.15674,0.0,hdslay1_t1,4,18,hdslay1,arr,,,,,,
oname:hdslay1_t1_otype:arr_i:4_j:19,34.15737,0.0,hdslay1_t1,4,19,hdslay1,arr,,,,,,
oname:hdslay1_t1_otype:arr_i:4_j:2,34.98749,0.0,hdslay1_t1,4,2,hdslay1,arr,,,,,,
oname:hdslay1_t1_otype:arr_i:4_j:3,34.96088,0.0,hdslay1_t1,4,3,hdslay1,arr,,,,,,
oname:hdslay1_t1_otype:arr_i:4_j:4,34.91395,0.0,hdslay1_t1,4,4,hdslay1,arr,,,,,,
oname:hdslay1_t1_otype:arr_i:4_j:5,34.84581,0.0,hdslay1_t1,4,5,hdslay1,arr,,,,,,
oname:hdslay1_t1_otype:arr_i:4_j:6,34.76497,0.0,hdslay1_t1,4,6,hdslay1,arr,,,,,,
oname:hdslay1_t1_otype:arr_i:4_j:7,34.6588,0.0,hdslay1_t1,4,7,hdslay1,arr,,,,,,
oname:hdslay1_t1_otype:arr_i:4_j:8,34.56104,0.0,hdslay1_t1,4,8,hdslay1,arr,,,,,,
oname:hdslay1_t1_otype:arr_i:4_j:9,34.48488,0.0,hdslay1_t1,4,9,hdslay1,arr,,,,,,
oname:hdslay1_t1_otype:arr_i:5_j:0,34.98973,0.0,hdslay1_t1,5,0,hdslay1,arr,,,,,,
oname:hdslay1_t1_otype:arr_i:5_j:1,34.98626,0.0,hdslay1_t1,5,1,hdslay1,arr,,,,,,
oname:hdslay1_t1_otype:arr_i:5_j:10,34.41779,0.0,hdslay1_t1,5,10,hdslay1,arr,,,,,,
oname:hdslay1_t1_otype:arr_i:5_j:11,34.36136,0.0,hdslay1_t1,5,11,hdslay1,arr,,,,,,
oname:hdslay1_t1_otype:arr_i:5_j:12,34.301,0.0,hdslay1_t1,5,12,hdslay1,arr,,,,,,
oname:hdslay1_t1_otype:arr_i:5_j:13,34.24458,0.0,hdslay1_t1,5,13,hdslay1,arr,,,,,,
oname:hdslay1_t1_otype:arr_i:5_j:14,34.1965,0.0,hdslay1_t1,5,14,hdslay1,arr,,,,,,
oname:hdslay1_t1_otype:arr_i:5_j:15,34.16014,0.0,hdslay1_t1,5,15,hdslay1,arr,,,,,,
oname:hdslay1_t1_otype:arr_i:5_j:16,34.14981,0.0,hdslay1_t1,5,16,hdslay1,arr,,,,,,
oname:hdslay1_t1_otype:arr_i:5_j:17,34.14158,0.0,hdslay1_t1,5,17,hdslay1,arr,,,,,,
oname:hdslay1_t1_otype:arr_i:5_j:18,34.14028,0.0,hdslay1_t1,5,18,hdslay1,arr,,,,,,
oname:hdslay1_t1_otype:arr_i:5_j:19,34.14232,0.0,hdslay1_t1,5,19,hdslay1,arr,,,,,,
oname:hdslay1_t1_otype:arr_i:5_j:2,34.97584,0.0,hdslay1_t1,5,2,hdslay1,arr,,,,,,
oname:hdslay1_t1_otype:arr_i:5_j:3,34.95345,0.0,hdslay1_t1,5,3,hdslay1,arr,,,,,,
oname:hdslay1_t1_otype:arr_i:5_j:4,34.91477,0.0,hdslay1_t1,5,4,hdslay1,arr,,,,,,
oname:hdslay1_t1_otype:arr_i:5_j:5,34.85395,0.0,hdslay1_t1,5,5,hdslay1,arr,,,,,,
oname:hdslay1_t1_otype:arr_i:5_j:6,34.77113,0.0,hdslay1_t1,5,6,hdslay1,arr,,,,,,
oname:hdslay1_t1_otype:arr_i:5_j:7,34.67934,0.0,hdslay1_t1,5,7,hdslay1,arr,,,,,,
oname:hdslay1_t1_otype:arr_i:5_j:8,34.58051,0.0,hdslay1_t1,5,8,hdslay1,arr,,,,,,
oname:hdslay1_t1_otype:arr_i:5_j:9,34.48647,0.0,hdslay1_t1,5,9,hdslay1,arr,,,,,,
oname:hdslay1_t1_otype:arr_i:6_j:0,34.98211,0.0,hdslay1_t1,6,0,hdslay1,arr,,,,,,
oname:hdslay1_t1_otype:arr_i:6_j:1,34.97898,0.0,hdslay1_t1,6,1,hdslay1,arr,,,,,,
oname:hdslay1_t1_otype:arr_i:6_j:10,34.3999,0.0,hdslay1_t1,6,10,hdslay1,arr,,,,,,
oname:hdslay1_t1_otype:arr_i:6_j:11,34.33779,0.0,hdslay1_t1,6,11,hdslay1,arr,,,,,,
oname:hdslay1_t1_otype:arr_i:6_j:12,34.26963,0.0,hdslay1_t1,6,12,hdslay1,arr,,,,,,
oname:hdslay1_t1_otype:arr_i:6_j:13,34.2086,0.0,hdslay1_t1,6,13,hdslay1,arr,,,,,,
oname:hdslay1_t1_otype:arr_i:6_j:14,34.16451,0.0,hdslay1_t1,6,14,hdslay1,arr,,,,,,
oname:hdslay1_t1_otype:arr_i:6_j:15,34.12989,0.0,hdslay1_t1,6,15,hdslay1,arr,,,,,,
oname:hdslay1_t1_otype:arr_i:6_j:16,34.12437,0.0,hdslay1_t1,6,16,hdslay1,arr,,,,,,
oname:hdslay1_t1_otype:arr_i:6_j:17,34.11841,0.0,hdslay1_t1,6,17,hdslay1,arr,,,,,,
oname:hdslay1_t1_otype:arr_i:6_j:18,34.11735,0.0,hdslay1_t1,6,18,hdslay1,arr,,,,,,
oname:hdslay1_t1_otype:arr_i:6_j:19,34.11821,0.0,hdslay1_t1,6,19,hdslay1,arr,,,,,,
oname:hdslay1_t1_otype:arr_i:6_j:2,34.97054,0.0,hdslay1_t1,6,2,hdslay1,arr,,,,,,
oname:hdslay1_t1_otype:arr_i:6_j:3,34.95318,0.0,hdslay1_t1,6,3,hdslay1,arr,,,,,,
oname:hdslay1_t1_otype:arr_i:6_j:4,34.91949,0.0,hdslay1_t1,6,4,hdslay1,arr,,,,,,
oname:hdslay1_t1_otype:arr_i:6_j:5,34.85225,0.0,hdslay1_t1,6,5,hdslay1,arr,,,,,,
oname:hdslay1_t1_otype:arr_i:6_j:6,34.76391,0.0,hdslay1_t1,6,6,hdslay1,arr,,,,,,
oname:hdslay1_t1_otype:arr_i:6_j:7,34.67276,0.0,hdslay1_t1,6,7,hdslay1,arr,,,,,,
oname:hdslay1_t1_otype:arr_i:6_j:8,34.57558,0.0,hdslay1_t1,6,8,hdslay1,arr,,,,,,
oname:hdslay1_t1_otype:arr_i:6_j:9,34.47493,0.0,hdslay1_t1,6,9,hdslay1,arr,,,,,,
oname:hdslay1_t1_otype:arr_i:7_j:0,34.97729,0.0,hdslay1_t1,7,0,hdslay1,arr,,,,,,
oname:hdslay1_t1_otype:arr_i:7_j:1,34.97511,0.0,hdslay1_t1,7,1,hdslay1,arr,,,,,,
oname:hdslay1_t1_otype:arr_i:7_j:10,34.35868,0.0,hdslay1_t1,7,10,hdslay1,arr,,,,,,
oname:hdslay1_t1_otype:arr_i:7_j:11,34.29406,0.0,hdslay1_t1,7,11,hdslay1,arr,,,,,,
oname:hdslay1_t1_otype:arr_i:7_j:12,34.22151,0.0,hdslay1_t1,7,12,hdslay1,arr,,,,,,
oname:hdslay1_t1_otype:arr_i:7_j:13,34.16206,0.0,hdslay1_t1,7,13,hdslay1,arr,,,,,,
oname:hdslay1_t1_otype:arr_i:7_j:14,34.1234,0.0,hdslay1_t1,7,14,hdslay1,arr,,,,,,
oname:hdslay1_t1_otype:arr_i:7_j:15,34.09596,0.0,hdslay1_t1,7,15,hdslay1,arr,,,,,,
oname:hdslay1_t1_otype:arr_i:7_j:16,34.08868,0.0,hdslay1_t1,7,16,hdslay1,arr,,,,,,
oname:hdslay1_t1_otype:arr_i:7_j:17,34.09094,0.0,hdslay1_t1,7,17,hdslay1,arr,,,,,,
oname:hdslay1_t1_otype:arr_i:7_j:18,34.09053,0.0,hdslay1_t1,7,18,hdslay1,arr,,,,,,
oname:hdslay1_t1_otype:arr_i:7_j:19,34.09068,0.0,hdslay1_t1,7,19,hdslay1,arr,,,,,,
oname:hdslay1_t1_otype:arr_i:7_j:2,34.96925,0.0,hdslay1_t1,7,2,hdslay1,arr,,,,,,
oname:hdslay1_t1_otype:arr_i:7_j:3,34.95738,0.0,hdslay1_t1,7,3,hdslay1,arr,,,,,,
oname:hdslay1_t1_otype:arr_i:7_j:4,34.9193,0.0,hdslay1_t1,7,4,hdslay1,arr,,,,,,
oname:hdslay1_t1_otype:arr_i:7_j:5,34.84871,0.0,hdslay1_t1,7,5,hdslay1,arr,,,,,,
oname:hdslay1_t1_otype:arr_i:7_j:6,34.7638,0.0,hdslay1_t1,7,6,hdslay1,arr,,,,,,
oname:hdslay1_t1_otype:arr_i:7_j:7,34.65303,0.0,hdslay1_t1,7,7,hdslay1,arr,,,,,,
oname:hdslay1_t1_otype:arr_i:7_j:8,34.53144,0.0,hdslay1_t1,7,8,hdslay1,arr,,,,,,
oname:hdslay1_t1_otype:arr_i:7_j:9,34.42575,0.0,hdslay1_t1,7,9,hdslay1,arr,,,,,,
oname:hdslay1_t1_otype:arr_i:8_j:0,34.97347,0.0,hdslay1_t1,8,0,hdslay1,arr,,,,,,
oname:hdslay1_t1_otype:arr_i:8_j:1,34.97242,0.0,hdslay1_t1,8,1,hdslay1,arr,,,,,,
oname:hdslay1_t1_otype:arr_i:8_j:10,34.29728,0.0,hdslay1_t1,8,10,hdslay1,arr,,,,,,
oname:hdslay1_t1_otype:arr_i:8_j:11,34.23189,0.0,hdslay1_t1,8,11,hdslay1,arr,,,,,,
oname:hdslay1_t1_otype:arr_i:8_j:12,34.15922,0.0,hdslay1_t1,8,12,hdslay1,arr,,,,,,
oname:hdslay1_t1_otype:arr_i:8_j:13,34.10897,0.0,hdslay1_t1,8,13,hdslay1,arr,,,,,,
oname:hdslay1_t1_otype:arr_i:8_j:14,34.07891,0.0,hdslay1_t1,8,14,hdslay1,arr,,,,,,
oname:hdslay1_t1_otype:arr_i:8_j:15,34.05485,0.0,hdslay1_t1,8,15,hdslay1,arr,,,,,,
oname:hdslay1_t1_otype:arr_i:8_j:16,34.04444,0.0,hdslay1_t1,8,16,hdslay1,arr,,,,,,
oname:hdslay1_t1_otype:arr_i:8_j:17,34.0551,0.0,hdslay1_t1,8,17,hdslay1,arr,,,,,,
oname:hdslay1_t1_otype:arr_i:8_j:18,34.06374,0.0,hdslay1_t1,8,18,hdslay1,arr,,,,,,
oname:hdslay1_t1_otype:arr_i:8_j:19,34.06629,0.0,hdslay1_t1,8,19,hdslay1,arr,,,,,,
oname:hdslay1_t1_otype:arr_i:8_j:2,34.96992,0.0,hdslay1_t1,8,2,hdslay1,arr,,,,,,
oname:hdslay1_t1_otype:arr_i:8_j:3,34.96646,0.0,hdslay1_t1,8,3,hdslay1,arr,,,,,,
oname:hdslay1_t1_otype:arr_i:8_j:4,1e+30,0.0,hdslay1_t1,8,4,hdslay1,arr,,,,,,
oname:hdslay1_t1_otype:arr_i:8_j:5,1e+30,0.0,hdslay1_t1,8,5,hdslay1,arr,,,,,,
oname:hdslay1_t1_otype:arr_i:8_j:6,1e+30,0.0,hdslay1_t1,8,6,hdslay1,arr,,,,,,
oname:hdslay1_t1_otype:arr_i:8_j:7,34.56132,0.0,hdslay1_t1,8,7,hdslay1,arr,,,,,,
oname:hdslay1_t1_otype:arr_i:8_j:8,34.43785,0.0,hdslay1_t1,8,8,hdslay1,arr,,,,,,
oname:hdslay1_t1_otype:arr_i:8_j:9,34.35668,0.0,hdslay1_t1,8,9,hdslay1,arr,,,,,,
oname:hdslay1_t1_otype:arr_i:9_j:0,34.96827,0.0,hdslay1_t1,9,0,hdslay1,arr,,,,,,
oname:hdslay1_t1_otype:arr_i:9_j:1,34.96672,0.0,hdslay1_t1,9,1,hdslay1,arr,,,,,,
oname:hdslay1_t1_otype:arr_i:9_j:10,34.22334,0.0,hdslay1_t1,9,10,hdslay1,arr,,,,,,
oname:hdslay1_t1_otype:arr_i:9_j:11,34.1617,0.0,hdslay1_t1,9,11,hdslay1,arr,,,,,,
oname:hdslay1_t1_otype:arr_i:9_j:12,34.10465,0.0,hdslay1_t1,9,12,hdslay1,arr,,,,,,
oname:hdslay1_t1_otype:arr_i:9_j:13,34.06767,0.0,hdslay1_t1,9,13,hdslay1,arr,,,,,,
oname:hdslay1_t1_otype:arr_i:9_j:14,34.04486,0.0,hdslay1_t1,9,14,hdslay1,arr,,,,,,
oname:hdslay1_t1_otype:arr_i:9_j:15,34.02572,0.0,hdslay1_t1,9,15,hdslay1,arr,,,,,,
oname:hdslay1_t1_otype:arr_i:9_j:16,33.98406,0.0,hdslay1_t1,9,16,hdslay1,arr,,,,,,
oname:hdslay1_t1_otype:arr_i:9_j:17,34.02555,0.0,hdslay1_t1,9,17,hdslay1,arr,,,,,,
oname:hdslay1_t1_otype:arr_i:9_j:18,34.04156,0.0,hdslay1_t1,9,18,hdslay1,arr,,,,,,
oname:hdslay1_t1_otype:arr_i:9_j:19,34.04779,0.0,hdslay1_t1,9,19,hdslay1,arr,,,,,,
oname:hdslay1_t1_otype:arr_i:9_j:2,34.96567,0.0,hdslay1_t1,9,2,hdslay1,arr,,,,,,
oname:hdslay1_t1_otype:arr_i:9_j:3,34.96323,0.0,hdslay1_t1,9,3,hdslay1,arr,,,,,,
oname:hdslay1_t1_otype:arr_i:9_j:4,1e+30,0.0,hdslay1_t1,9,4,hdslay1,arr,,,,,,
oname:hdslay1_t1_otype:arr_i:9_j:5,1e+30,0.0,hdslay1_t1,9,5,hdslay1,arr,,,,,,
oname:hdslay1_t1_otype:arr_i:9_j:6,1e+30,0.0,hdslay1_t1,9,6,hdslay1,arr,,,,,,
oname:hdslay1_t1_otype:arr_i:9_j:7,1e+30,0.0,hdslay1_t1,9,7,hdslay1,arr,,,,,,
oname:hdslay1_t1_otype:arr_i:9_j:8,34.30021,0.0,hdslay1_t1,9,8,hdslay1,arr,,,,,,
oname:hdslay1_t1_otype:arr_i:9_j:9,34.26574,0.0,hdslay1_t1,9,9,hdslay1,arr,,,,,,
oname:hdslay1_t10_otype:arr_i:0_j:0,35.07762,0.0,hdslay1_t10,0,0,hdslay1,arr,,,,,,
oname:hdslay1_t10_otype:arr_i:0_j:1,35.06388,0.0,hdslay1_t10,0,1,hdslay1,arr,,,,,,
oname:hdslay1_t10_otype:arr_i:0_j:10,34.43965,0.0,hdslay1_t10,0,10,hdslay1,arr,,,,,,
oname:hdslay1_t10_otype:arr_i:0_j:11,34.38835,0.0,hdslay1_t10,0,11,hdslay1,arr,,,,,,
oname:hdslay1_t10_otype:arr_i:0_j:12,34.34787,0.0,hdslay1_t10,0,12,hdslay1,arr,,,,,,
oname:hdslay1_t10_otype:arr_i:0_j:13,34.30816,0.0,hdslay1_t10,0,13,hdslay1,arr,,,,,,
oname:hdslay1_t10_otype:arr_i:0_j:14,34.2675,0.0,hdslay1_t10,0,14,hdslay1,arr,,,,,,
oname:hdslay1_t10_otype:arr_i:0_j:15,34.21865,0.0,hdslay1_t10,0,15,hdslay1,arr,,,,,,
oname:hdslay1_t10_otype:arr_i:0_j:16,34.21228,0.0,hdslay1_t10,0,16,hdslay1,arr,,,,,,
oname:hdslay1_t10_otype:arr_i:0_j:17,34.20491,0.0,hdslay1_t10,0,17,hdslay1,arr,,,,,,
oname:hdslay1_t10_otype:arr_i:0_j:18,34.19804,0.0,hdslay1_t10,0,18,hdslay1,arr,,,,,,
oname:hdslay1_t10_otype:arr_i:0_j:19,34.19468,0.0,hdslay1_t10,0,19,hdslay1,arr,,,,,,
oname:hdslay1_t10_otype:arr_i:0_j:2,35.03735,0.0,hdslay1_t10,0,2,hdslay1,arr,,,,,,
oname:hdslay1_t10_otype:arr_i:0_j:3,35.00377,0.0,hdslay1_t10,0,3,hdslay1,arr,,,,,,
oname:hdslay1_t10_otype:arr_i:0_j:4,34.94847,0.0,hdslay1_t10,0,4,hdslay1,arr,,,,,,
oname:hdslay1_t10_otype:arr_i:0_j:5,34.8571,0.0,hdslay1_t10,0,5,hdslay1,arr,,,,,,
oname:hdslay1_t10_otype:arr_i:0_j:6,34.74683,0.0,hdslay1_t10,0,6,hdslay1,arr,,,,,,
oname:hdslay1_t10_otype:arr_i:0_j:7,34.64777,0.0,hdslay1_t10,0,7,hdslay1,arr,,,,,,
oname:hdslay1_t10_otype:arr_i:0_j:8,34.56392,0.0,hdslay1_t10,0,8,hdslay1,arr,,,,,,
oname:hdslay1_t10_otype:arr_i:0_j:9,34.49589,0.0,hdslay1_t10,0,9,hdslay1,arr,,,,,,
oname:hdslay1_t10_otype:arr_i:10_j:0,35.01133,0.0,hdslay1_t10,10,0,hdslay1,arr,,,,,,
oname:hdslay1_t10_otype:arr_i:10_j:1,35.00976,0.0,hdslay1_t10,10,1,hdslay1,arr,,,,,,
oname:hdslay1_t10_otype:arr_i:10_j:10,34.09499,0.0,hdslay1_t10,10,10,hdslay1,arr,,,,,,
oname:hdslay1_t10_otype:arr_i:10_j:11,34.02613,0.0,hdslay1_t10,10,11,hdslay1,arr,,,,,,
oname:hdslay1_t10_otype:arr_i:10_j:12,33.96257,0.0,hdslay1_t10,10,12,hdslay1,arr,,,,,,
oname:hdslay1_t10_otype:arr_i:10_j:13,33.91855,0.0,hdslay1_t10,10,13,hdslay1,arr,,,,,,
oname:hdslay1_t10_otype:arr_i:10_j:14,33.9182,0.0,hdslay1_t10,10,14,hdslay1,arr,,,,,,
oname:hdslay1_t10_otype:arr_i:10_j:15,33.9128,0.0,hdslay1_t10,10,15,hdslay1,arr,,,,,,
oname:hdslay1_t10_otype:arr_i:10_j:16,33.89826,0.0,hdslay1_t10,10,16,hdslay1,arr,,,,,,
oname:hdslay1_t10_otype:arr_i:10_j:17,33.91319,0.0,hdslay1_t10,10,17,hdslay1,arr,,,,,,
oname:hdslay1_t10_otype:arr_i:10_j:18,33.92598,0.0,hdslay1_t10,10,18,hdslay1,arr,,,,,,
oname:hdslay1_t10_otype:arr_i:10_j:19,33.93269,0.0,hdslay1_t10,10,19,hdslay1,arr,,,,,,
oname:hdslay1_t10_otype:arr_i:10_j:2,35.00945,0.0,hdslay1_t10,10,2,hdslay1,arr,,,,,,
oname:hdslay1_t10_otype:arr_i:10_j:3,35.00783,0.0,hdslay1_t10,10,3,hdslay1,arr,,,,,,
oname:hdslay1_t10_otype:arr_i:10_j:4,1e+30,0.0,hdslay1_t10,10,4,hdslay1,arr,,,,,,
oname:hdslay1_t10_otype:arr_i:10_j:5,1e+30,0.0,hdslay1_t10,10,5,hdslay1,arr,,,,,,
oname:hdslay1_t10_otype:arr_i:10_j:6,1e+30,0.0,hdslay1_t10,10,6,hdslay1,arr,,,,,,
oname:hdslay1_t10_otype:arr_i:10_j:7,1e+30,0.0,hdslay1_t10,10,7,hdslay1,arr,,,,,,
oname:hdslay1_t10_otype:arr_i:10_j:8,34.15629,0.0,hdslay1_t10,10,8,hdslay1,arr,,,,,,
oname:hdslay1_t10_otype:arr_i:10_j:9,34.13237,0.0,hdslay1_t10,10,9,hdslay1,arr,,,,,,
oname:hdslay1_t10_otype:arr_i:11_j:0,34.98323,0.0,hdslay1_t10,11,0,hdslay1,arr,,,,,,
oname:hdslay1_t10_otype:arr_i:11_j:1,34.98242,0.0,hdslay1_t10,11,1,hdslay1,arr,,,,,,
oname:hdslay1_t10_otype:arr_i:11_j:10,34.03854,0.0,hdslay1_t10,11,10,hdslay1,arr,,,,,,
oname:hdslay1_t10_otype:arr_i:11_j:11,33.98569,0.0,hdslay1_t10,11,11,hdslay1,arr,,,,,,
oname:hdslay1_t10_otype:arr_i:11_j:12,33.92451,0.0,hdslay1_t10,11,12,hdslay1,arr,,,,,,
oname:hdslay1_t10_otype:arr_i:11_j:13,33.83938,0.0,hdslay1_t10,11,13,hdslay1,arr,,,,,,
oname:hdslay1_t10_otype:arr_i:11_j:14,33.89548,0.0,hdslay1_t10,11,14,hdslay1,arr,,,,,,
oname:hdslay1_t10_otype:arr_i:11_j:15,33.90834,0.0,hdslay1_t10,11,15,hdslay1,arr,,,,,,
oname:hdslay1_t10_otype:arr_i:11_j:16,33.90894,0.0,hdslay1_t10,11,16,hdslay1,arr,,,,,,
oname:hdslay1_t10_otype:arr_i:11_j:17,33.9157,0.0,hdslay1_t10,11,17,hdslay1,arr,,,,,,
oname:hdslay1_t10_otype:arr_i:11_j:18,33.92272,0.0,hdslay1_t10,11,18,hdslay1,arr,,,,,,
oname:hdslay1_t10_otype:arr_i:11_j:19,33.92667,0.0,hdslay1_t10,11,19,hdslay1,arr,,,,,,
oname:hdslay1_t10_otype:arr_i:11_j:2,34.98291,0.0,hdslay1_t10,11,2,hdslay1,arr,,,,,,
oname:hdslay1_t10_otype:arr_i:11_j:3,34.98543,0.0,hdslay1_t10,11,3,hdslay1,arr,,,,,,
oname:hdslay1_t10_otype:arr_i:11_j:4,1e+30,0.0,hdslay1_t10,11,4,hdslay1,arr,,,,,,
oname:hdslay1_t10_otype:arr_i:11_j:5,1e+30,0.0,hdslay1_t10,11,5,hdslay1,arr,,,,,,
oname:hdslay1_t10_otype:arr_i:11_j:6,1e+30,0.0,hdslay1_t10,11,6,hdslay1,arr,,,,,,
oname:hdslay1_t10_otype:arr_i:11_j:7,1e+30,0.0,hdslay1_t10,11,7,hdslay1,arr,,,,,,
oname:hdslay1_t10_otype:arr_i:11_j:8,34.08554,0.0,hdslay1_t10,11,8,hdslay1,arr,,,,,,
oname:hdslay1_t10_otype:arr_i:11_j:9,34.07017,0.0,hdslay1_t10,11,9,hdslay1,arr,,,,,,
oname:hdslay1_t10_otype:arr_i:12_j:0,34.94957,0.0,hdslay1_t10,12,0,hdslay1,arr,,,,,,
oname:hdslay1_t10_otype:arr_i:12_j:1,34.94851,0.0,hdslay1_t10,12,1,hdslay1,arr,,,,,,
oname:hdslay1_t10_otype:arr_i:12_j:10,34.00948,0.0,hdslay1_t10,12,10,hdslay1,arr,,,,,,
oname:hdslay1_t10_otype:arr_i:12_j:11,33.97356,0.0,hdslay1_t10,12,11,hdslay1,arr,,,,,,
oname:hdslay1_t10_otype:arr_i:12_j:12,33.93142,0.0,hdslay1_t10,12,12,hdslay1,arr,,,,,,
oname:hdslay1_t10_otype:arr_i:12_j:13,33.89707,0.0,hdslay1_t10,12,13,hdslay1,arr,,,,,,
oname:hdslay1_t10_otype:arr_i:12_j:14,33.90316,0.0,hdslay1_t10,12,14,hdslay1,arr,,,,,,
oname:hdslay1_t10_otype:arr_i:12_j:15,33.9097,0.0,hdslay1_t10,12,15,hdslay1,arr,,,,,,
oname:hdslay1_t10_otype:arr_i:12_j:16,33.91219,0.0,hdslay1_t10,12,16,hdslay1,arr,,,,,,
oname:hdslay1_t10_otype:arr_i:12_j:17,33.91625,0.0,hdslay1_t10,12,17,hdslay1,arr,,,,,,
oname:hdslay1_t10_otype:arr_i:12_j:18,33.92061,0.0,hdslay1_t10,12,18,hdslay1,arr,,,,,,
oname:hdslay1_t10_otype:arr_i:12_j:19,33.92329,0.0,hdslay1_t10,12,19,hdslay1,arr,,,,,,
oname:hdslay1_t10_otype:arr_i:12_j:2,34.95087,0.0,hdslay1_t10,12,2,hdslay1,arr,,,,,,
oname:hdslay1_t10_otype:arr_i:12_j:3,34.95323,0.0,hdslay1_t10,12,3,hdslay1,arr,,,,,,
oname:hdslay1_t10_otype:arr_i:12_j:4,1e+30,0.0,hdslay1_t10,12,4,hdslay1,arr,,,,,,
oname:hdslay1_t10_otype:arr_i:12_j:5,1e+30,0.0,hdslay1_t10,12,5,hdslay1,arr,,,,,,
oname:hdslay1_t10_otype:arr_i:12_j:6,1e+30,0.0,hdslay1_t10,12,6,hdslay1,arr,,,,,,
oname:hdslay1_t10_otype:arr_i:12_j:7,1e+30,0.0,hdslay1_t10,12,7,hdslay1,arr,,,,,,
oname:hdslay1_t10_otype:arr_i:12_j:8,34.0441,0.0,hdslay1_t10,12,8,hdslay1,arr,,,,,,
oname:hdslay1_t10_otype:arr_i:12_j:9,34.03013,0.0,hdslay1_t10,12,9,hdslay1,arr,,,,,,
oname:hdslay1_t10_otype:arr_i:13_j:0,34.90715,0.0,hdslay1_t10,13,0,hdslay1,arr,,,,,,
oname:hdslay1_t10_otype:arr_i:13_j:1,34.91088,0.0,hdslay1_t10,13,1,hdslay1,arr,,,,,,
oname:hdslay1_t10_otype:arr_i:13_j:10,33.99271,0.0,hdslay1_t10,13,10,hdslay1,arr,,,,,,
oname:hdslay1_t10_otype:arr_i:13_j:11,33.96821,0.0,hdslay1_t10,13,11,hdslay1,arr,,,,,,
oname:hdslay1_t10_otype:arr_i:13_j:12,33.93638,0.0,hdslay1_t10,13,12,hdslay1,arr,,,,,,
oname:hdslay1_t10_otype:arr_i:13_j:13,33.91468,0.0,hdslay1_t10,13,13,hdslay1,arr,,,,,,
oname:hdslay1_t10_otype:arr_i:13_j:14,33.90976,0.0,hdslay1_t10,13,14,hdslay1,arr,,,,,,
oname:hdslay1_t10_otype:arr_i:13_j:15,33.91055,0.0,hdslay1_t10,13,15,hdslay1,arr,,,,,,
oname:hdslay1_t10_otype:arr_i:13_j:16,33.91224,0.0,hdslay1_t10,13,16,hdslay1,arr,,,,,,
oname:hdslay1_t10_otype:arr_i:13_j:17,33.91521,0.0,hdslay1_t10,13,17,hdslay1,arr,,,,,,
oname:hdslay1_t10_otype:arr_i:13_j:18,33.91821,0.0,hdslay1_t10,13,18,hdslay1,arr,,,,,,
oname:hdslay1_t10_otype:arr_i:13_j:19,33.92041,0.0,hdslay1_t10,13,19,hdslay1,arr,,,,,,
oname:hdslay1_t10_otype:arr_i:13_j:2,34.91455,0.0,hdslay1_t10,13,2,hdslay1,arr,,,,,,
oname:hdslay1_t10_otype:arr_i:13_j:3,34.91522,0.0,hdslay1_t10,13,3,hdslay1,arr,,,,,,
oname:hdslay1_t10_otype:arr_i:13_j:4,1e+30,0.0,hdslay1_t10,13,4,hdslay1,arr,,,,,,
oname:hdslay1_t10_otype:arr_i:13_j:5,1e+30,0.0,hdslay1_t10,13,5,hdslay1,arr,,,,,,
oname:hdslay1_t10_otype:arr_i:13_j:6,1e+30,0.0,hdslay1_t10,13,6,hdslay1,arr,,,,,,
oname:hdslay1_t10_otype:arr_i:13_j:7,1e+30,0.0,hdslay1_t10,13,7,hdslay1,arr,,,,,,
oname:hdslay1_t10_otype:arr_i:13_j:8,34.01093,0.0,hdslay1_t10,13,8,hdslay1,arr,,,,,,
oname:hdslay1_t10_otype:arr_i:13_j:9,34.00245,0.0,hdslay1_t10,13,9,hdslay1,arr,,,,,,
oname:hdslay1_t10_otype:arr_i:14_j:0,34.84728,0.0,hdslay1_t10,14,0,hdslay1,arr,,,,,,
oname:hdslay1_t10_otype:arr_i:14_j:1,34.85658,0.0,hdslay1_t10,14,1,hdslay1,arr,,,,,,
oname:hdslay1_t10_otype:arr_i:14_j:10,33.97461,0.0,hdslay1_t10,14,10,hdslay1,arr,,,,,,
oname:hdslay1_t10_otype:arr_i:14_j:11,33.95375,0.0,hdslay1_t10,14,11,hdslay1,arr,,,,,,
oname:hdslay1_t10_otype:arr_i:14_j:12,33.93071,0.0,hdslay1_t10,14,12,hdslay1,arr,,,,,,
oname:hdslay1_t10_otype:arr_i:14_j:13,33.91544,0.0,hdslay1_t10,14,13,hdslay1,arr,,,,,,
oname:hdslay1_t10_otype:arr_i:14_j:14,33.90901,0.0,hdslay1_t10,14,14,hdslay1,arr,,,,,,
oname:hdslay1_t10_otype:arr_i:14_j:15,33.90753,0.0,hdslay1_t10,14,15,hdslay1,arr,,,,,,
oname:hdslay1_t10_otype:arr_i:14_j:16,33.90973,0.0,hdslay1_t10,14,16,hdslay1,arr,,,,,,
oname:hdslay1_t10_otype:arr_i:14_j:17,33.91198,0.0,hdslay1_t10,14,17,hdslay1,arr,,,,,,
oname:hdslay1_t10_otype:arr_i:14_j:18,33.91424,0.0,hdslay1_t10,14,18,hdslay1,arr,,,,,,
oname:hdslay1_t10_otype:arr_i:14_j:19,33.9162,0.0,hdslay1_t10,14,19,hdslay1,arr,,,,,,
oname:hdslay1_t10_otype:arr_i:14_j:2,34.85894,0.0,hdslay1_t10,14,2,hdslay1,arr,,,,,,
oname:hdslay1_t10_otype:arr_i:14_j:3,34.86065,0.0,hdslay1_t10,14,3,hdslay1,arr,,,,,,
oname:hdslay1_t10_otype:arr_i:14_j:4,1e+30,0.0,hdslay1_t10,14,4,hdslay1,arr,,,,,,
oname:hdslay1_t10_otype:arr_i:14_j:5,1e+30,0.0,hdslay1_t10,14,5,hdslay1,arr,,,,,,
oname:hdslay1_t10_otype:arr_i:14_j:6,1e+30,0.0,hdslay1_t10,14,6,hdslay1,arr,,,,,,
oname:hdslay1_t10_otype:arr_i:14_j:7,1e+30,0.0,hdslay1_t10,14,7,hdslay1,arr,,,,,,
oname:hdslay1_t10_otype:arr_i:14_j:8,33.98383,0.0,hdslay1_t10,14,8,hdslay1,arr,,,,,,
oname:hdslay1_t10_otype:arr_i:14_j:9,33.98206,0.0,hdslay1_t10,14,9,hdslay1,arr,,,,,,
oname:hdslay1_t10_otype:arr_i:15_j:0,34.78822,0.0,hdslay1_t10,15,0,hdslay1,arr,,,,,,
oname:hdslay1_t10_otype:arr_i:15_j:1,34.79466,0.0,hdslay1_t10,15,1,hdslay1,arr,,,,,,
oname:hdslay1_t10_otype:arr_i:15_j:10,33.94809,0.0,hdslay1_t10,15,10,hdslay1,arr,,,,,,
oname:hdslay1_t10_otype:arr_i:15_j:11,33.93086,0.0,hdslay1_t10,15,11,hdslay1,arr,,,,,,
oname:hdslay1_t10_otype:arr_i:15_j:12,33.91694,0.0,hdslay1_t10,15,12,hdslay1,arr,,,,,,
oname:hdslay1_t10_otype:arr_i:15_j:13,33.90484,0.0,hdslay1_t10,15,13,hdslay1,arr,,,,,,
oname:hdslay1_t10_otype:arr_i:15_j:14,33.90041,0.0,hdslay1_t10,15,14,hdslay1,arr,,,,,,
oname:hdslay1_t10_otype:arr_i:15_j:15,33.90013,0.0,hdslay1_t10,15,15,hdslay1,arr,,,,,,
oname:hdslay1_t10_otype:arr_i:15_j:16,33.90327,0.0,hdslay1_t10,15,16,hdslay1,arr,,,,,,
oname:hdslay1_t10_otype:arr_i:15_j:17,33.906,0.0,hdslay1_t10,15,17,hdslay1,arr,,,,,,
oname:hdslay1_t10_otype:arr_i:15_j:18,33.90796,0.0,hdslay1_t10,15,18,hdslay1,arr,,,,,,
oname:hdslay1_t10_otype:arr_i:15_j:19,33.90916,0.0,hdslay1_t10,15,19,hdslay1,arr,,,,,,
oname:hdslay1_t10_otype:arr_i:15_j:2,34.78986,0.0,hdslay1_t10,15,2,hdslay1,arr,,,,,,
oname:hdslay1_t10_otype:arr_i:15_j:3,34.78605,0.0,hdslay1_t10,15,3,hdslay1,arr,,,,,,
oname:hdslay1_t10_otype:arr_i:15_j:4,1e+30,0.0,hdslay1_t10,15,4,hdslay1,arr,,,,,,
oname:hdslay1_t10_otype:arr_i:15_j:5,1e+30,0.0,hdslay1_t10,15,5,hdslay1,arr,,,,,,
oname:hdslay1_t10_otype:arr_i:15_j:6,1e+30,0.0,hdslay1_t10,15,6,hdslay1,arr,,,,,,
oname:hdslay1_t10_otype:arr_i:15_j:7,1e+30,0.0,hdslay1_t10,15,7,hdslay1,arr,,,,,,
oname:hdslay1_t10_otype:arr_i:15_j:8,33.95887,0.0,hdslay1_t10,15,8,hdslay1,arr,,,,,,
oname:hdslay1_t10_otype:arr_i:15_j:9,33.95588,0.0,hdslay1_t10,15,9,hdslay1,arr,,,,,,
oname:hdslay1_t10_otype:arr_i:16_j:0,34.72871,0.0,hdslay1_t10,16,0,hdslay1,arr,,,,,,
oname:hdslay1_t10_otype:arr_i:16_j:1,34.72142,0.0,hdslay1_t10,16,1,hdslay1,arr,,,,,,
oname:hdslay1_t10_otype:arr_i:16_j:10,33.91255,0.0,hdslay1_t10,16,10,hdslay1,arr,,,,,,
oname:hdslay1_t10_otype:arr_i:16_j:11,33.90141,0.0,hdslay1_t10,16,11,hdslay1,arr,,,,,,
oname:hdslay1_t10_otype:arr_i:16_j:12,33.89182,0.0,hdslay1_t10,16,12,hdslay1,arr,,,,,,
oname:hdslay1_t10_otype:arr_i:16_j:13,33.88532,0.0,hdslay1_t10,16,13,hdslay1,arr,,,,,,
oname:hdslay1_t10_otype:arr_i:16_j:14,33.88379,0.0,hdslay1_t10,16,14,hdslay1,arr,,,,,,
oname:hdslay1_t10_otype:arr_i:16_j:15,33.88607,0.0,hdslay1_t10,16,15,hdslay1,arr,,,,,,
oname:hdslay1_t10_otype:arr_i:16_j:16,33.88876,0.0,hdslay1_t10,16,16,hdslay1,arr,,,,,,
oname:hdslay1_t10_otype:arr_i:16_j:17,33.89175,0.0,hdslay1_t10,16,17,hdslay1,arr,,,,,,
oname:hdslay1_t10_otype:arr_i:16_j:18,33.8951,0.0,hdslay1_t10,16,18,hdslay1,arr,,,,,,
oname:hdslay1_t10_otype:arr_i:16_j:19,33.89761,0.0,hdslay1_t10,16,19,hdslay1,arr,,,,,,
oname:hdslay1_t10_otype:arr_i:16_j:2,34.71211,0.0,hdslay1_t10,16,2,hdslay1,arr,,,,,,
oname:hdslay1_t10_otype:arr_i:16_j:3,34.71217,0.0,hdslay1_t10,16,3,hdslay1,arr,,,,,,
oname:hdslay1_t10_otype:arr_i:16_j:4,1e+30,0.0,hdslay1_t10,16,4,hdslay1,arr,,,,,,
oname:hdslay1_t10_otype:arr_i:16_j:5,1e+30,0.0,hdslay1_t10,16,5,hdslay1,arr,,,,,,
oname:hdslay1_t10_otype:arr_i:16_j:6,1e+30,0.0,hdslay1_t10,16,6,hdslay1,arr,,,,,,
oname:hdslay1_t10_otype:arr_i:16_j:7,1e+30,0.0,hdslay1_t10,16,7,hdslay1,arr,,,,,,
oname:hdslay1_t10_otype:arr_i:16_j:8,33.92422,0.0,hdslay1_t10,16,8,hdslay1,arr,,,,,,
oname:hdslay1_t10_otype:arr_i:16_j:9,33.92226,0.0,hdslay1_t10,16,9,hdslay1,arr,,,,,,
oname:hdslay1_t10_otype:arr_i:17_j:0,34.64993,0.0,hdslay1_t10,17,0,hdslay1,arr,,,,,,
oname:hdslay1_t10_otype:arr_i:17_j:1,34.64313,0.0,hdslay1_t10,17,1,hdslay1,arr,,,,,,
oname:hdslay1_t10_otype:arr_i:17_j:10,33.87273,0.0,hdslay1_t10,17,10,hdslay1,arr,,,,,,
oname:hdslay1_t10_otype:arr_i:17_j:11,33.86476,0.0,hdslay1_t10,17,11,hdslay1,arr,,,,,,
oname:hdslay1_t10_otype:arr_i:17_j:12,33.85434,0.0,hdslay1_t10,17,12,hdslay1,arr,,,,,,
oname:hdslay1_t10_otype:arr_i:17_j:13,33.85244,0.0,hdslay1_t10,17,13,hdslay1,arr,,,,,,
oname:hdslay1_t10_otype:arr_i:17_j:14,33.85033,0.0,hdslay1_t10,17,14,hdslay1,arr,,,,,,
oname:hdslay1_t10_otype:arr_i:17_j:15,33.85851,0.0,hdslay1_t10,17,15,hdslay1,arr,,,,,,
oname:hdslay1_t10_otype:arr_i:17_j:16,33.86379,0.0,hdslay1_t10,17,16,hdslay1,arr,,,,,,
oname:hdslay1_t10_otype:arr_i:17_j:17,33.86941,0.0,hdslay1_t10,17,17,hdslay1,arr,,,,,,
oname:hdslay1_t10_otype:arr_i:17_j:18,33.87594,0.0,hdslay1_t10,17,18,hdslay1,arr,,,,,,
oname:hdslay1_t10_otype:arr_i:17_j:19,33.8784,0.0,hdslay1_t10,17,19,hdslay1,arr,,,,,,
oname:hdslay1_t10_otype:arr_i:17_j:2,34.64625,0.0,hdslay1_t10,17,2,hdslay1,arr,,,,,,
oname:hdslay1_t10_otype:arr_i:17_j:3,34.65633,0.0,hdslay1_t10,17,3,hdslay1,arr,,,,,,
oname:hdslay1_t10_otype:arr_i:17_j:4,1e+30,0.0,hdslay1_t10,17,4,hdslay1,arr,,,,,,
oname:hdslay1_t10_otype:arr_i:17_j:5,1e+30,0.0,hdslay1_t10,17,5,hdslay1,arr,,,,,,
oname:hdslay1_t10_otype:arr_i:17_j:6,1e+30,0.0,hdslay1_t10,17,6,hdslay1,arr,,,,,,
oname:hdslay1_t10_otype:arr_i:17_j:7,1e+30,0.0,hdslay1_t10,17,7,hdslay1,arr,,,,,,
oname:hdslay1_t10_otype:arr_i:17_j:8,33.88611,0.0,hdslay1_t10,17,8,hdslay1,arr,,,,,,
oname:hdslay1_t10_otype:arr_i:17_j:9,33.8825,0.0,hdslay1_t10,17,9,hdslay1,arr,,,,,,
oname:hdslay1_t10_otype:arr_i:18_j:0,34.55997,0.0,hdslay1_t10,18,0,hdslay1,arr,,,,,,
oname:hdslay1_t10_otype:arr_i:18_j:1,34.5624,0.0,hdslay1_t10,18,1,hdslay1,arr,,,,,,
oname:hdslay1_t10_otype:arr_i:18_j:10,33.83902,0.0,hdslay1_t10,18,10,hdslay1,arr,,,,,,
oname:hdslay1_t10_otype:arr_i:18_j:11,33.82707,0.0,hdslay1_t10,18,11,hdslay1,arr,,,,,,
oname:hdslay1_t10_otype:arr_i:18_j:12,33.81528,0.0,hdslay1_t10,18,12,hdslay1,arr,,,,,,
oname:hdslay1_t10_otype:arr_i:18_j:13,33.80654,0.0,hdslay1_t10,18,13,hdslay1,arr,,,,,,
oname:hdslay1_t10_otype:arr_i:18_j:14,33.80036,0.0,hdslay1_t10,18,14,hdslay1,arr,,,,,,
oname:hdslay1_t10_otype:arr_i:18_j:15,33.82165,0.0,hdslay1_t10,18,15,hdslay1,arr,,,,,,
oname:hdslay1_t10_otype:arr_i:18_j:16,33.83255,0.0,hdslay1_t10,18,16,hdslay1,arr,,,,,,
oname:hdslay1_t10_otype:arr_i:18_j:17,33.84326,0.0,hdslay1_t10,18,17,hdslay1,arr,,,,,,
oname:hdslay1_t10_otype:arr_i:18_j:18,33.85308,0.0,hdslay1_t10,18,18,hdslay1,arr,,,,,,
oname:hdslay1_t10_otype:arr_i:18_j:19,33.85664,0.0,hdslay1_t10,18,19,hdslay1,arr,,,,,,
oname:hdslay1_t10_otype:arr_i:18_j:2,34.57341,0.0,hdslay1_t10,18,2,hdslay1,arr,,,,,,
oname:hdslay1_t10_otype:arr_i:18_j:3,34.59064,0.0,hdslay1_t10,18,3,hdslay1,arr,,,,,,
oname:hdslay1_t10_otype:arr_i:18_j:4,1e+30,0.0,hdslay1_t10,18,4,hdslay1,arr,,,,,,
oname:hdslay1_t10_otype:arr_i:18_j:5,1e+30,0.0,hdslay1_t10,18,5,hdslay1,arr,,,,,,
oname:hdslay1_t10_otype:arr_i:18_j:6,1e+30,0.0,hdslay1_t10,18,6,hdslay1,arr,,,,,,
oname:hdslay1_t10_otype:arr_i:18_j:7,1e+30,0.0,hdslay1_t10,18,7,hdslay1,arr,,,,,,
oname:hdslay1_t10_otype:arr_i:18_j:8,33.85249,0.0,hdslay1_t10,18,8,hdslay1,arr,,,,,,
oname:hdslay1_t10_otype:arr_i:18_j:9,33.84682,0.0,hdslay1_t10,18,9,hdslay1,arr,,,,,,
oname:hdslay1_t10_otype:arr_i:19_j:0,34.47034,0.0,hdslay1_t10,19,0,hdslay1,arr,,,,,,
oname:hdslay1_t10_otype:arr_i:19_j:1,34.47072,0.0,hdslay1_t10,19,1,hdslay1,arr,,,,,,
oname:hdslay1_t10_otype:arr_i:19_j:10,33.80984,0.0,hdslay1_t10,19,10,hdslay1,arr,,,,,,
oname:hdslay1_t10_otype:arr_i:19_j:11,33.79461,0.0,hdslay1_t10,19,11,hdslay1,arr,,,,,,
oname:hdslay1_t10_otype:arr_i:19_j:12,33.78214,0.0,hdslay1_t10,19,12,hdslay1,arr,,,,,,
oname:hdslay1_t10_otype:arr_i:19_j:13,33.75891,0.0,hdslay1_t10,19,13,hdslay1,arr,,,,,,
oname:hdslay1_t10_otype:arr_i:19_j:14,33.7278,0.0,hdslay1_t10,19,14,hdslay1,arr,,,,,,
oname:hdslay1_t10_otype:arr_i:19_j:15,33.77927,0.0,hdslay1_t10,19,15,hdslay1,arr,,,,,,
oname:hdslay1_t10_otype:arr_i:19_j:16,33.80199,0.0,hdslay1_t10,19,16,hdslay1,arr,,,,,,
oname:hdslay1_t10_otype:arr_i:19_j:17,33.81394,0.0,hdslay1_t10,19,17,hdslay1,arr,,,,,,
oname:hdslay1_t10_otype:arr_i:19_j:18,33.82235,0.0,hdslay1_t10,19,18,hdslay1,arr,,,,,,
oname:hdslay1_t10_otype:arr_i:19_j:19,33.82946,0.0,hdslay1_t10,19,19,hdslay1,arr,,,,,,
oname:hdslay1_t10_otype:arr_i:19_j:2,34.48085,0.0,hdslay1_t10,19,2,hdslay1,arr,,,,,,
oname:hdslay1_t10_otype:arr_i:19_j:3,34.49821,0.0,hdslay1_t10,19,3,hdslay1,arr,,,,,,
oname:hdslay1_t10_otype:arr_i:19_j:4,1e+30,0.0,hdslay1_t10,19,4,hdslay1,arr,,,,,,
oname:hdslay1_t10_otype:arr_i:19_j:5,1e+30,0.0,hdslay1_t10,19,5,hdslay1,arr,,,,,,
oname:hdslay1_t10_otype:arr_i:19_j:6,1e+30,0.0,hdslay1_t10,19,6,hdslay1,arr,,,,,,
oname:hdslay1_t10_otype:arr_i:19_j:7,1e+30,0.0,hdslay1_t10,19,7,hdslay1,arr,,,,,,
oname:hdslay1_t10_otype:arr_i:19_j:8,33.82564,0.0,hdslay1_t10,19,8,hdslay1,arr,,,,,,
oname:hdslay1_t10_otype:arr_i:19_j:9,33.81966,0.0,hdslay1_t10,19,9,hdslay1,arr,,,,,,
oname:hdslay1_t10_otype:arr_i:1_j:0,35.0772,0.0,hdslay1_t10,1,0,hdslay1,arr,,,,,,
oname:hdslay1_t10_otype:arr_i:1_j:1,35.06375,0.0,hdslay1_t10,1,1,hdslay1,arr,,,,,,
oname:hdslay1_t10_otype:arr_i:1_j:10,34.43637,0.0,hdslay1_t10,1,10,hdslay1,arr,,,,,,
oname:hdslay1_t10_otype:arr_i:1_j:11,34.3869,0.0,hdslay1_t10,1,11,hdslay1,arr,,,,,,
oname:hdslay1_t10_otype:arr_i:1_j:12,34.3447,0.0,hdslay1_t10,1,12,hdslay1,arr,,,,,,
oname:hdslay1_t10_otype:arr_i:1_j:13,34.30557,0.0,hdslay1_t10,1,13,hdslay1,arr,,,,,,
oname:hdslay1_t10_otype:arr_i:1_j:14,34.26333,0.0,hdslay1_t10,1,14,hdslay1,arr,,,,,,
oname:hdslay1_t10_otype:arr_i:1_j:15,34.21855,0.0,hdslay1_t10,1,15,hdslay1,arr,,,,,,
oname:hdslay1_t10_otype:arr_i:1_j:16,34.20937,0.0,hdslay1_t10,1,16,hdslay1,arr,,,,,,
oname:hdslay1_t10_otype:arr_i:1_j:17,34.20073,0.0,hdslay1_t10,1,17,hdslay1,arr,,,,,,
oname:hdslay1_t10_otype:arr_i:1_j:18,34.19304,0.0,hdslay1_t10,1,18,hdslay1,arr,,,,,,
oname:hdslay1_t10_otype:arr_i:1_j:19,34.18884,0.0,hdslay1_t10,1,19,hdslay1,arr,,,,,,
oname:hdslay1_t10_otype:arr_i:1_j:2,35.0376,0.0,hdslay1_t10,1,2,hdslay1,arr,,,,,,
oname:hdslay1_t10_otype:arr_i:1_j:3,35.00032,0.0,hdslay1_t10,1,3,hdslay1,arr,,,,,,
oname:hdslay1_t10_otype:arr_i:1_j:4,34.94519,0.0,hdslay1_t10,1,4,hdslay1,arr,,,,,,
oname:hdslay1_t10_otype:arr_i:1_j:5,34.86843,0.0,hdslay1_t10,1,5,hdslay1,arr,,,,,,
oname:hdslay1_t10_otype:arr_i:1_j:6,34.76708,0.0,hdslay1_t10,1,6,hdslay1,arr,,,,,,
oname:hdslay1_t10_otype:arr_i:1_j:7,34.65185,0.0,hdslay1_t10,1,7,hdslay1,arr,,,,,,
oname:hdslay1_t10_otype:arr_i:1_j:8,34.55914,0.0,hdslay1_t10,1,8,hdslay1,arr,,,,,,
oname:hdslay1_t10_otype:arr_i:1_j:9,34.49103,0.0,hdslay1_t10,1,9,hdslay1,arr,,,,,,
oname:hdslay1_t10_otype:arr_i:20_j:0,34.38527,0.0,hdslay1_t10,20,0,hdslay1,arr,,,,,,
oname:hdslay1_t10_otype:arr_i:20_j:1,34.38905,0.0,hdslay1_t10,20,1,hdslay1,arr,,,,,,
oname:hdslay1_t10_otype:arr_i:20_j:10,33.78941,0.0,hdslay1_t10,20,10,hdslay1,arr,,,,,,
oname:hdslay1_t10_otype:arr_i:20_j:11,33.77688,0.0,hdslay1_t10,20,11,hdslay1,arr,,,,,,
oname:hdslay1_t10_otype:arr_i:20_j:12,33.76165,0.0,hdslay1_t10,20,12,hdslay1,arr,,,,,,
oname:hdslay1_t10_otype:arr_i:20_j:13,33.71615,0.0,hdslay1_t10,20,13,hdslay1,arr,,,,,,
oname:hdslay1_t10_otype:arr_i:20_j:14,33.58668,0.0,hdslay1_t10,20,14,hdslay1,arr,,,,,,
oname:hdslay1_t10_otype:arr_i:20_j:15,33.72529,0.0,hdslay1_t10,20,15,hdslay1,arr,,,,,,
oname:hdslay1_t10_otype:arr_i:20_j:16,33.77285,0.0,hdslay1_t10,20,16,hdslay1,arr,,,,,,
oname:hdslay1_t10_otype:arr_i:20_j:17,33.79044,0.0,hdslay1_t10,20,17,hdslay1,arr,,,,,,
oname:hdslay1_t10_otype:arr_i:20_j:18,33.79669,0.0,hdslay1_t10,20,18,hdslay1,arr,,,,,,
oname:hdslay1_t10_otype:arr_i:20_j:19,33.80213,0.0,hdslay1_t10,20,19,hdslay1,arr,,,,,,
oname:hdslay1_t10_otype:arr_i:20_j:2,34.3881,0.0,hdslay1_t10,20,2,hdslay1,arr,,,,,,
oname:hdslay1_t10_otype:arr_i:20_j:3,34.38651,0.0,hdslay1_t10,20,3,hdslay1,arr,,,,,,
oname:hdslay1_t10_otype:arr_i:20_j:4,1e+30,0.0,hdslay1_t10,20,4,hdslay1,arr,,,,,,
oname:hdslay1_t10_otype:arr_i:20_j:5,1e+30,0.0,hdslay1_t10,20,5,hdslay1,arr,,,,,,
oname:hdslay1_t10_otype:arr_i:20_j:6,1e+30,0.0,hdslay1_t10,20,6,hdslay1,arr,,,,,,
oname:hdslay1_t10_otype:arr_i:20_j:7,1e+30,0.0,hdslay1_t10,20,7,hdslay1,arr,,,,,,
oname:hdslay1_t10_otype:arr_i:20_j:8,33.80689,0.0,hdslay1_t10,20,8,hdslay1,arr,,,,,,
oname:hdslay1_t10_otype:arr_i:20_j:9,33.80077,0.0,hdslay1_t10,20,9,hdslay1,arr,,,,,,
oname:hdslay1_t10_otype:arr_i:21_j:0,34.30648,0.0,hdslay1_t10,21,0,hdslay1,arr,,,,,,
oname:hdslay1_t10_otype:arr_i:21_j:1,34.3111,0.0,hdslay1_t10,21,1,hdslay1,arr,,,,,,
oname:hdslay1_t10_otype:arr_i:21_j:10,33.7774,0.0,hdslay1_t10,21,10,hdslay1,arr,,,,,,
oname:hdslay1_t10_otype:arr_i:21_j:11,33.7683,0.0,hdslay1_t10,21,11,hdslay1,arr,,,,,,
oname:hdslay1_t10_otype:arr_i:21_j:12,33.75492,0.0,hdslay1_t10,21,12,hdslay1,arr,,,,,,
oname:hdslay1_t10_otype:arr_i:21_j:13,33.72866,0.0,hdslay1_t10,21,13,hdslay1,arr,,,,,,
oname:hdslay1_t10_otype:arr_i:21_j:14,33.6994,0.0,hdslay1_t10,21,14,hdslay1,arr,,,,,,
oname:hdslay1_t10_otype:arr_i:21_j:15,33.73542,0.0,hdslay1_t10,21,15,hdslay1,arr,,,,,,
oname:hdslay1_t10_otype:arr_i:21_j:16,33.75761,0.0,hdslay1_t10,21,16,hdslay1,arr,,,,,,
oname:hdslay1_t10_otype:arr_i:21_j:17,33.774,0.0,hdslay1_t10,21,17,hdslay1,arr,,,,,,
oname:hdslay1_t10_otype:arr_i:21_j:18,33.78126,0.0,hdslay1_t10,21,18,hdslay1,arr,,,,,,
oname:hdslay1_t10_otype:arr_i:21_j:19,33.78368,0.0,hdslay1_t10,21,19,hdslay1,arr,,,,,,
oname:hdslay1_t10_otype:arr_i:21_j:2,34.30005,0.0,hdslay1_t10,21,2,hdslay1,arr,,,,,,
oname:hdslay1_t10_otype:arr_i:21_j:3,34.27722,0.0,hdslay1_t10,21,3,hdslay1,arr,,,,,,
oname:hdslay1_t10_otype:arr_i:21_j:4,1e+30,0.0,hdslay1_t10,21,4,hdslay1,arr,,,,,,
oname:hdslay1_t10_otype:arr_i:21_j:5,1e+30,0.0,hdslay1_t10,21,5,hdslay1,arr,,,,,,
oname:hdslay1_t10_otype:arr_i:21_j:6,33.80822,0.0,hdslay1_t10,21,6,hdslay1,arr,,,,,,
oname:hdslay1_t10_otype:arr_i:21_j:7,33.80115,0.0,hdslay1_t10,21,7,hdslay1,arr,,,,,,
oname:hdslay1_t10_otype:arr_i:21_j:8,33.79566,0.0,hdslay1_t10,21,8,hdslay1,arr,,,,,,
oname:hdslay1_t10_otype:arr_i:21_j:9,33.78806,0.0,hdslay1_t10,21,9,hdslay1,arr,,,,,,
oname:hdslay1_t10_otype:arr_i:22_j:0,34.22584,0.0,hdslay1_t10,22,0,hdslay1,arr,,,,,,
oname:hdslay1_t10_otype:arr_i:22_j:1,34.21329,0.0,hdslay1_t10,22,1,hdslay1,arr,,,,,,
oname:hdslay1_t10_otype:arr_i:22_j:10,33.76643,0.0,hdslay1_t10,22,10,hdslay1,arr,,,,,,
oname:hdslay1_t10_otype:arr_i:22_j:11,33.75821,0.0,hdslay1_t10,22,11,hdslay1,arr,,,,,,
oname:hdslay1_t10_otype:arr_i:22_j:12,33.74728,0.0,hdslay1_t10,22,12,hdslay1,arr,,,,,,
oname:hdslay1_t10_otype:arr_i:22_j:13,33.73342,0.0,hdslay1_t10,22,13,hdslay1,arr,,,,,,
oname:hdslay1_t10_otype:arr_i:22_j:14,33.72561,0.0,hdslay1_t10,22,14,hdslay1,arr,,,,,,
oname:hdslay1_t10_otype:arr_i:22_j:15,33.73942,0.0,hdslay1_t10,22,15,hdslay1,arr,,,,,,
oname:hdslay1_t10_otype:arr_i:22_j:16,33.74895,0.0,hdslay1_t10,22,16,hdslay1,arr,,,,,,
oname:hdslay1_t10_otype:arr_i:22_j:17,33.75926,0.0,hdslay1_t10,22,17,hdslay1,arr,,,,,,
oname:hdslay1_t10_otype:arr_i:22_j:18,33.76524,0.0,hdslay1_t10,22,18,hdslay1,arr,,,,,,
oname:hdslay1_t10_otype:arr_i:22_j:19,33.76766,0.0,hdslay1_t10,22,19,hdslay1,arr,,,,,,
oname:hdslay1_t10_otype:arr_i:22_j:2,34.19834,0.0,hdslay1_t10,22,2,hdslay1,arr,,,,,,
oname:hdslay1_t10_otype:arr_i:22_j:3,34.14518,0.0,hdslay1_t10,22,3,hdslay1,arr,,,,,,
oname:hdslay1_t10_otype:arr_i:22_j:4,34.0476,0.0,hdslay1_t10,22,4,hdslay1,arr,,,,,,
oname:hdslay1_t10_otype:arr_i:22_j:5,1e+30,0.0,hdslay1_t10,22,5,hdslay1,arr,,,,,,
oname:hdslay1_t10_otype:arr_i:22_j:6,33.81215,0.0,hdslay1_t10,22,6,hdslay1,arr,,,,,,
oname:hdslay1_t10_otype:arr_i:22_j:7,33.7998,0.0,hdslay1_t10,22,7,hdslay1,arr,,,,,,
oname:hdslay1_t10_otype:arr_i:22_j:8,33.78777,0.0,hdslay1_t10,22,8,hdslay1,arr,,,,,,
oname:hdslay1_t10_otype:arr_i:22_j:9,33.77711,0.0,hdslay1_t10,22,9,hdslay1,arr,,,,,,
oname:hdslay1_t10_otype:arr_i:23_j:0,34.13192,0.0,hdslay1_t10,23,0,hdslay1,arr,,,,,,
oname:hdslay1_t10_otype:arr_i:23_j:1,34.11489,0.0,hdslay1_t10,23,1,hdslay1,arr,,,,,,
oname:hdslay1_t10_otype:arr_i:23_j:10,33.74554,0.0,hdslay1_t10,23,10,hdslay1,arr,,,,,,
oname:hdslay1_t10_otype:arr_i:23_j:11,33.73807,0.0,hdslay1_t10,23,11,hdslay1,arr,,,,,,
oname:hdslay1_t10_otype:arr_i:23_j:12,33.73233,0.0,hdslay1_t10,23,12,hdslay1,arr,,,,,,
oname:hdslay1_t10_otype:arr_i:23_j:13,33.72846,0.0,hdslay1_t10,23,13,hdslay1,arr,,,,,,
oname:hdslay1_t10_otype:arr_i:23_j:14,33.72906,0.0,hdslay1_t10,23,14,hdslay1,arr,,,,,,
oname:hdslay1_t10_otype:arr_i:23_j:15,33.73889,0.0,hdslay1_t10,23,15,hdslay1,arr,,,,,,
oname:hdslay1_t10_otype:arr_i:23_j:16,33.7417,0.0,hdslay1_t10,23,16,hdslay1,arr,,,,,,
oname:hdslay1_t10_otype:arr_i:23_j:17,33.74701,0.0,hdslay1_t10,23,17,hdslay1,arr,,,,,,
oname:hdslay1_t10_otype:arr_i:23_j:18,33.7515,0.0,hdslay1_t10,23,18,hdslay1,arr,,,,,,
oname:hdslay1_t10_otype:arr_i:23_j:19,33.75277,0.0,hdslay1_t10,23,19,hdslay1,arr,,,,,,
oname:hdslay1_t10_otype:arr_i:23_j:2,34.08985,0.0,hdslay1_t10,23,2,hdslay1,arr,,,,,,
oname:hdslay1_t10_otype:arr_i:23_j:3,34.03611,0.0,hdslay1_t10,23,3,hdslay1,arr,,,,,,
oname:hdslay1_t10_otype:arr_i:23_j:4,33.96771,0.0,hdslay1_t10,23,4,hdslay1,arr,,,,,,
oname:hdslay1_t10_otype:arr_i:23_j:5,33.88585,0.0,hdslay1_t10,23,5,hdslay1,arr,,,,,,
oname:hdslay1_t10_otype:arr_i:23_j:6,33.82609,0.0,hdslay1_t10,23,6,hdslay1,arr,,,,,,
oname:hdslay1_t10_otype:arr_i:23_j:7,33.79803,0.0,hdslay1_t10,23,7,hdslay1,arr,,,,,,
oname:hdslay1_t10_otype:arr_i:23_j:8,33.77822,0.0,hdslay1_t10,23,8,hdslay1,arr,,,,,,
oname:hdslay1_t10_otype:arr_i:23_j:9,33.76035,0.0,hdslay1_t10,23,9,hdslay1,arr,,,,,,
oname:hdslay1_t10_otype:arr_i:24_j:0,34.0463,0.0,hdslay1_t10,24,0,hdslay1,arr,,,,,,
oname:hdslay1_t10_otype:arr_i:24_j:1,34.037,0.0,hdslay1_t10,24,1,hdslay1,arr,,,,,,
oname:hdslay1_t10_otype:arr_i:24_j:10,33.71199,0.0,hdslay1_t10,24,10,hdslay1,arr,,,,,,
oname:hdslay1_t10_otype:arr_i:24_j:11,33.70998,0.0,hdslay1_t10,24,11,hdslay1,arr,,,,,,
oname:hdslay1_t10_otype:arr_i:24_j:12,33.71233,0.0,hdslay1_t10,24,12,hdslay1,arr,,,,,,
oname:hdslay1_t10_otype:arr_i:24_j:13,33.71608,0.0,hdslay1_t10,24,13,hdslay1,arr,,,,,,
oname:hdslay1_t10_otype:arr_i:24_j:14,33.72297,0.0,hdslay1_t10,24,14,hdslay1,arr,,,,,,
oname:hdslay1_t10_otype:arr_i:24_j:15,33.73293,0.0,hdslay1_t10,24,15,hdslay1,arr,,,,,,
oname:hdslay1_t10_otype:arr_i:24_j:16,33.73219,0.0,hdslay1_t10,24,16,hdslay1,arr,,,,,,
oname:hdslay1_t10_otype:arr_i:24_j:17,33.73394,0.0,hdslay1_t10,24,17,hdslay1,arr,,,,,,
oname:hdslay1_t10_otype:arr_i:24_j:18,33.73729,0.0,hdslay1_t10,24,18,hdslay1,arr,,,,,,
oname:hdslay1_t10_otype:arr_i:24_j:19,33.73994,0.0,hdslay1_t10,24,19,hdslay1,arr,,,,,,
oname:hdslay1_t10_otype:arr_i:24_j:2,34.01046,0.0,hdslay1_t10,24,2,hdslay1,arr,,,,,,
oname:hdslay1_t10_otype:arr_i:24_j:3,33.97191,0.0,hdslay1_t10,24,3,hdslay1,arr,,,,,,
oname:hdslay1_t10_otype:arr_i:24_j:4,33.91925,0.0,hdslay1_t10,24,4,hdslay1,arr,,,,,,
oname:hdslay1_t10_otype:arr_i:24_j:5,33.86257,0.0,hdslay1_t10,24,5,hdslay1,arr,,,,,,
oname:hdslay1_t10_otype:arr_i:24_j:6,33.82019,0.0,hdslay1_t10,24,6,hdslay1,arr,,,,,,
oname:hdslay1_t10_otype:arr_i:24_j:7,33.78932,0.0,hdslay1_t10,24,7,hdslay1,arr,,,,,,
oname:hdslay1_t10_otype:arr_i:24_j:8,33.76306,0.0,hdslay1_t10,24,8,hdslay1,arr,,,,,,
oname:hdslay1_t10_otype:arr_i:24_j:9,33.73377,0.0,hdslay1_t10,24,9,hdslay1,arr,,,,,,
oname:hdslay1_t10_otype:arr_i:25_j:0,33.98968,0.0,hdslay1_t10,25,0,hdslay1,arr,,,,,,
oname:hdslay1_t10_otype:arr_i:25_j:1,33.98319,0.0,hdslay1_t10,25,1,hdslay1,arr,,,,,,
oname:hdslay1_t10_otype:arr_i:25_j:10,33.66538,0.0,hdslay1_t10,25,10,hdslay1,arr,,,,,,
oname:hdslay1_t10_otype:arr_i:25_j:11,33.67745,0.0,hdslay1_t10,25,11,hdslay1,arr,,,,,,
oname:hdslay1_t10_otype:arr_i:25_j:12,33.68836,0.0,hdslay1_t10,25,12,hdslay1,arr,,,,,,
oname:hdslay1_t10_otype:arr_i:25_j:13,33.69775,0.0,hdslay1_t10,25,13,hdslay1,arr,,,,,,
oname:hdslay1_t10_otype:arr_i:25_j:14,33.70845,0.0,hdslay1_t10,25,14,hdslay1,arr,,,,,,
oname:hdslay1_t10_otype:arr_i:25_j:15,33.72102,0.0,hdslay1_t10,25,15,hdslay1,arr,,,,,,
oname:hdslay1_t10_otype:arr_i:25_j:16,33.71998,0.0,hdslay1_t10,25,16,hdslay1,arr,,,,,,
oname:hdslay1_t10_otype:arr_i:25_j:17,33.72036,0.0,hdslay1_t10,25,17,hdslay1,arr,,,,,,
oname:hdslay1_t10_otype:arr_i:25_j:18,33.72143,0.0,hdslay1_t10,25,18,hdslay1,arr,,,,,,
oname:hdslay1_t10_otype:arr_i:25_j:19,33.72348,0.0,hdslay1_t10,25,19,hdslay1,arr,,,,,,
oname:hdslay1_t10_otype:arr_i:25_j:2,33.96319,0.0,hdslay1_t10,25,2,hdslay1,arr,,,,,,
oname:hdslay1_t10_otype:arr_i:25_j:3,33.92496,0.0,hdslay1_t10,25,3,hdslay1,arr,,,,,,
oname:hdslay1_t10_otype:arr_i:25_j:4,33.88105,0.0,hdslay1_t10,25,4,hdslay1,arr,,,,,,
oname:hdslay1_t10_otype:arr_i:25_j:5,33.83882,0.0,hdslay1_t10,25,5,hdslay1,arr,,,,,,
oname:hdslay1_t10_otype:arr_i:25_j:6,33.80189,0.0,hdslay1_t10,25,6,hdslay1,arr,,,,,,
oname:hdslay1_t10_otype:arr_i:25_j:7,33.76933,0.0,hdslay1_t10,25,7,hdslay1,arr,,,,,,
oname:hdslay1_t10_otype:arr_i:25_j:8,33.7338,0.0,hdslay1_t10,25,8,hdslay1,arr,,,,,,
oname:hdslay1_t10_otype:arr_i:25_j:9,33.6919,0.0,hdslay1_t10,25,9,hdslay1,arr,,,,,,
oname:hdslay1_t10_otype:arr_i:26_j:0,33.95302,0.0,hdslay1_t10,26,0,hdslay1,arr,,,,,,
oname:hdslay1_t10_otype:arr_i:26_j:1,33.9447,0.0,hdslay1_t10,26,1,hdslay1,arr,,,,,,
oname:hdslay1_t10_otype:arr_i:26_j:10,33.58174,0.0,hdslay1_t10,26,10,hdslay1,arr,,,,,,
oname:hdslay1_t10_otype:arr_i:26_j:11,33.64138,0.0,hdslay1_t10,26,11,hdslay1,arr,,,,,,
oname:hdslay1_t10_otype:arr_i:26_j:12,33.66477,0.0,hdslay1_t10,26,12,hdslay1,arr,,,,,,
oname:hdslay1_t10_otype:arr_i:26_j:13,33.6788,0.0,hdslay1_t10,26,13,hdslay1,arr,,,,,,
oname:hdslay1_t10_otype:arr_i:26_j:14,33.68844,0.0,hdslay1_t10,26,14,hdslay1,arr,,,,,,
oname:hdslay1_t10_otype:arr_i:26_j:15,33.70247,0.0,hdslay1_t10,26,15,hdslay1,arr,,,,,,
oname:hdslay1_t10_otype:arr_i:26_j:16,33.70067,0.0,hdslay1_t10,26,16,hdslay1,arr,,,,,,
oname:hdslay1_t10_otype:arr_i:26_j:17,33.70174,0.0,hdslay1_t10,26,17,hdslay1,arr,,,,,,
oname:hdslay1_t10_otype:arr_i:26_j:18,33.70543,0.0,hdslay1_t10,26,18,hdslay1,arr,,,,,,
oname:hdslay1_t10_otype:arr_i:26_j:19,33.7065,0.0,hdslay1_t10,26,19,hdslay1,arr,,,,,,
oname:hdslay1_t10_otype:arr_i:26_j:2,33.9216,0.0,hdslay1_t10,26,2,hdslay1,arr,,,,,,
oname:hdslay1_t10_otype:arr_i:26_j:3,33.88706,0.0,hdslay1_t10,26,3,hdslay1,arr,,,,,,
oname:hdslay1_t10_otype:arr_i:26_j:4,33.85006,0.0,hdslay1_t10,26,4,hdslay1,arr,,,,,,
oname:hdslay1_t10_otype:arr_i:26_j:5,33.80591,0.0,hdslay1_t10,26,5,hdslay1,arr,,,,,,
oname:hdslay1_t10_otype:arr_i:26_j:6,33.76792,0.0,hdslay1_t10,26,6,hdslay1,arr,,,,,,
oname:hdslay1_t10_otype:arr_i:26_j:7,33.73515,0.0,hdslay1_t10,26,7,hdslay1,arr,,,,,,
oname:hdslay1_t10_otype:arr_i:26_j:8,33.69561,0.0,hdslay1_t10,26,8,hdslay1,arr,,,,,,
oname:hdslay1_t10_otype:arr_i:26_j:9,33.65046,0.0,hdslay1_t10,26,9,hdslay1,arr,,,,,,
oname:hdslay1_t10_otype:arr_i:27_j:0,33.92022,0.0,hdslay1_t10,27,0,hdslay1,arr,,,,,,
oname:hdslay1_t10_otype:arr_i:27_j:1,33.91001,0.0,hdslay1_t10,27,1,hdslay1,arr,,,,,,
oname:hdslay1_t10_otype:arr_i:27_j:10,33.628,0.0,hdslay1_t10,27,10,hdslay1,arr,,,,,,
oname:hdslay1_t10_otype:arr_i:27_j:11,33.64126,0.0,hdslay1_t10,27,11,hdslay1,arr,,,,,,
oname:hdslay1_t10_otype:arr_i:27_j:12,33.65239,0.0,hdslay1_t10,27,12,hdslay1,arr,,,,,,
oname:hdslay1_t10_otype:arr_i:27_j:13,33.66448,0.0,hdslay1_t10,27,13,hdslay1,arr,,,,,,
oname:hdslay1_t10_otype:arr_i:27_j:14,33.67436,0.0,hdslay1_t10,27,14,hdslay1,arr,,,,,,
oname:hdslay1_t10_otype:arr_i:27_j:15,33.68143,0.0,hdslay1_t10,27,15,hdslay1,arr,,,,,,
oname:hdslay1_t10_otype:arr_i:27_j:16,33.68209,0.0,hdslay1_t10,27,16,hdslay1,arr,,,,,,
oname:hdslay1_t10_otype:arr_i:27_j:17,33.68423,0.0,hdslay1_t10,27,17,hdslay1,arr,,,,,,
oname:hdslay1_t10_otype:arr_i:27_j:18,33.68726,0.0,hdslay1_t10,27,18,hdslay1,arr,,,,,,
oname:hdslay1_t10_otype:arr_i:27_j:19,33.69009,0.0,hdslay1_t10,27,19,hdslay1,arr,,,,,,
oname:hdslay1_t10_otype:arr_i:27_j:2,33.88633,0.0,hdslay1_t10,27,2,hdslay1,arr,,,,,,
oname:hdslay1_t10_otype:arr_i:27_j:3,33.85518,0.0,hdslay1_t10,27,3,hdslay1,arr,,,,,,
oname:hdslay1_t10_otype:arr_i:27_j:4,33.81406,0.0,hdslay1_t10,27,4,hdslay1,arr,,,,,,
oname:hdslay1_t10_otype:arr_i:27_j:5,33.76713,0.0,hdslay1_t10,27,5,hdslay1,arr,,,,,,
oname:hdslay1_t10_otype:arr_i:27_j:6,33.72948,0.0,hdslay1_t10,27,6,hdslay1,arr,,,,,,
oname:hdslay1_t10_otype:arr_i:27_j:7,33.70092,0.0,hdslay1_t10,27,7,hdslay1,arr,,,,,,
oname:hdslay1_t10_otype:arr_i:27_j:8,33.67382,0.0,hdslay1_t10,27,8,hdslay1,arr,,,,,,
oname:hdslay1_t10_otype:arr_i:27_j:9,33.6501,0.0,hdslay1_t10,27,9,hdslay1,arr,,,,,,
oname:hdslay1_t10_otype:arr_i:28_j:0,33.89198,0.0,hdslay1_t10,28,0,hdslay1,arr,,,,,,
oname:hdslay1_t10_otype:arr_i:28_j:1,33.88012,0.0,hdslay1_t10,28,1,hdslay1,arr,,,,,,
oname:hdslay1_t10_otype:arr_i:28_j:10,33.63252,0.0,hdslay1_t10,28,10,hdslay1,arr,,,,,,
oname:hdslay1_t10_otype:arr_i:28_j:11,33.63599,0.0,hdslay1_t10,28,11,hdslay1,arr,,,,,,
oname:hdslay1_t10_otype:arr_i:28_j:12,33.64271,0.0,hdslay1_t10,28,12,hdslay1,arr,,,,,,
oname:hdslay1_t10_otype:arr_i:28_j:13,33.65282,0.0,hdslay1_t10,28,13,hdslay1,arr,,,,,,
oname:hdslay1_t10_otype:arr_i:28_j:14,33.66372,0.0,hdslay1_t10,28,14,hdslay1,arr,,,,,,
oname:hdslay1_t10_otype:arr_i:28_j:15,33.67164,0.0,hdslay1_t10,28,15,hdslay1,arr,,,,,,
oname:hdslay1_t10_otype:arr_i:28_j:16,33.67073,0.0,hdslay1_t10,28,16,hdslay1,arr,,,,,,
oname:hdslay1_t10_otype:arr_i:28_j:17,33.67152,0.0,hdslay1_t10,28,17,hdslay1,arr,,,,,,
oname:hdslay1_t10_otype:arr_i:28_j:18,33.67218,0.0,hdslay1_t10,28,18,hdslay1,arr,,,,,,
oname:hdslay1_t10_otype:arr_i:28_j:19,33.67432,0.0,hdslay1_t10,28,19,hdslay1,arr,,,,,,
oname:hdslay1_t10_otype:arr_i:28_j:2,33.85454,0.0,hdslay1_t10,28,2,hdslay1,arr,,,,,,
oname:hdslay1_t10_otype:arr_i:28_j:3,33.81855,0.0,hdslay1_t10,28,3,hdslay1,arr,,,,,,
oname:hdslay1_t10_otype:arr_i:28_j:4,33.77289,0.0,hdslay1_t10,28,4,hdslay1,arr,,,,,,
oname:hdslay1_t10_otype:arr_i:28_j:5,33.72286,0.0,hdslay1_t10,28,5,hdslay1,arr,,,,,,
oname:hdslay1_t10_otype:arr_i:28_j:6,33.67457,0.0,hdslay1_t10,28,6,hdslay1,arr,,,,,,
oname:hdslay1_t10_otype:arr_i:28_j:7,33.66167,0.0,hdslay1_t10,28,7,hdslay1,arr,,,,,,
oname:hdslay1_t10_otype:arr_i:28_j:8,33.65187,0.0,hdslay1_t10,28,8,hdslay1,arr,,,,,,
oname:hdslay1_t10_otype:arr_i:28_j:9,33.64049,0.0,hdslay1_t10,28,9,hdslay1,arr,,,,,,
oname:hdslay1_t10_otype:arr_i:29_j:0,33.86182,0.0,hdslay1_t10,29,0,hdslay1,arr,,,,,,
oname:hdslay1_t10_otype:arr_i:29_j:1,33.84854,0.0,hdslay1_t10,29,1,hdslay1,arr,,,,,,
oname:hdslay1_t10_otype:arr_i:29_j:10,33.62441,0.0,hdslay1_t10,29,10,hdslay1,arr,,,,,,
oname:hdslay1_t10_otype:arr_i:29_j:11,33.62574,0.0,hdslay1_t10,29,11,hdslay1,arr,,,,,,
oname:hdslay1_t10_otype:arr_i:29_j:12,33.62983,0.0,hdslay1_t10,29,12,hdslay1,arr,,,,,,
oname:hdslay1_t10_otype:arr_i:29_j:13,33.63818,0.0,hdslay1_t10,29,13,hdslay1,arr,,,,,,
oname:hdslay1_t10_otype:arr_i:29_j:14,33.64904,0.0,hdslay1_t10,29,14,hdslay1,arr,,,,,,
oname:hdslay1_t10_otype:arr_i:29_j:15,33.66016,0.0,hdslay1_t10,29,15,hdslay1,arr,,,,,,
oname:hdslay1_t10_otype:arr_i:29_j:16,33.65775,0.0,hdslay1_t10,29,16,hdslay1,arr,,,,,,
oname:hdslay1_t10_otype:arr_i:29_j:17,33.6576,0.0,hdslay1_t10,29,17,hdslay1,arr,,,,,,
oname:hdslay1_t10_otype:arr_i:29_j:18,33.65917,0.0,hdslay1_t10,29,18,hdslay1,arr,,,,,,
oname:hdslay1_t10_otype:arr_i:29_j:19,33.66002,0.0,hdslay1_t10,29,19,hdslay1,arr,,,,,,
oname:hdslay1_t10_otype:arr_i:29_j:2,33.81738,0.0,hdslay1_t10,29,2,hdslay1,arr,,,,,,
oname:hdslay1_t10_otype:arr_i:29_j:3,33.77978,0.0,hdslay1_t10,29,3,hdslay1,arr,,,,,,
oname:hdslay1_t10_otype:arr_i:29_j:4,33.73574,0.0,hdslay1_t10,29,4,hdslay1,arr,,,,,,
oname:hdslay1_t10_otype:arr_i:29_j:5,33.67292,0.0,hdslay1_t10,29,5,hdslay1,arr,,,,,,
oname:hdslay1_t10_otype:arr_i:29_j:6,33.58769,0.0,hdslay1_t10,29,6,hdslay1,arr,,,,,,
oname:hdslay1_t10_otype:arr_i:29_j:7,33.62304,0.0,hdslay1_t10,29,7,hdslay1,arr,,,,,,
oname:hdslay1_t10_otype:arr_i:29_j:8,33.62909,0.0,hdslay1_t10,29,8,hdslay1,arr,,,,,,
oname:hdslay1_t10_otype:arr_i:29_j:9,33.62627,0.0,hdslay1_t10,29,9,hdslay1,arr,,,,,,
oname:hdslay1_t10_otype:arr_i:2_j:0,35.07567,0.0,hdslay1_t10,2,0,hdslay1,arr,,,,,,
oname:hdslay1_t10_otype:arr_i:2_j:1,35.06209,0.0,hdslay1_t10,2,1,hdslay1,arr,,,,,,
oname:hdslay1_t10_otype:arr_i:2_j:10,34.4338,0.0,hdslay1_t10,2,10,hdslay1,arr,,,,,,
oname:hdslay1_t10_otype:arr_i:2_j:11,34.38644,0.0,hdslay1_t10,2,11,hdslay1,arr,,,,,,
oname:hdslay1_t10_otype:arr_i:2_j:12,34.34176,0.0,hdslay1_t10,2,12,hdslay1,arr,,,,,,
oname:hdslay1_t10_otype:arr_i:2_j:13,34.29469,0.0,hdslay1_t10,2,13,hdslay1,arr,,,,,,
oname:hdslay1_t10_otype:arr_i:2_j:14,34.24947,0.0,hdslay1_t10,2,14,hdslay1,arr,,,,,,
oname:hdslay1_t10_otype:arr_i:2_j:15,34.21097,0.0,hdslay1_t10,2,15,hdslay1,arr,,,,,,
oname:hdslay1_t10_otype:arr_i:2_j:16,34.20055,0.0,hdslay1_t10,2,16,hdslay1,arr,,,,,,
oname:hdslay1_t10_otype:arr_i:2_j:17,34.19011,0.0,hdslay1_t10,2,17,hdslay1,arr,,,,,,
oname:hdslay1_t10_otype:arr_i:2_j:18,34.18014,0.0,hdslay1_t10,2,18,hdslay1,arr,,,,,,
oname:hdslay1_t10_otype:arr_i:2_j:19,34.17662,0.0,hdslay1_t10,2,19,hdslay1,arr,,,,,,
oname:hdslay1_t10_otype:arr_i:2_j:2,35.04057,0.0,hdslay1_t10,2,2,hdslay1,arr,,,,,,
oname:hdslay1_t10_otype:arr_i:2_j:3,35.0047,0.0,hdslay1_t10,2,3,hdslay1,arr,,,,,,
oname:hdslay1_t10_otype:arr_i:2_j:4,34.94737,0.0,hdslay1_t10,2,4,hdslay1,arr,,,,,,
oname:hdslay1_t10_otype:arr_i:2_j:5,34.86945,0.0,hdslay1_t10,2,5,hdslay1,arr,,,,,,
oname:hdslay1_t10_otype:arr_i:2_j:6,34.77085,0.0,hdslay1_t10,2,6,hdslay1,arr,,,,,,
oname:hdslay1_t10_otype:arr_i:2_j:7,34.65406,0.0,hdslay1_t10,2,7,hdslay1,arr,,,,,,
oname:hdslay1_t10_otype:arr_i:2_j:8,34.55801,0.0,hdslay1_t10,2,8,hdslay1,arr,,,,,,
oname:hdslay1_t10_otype:arr_i:2_j:9,34.48855,0.0,hdslay1_t10,2,9,hdslay1,arr,,,,,,
oname:hdslay1_t10_otype:arr_i:30_j:0,33.82975,0.0,hdslay1_t10,30,0,hdslay1,arr,,,,,,
oname:hdslay1_t10_otype:arr_i:30_j:1,33.81124,0.0,hdslay1_t10,30,1,hdslay1,arr,,,,,,
oname:hdslay1_t10_otype:arr_i:30_j:10,33.61163,0.0,hdslay1_t10,30,10,hdslay1,arr,,,,,,
oname:hdslay1_t10_otype:arr_i:30_j:11,33.61169,0.0,hdslay1_t10,30,11,hdslay1,arr,,,,,,
oname:hdslay1_t10_otype:arr_i:30_j:12,33.61495,0.0,hdslay1_t10,30,12,hdslay1,arr,,,,,,
oname:hdslay1_t10_otype:arr_i:30_j:13,33.62168,0.0,hdslay1_t10,30,13,hdslay1,arr,,,,,,
oname:hdslay1_t10_otype:arr_i:30_j:14,33.6307,0.0,hdslay1_t10,30,14,hdslay1,arr,,,,,,
oname:hdslay1_t10_otype:arr_i:30_j:15,33.63937,0.0,hdslay1_t10,30,15,hdslay1,arr,,,,,,
oname:hdslay1_t10_otype:arr_i:30_j:16,33.64066,0.0,hdslay1_t10,30,16,hdslay1,arr,,,,,,
oname:hdslay1_t10_otype:arr_i:30_j:17,33.64191,0.0,hdslay1_t10,30,17,hdslay1,arr,,,,,,
oname:hdslay1_t10_otype:arr_i:30_j:18,33.64374,0.0,hdslay1_t10,30,18,hdslay1,arr,,,,,,
oname:hdslay1_t10_otype:arr_i:30_j:19,33.6438,0.0,hdslay1_t10,30,19,hdslay1,arr,,,,,,
oname:hdslay1_t10_otype:arr_i:30_j:2,33.78159,0.0,hdslay1_t10,30,2,hdslay1,arr,,,,,,
oname:hdslay1_t10_otype:arr_i:30_j:3,33.75224,0.0,hdslay1_t10,30,3,hdslay1,arr,,,,,,
oname:hdslay1_t10_otype:arr_i:30_j:4,33.71041,0.0,hdslay1_t10,30,4,hdslay1,arr,,,,,,
oname:hdslay1_t10_otype:arr_i:30_j:5,33.66031,0.0,hdslay1_t10,30,5,hdslay1,arr,,,,,,
oname:hdslay1_t10_otype:arr_i:30_j:6,33.61888,0.0,hdslay1_t10,30,6,hdslay1,arr,,,,,,
oname:hdslay1_t10_otype:arr_i:30_j:7,33.61609,0.0,hdslay1_t10,30,7,hdslay1,arr,,,,,,
oname:hdslay1_t10_otype:arr_i:30_j:8,33.61463,0.0,hdslay1_t10,30,8,hdslay1,arr,,,,,,
oname:hdslay1_t10_otype:arr_i:30_j:9,33.6125,0.0,hdslay1_t10,30,9,hdslay1,arr,,,,,,
oname:hdslay1_t10_otype:arr_i:31_j:0,33.80702,0.0,hdslay1_t10,31,0,hdslay1,arr,,,,,,
oname:hdslay1_t10_otype:arr_i:31_j:1,33.77983,0.0,hdslay1_t10,31,1,hdslay1,arr,,,,,,
oname:hdslay1_t10_otype:arr_i:31_j:10,33.59717,0.0,hdslay1_t10,31,10,hdslay1,arr,,,,,,
oname:hdslay1_t10_otype:arr_i:31_j:11,33.59574,0.0,hdslay1_t10,31,11,hdslay1,arr,,,,,,
oname:hdslay1_t10_otype:arr_i:31_j:12,33.59651,0.0,hdslay1_t10,31,12,hdslay1,arr,,,,,,
oname:hdslay1_t10_otype:arr_i:31_j:13,33.60188,0.0,hdslay1_t10,31,13,hdslay1,arr,,,,,,
oname:hdslay1_t10_otype:arr_i:31_j:14,33.61262,0.0,hdslay1_t10,31,14,hdslay1,arr,,,,,,
oname:hdslay1_t10_otype:arr_i:31_j:15,33.6226,0.0,hdslay1_t10,31,15,hdslay1,arr,,,,,,
oname:hdslay1_t10_otype:arr_i:31_j:16,33.62563,0.0,hdslay1_t10,31,16,hdslay1,arr,,,,,,
oname:hdslay1_t10_otype:arr_i:31_j:17,33.62766,0.0,hdslay1_t10,31,17,hdslay1,arr,,,,,,
oname:hdslay1_t10_otype:arr_i:31_j:18,33.62908,0.0,hdslay1_t10,31,18,hdslay1,arr,,,,,,
oname:hdslay1_t10_otype:arr_i:31_j:19,33.62973,0.0,hdslay1_t10,31,19,hdslay1,arr,,,,,,
oname:hdslay1_t10_otype:arr_i:31_j:2,33.75536,0.0,hdslay1_t10,31,2,hdslay1,arr,,,,,,
oname:hdslay1_t10_otype:arr_i:31_j:3,33.72636,0.0,hdslay1_t10,31,3,hdslay1,arr,,,,,,
oname:hdslay1_t10_otype:arr_i:31_j:4,33.6847,0.0,hdslay1_t10,31,4,hdslay1,arr,,,,,,
oname:hdslay1_t10_otype:arr_i:31_j:5,33.64498,0.0,hdslay1_t10,31,5,hdslay1,arr,,,,,,
oname:hdslay1_t10_otype:arr_i:31_j:6,33.61861,0.0,hdslay1_t10,31,6,hdslay1,arr,,,,,,
oname:hdslay1_t10_otype:arr_i:31_j:7,33.6072,0.0,hdslay1_t10,31,7,hdslay1,arr,,,,,,
oname:hdslay1_t10_otype:arr_i:31_j:8,33.60232,0.0,hdslay1_t10,31,8,hdslay1,arr,,,,,,
oname:hdslay1_t10_otype:arr_i:31_j:9,33.59837,0.0,hdslay1_t10,31,9,hdslay1,arr,,,,,,
oname:hdslay1_t10_otype:arr_i:32_j:0,1e+30,0.0,hdslay1_t10,32,0,hdslay1,arr,,,,,,
oname:hdslay1_t10_otype:arr_i:32_j:1,33.75718,0.0,hdslay1_t10,32,1,hdslay1,arr,,,,,,
oname:hdslay1_t10_otype:arr_i:32_j:10,33.57647,0.0,hdslay1_t10,32,10,hdslay1,arr,,,,,,
oname:hdslay1_t10_otype:arr_i:32_j:11,33.57448,0.0,hdslay1_t10,32,11,hdslay1,arr,,,,,,
oname:hdslay1_t10_otype:arr_i:32_j:12,33.57451,0.0,hdslay1_t10,32,12,hdslay1,arr,,,,,,
oname:hdslay1_t10_otype:arr_i:32_j:13,33.58183,0.0,hdslay1_t10,32,13,hdslay1,arr,,,,,,
oname:hdslay1_t10_otype:arr_i:32_j:14,33.5951,0.0,hdslay1_t10,32,14,hdslay1,arr,,,,,,
oname:hdslay1_t10_otype:arr_i:32_j:15,33.60976,0.0,hdslay1_t10,32,15,hdslay1,arr,,,,,,
oname:hdslay1_t10_otype:arr_i:32_j:16,33.61351,0.0,hdslay1_t10,32,16,hdslay1,arr,,,,,,
oname:hdslay1_t10_otype:arr_i:32_j:17,33.61566,0.0,hdslay1_t10,32,17,hdslay1,arr,,,,,,
oname:hdslay1_t10_otype:arr_i:32_j:18,33.61775,0.0,hdslay1_t10,32,18,hdslay1,arr,,,,,,
oname:hdslay1_t10_otype:arr_i:32_j:19,33.61881,0.0,hdslay1_t10,32,19,hdslay1,arr,,,,,,
oname:hdslay1_t10_otype:arr_i:32_j:2,33.73254,0.0,hdslay1_t10,32,2,hdslay1,arr,,,,,,
oname:hdslay1_t10_otype:arr_i:32_j:3,33.70018,0.0,hdslay1_t10,32,3,hdslay1,arr,,,,,,
oname:hdslay1_t10_otype:arr_i:32_j:4,33.6609,0.0,hdslay1_t10,32,4,hdslay1,arr,,,,,,
oname:hdslay1_t10_otype:arr_i:32_j:5,33.62957,0.0,hdslay1_t10,32,5,hdslay1,arr,,,,,,
oname:hdslay1_t10_otype:arr_i:32_j:6,33.60917,0.0,hdslay1_t10,32,6,hdslay1,arr,,,,,,
oname:hdslay1_t10_otype:arr_i:32_j:7,33.59666,0.0,hdslay1_t10,32,7,hdslay1,arr,,,,,,
oname:hdslay1_t10_otype:arr_i:32_j:8,33.58756,0.0,hdslay1_t10,32,8,hdslay1,arr,,,,,,
oname:hdslay1_t10_otype:arr_i:32_j:9,33.5809,0.0,hdslay1_t10,32,9,hdslay1,arr,,,,,,
oname:hdslay1_t10_otype:arr_i:33_j:0,1e+30,0.0,hdslay1_t10,33,0,hdslay1,arr,,,,,,
oname:hdslay1_t10_otype:arr_i:33_j:1,1e+30,0.0,hdslay1_t10,33,1,hdslay1,arr,,,,,,
oname:hdslay1_t10_otype:arr_i:33_j:10,33.55152,0.0,hdslay1_t10,33,10,hdslay1,arr,,,,,,
oname:hdslay1_t10_otype:arr_i:33_j:11,33.54017,0.0,hdslay1_t10,33,11,hdslay1,arr,,,,,,
oname:hdslay1_t10_otype:arr_i:33_j:12,33.53474,0.0,hdslay1_t10,33,12,hdslay1,arr,,,,,,
oname:hdslay1_t10_otype:arr_i:33_j:13,33.55753,0.0,hdslay1_t10,33,13,hdslay1,arr,,,,,,
oname:hdslay1_t10_otype:arr_i:33_j:14,33.57661,0.0,hdslay1_t10,33,14,hdslay1,arr,,,,,,
oname:hdslay1_t10_otype:arr_i:33_j:15,33.59485,0.0,hdslay1_t10,33,15,hdslay1,arr,,,,,,
oname:hdslay1_t10_otype:arr_i:33_j:16,33.60088,0.0,hdslay1_t10,33,16,hdslay1,arr,,,,,,
oname:hdslay1_t10_otype:arr_i:33_j:17,33.60555,0.0,hdslay1_t10,33,17,hdslay1,arr,,,,,,
oname:hdslay1_t10_otype:arr_i:33_j:18,33.6091,0.0,hdslay1_t10,33,18,hdslay1,arr,,,,,,
oname:hdslay1_t10_otype:arr_i:33_j:19,33.61142,0.0,hdslay1_t10,33,19,hdslay1,arr,,,,,,
oname:hdslay1_t10_otype:arr_i:33_j:2,33.7093,0.0,hdslay1_t10,33,2,hdslay1,arr,,,,,,
oname:hdslay1_t10_otype:arr_i:33_j:3,33.67607,0.0,hdslay1_t10,33,3,hdslay1,arr,,,,,,
oname:hdslay1_t10_otype:arr_i:33_j:4,33.63524,0.0,hdslay1_t10,33,4,hdslay1,arr,,,,,,
oname:hdslay1_t10_otype:arr_i:33_j:5,33.61013,0.0,hdslay1_t10,33,5,hdslay1,arr,,,,,,
oname:hdslay1_t10_otype:arr_i:33_j:6,33.59226,0.0,hdslay1_t10,33,6,hdslay1,arr,,,,,,
oname:hdslay1_t10_otype:arr_i:33_j:7,33.57838,0.0,hdslay1_t10,33,7,hdslay1,arr,,,,,,
oname:hdslay1_t10_otype:arr_i:33_j:8,33.56706,0.0,hdslay1_t10,33,8,hdslay1,arr,,,,,,
oname:hdslay1_t10_otype:arr_i:33_j:9,33.55886,0.0,hdslay1_t10,33,9,hdslay1,arr,,,,,,
oname:hdslay1_t10_otype:arr_i:34_j:0,1e+30,0.0,hdslay1_t10,34,0,hdslay1,arr,,,,,,
oname:hdslay1_t10_otype:arr_i:34_j:1,1e+30,0.0,hdslay1_t10,34,1,hdslay1,arr,,,,,,
oname:hdslay1_t10_otype:arr_i:34_j:10,33.52118,0.0,hdslay1_t10,34,10,hdslay1,arr,,,,,,
oname:hdslay1_t10_otype:arr_i:34_j:11,33.49388,0.0,hdslay1_t10,34,11,hdslay1,arr,,,,,,
oname:hdslay1_t10_otype:arr_i:34_j:12,33.43646,0.0,hdslay1_t10,34,12,hdslay1,arr,,,,,,
oname:hdslay1_t10_otype:arr_i:34_j:13,33.52398,0.0,hdslay1_t10,34,13,hdslay1,arr,,,,,,
oname:hdslay1_t10_otype:arr_i:34_j:14,33.55695,0.0,hdslay1_t10,34,14,hdslay1,arr,,,,,,
oname:hdslay1_t10_otype:arr_i:34_j:15,33.57743,0.0,hdslay1_t10,34,15,hdslay1,arr,,,,,,
oname:hdslay1_t10_otype:arr_i:34_j:16,33.58511,0.0,hdslay1_t10,34,16,hdslay1,arr,,,,,,
oname:hdslay1_t10_otype:arr_i:34_j:17,33.59265,0.0,hdslay1_t10,34,17,hdslay1,arr,,,,,,
oname:hdslay1_t10_otype:arr_i:34_j:18,33.59977,0.0,hdslay1_t10,34,18,hdslay1,arr,,,,,,
oname:hdslay1_t10_otype:arr_i:34_j:19,33.60654,0.0,hdslay1_t10,34,19,hdslay1,arr,,,,,,
oname:hdslay1_t10_otype:arr_i:34_j:2,1e+30,0.0,hdslay1_t10,34,2,hdslay1,arr,,,,,,
oname:hdslay1_t10_otype:arr_i:34_j:3,33.63906,0.0,hdslay1_t10,34,3,hdslay1,arr,,,,,,
oname:hdslay1_t10_otype:arr_i:34_j:4,33.6022,0.0,hdslay1_t10,34,4,hdslay1,arr,,,,,,
oname:hdslay1_t10_otype:arr_i:34_j:5,33.58411,0.0,hdslay1_t10,34,5,hdslay1,arr,,,,,,
oname:hdslay1_t10_otype:arr_i:34_j:6,33.56562,0.0,hdslay1_t10,34,6,hdslay1,arr,,,,,,
oname:hdslay1_t10_otype:arr_i:34_j:7,33.5529,0.0,hdslay1_t10,34,7,hdslay1,arr,,,,,,
oname:hdslay1_t10_otype:arr_i:34_j:8,33.54373,0.0,hdslay1_t10,34,8,hdslay1,arr,,,,,,
oname:hdslay1_t10_otype:arr_i:34_j:9,33.5347,0.0,hdslay1_t10,34,9,hdslay1,arr,,,,,,
oname:hdslay1_t10_otype:arr_i:35_j:0,1e+30,0.0,hdslay1_t10,35,0,hdslay1,arr,,,,,,
oname:hdslay1_t10_otype:arr_i:35_j:1,1e+30,0.0,hdslay1_t10,35,1,hdslay1,arr,,,,,,
oname:hdslay1_t10_otype:arr_i:35_j:10,33.49168,0.0,hdslay1_t10,35,10,hdslay1,arr,,,,,,
oname:hdslay1_t10_otype:arr_i:35_j:11,33.48235,0.0,hdslay1_t10,35,11,hdslay1,arr,,,,,,
oname:hdslay1_t10_otype:arr_i:35_j:12,33.47895,0.0,hdslay1_t10,35,12,hdslay1,arr,,,,,,
oname:hdslay1_t10_otype:arr_i:35_j:13,33.51524,0.0,hdslay1_t10,35,13,hdslay1,arr,,,,,,
oname:hdslay1_t10_otype:arr_i:35_j:14,33.54398,0.0,hdslay1_t10,35,14,hdslay1,arr,,,,,,
oname:hdslay1_t10_otype:arr_i:35_j:15,33.56245,0.0,hdslay1_t10,35,15,hdslay1,arr,,,,,,
oname:hdslay1_t10_otype:arr_i:35_j:16,33.5692,0.0,hdslay1_t10,35,16,hdslay1,arr,,,,,,
oname:hdslay1_t10_otype:arr_i:35_j:17,33.57682,0.0,hdslay1_t10,35,17,hdslay1,arr,,,,,,
oname:hdslay1_t10_otype:arr_i:35_j:18,33.58406,0.0,hdslay1_t10,35,18,hdslay1,arr,,,,,,
oname:hdslay1_t10_otype:arr_i:35_j:19,1e+30,0.0,hdslay1_t10,35,19,hdslay1,arr,,,,,,
oname:hdslay1_t10_otype:arr_i:35_j:2,1e+30,0.0,hdslay1_t10,35,2,hdslay1,arr,,,,,,
oname:hdslay1_t10_otype:arr_i:35_j:3,1e+30,0.0,hdslay1_t10,35,3,hdslay1,arr,,,,,,
oname:hdslay1_t10_otype:arr_i:35_j:4,33.56767,0.0,hdslay1_t10,35,4,hdslay1,arr,,,,,,
oname:hdslay1_t10_otype:arr_i:35_j:5,33.5519,0.0,hdslay1_t10,35,5,hdslay1,arr,,,,,,
oname:hdslay1_t10_otype:arr_i:35_j:6,33.53335,0.0,hdslay1_t10,35,6,hdslay1,arr,,,,,,
oname:hdslay1_t10_otype:arr_i:35_j:7,33.52083,0.0,hdslay1_t10,35,7,hdslay1,arr,,,,,,
oname:hdslay1_t10_otype:arr_i:35_j:8,33.51377,0.0,hdslay1_t10,35,8,hdslay1,arr,,,,,,
oname:hdslay1_t10_otype:arr_i:35_j:9,33.50514,0.0,hdslay1_t10,35,9,hdslay1,arr,,,,,,
oname:hdslay1_t10_otype:arr_i:36_j:0,1e+30,0.0,hdslay1_t10,36,0,hdslay1,arr,,,,,,
oname:hdslay1_t10_otype:arr_i:36_j:1,1e+30,0.0,hdslay1_t10,36,1,hdslay1,arr,,,,,,
oname:hdslay1_t10_otype:arr_i:36_j:10,33.46444,0.0,hdslay1_t10,36,10,hdslay1,arr,,,,,,
oname:hdslay1_t10_otype:arr_i:36_j:11,33.46658,0.0,hdslay1_t10,36,11,hdslay1,arr,,,,,,
oname:hdslay1_t10_otype:arr_i:36_j:12,33.47518,0.0,hdslay1_t10,36,12,hdslay1,arr,,,,,,
oname:hdslay1_t10_otype:arr_i:36_j:13,33.50187,0.0,hdslay1_t10,36,13,hdslay1,arr,,,,,,
oname:hdslay1_t10_otype:arr_i:36_j:14,33.52876,0.0,hdslay1_t10,36,14,hdslay1,arr,,,,,,
oname:hdslay1_t10_otype:arr_i:36_j:15,33.54893,0.0,hdslay1_t10,36,15,hdslay1,arr,,,,,,
oname:hdslay1_t10_otype:arr_i:36_j:16,33.55543,0.0,hdslay1_t10,36,16,hdslay1,arr,,,,,,
oname:hdslay1_t10_otype:arr_i:36_j:17,33.56374,0.0,hdslay1_t10,36,17,hdslay1,arr,,,,,,
oname:hdslay1_t10_otype:arr_i:36_j:18,33.57328,0.0,hdslay1_t10,36,18,hdslay1,arr,,,,,,
oname:hdslay1_t10_otype:arr_i:36_j:19,1e+30,0.0,hdslay1_t10,36,19,hdslay1,arr,,,,,,
oname:hdslay1_t10_otype:arr_i:36_j:2,1e+30,0.0,hdslay1_t10,36,2,hdslay1,arr,,,,,,
oname:hdslay1_t10_otype:arr_i:36_j:3,1e+30,0.0,hdslay1_t10,36,3,hdslay1,arr,,,,,,
oname:hdslay1_t10_otype:arr_i:36_j:4,33.54607,0.0,hdslay1_t10,36,4,hdslay1,arr,,,,,,
oname:hdslay1_t10_otype:arr_i:36_j:5,33.51626,0.0,hdslay1_t10,36,5,hdslay1,arr,,,,,,
oname:hdslay1_t10_otype:arr_i:36_j:6,33.49748,0.0,hdslay1_t10,36,6,hdslay1,arr,,,,,,
oname:hdslay1_t10_otype:arr_i:36_j:7,33.48598,0.0,hdslay1_t10,36,7,hdslay1,arr,,,,,,
oname:hdslay1_t10_otype:arr_i:36_j:8,33.47822,0.0,hdslay1_t10,36,8,hdslay1,arr,,,,,,
oname:hdslay1_t10_otype:arr_i:36_j:9,33.4727,0.0,hdslay1_t10,36,9,hdslay1,arr,,,,,,
oname:hdslay1_t10_otype:arr_i:37_j:0,1e+30,0.0,hdslay1_t10,37,0,hdslay1,arr,,,,,,
oname:hdslay1_t10_otype:arr_i:37_j:1,1e+30,0.0,hdslay1_t10,37,1,hdslay1,arr,,,,,,
oname:hdslay1_t10_otype:arr_i:37_j:10,33.43443,0.0,hdslay1_t10,37,10,hdslay1,arr,,,,,,
oname:hdslay1_t10_otype:arr_i:37_j:11,33.43665,0.0,hdslay1_t10,37,11,hdslay1,arr,,,,,,
oname:hdslay1_t10_otype:arr_i:37_j:12,33.45209,0.0,hdslay1_t10,37,12,hdslay1,arr,,,,,,
oname:hdslay1_t10_otype:arr_i:37_j:13,33.48008,0.0,hdslay1_t10,37,13,hdslay1,arr,,,,,,
oname:hdslay1_t10_otype:arr_i:37_j:14,33.51033,0.0,hdslay1_t10,37,14,hdslay1,arr,,,,,,
oname:hdslay1_t10_otype:arr_i:37_j:15,33.53548,0.0,hdslay1_t10,37,15,hdslay1,arr,,,,,,
oname:hdslay1_t10_otype:arr_i:37_j:16,33.54417,0.0,hdslay1_t10,37,16,hdslay1,arr,,,,,,
oname:hdslay1_t10_otype:arr_i:37_j:17,33.55279,0.0,hdslay1_t10,37,17,hdslay1,arr,,,,,,
oname:hdslay1_t10_otype:arr_i:37_j:18,1e+30,0.0,hdslay1_t10,37,18,hdslay1,arr,,,,,,
oname:hdslay1_t10_otype:arr_i:37_j:19,1e+30,0.0,hdslay1_t10,37,19,hdslay1,arr,,,,,,
oname:hdslay1_t10_otype:arr_i:37_j:2,1e+30,0.0,hdslay1_t10,37,2,hdslay1,arr,,,,,,
oname:hdslay1_t10_otype:arr_i:37_j:3,1e+30,0.0,hdslay1_t10,37,3,hdslay1,arr,,,,,,
oname:hdslay1_t10_otype:arr_i:37_j:4,1e+30,0.0,hdslay1_t10,37,4,hdslay1,arr,,,,,,
oname:hdslay1_t10_otype:arr_i:37_j:5,33.46002,0.0,hdslay1_t10,37,5,hdslay1,arr,,,,,,
oname:hdslay1_t10_otype:arr_i:37_j:6,33.45729,0.0,hdslay1_t10,37,6,hdslay1,arr,,,,,,
oname:hdslay1_t10_otype:arr_i:37_j:7,33.45136,0.0,hdslay1_t10,37,7,hdslay1,arr,,,,,,
oname:hdslay1_t10_otype:arr_i:37_j:8,33.44347,0.0,hdslay1_t10,37,8,hdslay1,arr,,,,,,
oname:hdslay1_t10_otype:arr_i:37_j:9,33.4391,0.0,hdslay1_t10,37,9,hdslay1,arr,,,,,,
oname:hdslay1_t10_otype:arr_i:38_j:0,1e+30,0.0,hdslay1_t10,38,0,hdslay1,arr,,,,,,
oname:hdslay1_t10_otype:arr_i:38_j:1,1e+30,0.0,hdslay1_t10,38,1,hdslay1,arr,,,,,,
oname:hdslay1_t10_otype:arr_i:38_j:10,33.3849,0.0,hdslay1_t10,38,10,hdslay1,arr,,,,,,
oname:hdslay1_t10_otype:arr_i:38_j:11,33.38405,0.0,hdslay1_t10,38,11,hdslay1,arr,,,,,,
oname:hdslay1_t10_otype:arr_i:38_j:12,33.40635,0.0,hdslay1_t10,38,12,hdslay1,arr,,,,,,
oname:hdslay1_t10_otype:arr_i:38_j:13,33.44228,0.0,hdslay1_t10,38,13,hdslay1,arr,,,,,,
oname:hdslay1_t10_otype:arr_i:38_j:14,33.48489,0.0,hdslay1_t10,38,14,hdslay1,arr,,,,,,
oname:hdslay1_t10_otype:arr_i:38_j:15,33.52644,0.0,hdslay1_t10,38,15,hdslay1,arr,,,,,,
oname:hdslay1_t10_otype:arr_i:38_j:16,33.53683,0.0,hdslay1_t10,38,16,hdslay1,arr,,,,,,
oname:hdslay1_t10_otype:arr_i:38_j:17,1e+30,0.0,hdslay1_t10,38,17,hdslay1,arr,,,,,,
oname:hdslay1_t10_otype:arr_i:38_j:18,1e+30,0.0,hdslay1_t10,38,18,hdslay1,arr,,,,,,
oname:hdslay1_t10_otype:arr_i:38_j:19,1e+30,0.0,hdslay1_t10,38,19,hdslay1,arr,,,,,,
oname:hdslay1_t10_otype:arr_i:38_j:2,1e+30,0.0,hdslay1_t10,38,2,hdslay1,arr,,,,,,
oname:hdslay1_t10_otype:arr_i:38_j:3,1e+30,0.0,hdslay1_t10,38,3,hdslay1,arr,,,,,,
oname:hdslay1_t10_otype:arr_i:38_j:4,1e+30,0.0,hdslay1_t10,38,4,hdslay1,arr,,,,,,
oname:hdslay1_t10_otype:arr_i:38_j:5,33.40983,0.0,hdslay1_t10,38,5,hdslay1,arr,,,,,,
oname:hdslay1_t10_otype:arr_i:38_j:6,33.41073,0.0,hdslay1_t10,38,6,hdslay1,arr,,,,,,
oname:hdslay1_t10_otype:arr_i:38_j:7,33.40323,0.0,hdslay1_t10,38,7,hdslay1,arr,,,,,,
oname:hdslay1_t10_otype:arr_i:38_j:8,33.39918,0.0,hdslay1_t10,38,8,hdslay1,arr,,,,,,
oname:hdslay1_t10_otype:arr_i:38_j:9,33.39285,0.0,hdslay1_t10,38,9,hdslay1,arr,,,,,,
oname:hdslay1_t10_otype:arr_i:39_j:0,1e+30,0.0,hdslay1_t10,39,0,hdslay1,arr,,,,,,
oname:hdslay1_t10_otype:arr_i:39_j:1,1e+30,0.0,hdslay1_t10,39,1,hdslay1,arr,,,,,,
oname:hdslay1_t10_otype:arr_i:39_j:10,33.29957,0.0,hdslay1_t10,39,10,hdslay1,arr,,,,,,
oname:hdslay1_t10_otype:arr_i:39_j:11,33.31197,0.0,hdslay1_t10,39,11,hdslay1,arr,,,,,,
oname:hdslay1_t10_otype:arr_i:39_j:12,33.33841,0.0,hdslay1_t10,39,12,hdslay1,arr,,,,,,
oname:hdslay1_t10_otype:arr_i:39_j:13,33.38165,0.0,hdslay1_t10,39,13,hdslay1,arr,,,,,,
oname:hdslay1_t10_otype:arr_i:39_j:14,33.43449,0.0,hdslay1_t10,39,14,hdslay1,arr,,,,,,
oname:hdslay1_t10_otype:arr_i:39_j:15,33.50613,0.0,hdslay1_t10,39,15,hdslay1,arr,,,,,,
oname:hdslay1_t10_otype:arr_i:39_j:16,1e+30,0.0,hdslay1_t10,39,16,hdslay1,arr,,,,,,
oname:hdslay1_t10_otype:arr_i:39_j:17,1e+30,0.0,hdslay1_t10,39,17,hdslay1,arr,,,,,,
oname:hdslay1_t10_otype:arr_i:39_j:18,1e+30,0.0,hdslay1_t10,39,18,hdslay1,arr,,,,,,
oname:hdslay1_t10_otype:arr_i:39_j:19,1e+30,0.0,hdslay1_t10,39,19,hdslay1,arr,,,,,,
oname:hdslay1_t10_otype:arr_i:39_j:2,1e+30,0.0,hdslay1_t10,39,2,hdslay1,arr,,,,,,
oname:hdslay1_t10_otype:arr_i:39_j:3,1e+30,0.0,hdslay1_t10,39,3,hdslay1,arr,,,,,,
oname:hdslay1_t10_otype:arr_i:39_j:4,1e+30,0.0,hdslay1_t10,39,4,hdslay1,arr,,,,,,
oname:hdslay1_t10_otype:arr_i:39_j:5,33.34806,0.0,hdslay1_t10,39,5,hdslay1,arr,,,,,,
oname:hdslay1_t10_otype:arr_i:39_j:6,33.34353,0.0,hdslay1_t10,39,6,hdslay1,arr,,,,,,
oname:hdslay1_t10_otype:arr_i:39_j:7,33.34125,0.0,hdslay1_t10,39,7,hdslay1,arr,,,,,,
oname:hdslay1_t10_otype:arr_i:39_j:8,33.33427,0.0,hdslay1_t10,39,8,hdslay1,arr,,,,,,
oname:hdslay1_t10_otype:arr_i:39_j:9,33.31987,0.0,hdslay1_t10,39,9,hdslay1,arr,,,,,,
oname:hdslay1_t10_otype:arr_i:3_j:0,35.06856,0.0,hdslay1_t10,3,0,hdslay1,arr,,,,,,
oname:hdslay1_t10_otype:arr_i:3_j:1,35.0571,0.0,hdslay1_t10,3,1,hdslay1,arr,,,,,,
oname:hdslay1_t10_otype:arr_i:3_j:10,34.42753,0.0,hdslay1_t10,3,10,hdslay1,arr,,,,,,
oname:hdslay1_t10_otype:arr_i:3_j:11,34.37961,0.0,hdslay1_t10,3,11,hdslay1,arr,,,,,,
oname:hdslay1_t10_otype:arr_i:3_j:12,34.33163,0.0,hdslay1_t10,3,12,hdslay1,arr,,,,,,
oname:hdslay1_t10_otype:arr_i:3_j:13,34.27815,0.0,hdslay1_t10,3,13,hdslay1,arr,,,,,,
oname:hdslay1_t10_otype:arr_i:3_j:14,34.23315,0.0,hdslay1_t10,3,14,hdslay1,arr,,,,,,
oname:hdslay1_t10_otype:arr_i:3_j:15,34.19373,0.0,hdslay1_t10,3,15,hdslay1,arr,,,,,,
oname:hdslay1_t10_otype:arr_i:3_j:16,34.18149,0.0,hdslay1_t10,3,16,hdslay1,arr,,,,,,
oname:hdslay1_t10_otype:arr_i:3_j:17,34.16936,0.0,hdslay1_t10,3,17,hdslay1,arr,,,,,,
oname:hdslay1_t10_otype:arr_i:3_j:18,34.15943,0.0,hdslay1_t10,3,18,hdslay1,arr,,,,,,
oname:hdslay1_t10_otype:arr_i:3_j:19,34.15567,0.0,hdslay1_t10,3,19,hdslay1,arr,,,,,,
oname:hdslay1_t10_otype:arr_i:3_j:2,35.04069,0.0,hdslay1_t10,3,2,hdslay1,arr,,,,,,
oname:hdslay1_t10_otype:arr_i:3_j:3,35.00779,0.0,hdslay1_t10,3,3,hdslay1,arr,,,,,,
oname:hdslay1_t10_otype:arr_i:3_j:4,34.95625,0.0,hdslay1_t10,3,4,hdslay1,arr,,,,,,
oname:hdslay1_t10_otype:arr_i:3_j:5,34.87896,0.0,hdslay1_t10,3,5,hdslay1,arr,,,,,,
oname:hdslay1_t10_otype:arr_i:3_j:6,34.77478,0.0,hdslay1_t10,3,6,hdslay1,arr,,,,,,
oname:hdslay1_t10_otype:arr_i:3_j:7,34.66369,0.0,hdslay1_t10,3,7,hdslay1,arr,,,,,,
oname:hdslay1_t10_otype:arr_i:3_j:8,34.56592,0.0,hdslay1_t10,3,8,hdslay1,arr,,,,,,
oname:hdslay1_t10_otype:arr_i:3_j:9,34.48883,0.0,hdslay1_t10,3,9,hdslay1,arr,,,,,,
oname:hdslay1_t10_otype:arr_i:4_j:0,35.05508,0.0,hdslay1_t10,4,0,hdslay1,arr,,,,,,
oname:hdslay1_t10_otype:arr_i:4_j:1,35.04761,0.0,hdslay1_t10,4,1,hdslay1,arr,,,,,,
oname:hdslay1_t10_otype:arr_i:4_j:10,34.42038,0.0,hdslay1_t10,4,10,hdslay1,arr,,,,,,
oname:hdslay1_t10_otype:arr_i:4_j:11,34.36915,0.0,hdslay1_t10,4,11,hdslay1,arr,,,,,,
oname:hdslay1_t10_otype:arr_i:4_j:12,34.31037,0.0,hdslay1_t10,4,12,hdslay1,arr,,,,,,
oname:hdslay1_t10_otype:arr_i:4_j:13,34.25497,0.0,hdslay1_t10,4,13,hdslay1,arr,,,,,,
oname:hdslay1_t10_otype:arr_i:4_j:14,34.2097,0.0,hdslay1_t10,4,14,hdslay1,arr,,,,,,
oname:hdslay1_t10_otype:arr_i:4_j:15,34.17131,0.0,hdslay1_t10,4,15,hdslay1,arr,,,,,,
oname:hdslay1_t10_otype:arr_i:4_j:16,34.1548,0.0,hdslay1_t10,4,16,hdslay1,arr,,,,,,
oname:hdslay1_t10_otype:arr_i:4_j:17,34.14341,0.0,hdslay1_t10,4,17,hdslay1,arr,,,,,,
oname:hdslay1_t10_otype:arr_i:4_j:18,34.13775,0.0,hdslay1_t10,4,18,hdslay1,arr,,,,,,
oname:hdslay1_t10_otype:arr_i:4_j:19,34.13609,0.0,hdslay1_t10,4,19,hdslay1,arr,,,,,,
oname:hdslay1_t10_otype:arr_i:4_j:2,35.03487,0.0,hdslay1_t10,4,2,hdslay1,arr,,,,,,
oname:hdslay1_t10_otype:arr_i:4_j:3,35.0073,0.0,hdslay1_t10,4,3,hdslay1,arr,,,,,,
oname:hdslay1_t10_otype:arr_i:4_j:4,34.95967,0.0,hdslay1_t10,4,4,hdslay1,arr,,,,,,
oname:hdslay1_t10_otype:arr_i:4_j:5,34.89421,0.0,hdslay1_t10,4,5,hdslay1,arr,,,,,,
oname:hdslay1_t10_otype:arr_i:4_j:6,34.79857,0.0,hdslay1_t10,4,6,hdslay1,arr,,,,,,
oname:hdslay1_t10_otype:arr_i:4_j:7,34.68221,0.0,hdslay1_t10,4,7,hdslay1,arr,,,,,,
oname:hdslay1_t10_otype:arr_i:4_j:8,34.57217,0.0,hdslay1_t10,4,8,hdslay1,arr,,,,,,
oname:hdslay1_t10_otype:arr_i:4_j:9,34.48655,0.0,hdslay1_t10,4,9,hdslay1,arr,,,,,,
oname:hdslay1_t10_otype:arr_i:5_j:0,35.04477,0.0,hdslay1_t10,5,0,hdslay1,arr,,,,,,
oname:hdslay1_t10_otype:arr_i:5_j:1,35.03993,0.0,hdslay1_t10,5,1,hdslay1,arr,,,,,,
oname:hdslay1_t10_otype:arr_i:5_j:10,34.40593,0.0,hdslay1_t10,5,10,hdslay1,arr,,,,,,
oname:hdslay1_t10_otype:arr_i:5_j:11,34.34814,0.0,hdslay1_t10,5,11,hdslay1,arr,,,,,,
oname:hdslay1_t10_otype:arr_i:5_j:12,34.28575,0.0,hdslay1_t10,5,12,hdslay1,arr,,,,,,
oname:hdslay1_t10_otype:arr_i:5_j:13,34.22713,0.0,hdslay1_t10,5,13,hdslay1,arr,,,,,,
oname:hdslay1_t10_otype:arr_i:5_j:14,34.17686,0.0,hdslay1_t10,5,14,hdslay1,arr,,,,,,
oname:hdslay1_t10_otype:arr_i:5_j:15,34.13901,0.0,hdslay1_t10,5,15,hdslay1,arr,,,,,,
oname:hdslay1_t10_otype:arr_i:5_j:16,34.12486,0.0,hdslay1_t10,5,16,hdslay1,arr,,,,,,
oname:hdslay1_t10_otype:arr_i:5_j:17,34.11444,0.0,hdslay1_t10,5,17,hdslay1,arr,,,,,,
oname:hdslay1_t10_otype:arr_i:5_j:18,34.11221,0.0,hdslay1_t10,5,18,hdslay1,arr,,,,,,
oname:hdslay1_t10_otype:arr_i:5_j:19,34.11315,0.0,hdslay1_t10,5,19,hdslay1,arr,,,,,,
oname:hdslay1_t10_otype:arr_i:5_j:2,35.02873,0.0,hdslay1_t10,5,2,hdslay1,arr,,,,,,
oname:hdslay1_t10_otype:arr_i:5_j:3,35.00522,0.0,hdslay1_t10,5,3,hdslay1,arr,,,,,,
oname:hdslay1_t10_otype:arr_i:5_j:4,34.96289,0.0,hdslay1_t10,5,4,hdslay1,arr,,,,,,
oname:hdslay1_t10_otype:arr_i:5_j:5,34.89578,0.0,hdslay1_t10,5,5,hdslay1,arr,,,,,,
oname:hdslay1_t10_otype:arr_i:5_j:6,34.80164,0.0,hdslay1_t10,5,6,hdslay1,arr,,,,,,
oname:hdslay1_t10_otype:arr_i:5_j:7,34.6988,0.0,hdslay1_t10,5,7,hdslay1,arr,,,,,,
oname:hdslay1_t10_otype:arr_i:5_j:8,34.58735,0.0,hdslay1_t10,5,8,hdslay1,arr,,,,,,
oname:hdslay1_t10_otype:arr_i:5_j:9,34.4794,0.0,hdslay1_t10,5,9,hdslay1,arr,,,,,,
oname:hdslay1_t10_otype:arr_i:6_j:0,35.03829,0.0,hdslay1_t10,6,0,hdslay1,arr,,,,,,
oname:hdslay1_t10_otype:arr_i:6_j:1,35.0341,0.0,hdslay1_t10,6,1,hdslay1,arr,,,,,,
oname:hdslay1_t10_otype:arr_i:6_j:10,34.38459,0.0,hdslay1_t10,6,10,hdslay1,arr,,,,,,
oname:hdslay1_t10_otype:arr_i:6_j:11,34.31746,0.0,hdslay1_t10,6,11,hdslay1,arr,,,,,,
oname:hdslay1_t10_otype:arr_i:6_j:12,34.24461,0.0,hdslay1_t10,6,12,hdslay1,arr,,,,,,
oname:hdslay1_t10_otype:arr_i:6_j:13,34.17859,0.0,hdslay1_t10,6,13,hdslay1,arr,,,,,,
oname:hdslay1_t10_otype:arr_i:6_j:14,34.13075,0.0,hdslay1_t10,6,14,hdslay1,arr,,,,,,
oname:hdslay1_t10_otype:arr_i:6_j:15,34.09601,0.0,hdslay1_t10,6,15,hdslay1,arr,,,,,,
oname:hdslay1_t10_otype:arr_i:6_j:16,34.08706,0.0,hdslay1_t10,6,16,hdslay1,arr,,,,,,
oname:hdslay1_t10_otype:arr_i:6_j:17,34.0791,0.0,hdslay1_t10,6,17,hdslay1,arr,,,,,,
oname:hdslay1_t10_otype:arr_i:6_j:18,34.07672,0.0,hdslay1_t10,6,18,hdslay1,arr,,,,,,
oname:hdslay1_t10_otype:arr_i:6_j:19,34.07454,0.0,hdslay1_t10,6,19,hdslay1,arr,,,,,,
oname:hdslay1_t10_otype:arr_i:6_j:2,35.02477,0.0,hdslay1_t10,6,2,hdslay1,arr,,,,,,
oname:hdslay1_t10_otype:arr_i:6_j:3,35.00718,0.0,hdslay1_t10,6,3,hdslay1,arr,,,,,,
oname:hdslay1_t10_otype:arr_i:6_j:4,34.96823,0.0,hdslay1_t10,6,4,hdslay1,arr,,,,,,
oname:hdslay1_t10_otype:arr_i:6_j:5,34.89141,0.0,hdslay1_t10,6,5,hdslay1,arr,,,,,,
oname:hdslay1_t10_otype:arr_i:6_j:6,34.79109,0.0,hdslay1_t10,6,6,hdslay1,arr,,,,,,
oname:hdslay1_t10_otype:arr_i:6_j:7,34.69012,0.0,hdslay1_t10,6,7,hdslay1,arr,,,,,,
oname:hdslay1_t10_otype:arr_i:6_j:8,34.58196,0.0,hdslay1_t10,6,8,hdslay1,arr,,,,,,
oname:hdslay1_t10_otype:arr_i:6_j:9,34.46756,0.0,hdslay1_t10,6,9,hdslay1,arr,,,,,,
oname:hdslay1_t10_otype:arr_i:7_j:0,35.03394,0.0,hdslay1_t10,7,0,hdslay1,arr,,,,,,
oname:hdslay1_t10_otype:arr_i:7_j:1,35.03062,0.0,hdslay1_t10,7,1,hdslay1,arr,,,,,,
oname:hdslay1_t10_otype:arr_i:7_j:10,34.33781,0.0,hdslay1_t10,7,10,hdslay1,arr,,,,,,
oname:hdslay1_t10_otype:arr_i:7_j:11,34.26593,0.0,hdslay1_t10,7,11,hdslay1,arr,,,,,,
oname:hdslay1_t10_otype:arr_i:7_j:12,34.18129,0.0,hdslay1_t10,7,12,hdslay1,arr,,,,,,
oname:hdslay1_t10_otype:arr_i:7_j:13,34.11323,0.0,hdslay1_t10,7,13,hdslay1,arr,,,,,,
oname:hdslay1_t10_otype:arr_i:7_j:14,34.07013,0.0,hdslay1_t10,7,14,hdslay1,arr,,,,,,
oname:hdslay1_t10_otype:arr_i:7_j:15,34.04029,0.0,hdslay1_t10,7,15,hdslay1,arr,,,,,,
oname:hdslay1_t10_otype:arr_i:7_j:16,34.02526,0.0,hdslay1_t10,7,16,hdslay1,arr,,,,,,
oname:hdslay1_t10_otype:arr_i:7_j:17,34.03017,0.0,hdslay1_t10,7,17,hdslay1,arr,,,,,,
oname:hdslay1_t10_otype:arr_i:7_j:18,34.02881,0.0,hdslay1_t10,7,18,hdslay1,arr,,,,,,
oname:hdslay1_t10_otype:arr_i:7_j:19,34.02657,0.0,hdslay1_t10,7,19,hdslay1,arr,,,,,,
oname:hdslay1_t10_otype:arr_i:7_j:2,35.02356,0.0,hdslay1_t10,7,2,hdslay1,arr,,,,,,
oname:hdslay1_t10_otype:arr_i:7_j:3,35.01031,0.0,hdslay1_t10,7,3,hdslay1,arr,,,,,,
oname:hdslay1_t10_otype:arr_i:7_j:4,34.9669,0.0,hdslay1_t10,7,4,hdslay1,arr,,,,,,
oname:hdslay1_t10_otype:arr_i:7_j:5,34.88709,0.0,hdslay1_t10,7,5,hdslay1,arr,,,,,,
oname:hdslay1_t10_otype:arr_i:7_j:6,34.79454,0.0,hdslay1_t10,7,6,hdslay1,arr,,,,,,
oname:hdslay1_t10_otype:arr_i:7_j:7,34.67203,0.0,hdslay1_t10,7,7,hdslay1,arr,,,,,,
oname:hdslay1_t10_otype:arr_i:7_j:8,34.53638,0.0,hdslay1_t10,7,8,hdslay1,arr,,,,,,
oname:hdslay1_t10_otype:arr_i:7_j:9,34.4158,0.0,hdslay1_t10,7,9,hdslay1,arr,,,,,,
oname:hdslay1_t10_otype:arr_i:8_j:0,35.03026,0.0,hdslay1_t10,8,0,hdslay1,arr,,,,,,
oname:hdslay1_t10_otype:arr_i:8_j:1,35.02846,0.0,hdslay1_t10,8,1,hdslay1,arr,,,,,,
oname:hdslay1_t10_otype:arr_i:8_j:10,34.26339,0.0,hdslay1_t10,8,10,hdslay1,arr,,,,,,
oname:hdslay1_t10_otype:arr_i:8_j:11,34.18445,0.0,hdslay1_t10,8,11,hdslay1,arr,,,,,,
oname:hdslay1_t10_otype:arr_i:8_j:12,34.09508,0.0,hdslay1_t10,8,12,hdslay1,arr,,,,,,
oname:hdslay1_t10_otype:arr_i:8_j:13,34.0381,0.0,hdslay1_t10,8,13,hdslay1,arr,,,,,,
oname:hdslay1_t10_otype:arr_i:8_j:14,34.00073,0.0,hdslay1_t10,8,14,hdslay1,arr,,,,,,
oname:hdslay1_t10_otype:arr_i:8_j:15,33.97364,0.0,hdslay1_t10,8,15,hdslay1,arr,,,,,,
oname:hdslay1_t10_otype:arr_i:8_j:16,33.94646,0.0,hdslay1_t10,8,16,hdslay1,arr,,,,,,
oname:hdslay1_t10_otype:arr_i:8_j:17,33.9642,0.0,hdslay1_t10,8,17,hdslay1,arr,,,,,,
oname:hdslay1_t10_otype:arr_i:8_j:18,33.97911,0.0,hdslay1_t10,8,18,hdslay1,arr,,,,,,
oname:hdslay1_t10_otype:arr_i:8_j:19,33.98307,0.0,hdslay1_t10,8,19,hdslay1,arr,,,,,,
oname:hdslay1_t10_otype:arr_i:8_j:2,35.0256,0.0,hdslay1_t10,8,2,hdslay1,arr,,,,,,
oname:hdslay1_t10_otype:arr_i:8_j:3,35.02065,0.0,hdslay1_t10,8,3,hdslay1,arr,,,,,,
oname:hdslay1_t10_otype:arr_i:8_j:4,1e+30,0.0,hdslay1_t10,8,4,hdslay1,arr,,,,,,
oname:hdslay1_t10_otype:arr_i:8_j:5,1e+30,0.0,hdslay1_t10,8,5,hdslay1,arr,,,,,,
oname:hdslay1_t10_otype:arr_i:8_j:6,1e+30,0.0,hdslay1_t10,8,6,hdslay1,arr,,,,,,
oname:hdslay1_t10_otype:arr_i:8_j:7,34.5743,0.0,hdslay1_t10,8,7,hdslay1,arr,,,,,,
oname:hdslay1_t10_otype:arr_i:8_j:8,34.43358,0.0,hdslay1_t10,8,8,hdslay1,arr,,,,,,
oname:hdslay1_t10_otype:arr_i:8_j:9,34.3362,0.0,hdslay1_t10,8,9,hdslay1,arr,,,,,,
oname:hdslay1_t10_otype:arr_i:9_j:0,35.02477,0.0,hdslay1_t10,9,0,hdslay1,arr,,,,,,
oname:hdslay1_t10_otype:arr_i:9_j:1,35.02297,0.0,hdslay1_t10,9,1,hdslay1,arr,,,,,,
oname:hdslay1_t10_otype:arr_i:9_j:10,34.17265,0.0,hdslay1_t10,9,10,hdslay1,arr,,,,,,
oname:hdslay1_t10_otype:arr_i:9_j:11,34.0936,0.0,hdslay1_t10,9,11,hdslay1,arr,,,,,,
oname:hdslay1_t10_otype:arr_i:9_j:12,34.01782,0.0,hdslay1_t10,9,12,hdslay1,arr,,,,,,
oname:hdslay1_t10_otype:arr_i:9_j:13,33.97278,0.0,hdslay1_t10,9,13,hdslay1,arr,,,,,,
oname:hdslay1_t10_otype:arr_i:9_j:14,33.94567,0.0,hdslay1_t10,9,14,hdslay1,arr,,,,,,
oname:hdslay1_t10_otype:arr_i:9_j:15,33.92139,0.0,hdslay1_t10,9,15,hdslay1,arr,,,,,,
oname:hdslay1_t10_otype:arr_i:9_j:16,33.83226,0.0,hdslay1_t10,9,16,hdslay1,arr,,,,,,
oname:hdslay1_t10_otype:arr_i:9_j:17,33.91076,0.0,hdslay1_t10,9,17,hdslay1,arr,,,,,,
oname:hdslay1_t10_otype:arr_i:9_j:18,33.93931,0.0,hdslay1_t10,9,18,hdslay1,arr,,,,,,
oname:hdslay1_t10_otype:arr_i:9_j:19,33.95004,0.0,hdslay1_t10,9,19,hdslay1,arr,,,,,,
oname:hdslay1_t10_otype:arr_i:9_j:2,35.0226,0.0,hdslay1_t10,9,2,hdslay1,arr,,,,,,
oname:hdslay1_t10_otype:arr_i:9_j:3,35.02019,0.0,hdslay1_t10,9,3,hdslay1,arr,,,,,,
oname:hdslay1_t10_otype:arr_i:9_j:4,1e+30,0.0,hdslay1_t10,9,4,hdslay1,arr,,,,,,
oname:hdslay1_t10_otype:arr_i:9_j:5,1e+30,0.0,hdslay1_t10,9,5,hdslay1,arr,,,,,,
oname:hdslay1_t10_otype:arr_i:9_j:6,1e+30,0.0,hdslay1_t10,9,6,hdslay1,arr,,,,,,
oname:hdslay1_t10_otype:arr_i:9_j:7,1e+30,0.0,hdslay1_t10,9,7,hdslay1,arr,,,,,,
oname:hdslay1_t10_otype:arr_i:9_j:8,34.27126,0.0,hdslay1_t10,9,8,hdslay1,arr,,,,,,
oname:hdslay1_t10_otype:arr_i:9_j:9,34.22532,0.0,hdslay1_t10,9,9,hdslay1,arr,,,,,,
oname:hdslay1_t11_otype:arr_i:0_j:0,34.87029,0.0,hdslay1_t11,0,0,hdslay1,arr,,,,,,
oname:hdslay1_t11_otype:arr_i:0_j:1,34.85874,0.0,hdslay1_t11,0,1,hdslay1,arr,,,,,,
oname:hdslay1_t11_otype:arr_i:0_j:10,34.33953,0.0,hdslay1_t11,0,10,hdslay1,arr,,,,,,
oname:hdslay1_t11_otype:arr_i:0_j:11,34.29752,0.0,hdslay1_t11,0,11,hdslay1,arr,,,,,,
oname:hdslay1_t11_otype:arr_i:0_j:12,34.26487,0.0,hdslay1_t11,0,12,hdslay1,arr,,,,,,
oname:hdslay1_t11_otype:arr_i:0_j:13,34.23347,0.0,hdslay1_t11,0,13,hdslay1,arr,,,,,,
oname:hdslay1_t11_otype:arr_i:0_j:14,34.20208,0.0,hdslay1_t11,0,14,hdslay1,arr,,,,,,
oname:hdslay1_t11_otype:arr_i:0_j:15,34.16573,0.0,hdslay1_t11,0,15,hdslay1,arr,,,,,,
oname:hdslay1_t11_otype:arr_i:0_j:16,34.15702,0.0,hdslay1_t11,0,16,hdslay1,arr,,,,,,
oname:hdslay1_t11_otype:arr_i:0_j:17,34.14785,0.0,hdslay1_t11,0,17,hdslay1,arr,,,,,,
oname:hdslay1_t11_otype:arr_i:0_j:18,34.13982,0.0,hdslay1_t11,0,18,hdslay1,arr,,,,,,
oname:hdslay1_t11_otype:arr_i:0_j:19,34.13598,0.0,hdslay1_t11,0,19,hdslay1,arr,,,,,,
oname:hdslay1_t11_otype:arr_i:0_j:2,34.83667,0.0,hdslay1_t11,0,2,hdslay1,arr,,,,,,
oname:hdslay1_t11_otype:arr_i:0_j:3,34.80879,0.0,hdslay1_t11,0,3,hdslay1,arr,,,,,,
oname:hdslay1_t11_otype:arr_i:0_j:4,34.76302,0.0,hdslay1_t11,0,4,hdslay1,arr,,,,,,
oname:hdslay1_t11_otype:arr_i:0_j:5,34.68698,0.0,hdslay1_t11,0,5,hdslay1,arr,,,,,,
oname:hdslay1_t11_otype:arr_i:0_j:6,34.59523,0.0,hdslay1_t11,0,6,hdslay1,arr,,,,,,
oname:hdslay1_t11_otype:arr_i:0_j:7,34.51261,0.0,hdslay1_t11,0,7,hdslay1,arr,,,,,,
oname:hdslay1_t11_otype:arr_i:0_j:8,34.44272,0.0,hdslay1_t11,0,8,hdslay1,arr,,,,,,
oname:hdslay1_t11_otype:arr_i:0_j:9,34.38609,0.0,hdslay1_t11,0,9,hdslay1,arr,,,,,,
oname:hdslay1_t11_otype:arr_i:10_j:0,34.80854,0.0,hdslay1_t11,10,0,hdslay1,arr,,,,,,
oname:hdslay1_t11_otype:arr_i:10_j:1,34.80717,0.0,hdslay1_t11,10,1,hdslay1,arr,,,,,,
oname:hdslay1_t11_otype:arr_i:10_j:10,34.00708,0.0,hdslay1_t11,10,10,hdslay1,arr,,,,,,
oname:hdslay1_t11_otype:arr_i:10_j:11,33.94694,0.0,hdslay1_t11,10,11,hdslay1,arr,,,,,,
oname:hdslay1_t11_otype:arr_i:10_j:12,33.8914,0.0,hdslay1_t11,10,12,hdslay1,arr,,,,,,
oname:hdslay1_t11_otype:arr_i:10_j:13,33.85404,0.0,hdslay1_t11,10,13,hdslay1,arr,,,,,,
oname:hdslay1_t11_otype:arr_i:10_j:14,33.85897,0.0,hdslay1_t11,10,14,hdslay1,arr,,,,,,
oname:hdslay1_t11_otype:arr_i:10_j:15,33.85776,0.0,hdslay1_t11,10,15,hdslay1,arr,,,,,,
oname:hdslay1_t11_otype:arr_i:10_j:16,33.84237,0.0,hdslay1_t11,10,16,hdslay1,arr,,,,,,
oname:hdslay1_t11_otype:arr_i:10_j:17,33.85634,0.0,hdslay1_t11,10,17,hdslay1,arr,,,,,,
oname:hdslay1_t11_otype:arr_i:10_j:18,33.86843,0.0,hdslay1_t11,10,18,hdslay1,arr,,,,,,
oname:hdslay1_t11_otype:arr_i:10_j:19,33.87476,0.0,hdslay1_t11,10,19,hdslay1,arr,,,,,,
oname:hdslay1_t11_otype:arr_i:10_j:2,34.80693,0.0,hdslay1_t11,10,2,hdslay1,arr,,,,,,
oname:hdslay1_t11_otype:arr_i:10_j:3,34.80548,0.0,hdslay1_t11,10,3,hdslay1,arr,,,,,,
oname:hdslay1_t11_otype:arr_i:10_j:4,1e+30,0.0,hdslay1_t11,10,4,hdslay1,arr,,,,,,
oname:hdslay1_t11_otype:arr_i:10_j:5,1e+30,0.0,hdslay1_t11,10,5,hdslay1,arr,,,,,,
oname:hdslay1_t11_otype:arr_i:10_j:6,1e+30,0.0,hdslay1_t11,10,6,hdslay1,arr,,,,,,
oname:hdslay1_t11_otype:arr_i:10_j:7,1e+30,0.0,hdslay1_t11,10,7,hdslay1,arr,,,,,,
oname:hdslay1_t11_otype:arr_i:10_j:8,34.05949,0.0,hdslay1_t11,10,8,hdslay1,arr,,,,,,
oname:hdslay1_t11_otype:arr_i:10_j:9,34.03893,0.0,hdslay1_t11,10,9,hdslay1,arr,,,,,,
oname:hdslay1_t11_otype:arr_i:11_j:0,34.78245,0.0,hdslay1_t11,11,0,hdslay1,arr,,,,,,
oname:hdslay1_t11_otype:arr_i:11_j:1,34.78181,0.0,hdslay1_t11,11,1,hdslay1,arr,,,,,,
oname:hdslay1_t11_otype:arr_i:11_j:10,33.95387,0.0,hdslay1_t11,11,10,hdslay1,arr,,,,,,
oname:hdslay1_t11_otype:arr_i:11_j:11,33.90809,0.0,hdslay1_t11,11,11,hdslay1,arr,,,,,,
oname:hdslay1_t11_otype:arr_i:11_j:12,33.8537,0.0,hdslay1_t11,11,12,hdslay1,arr,,,,,,
oname:hdslay1_t11_otype:arr_i:11_j:13,33.77442,0.0,hdslay1_t11,11,13,hdslay1,arr,,,,,,
oname:hdslay1_t11_otype:arr_i:11_j:14,33.83667,0.0,hdslay1_t11,11,14,hdslay1,arr,,,,,,
oname:hdslay1_t11_otype:arr_i:11_j:15,33.85488,0.0,hdslay1_t11,11,15,hdslay1,arr,,,,,,
oname:hdslay1_t11_otype:arr_i:11_j:16,33.85362,0.0,hdslay1_t11,11,16,hdslay1,arr,,,,,,
oname:hdslay1_t11_otype:arr_i:11_j:17,33.85903,0.0,hdslay1_t11,11,17,hdslay1,arr,,,,,,
oname:hdslay1_t11_otype:arr_i:11_j:18,33.86518,0.0,hdslay1_t11,11,18,hdslay1,arr,,,,,,
oname:hdslay1_t11_otype:arr_i:11_j:19,33.86872,0.0,hdslay1_t11,11,19,hdslay1,arr,,,,,,
oname:hdslay1_t11_otype:arr_i:11_j:2,34.78238,0.0,hdslay1_t11,11,2,hdslay1,arr,,,,,,
oname:hdslay1_t11_otype:arr_i:11_j:3,34.7848,0.0,hdslay1_t11,11,3,hdslay1,arr,,,,,,
oname:hdslay1_t11_otype:arr_i:11_j:4,1e+30,0.0,hdslay1_t11,11,4,hdslay1,arr,,,,,,
oname:hdslay1_t11_otype:arr_i:11_j:5,1e+30,0.0,hdslay1_t11,11,5,hdslay1,arr,,,,,,
oname:hdslay1_t11_otype:arr_i:11_j:6,1e+30,0.0,hdslay1_t11,11,6,hdslay1,arr,,,,,,
oname:hdslay1_t11_otype:arr_i:11_j:7,1e+30,0.0,hdslay1_t11,11,7,hdslay1,arr,,,,,,
oname:hdslay1_t11_otype:arr_i:11_j:8,33.99413,0.0,hdslay1_t11,11,8,hdslay1,arr,,,,,,
oname:hdslay1_t11_otype:arr_i:11_j:9,33.98103,0.0,hdslay1_t11,11,9,hdslay1,arr,,,,,,
oname:hdslay1_t11_otype:arr_i:12_j:0,34.7515,0.0,hdslay1_t11,12,0,hdslay1,arr,,,,,,
oname:hdslay1_t11_otype:arr_i:12_j:1,34.75063,0.0,hdslay1_t11,12,1,hdslay1,arr,,,,,,
oname:hdslay1_t11_otype:arr_i:12_j:10,33.92609,0.0,hdslay1_t11,12,10,hdslay1,arr,,,,,,
oname:hdslay1_t11_otype:arr_i:12_j:11,33.89597,0.0,hdslay1_t11,12,11,hdslay1,arr,,,,,,
oname:hdslay1_t11_otype:arr_i:12_j:12,33.86019,0.0,hdslay1_t11,12,12,hdslay1,arr,,,,,,
oname:hdslay1_t11_otype:arr_i:12_j:13,33.83165,0.0,hdslay1_t11,12,13,hdslay1,arr,,,,,,
oname:hdslay1_t11_otype:arr_i:12_j:14,33.84447,0.0,hdslay1_t11,12,14,hdslay1,arr,,,,,,
oname:hdslay1_t11_otype:arr_i:12_j:15,33.85673,0.0,hdslay1_t11,12,15,hdslay1,arr,,,,,,
oname:hdslay1_t11_otype:arr_i:12_j:16,33.85704,0.0,hdslay1_t11,12,16,hdslay1,arr,,,,,,
oname:hdslay1_t11_otype:arr_i:12_j:17,33.85961,0.0,hdslay1_t11,12,17,hdslay1,arr,,,,,,
oname:hdslay1_t11_otype:arr_i:12_j:18,33.86294,0.0,hdslay1_t11,12,18,hdslay1,arr,,,,,,
oname:hdslay1_t11_otype:arr_i:12_j:19,33.86512,0.0,hdslay1_t11,12,19,hdslay1,arr,,,,,,
oname:hdslay1_t11_otype:arr_i:12_j:2,34.75299,0.0,hdslay1_t11,12,2,hdslay1,arr,,,,,,
oname:hdslay1_t11_otype:arr_i:12_j:3,34.75539,0.0,hdslay1_t11,12,3,hdslay1,arr,,,,,,
oname:hdslay1_t11_otype:arr_i:12_j:4,1e+30,0.0,hdslay1_t11,12,4,hdslay1,arr,,,,,,
oname:hdslay1_t11_otype:arr_i:12_j:5,1e+30,0.0,hdslay1_t11,12,5,hdslay1,arr,,,,,,
oname:hdslay1_t11_otype:arr_i:12_j:6,1e+30,0.0,hdslay1_t11,12,6,hdslay1,arr,,,,,,
oname:hdslay1_t11_otype:arr_i:12_j:7,1e+30,0.0,hdslay1_t11,12,7,hdslay1,arr,,,,,,
oname:hdslay1_t11_otype:arr_i:12_j:8,33.9554,0.0,hdslay1_t11,12,8,hdslay1,arr,,,,,,
oname:hdslay1_t11_otype:arr_i:12_j:9,33.94336,0.0,hdslay1_t11,12,9,hdslay1,arr,,,,,,
oname:hdslay1_t11_otype:arr_i:13_j:0,34.71248,0.0,hdslay1_t11,13,0,hdslay1,arr,,,,,,
oname:hdslay1_t11_otype:arr_i:13_j:1,34.71615,0.0,hdslay1_t11,13,1,hdslay1,arr,,,,,,
oname:hdslay1_t11_otype:arr_i:13_j:10,33.90948,0.0,hdslay1_t11,13,10,hdslay1,arr,,,,,,
oname:hdslay1_t11_otype:arr_i:13_j:11,33.88991,0.0,hdslay1_t11,13,11,hdslay1,arr,,,,,,
oname:hdslay1_t11_otype:arr_i:13_j:12,33.86467,0.0,hdslay1_t11,13,12,hdslay1,arr,,,,,,
oname:hdslay1_t11_otype:arr_i:13_j:13,33.84931,0.0,hdslay1_t11,13,13,hdslay1,arr,,,,,,
oname:hdslay1_t11_otype:arr_i:13_j:14,33.85118,0.0,hdslay1_t11,13,14,hdslay1,arr,,,,,,
oname:hdslay1_t11_otype:arr_i:13_j:15,33.85827,0.0,hdslay1_t11,13,15,hdslay1,arr,,,,,,
oname:hdslay1_t11_otype:arr_i:13_j:16,33.85718,0.0,hdslay1_t11,13,16,hdslay1,arr,,,,,,
oname:hdslay1_t11_otype:arr_i:13_j:17,33.85845,0.0,hdslay1_t11,13,17,hdslay1,arr,,,,,,
oname:hdslay1_t11_otype:arr_i:13_j:18,33.86025,0.0,hdslay1_t11,13,18,hdslay1,arr,,,,,,
oname:hdslay1_t11_otype:arr_i:13_j:19,33.86187,0.0,hdslay1_t11,13,19,hdslay1,arr,,,,,,
oname:hdslay1_t11_otype:arr_i:13_j:2,34.71988,0.0,hdslay1_t11,13,2,hdslay1,arr,,,,,,
oname:hdslay1_t11_otype:arr_i:13_j:3,34.7208,0.0,hdslay1_t11,13,3,hdslay1,arr,,,,,,
oname:hdslay1_t11_otype:arr_i:13_j:4,1e+30,0.0,hdslay1_t11,13,4,hdslay1,arr,,,,,,
oname:hdslay1_t11_otype:arr_i:13_j:5,1e+30,0.0,hdslay1_t11,13,5,hdslay1,arr,,,,,,
oname:hdslay1_t11_otype:arr_i:13_j:6,1e+30,0.0,hdslay1_t11,13,6,hdslay1,arr,,,,,,
oname:hdslay1_t11_otype:arr_i:13_j:7,1e+30,0.0,hdslay1_t11,13,7,hdslay1,arr,,,,,,
oname:hdslay1_t11_otype:arr_i:13_j:8,33.92381,0.0,hdslay1_t11,13,8,hdslay1,arr,,,,,,
oname:hdslay1_t11_otype:arr_i:13_j:9,33.91687,0.0,hdslay1_t11,13,9,hdslay1,arr,,,,,,
oname:hdslay1_t11_otype:arr_i:14_j:0,34.65752,0.0,hdslay1_t11,14,0,hdslay1,arr,,,,,,
oname:hdslay1_t11_otype:arr_i:14_j:1,34.66634,0.0,hdslay1_t11,14,1,hdslay1,arr,,,,,,
oname:hdslay1_t11_otype:arr_i:14_j:10,33.89156,0.0,hdslay1_t11,14,10,hdslay1,arr,,,,,,
oname:hdslay1_t11_otype:arr_i:14_j:11,33.87546,0.0,hdslay1_t11,14,11,hdslay1,arr,,,,,,
oname:hdslay1_t11_otype:arr_i:14_j:12,33.85889,0.0,hdslay1_t11,14,12,hdslay1,arr,,,,,,
oname:hdslay1_t11_otype:arr_i:14_j:13,33.84989,0.0,hdslay1_t11,14,13,hdslay1,arr,,,,,,
oname:hdslay1_t11_otype:arr_i:14_j:14,33.84995,0.0,hdslay1_t11,14,14,hdslay1,arr,,,,,,
oname:hdslay1_t11_otype:arr_i:14_j:15,33.85472,0.0,hdslay1_t11,14,15,hdslay1,arr,,,,,,
oname:hdslay1_t11_otype:arr_i:14_j:16,33.85437,0.0,hdslay1_t11,14,16,hdslay1,arr,,,,,,
oname:hdslay1_t11_otype:arr_i:14_j:17,33.85493,0.0,hdslay1_t11,14,17,hdslay1,arr,,,,,,
oname:hdslay1_t11_otype:arr_i:14_j:18,33.85593,0.0,hdslay1_t11,14,18,hdslay1,arr,,,,,,
oname:hdslay1_t11_otype:arr_i:14_j:19,33.85711,0.0,hdslay1_t11,14,19,hdslay1,arr,,,,,,
oname:hdslay1_t11_otype:arr_i:14_j:2,34.66879,0.0,hdslay1_t11,14,2,hdslay1,arr,,,,,,
oname:hdslay1_t11_otype:arr_i:14_j:3,34.67067,0.0,hdslay1_t11,14,3,hdslay1,arr,,,,,,
oname:hdslay1_t11_otype:arr_i:14_j:4,1e+30,0.0,hdslay1_t11,14,4,hdslay1,arr,,,,,,
oname:hdslay1_t11_otype:arr_i:14_j:5,1e+30,0.0,hdslay1_t11,14,5,hdslay1,arr,,,,,,
oname:hdslay1_t11_otype:arr_i:14_j:6,1e+30,0.0,hdslay1_t11,14,6,hdslay1,arr,,,,,,
oname:hdslay1_t11_otype:arr_i:14_j:7,1e+30,0.0,hdslay1_t11,14,7,hdslay1,arr,,,,,,
oname:hdslay1_t11_otype:arr_i:14_j:8,33.89767,0.0,hdslay1_t11,14,8,hdslay1,arr,,,,,,
oname:hdslay1_t11_otype:arr_i:14_j:9,33.89684,0.0,hdslay1_t11,14,9,hdslay1,arr,,,,,,
oname:hdslay1_t11_otype:arr_i:15_j:0,34.6031,0.0,hdslay1_t11,15,0,hdslay1,arr,,,,,,
oname:hdslay1_t11_otype:arr_i:15_j:1,34.60922,0.0,hdslay1_t11,15,1,hdslay1,arr,,,,,,
oname:hdslay1_t11_otype:arr_i:15_j:10,33.86581,0.0,hdslay1_t11,15,10,hdslay1,arr,,,,,,
oname:hdslay1_t11_otype:arr_i:15_j:11,33.85315,0.0,hdslay1_t11,15,11,hdslay1,arr,,,,,,
oname:hdslay1_t11_otype:arr_i:15_j:12,33.84488,0.0,hdslay1_t11,15,12,hdslay1,arr,,,,,,
oname:hdslay1_t11_otype:arr_i:15_j:13,33.83902,0.0,hdslay1_t11,15,13,hdslay1,arr,,,,,,
oname:hdslay1_t11_otype:arr_i:15_j:14,33.84106,0.0,hdslay1_t11,15,14,hdslay1,arr,,,,,,
oname:hdslay1_t11_otype:arr_i:15_j:15,33.8471,0.0,hdslay1_t11,15,15,hdslay1,arr,,,,,,
oname:hdslay1_t11_otype:arr_i:15_j:16,33.84759,0.0,hdslay1_t11,15,16,hdslay1,arr,,,,,,
oname:hdslay1_t11_otype:arr_i:15_j:17,33.84843,0.0,hdslay1_t11,15,17,hdslay1,arr,,,,,,
oname:hdslay1_t11_otype:arr_i:15_j:18,33.84909,0.0,hdslay1_t11,15,18,hdslay1,arr,,,,,,
oname:hdslay1_t11_otype:arr_i:15_j:19,33.84941,0.0,hdslay1_t11,15,19,hdslay1,arr,,,,,,
oname:hdslay1_t11_otype:arr_i:15_j:2,34.60501,0.0,hdslay1_t11,15,2,hdslay1,arr,,,,,,
oname:hdslay1_t11_otype:arr_i:15_j:3,34.60167,0.0,hdslay1_t11,15,3,hdslay1,arr,,,,,,
oname:hdslay1_t11_otype:arr_i:15_j:4,1e+30,0.0,hdslay1_t11,15,4,hdslay1,arr,,,,,,
oname:hdslay1_t11_otype:arr_i:15_j:5,1e+30,0.0,hdslay1_t11,15,5,hdslay1,arr,,,,,,
oname:hdslay1_t11_otype:arr_i:15_j:6,1e+30,0.0,hdslay1_t11,15,6,hdslay1,arr,,,,,,
oname:hdslay1_t11_otype:arr_i:15_j:7,1e+30,0.0,hdslay1_t11,15,7,hdslay1,arr,,,,,,
oname:hdslay1_t11_otype:arr_i:15_j:8,33.87326,0.0,hdslay1_t11,15,8,hdslay1,arr,,,,,,
oname:hdslay1_t11_otype:arr_i:15_j:9,33.87119,0.0,hdslay1_t11,15,9,hdslay1,arr,,,,,,
oname:hdslay1_t11_otype:arr_i:16_j:0,34.54808,0.0,hdslay1_t11,16,0,hdslay1,arr,,,,,,
oname:hdslay1_t11_otype:arr_i:16_j:1,34.54134,0.0,hdslay1_t11,16,1,hdslay1,arr,,,,,,
oname:hdslay1_t11_otype:arr_i:16_j:10,33.83068,0.0,hdslay1_t11,16,10,hdslay1,arr,,,,,,
oname:hdslay1_t11_otype:arr_i:16_j:11,33.82352,0.0,hdslay1_t11,16,11,hdslay1,arr,,,,,,
oname:hdslay1_t11_otype:arr_i:16_j:12,33.8194,0.0,hdslay1_t11,16,12,hdslay1,arr,,,,,,
oname:hdslay1_t11_otype:arr_i:16_j:13,33.81902,0.0,hdslay1_t11,16,13,hdslay1,arr,,,,,,
oname:hdslay1_t11_otype:arr_i:16_j:14,33.82328,0.0,hdslay1_t11,16,14,hdslay1,arr,,,,,,
oname:hdslay1_t11_otype:arr_i:16_j:15,33.8322,0.0,hdslay1_t11,16,15,hdslay1,arr,,,,,,
oname:hdslay1_t11_otype:arr_i:16_j:16,33.8327,0.0,hdslay1_t11,16,16,hdslay1,arr,,,,,,
oname:hdslay1_t11_otype:arr_i:16_j:17,33.83365,0.0,hdslay1_t11,16,17,hdslay1,arr,,,,,,
oname:hdslay1_t11_otype:arr_i:16_j:18,33.83535,0.0,hdslay1_t11,16,18,hdslay1,arr,,,,,,
oname:hdslay1_t11_otype:arr_i:16_j:19,33.83688,0.0,hdslay1_t11,16,19,hdslay1,arr,,,,,,
oname:hdslay1_t11_otype:arr_i:16_j:2,34.53287,0.0,hdslay1_t11,16,2,hdslay1,arr,,,,,,
oname:hdslay1_t11_otype:arr_i:16_j:3,34.53308,0.0,hdslay1_t11,16,3,hdslay1,arr,,,,,,
oname:hdslay1_t11_otype:arr_i:16_j:4,1e+30,0.0,hdslay1_t11,16,4,hdslay1,arr,,,,,,
oname:hdslay1_t11_otype:arr_i:16_j:5,1e+30,0.0,hdslay1_t11,16,5,hdslay1,arr,,,,,,
oname:hdslay1_t11_otype:arr_i:16_j:6,1e+30,0.0,hdslay1_t11,16,6,hdslay1,arr,,,,,,
oname:hdslay1_t11_otype:arr_i:16_j:7,1e+30,0.0,hdslay1_t11,16,7,hdslay1,arr,,,,,,
oname:hdslay1_t11_otype:arr_i:16_j:8,33.83932,0.0,hdslay1_t11,16,8,hdslay1,arr,,,,,,
oname:hdslay1_t11_otype:arr_i:16_j:9,33.83812,0.0,hdslay1_t11,16,9,hdslay1,arr,,,,,,
oname:hdslay1_t11_otype:arr_i:17_j:0,34.475,0.0,hdslay1_t11,17,0,hdslay1,arr,,,,,,
oname:hdslay1_t11_otype:arr_i:17_j:1,34.4687,0.0,hdslay1_t11,17,1,hdslay1,arr,,,,,,
oname:hdslay1_t11_otype:arr_i:17_j:10,33.79171,0.0,hdslay1_t11,17,10,hdslay1,arr,,,,,,
oname:hdslay1_t11_otype:arr_i:17_j:11,33.78699,0.0,hdslay1_t11,17,11,hdslay1,arr,,,,,,
oname:hdslay1_t11_otype:arr_i:17_j:12,33.78127,0.0,hdslay1_t11,17,12,hdslay1,arr,,,,,,
oname:hdslay1_t11_otype:arr_i:17_j:13,33.78512,0.0,hdslay1_t11,17,13,hdslay1,arr,,,,,,
oname:hdslay1_t11_otype:arr_i:17_j:14,33.79014,0.0,hdslay1_t11,17,14,hdslay1,arr,,,,,,
oname:hdslay1_t11_otype:arr_i:17_j:15,33.80695,0.0,hdslay1_t11,17,15,hdslay1,arr,,,,,,
oname:hdslay1_t11_otype:arr_i:17_j:16,33.80845,0.0,hdslay1_t11,17,16,hdslay1,arr,,,,,,
oname:hdslay1_t11_otype:arr_i:17_j:17,33.81142,0.0,hdslay1_t11,17,17,hdslay1,arr,,,,,,
oname:hdslay1_t11_otype:arr_i:17_j:18,33.81606,0.0,hdslay1_t11,17,18,hdslay1,arr,,,,,,
oname:hdslay1_t11_otype:arr_i:17_j:19,33.81741,0.0,hdslay1_t11,17,19,hdslay1,arr,,,,,,
oname:hdslay1_t11_otype:arr_i:17_j:2,34.47172,0.0,hdslay1_t11,17,2,hdslay1,arr,,,,,,
oname:hdslay1_t11_otype:arr_i:17_j:3,34.48119,0.0,hdslay1_t11,17,3,hdslay1,arr,,,,,,
oname:hdslay1_t11_otype:arr_i:17_j:4,1e+30,0.0,hdslay1_t11,17,4,hdslay1,arr,,,,,,
oname:hdslay1_t11_otype:arr_i:17_j:5,1e+30,0.0,hdslay1_t11,17,5,hdslay1,arr,,,,,,
oname:hdslay1_t11_otype:arr_i:17_j:6,1e+30,0.0,hdslay1_t11,17,6,hdslay1,arr,,,,,,
oname:hdslay1_t11_otype:arr_i:17_j:7,1e+30,0.0,hdslay1_t11,17,7,hdslay1,arr,,,,,,
oname:hdslay1_t11_otype:arr_i:17_j:8,33.8021,0.0,hdslay1_t11,17,8,hdslay1,arr,,,,,,
oname:hdslay1_t11_otype:arr_i:17_j:9,33.79942,0.0,hdslay1_t11,17,9,hdslay1,arr,,,,,,
oname:hdslay1_t11_otype:arr_i:18_j:0,34.39171,0.0,hdslay1_t11,18,0,hdslay1,arr,,,,,,
oname:hdslay1_t11_otype:arr_i:18_j:1,34.39397,0.0,hdslay1_t11,18,1,hdslay1,arr,,,,,,
oname:hdslay1_t11_otype:arr_i:18_j:10,33.75887,0.0,hdslay1_t11,18,10,hdslay1,arr,,,,,,
oname:hdslay1_t11_otype:arr_i:18_j:11,33.75011,0.0,hdslay1_t11,18,11,hdslay1,arr,,,,,,
oname:hdslay1_t11_otype:arr_i:18_j:12,33.74245,0.0,hdslay1_t11,18,12,hdslay1,arr,,,,,,
oname:hdslay1_t11_otype:arr_i:18_j:13,33.73932,0.0,hdslay1_t11,18,13,hdslay1,arr,,,,,,
oname:hdslay1_t11_otype:arr_i:18_j:14,33.74124,0.0,hdslay1_t11,18,14,hdslay1,arr,,,,,,
oname:hdslay1_t11_otype:arr_i:18_j:15,33.77393,0.0,hdslay1_t11,18,15,hdslay1,arr,,,,,,
oname:hdslay1_t11_otype:arr_i:18_j:16,33.77909,0.0,hdslay1_t11,18,16,hdslay1,arr,,,,,,
oname:hdslay1_t11_otype:arr_i:18_j:17,33.78643,0.0,hdslay1_t11,18,17,hdslay1,arr,,,,,,
oname:hdslay1_t11_otype:arr_i:18_j:18,33.79364,0.0,hdslay1_t11,18,18,hdslay1,arr,,,,,,
oname:hdslay1_t11_otype:arr_i:18_j:19,33.79598,0.0,hdslay1_t11,18,19,hdslay1,arr,,,,,,
oname:hdslay1_t11_otype:arr_i:18_j:2,34.40427,0.0,hdslay1_t11,18,2,hdslay1,arr,,,,,,
oname:hdslay1_t11_otype:arr_i:18_j:3,34.42033,0.0,hdslay1_t11,18,3,hdslay1,arr,,,,,,
oname:hdslay1_t11_otype:arr_i:18_j:4,1e+30,0.0,hdslay1_t11,18,4,hdslay1,arr,,,,,,
oname:hdslay1_t11_otype:arr_i:18_j:5,1e+30,0.0,hdslay1_t11,18,5,hdslay1,arr,,,,,,
oname:hdslay1_t11_otype:arr_i:18_j:6,1e+30,0.0,hdslay1_t11,18,6,hdslay1,arr,,,,,,
oname:hdslay1_t11_otype:arr_i:18_j:7,1e+30,0.0,hdslay1_t11,18,7,hdslay1,arr,,,,,,
oname:hdslay1_t11_otype:arr_i:18_j:8,33.7693,0.0,hdslay1_t11,18,8,hdslay1,arr,,,,,,
oname:hdslay1_t11_otype:arr_i:18_j:9,33.76466,0.0,hdslay1_t11,18,9,hdslay1,arr,,,,,,
oname:hdslay1_t11_otype:arr_i:19_j:0,34.30881,0.0,hdslay1_t11,19,0,hdslay1,arr,,,,,,
oname:hdslay1_t11_otype:arr_i:19_j:1,34.30921,0.0,hdslay1_t11,19,1,hdslay1,arr,,,,,,
oname:hdslay1_t11_otype:arr_i:19_j:10,33.73072,0.0,hdslay1_t11,19,10,hdslay1,arr,,,,,,
oname:hdslay1_t11_otype:arr_i:19_j:11,33.71855,0.0,hdslay1_t11,19,11,hdslay1,arr,,,,,,
oname:hdslay1_t11_otype:arr_i:19_j:12,33.70946,0.0,hdslay1_t11,19,12,hdslay1,arr,,,,,,
oname:hdslay1_t11_otype:arr_i:19_j:13,33.69197,0.0,hdslay1_t11,19,13,hdslay1,arr,,,,,,
oname:hdslay1_t11_otype:arr_i:19_j:14,33.66984,0.0,hdslay1_t11,19,14,hdslay1,arr,,,,,,
oname:hdslay1_t11_otype:arr_i:19_j:15,33.73433,0.0,hdslay1_t11,19,15,hdslay1,arr,,,,,,
oname:hdslay1_t11_otype:arr_i:19_j:16,33.75024,0.0,hdslay1_t11,19,16,hdslay1,arr,,,,,,
oname:hdslay1_t11_otype:arr_i:19_j:17,33.75853,0.0,hdslay1_t11,19,17,hdslay1,arr,,,,,,
oname:hdslay1_t11_otype:arr_i:19_j:18,33.76442,0.0,hdslay1_t11,19,18,hdslay1,arr,,,,,,
oname:hdslay1_t11_otype:arr_i:19_j:19,33.7701,0.0,hdslay1_t11,19,19,hdslay1,arr,,,,,,
oname:hdslay1_t11_otype:arr_i:19_j:2,34.31869,0.0,hdslay1_t11,19,2,hdslay1,arr,,,,,,
oname:hdslay1_t11_otype:arr_i:19_j:3,34.33486,0.0,hdslay1_t11,19,3,hdslay1,arr,,,,,,
oname:hdslay1_t11_otype:arr_i:19_j:4,1e+30,0.0,hdslay1_t11,19,4,hdslay1,arr,,,,,,
oname:hdslay1_t11_otype:arr_i:19_j:5,1e+30,0.0,hdslay1_t11,19,5,hdslay1,arr,,,,,,
oname:hdslay1_t11_otype:arr_i:19_j:6,1e+30,0.0,hdslay1_t11,19,6,hdslay1,arr,,,,,,
oname:hdslay1_t11_otype:arr_i:19_j:7,1e+30,0.0,hdslay1_t11,19,7,hdslay1,arr,,,,,,
oname:hdslay1_t11_otype:arr_i:19_j:8,33.74309,0.0,hdslay1_t11,19,8,hdslay1,arr,,,,,,
oname:hdslay1_t11_otype:arr_i:19_j:9,33.73829,0.0,hdslay1_t11,19,9,hdslay1,arr,,,,,,
oname:hdslay1_t11_otype:arr_i:1_j:0,34.86991,0.0,hdslay1_t11,1,0,hdslay1,arr,,,,,,
oname:hdslay1_t11_otype:arr_i:1_j:1,34.85851,0.0,hdslay1_t11,1,1,hdslay1,arr,,,,,,
oname:hdslay1_t11_otype:arr_i:1_j:10,34.33616,0.0,hdslay1_t11,1,10,hdslay1,arr,,,,,,
oname:hdslay1_t11_otype:arr_i:1_j:11,34.29567,0.0,hdslay1_t11,1,11,hdslay1,arr,,,,,,
oname:hdslay1_t11_otype:arr_i:1_j:12,34.26167,0.0,hdslay1_t11,1,12,hdslay1,arr,,,,,,
oname:hdslay1_t11_otype:arr_i:1_j:13,34.23051,0.0,hdslay1_t11,1,13,hdslay1,arr,,,,,,
oname:hdslay1_t11_otype:arr_i:1_j:14,34.19743,0.0,hdslay1_t11,1,14,hdslay1,arr,,,,,,
oname:hdslay1_t11_otype:arr_i:1_j:15,34.16313,0.0,hdslay1_t11,1,15,hdslay1,arr,,,,,,
oname:hdslay1_t11_otype:arr_i:1_j:16,34.1532,0.0,hdslay1_t11,1,16,hdslay1,arr,,,,,,
oname:hdslay1_t11_otype:arr_i:1_j:17,34.14338,0.0,hdslay1_t11,1,17,hdslay1,arr,,,,,,
oname:hdslay1_t11_otype:arr_i:1_j:18,34.13472,0.0,hdslay1_t11,1,18,hdslay1,arr,,,,,,
oname:hdslay1_t11_otype:arr_i:1_j:19,34.13012,0.0,hdslay1_t11,1,19,hdslay1,arr,,,,,,
oname:hdslay1_t11_otype:arr_i:1_j:2,34.83666,0.0,hdslay1_t11,1,2,hdslay1,arr,,,,,,
oname:hdslay1_t11_otype:arr_i:1_j:3,34.8057,0.0,hdslay1_t11,1,3,hdslay1,arr,,,,,,
oname:hdslay1_t11_otype:arr_i:1_j:4,34.75995,0.0,hdslay1_t11,1,4,hdslay1,arr,,,,,,
oname:hdslay1_t11_otype:arr_i:1_j:5,34.69607,0.0,hdslay1_t11,1,5,hdslay1,arr,,,,,,
oname:hdslay1_t11_otype:arr_i:1_j:6,34.61172,0.0,hdslay1_t11,1,6,hdslay1,arr,,,,,,
oname:hdslay1_t11_otype:arr_i:1_j:7,34.51548,0.0,hdslay1_t11,1,7,hdslay1,arr,,,,,,
oname:hdslay1_t11_otype:arr_i:1_j:8,34.43813,0.0,hdslay1_t11,1,8,hdslay1,arr,,,,,,
oname:hdslay1_t11_otype:arr_i:1_j:9,34.38141,0.0,hdslay1_t11,1,9,hdslay1,arr,,,,,,
oname:hdslay1_t11_otype:arr_i:20_j:0,34.23037,0.0,hdslay1_t11,20,0,hdslay1,arr,,,,,,
oname:hdslay1_t11_otype:arr_i:20_j:1,34.23391,0.0,hdslay1_t11,20,1,hdslay1,arr,,,,,,
oname:hdslay1_t11_otype:arr_i:20_j:10,33.71099,0.0,hdslay1_t11,20,10,hdslay1,arr,,,,,,
oname:hdslay1_t11_otype:arr_i:20_j:11,33.70137,0.0,hdslay1_t11,20,11,hdslay1,arr,,,,,,
oname:hdslay1_t11_otype:arr_i:20_j:12,33.6892,0.0,hdslay1_t11,20,12,hdslay1,arr,,,,,,
oname:hdslay1_t11_otype:arr_i:20_j:13,33.64951,0.0,hdslay1_t11,20,13,hdslay1,arr,,,,,,
oname:hdslay1_t11_otype:arr_i:20_j:14,33.52847,0.0,hdslay1_t11,20,14,hdslay1,arr,,,,,,
oname:hdslay1_t11_otype:arr_i:20_j:15,33.67873,0.0,hdslay1_t11,20,15,hdslay1,arr,,,,,,
oname:hdslay1_t11_otype:arr_i:20_j:16,33.72142,0.0,hdslay1_t11,20,16,hdslay1,arr,,,,,,
oname:hdslay1_t11_otype:arr_i:20_j:17,33.73596,0.0,hdslay1_t11,20,17,hdslay1,arr,,,,,,
oname:hdslay1_t11_otype:arr_i:20_j:18,33.74059,0.0,hdslay1_t11,20,18,hdslay1,arr,,,,,,
oname:hdslay1_t11_otype:arr_i:20_j:19,33.74484,0.0,hdslay1_t11,20,19,hdslay1,arr,,,,,,
oname:hdslay1_t11_otype:arr_i:20_j:2,34.23315,0.0,hdslay1_t11,20,2,hdslay1,arr,,,,,,
oname:hdslay1_t11_otype:arr_i:20_j:3,34.23187,0.0,hdslay1_t11,20,3,hdslay1,arr,,,,,,
oname:hdslay1_t11_otype:arr_i:20_j:4,1e+30,0.0,hdslay1_t11,20,4,hdslay1,arr,,,,,,
oname:hdslay1_t11_otype:arr_i:20_j:5,1e+30,0.0,hdslay1_t11,20,5,hdslay1,arr,,,,,,
oname:hdslay1_t11_otype:arr_i:20_j:6,1e+30,0.0,hdslay1_t11,20,6,hdslay1,arr,,,,,,
oname:hdslay1_t11_otype:arr_i:20_j:7,1e+30,0.0,hdslay1_t11,20,7,hdslay1,arr,,,,,,
oname:hdslay1_t11_otype:arr_i:20_j:8,33.7243,0.0,hdslay1_t11,20,8,hdslay1,arr,,,,,,
oname:hdslay1_t11_otype:arr_i:20_j:9,33.71976,0.0,hdslay1_t11,20,9,hdslay1,arr,,,,,,
oname:hdslay1_t11_otype:arr_i:21_j:0,34.15785,0.0,hdslay1_t11,21,0,hdslay1,arr,,,,,,
oname:hdslay1_t11_otype:arr_i:21_j:1,34.1622,0.0,hdslay1_t11,21,1,hdslay1,arr,,,,,,
oname:hdslay1_t11_otype:arr_i:21_j:10,33.69908,0.0,hdslay1_t11,21,10,hdslay1,arr,,,,,,
oname:hdslay1_t11_otype:arr_i:21_j:11,33.693,0.0,hdslay1_t11,21,11,hdslay1,arr,,,,,,
oname:hdslay1_t11_otype:arr_i:21_j:12,33.68323,0.0,hdslay1_t11,21,12,hdslay1,arr,,,,,,
oname:hdslay1_t11_otype:arr_i:21_j:13,33.66336,0.0,hdslay1_t11,21,13,hdslay1,arr,,,,,,
oname:hdslay1_t11_otype:arr_i:21_j:14,33.64233,0.0,hdslay1_t11,21,14,hdslay1,arr,,,,,,
oname:hdslay1_t11_otype:arr_i:21_j:15,33.68777,0.0,hdslay1_t11,21,15,hdslay1,arr,,,,,,
oname:hdslay1_t11_otype:arr_i:21_j:16,33.70685,0.0,hdslay1_t11,21,16,hdslay1,arr,,,,,,
oname:hdslay1_t11_otype:arr_i:21_j:17,33.72063,0.0,hdslay1_t11,21,17,hdslay1,arr,,,,,,
oname:hdslay1_t11_otype:arr_i:21_j:18,33.72639,0.0,hdslay1_t11,21,18,hdslay1,arr,,,,,,
oname:hdslay1_t11_otype:arr_i:21_j:19,33.72811,0.0,hdslay1_t11,21,19,hdslay1,arr,,,,,,
oname:hdslay1_t11_otype:arr_i:21_j:2,34.15229,0.0,hdslay1_t11,21,2,hdslay1,arr,,,,,,
oname:hdslay1_t11_otype:arr_i:21_j:3,34.13166,0.0,hdslay1_t11,21,3,hdslay1,arr,,,,,,
oname:hdslay1_t11_otype:arr_i:21_j:4,1e+30,0.0,hdslay1_t11,21,4,hdslay1,arr,,,,,,
oname:hdslay1_t11_otype:arr_i:21_j:5,1e+30,0.0,hdslay1_t11,21,5,hdslay1,arr,,,,,,
oname:hdslay1_t11_otype:arr_i:21_j:6,33.71811,0.0,hdslay1_t11,21,6,hdslay1,arr,,,,,,
oname:hdslay1_t11_otype:arr_i:21_j:7,33.71368,0.0,hdslay1_t11,21,7,hdslay1,arr,,,,,,
oname:hdslay1_t11_otype:arr_i:21_j:8,33.71163,0.0,hdslay1_t11,21,8,hdslay1,arr,,,,,,
oname:hdslay1_t11_otype:arr_i:21_j:9,33.7068,0.0,hdslay1_t11,21,9,hdslay1,arr,,,,,,
oname:hdslay1_t11_otype:arr_i:22_j:0,34.08368,0.0,hdslay1_t11,22,0,hdslay1,arr,,,,,,
oname:hdslay1_t11_otype:arr_i:22_j:1,34.07239,0.0,hdslay1_t11,22,1,hdslay1,arr,,,,,,
oname:hdslay1_t11_otype:arr_i:22_j:10,33.6879,0.0,hdslay1_t11,22,10,hdslay1,arr,,,,,,
oname:hdslay1_t11_otype:arr_i:22_j:11,33.68319,0.0,hdslay1_t11,22,11,hdslay1,arr,,,,,,
oname:hdslay1_t11_otype:arr_i:22_j:12,33.6769,0.0,hdslay1_t11,22,12,hdslay1,arr,,,,,,
oname:hdslay1_t11_otype:arr_i:22_j:13,33.67017,0.0,hdslay1_t11,22,13,hdslay1,arr,,,,,,
oname:hdslay1_t11_otype:arr_i:22_j:14,33.67022,0.0,hdslay1_t11,22,14,hdslay1,arr,,,,,,
oname:hdslay1_t11_otype:arr_i:22_j:15,33.69079,0.0,hdslay1_t11,22,15,hdslay1,arr,,,,,,
oname:hdslay1_t11_otype:arr_i:22_j:16,33.69918,0.0,hdslay1_t11,22,16,hdslay1,arr,,,,,,
oname:hdslay1_t11_otype:arr_i:22_j:17,33.70749,0.0,hdslay1_t11,22,17,hdslay1,arr,,,,,,
oname:hdslay1_t11_otype:arr_i:22_j:18,33.71209,0.0,hdslay1_t11,22,18,hdslay1,arr,,,,,,
oname:hdslay1_t11_otype:arr_i:22_j:19,33.71388,0.0,hdslay1_t11,22,19,hdslay1,arr,,,,,,
oname:hdslay1_t11_otype:arr_i:22_j:2,34.0592,0.0,hdslay1_t11,22,2,hdslay1,arr,,,,,,
oname:hdslay1_t11_otype:arr_i:22_j:3,34.01134,0.0,hdslay1_t11,22,3,hdslay1,arr,,,,,,
oname:hdslay1_t11_otype:arr_i:22_j:4,33.92331,0.0,hdslay1_t11,22,4,hdslay1,arr,,,,,,
oname:hdslay1_t11_otype:arr_i:22_j:5,1e+30,0.0,hdslay1_t11,22,5,hdslay1,arr,,,,,,
oname:hdslay1_t11_otype:arr_i:22_j:6,33.72009,0.0,hdslay1_t11,22,6,hdslay1,arr,,,,,,
oname:hdslay1_t11_otype:arr_i:22_j:7,33.71085,0.0,hdslay1_t11,22,7,hdslay1,arr,,,,,,
oname:hdslay1_t11_otype:arr_i:22_j:8,33.70252,0.0,hdslay1_t11,22,8,hdslay1,arr,,,,,,
oname:hdslay1_t11_otype:arr_i:22_j:9,33.69531,0.0,hdslay1_t11,22,9,hdslay1,arr,,,,,,
oname:hdslay1_t11_otype:arr_i:23_j:0,33.99745,0.0,hdslay1_t11,23,0,hdslay1,arr,,,,,,
oname:hdslay1_t11_otype:arr_i:23_j:1,33.98217,0.0,hdslay1_t11,23,1,hdslay1,arr,,,,,,
oname:hdslay1_t11_otype:arr_i:23_j:10,33.66725,0.0,hdslay1_t11,23,10,hdslay1,arr,,,,,,
oname:hdslay1_t11_otype:arr_i:23_j:11,33.66409,0.0,hdslay1_t11,23,11,hdslay1,arr,,,,,,
oname:hdslay1_t11_otype:arr_i:23_j:12,33.66395,0.0,hdslay1_t11,23,12,hdslay1,arr,,,,,,
oname:hdslay1_t11_otype:arr_i:23_j:13,33.66738,0.0,hdslay1_t11,23,13,hdslay1,arr,,,,,,
oname:hdslay1_t11_otype:arr_i:23_j:14,33.67567,0.0,hdslay1_t11,23,14,hdslay1,arr,,,,,,
oname:hdslay1_t11_otype:arr_i:23_j:15,33.69298,0.0,hdslay1_t11,23,15,hdslay1,arr,,,,,,
oname:hdslay1_t11_otype:arr_i:23_j:16,33.69392,0.0,hdslay1_t11,23,16,hdslay1,arr,,,,,,
oname:hdslay1_t11_otype:arr_i:23_j:17,33.69717,0.0,hdslay1_t11,23,17,hdslay1,arr,,,,,,
oname:hdslay1_t11_otype:arr_i:23_j:18,33.70014,0.0,hdslay1_t11,23,18,hdslay1,arr,,,,,,
oname:hdslay1_t11_otype:arr_i:23_j:19,33.70087,0.0,hdslay1_t11,23,19,hdslay1,arr,,,,,,
oname:hdslay1_t11_otype:arr_i:23_j:2,33.95992,0.0,hdslay1_t11,23,2,hdslay1,arr,,,,,,
oname:hdslay1_t11_otype:arr_i:23_j:3,33.9121,0.0,hdslay1_t11,23,3,hdslay1,arr,,,,,,
oname:hdslay1_t11_otype:arr_i:23_j:4,33.85145,0.0,hdslay1_t11,23,4,hdslay1,arr,,,,,,
oname:hdslay1_t11_otype:arr_i:23_j:5,33.77986,0.0,hdslay1_t11,23,5,hdslay1,arr,,,,,,
oname:hdslay1_t11_otype:arr_i:23_j:6,33.7296,0.0,hdslay1_t11,23,6,hdslay1,arr,,,,,,
oname:hdslay1_t11_otype:arr_i:23_j:7,33.70682,0.0,hdslay1_t11,23,7,hdslay1,arr,,,,,,
oname:hdslay1_t11_otype:arr_i:23_j:8,33.69146,0.0,hdslay1_t11,23,8,hdslay1,arr,,,,,,
oname:hdslay1_t11_otype:arr_i:23_j:9,33.67791,0.0,hdslay1_t11,23,9,hdslay1,arr,,,,,,
oname:hdslay1_t11_otype:arr_i:24_j:0,33.91891,0.0,hdslay1_t11,24,0,hdslay1,arr,,,,,,
oname:hdslay1_t11_otype:arr_i:24_j:1,33.91081,0.0,hdslay1_t11,24,1,hdslay1,arr,,,,,,
oname:hdslay1_t11_otype:arr_i:24_j:10,33.63459,0.0,hdslay1_t11,24,10,hdslay1,arr,,,,,,
oname:hdslay1_t11_otype:arr_i:24_j:11,33.63737,0.0,hdslay1_t11,24,11,hdslay1,arr,,,,,,
oname:hdslay1_t11_otype:arr_i:24_j:12,33.64562,0.0,hdslay1_t11,24,12,hdslay1,arr,,,,,,
oname:hdslay1_t11_otype:arr_i:24_j:13,33.6569,0.0,hdslay1_t11,24,13,hdslay1,arr,,,,,,
oname:hdslay1_t11_otype:arr_i:24_j:14,33.67159,0.0,hdslay1_t11,24,14,hdslay1,arr,,,,,,
oname:hdslay1_t11_otype:arr_i:24_j:15,33.69008,0.0,hdslay1_t11,24,15,hdslay1,arr,,,,,,
oname:hdslay1_t11_otype:arr_i:24_j:16,33.68661,0.0,hdslay1_t11,24,16,hdslay1,arr,,,,,,
oname:hdslay1_t11_otype:arr_i:24_j:17,33.68644,0.0,hdslay1_t11,24,17,hdslay1,arr,,,,,,
oname:hdslay1_t11_otype:arr_i:24_j:18,33.68799,0.0,hdslay1_t11,24,18,hdslay1,arr,,,,,,
oname:hdslay1_t11_otype:arr_i:24_j:19,33.68971,0.0,hdslay1_t11,24,19,hdslay1,arr,,,,,,
oname:hdslay1_t11_otype:arr_i:24_j:2,33.88728,0.0,hdslay1_t11,24,2,hdslay1,arr,,,,,,
oname:hdslay1_t11_otype:arr_i:24_j:3,33.85333,0.0,hdslay1_t11,24,3,hdslay1,arr,,,,,,
oname:hdslay1_t11_otype:arr_i:24_j:4,33.80714,0.0,hdslay1_t11,24,4,hdslay1,arr,,,,,,
oname:hdslay1_t11_otype:arr_i:24_j:5,33.75783,0.0,hdslay1_t11,24,5,hdslay1,arr,,,,,,
oname:hdslay1_t11_otype:arr_i:24_j:6,33.72205,0.0,hdslay1_t11,24,6,hdslay1,arr,,,,,,
oname:hdslay1_t11_otype:arr_i:24_j:7,33.6967,0.0,hdslay1_t11,24,7,hdslay1,arr,,,,,,
oname:hdslay1_t11_otype:arr_i:24_j:8,33.67557,0.0,hdslay1_t11,24,8,hdslay1,arr,,,,,,
oname:hdslay1_t11_otype:arr_i:24_j:9,33.6515,0.0,hdslay1_t11,24,9,hdslay1,arr,,,,,,
oname:hdslay1_t11_otype:arr_i:25_j:0,33.86699,0.0,hdslay1_t11,25,0,hdslay1,arr,,,,,,
oname:hdslay1_t11_otype:arr_i:25_j:1,33.86139,0.0,hdslay1_t11,25,1,hdslay1,arr,,,,,,
oname:hdslay1_t11_otype:arr_i:25_j:10,33.58939,0.0,hdslay1_t11,25,10,hdslay1,arr,,,,,,
oname:hdslay1_t11_otype:arr_i:25_j:11,33.60629,0.0,hdslay1_t11,25,11,hdslay1,arr,,,,,,
oname:hdslay1_t11_otype:arr_i:25_j:12,33.62375,0.0,hdslay1_t11,25,12,hdslay1,arr,,,,,,
oname:hdslay1_t11_otype:arr_i:25_j:13,33.64017,0.0,hdslay1_t11,25,13,hdslay1,arr,,,,,,
oname:hdslay1_t11_otype:arr_i:25_j:14,33.65866,0.0,hdslay1_t11,25,14,hdslay1,arr,,,,,,
oname:hdslay1_t11_otype:arr_i:25_j:15,33.68008,0.0,hdslay1_t11,25,15,hdslay1,arr,,,,,,
oname:hdslay1_t11_otype:arr_i:25_j:16,33.67615,0.0,hdslay1_t11,25,16,hdslay1,arr,,,,,,
oname:hdslay1_t11_otype:arr_i:25_j:17,33.67449,0.0,hdslay1_t11,25,17,hdslay1,arr,,,,,,
oname:hdslay1_t11_otype:arr_i:25_j:18,33.67415,0.0,hdslay1_t11,25,18,hdslay1,arr,,,,,,
oname:hdslay1_t11_otype:arr_i:25_j:19,33.67525,0.0,hdslay1_t11,25,19,hdslay1,arr,,,,,,
oname:hdslay1_t11_otype:arr_i:25_j:2,33.84379,0.0,hdslay1_t11,25,2,hdslay1,arr,,,,,,
oname:hdslay1_t11_otype:arr_i:25_j:3,33.81005,0.0,hdslay1_t11,25,3,hdslay1,arr,,,,,,
oname:hdslay1_t11_otype:arr_i:25_j:4,33.77176,0.0,hdslay1_t11,25,4,hdslay1,arr,,,,,,
oname:hdslay1_t11_otype:arr_i:25_j:5,33.73509,0.0,hdslay1_t11,25,5,hdslay1,arr,,,,,,
oname:hdslay1_t11_otype:arr_i:25_j:6,33.70353,0.0,hdslay1_t11,25,6,hdslay1,arr,,,,,,
oname:hdslay1_t11_otype:arr_i:25_j:7,33.67633,0.0,hdslay1_t11,25,7,hdslay1,arr,,,,,,
oname:hdslay1_t11_otype:arr_i:25_j:8,33.64681,0.0,hdslay1_t11,25,8,hdslay1,arr,,,,,,
oname:hdslay1_t11_otype:arr_i:25_j:9,33.61123,0.0,hdslay1_t11,25,9,hdslay1,arr,,,,,,
oname:hdslay1_t11_otype:arr_i:26_j:0,33.83326,0.0,hdslay1_t11,26,0,hdslay1,arr,,,,,,
oname:hdslay1_t11_otype:arr_i:26_j:1,33.82595,0.0,hdslay1_t11,26,1,hdslay1,arr,,,,,,
oname:hdslay1_t11_otype:arr_i:26_j:10,33.50717,0.0,hdslay1_t11,26,10,hdslay1,arr,,,,,,
oname:hdslay1_t11_otype:arr_i:26_j:11,33.57313,0.0,hdslay1_t11,26,11,hdslay1,arr,,,,,,
oname:hdslay1_t11_otype:arr_i:26_j:12,33.603,0.0,hdslay1_t11,26,12,hdslay1,arr,,,,,,
oname:hdslay1_t11_otype:arr_i:26_j:13,33.62361,0.0,hdslay1_t11,26,13,hdslay1,arr,,,,,,
oname:hdslay1_t11_otype:arr_i:26_j:14,33.64076,0.0,hdslay1_t11,26,14,hdslay1,arr,,,,,,
oname:hdslay1_t11_otype:arr_i:26_j:15,33.66407,0.0,hdslay1_t11,26,15,hdslay1,arr,,,,,,
oname:hdslay1_t11_otype:arr_i:26_j:16,33.65884,0.0,hdslay1_t11,26,16,hdslay1,arr,,,,,,
oname:hdslay1_t11_otype:arr_i:26_j:17,33.658,0.0,hdslay1_t11,26,17,hdslay1,arr,,,,,,
oname:hdslay1_t11_otype:arr_i:26_j:18,33.66005,0.0,hdslay1_t11,26,18,hdslay1,arr,,,,,,
oname:hdslay1_t11_otype:arr_i:26_j:19,33.66039,0.0,hdslay1_t11,26,19,hdslay1,arr,,,,,,
oname:hdslay1_t11_otype:arr_i:26_j:2,33.8055,0.0,hdslay1_t11,26,2,hdslay1,arr,,,,,,
oname:hdslay1_t11_otype:arr_i:26_j:3,33.77485,0.0,hdslay1_t11,26,3,hdslay1,arr,,,,,,
oname:hdslay1_t11_otype:arr_i:26_j:4,33.74255,0.0,hdslay1_t11,26,4,hdslay1,arr,,,,,,
oname:hdslay1_t11_otype:arr_i:26_j:5,33.70417,0.0,hdslay1_t11,26,5,hdslay1,arr,,,,,,
oname:hdslay1_t11_otype:arr_i:26_j:6,33.67126,0.0,hdslay1_t11,26,6,hdslay1,arr,,,,,,
oname:hdslay1_t11_otype:arr_i:26_j:7,33.64352,0.0,hdslay1_t11,26,7,hdslay1,arr,,,,,,
oname:hdslay1_t11_otype:arr_i:26_j:8,33.61028,0.0,hdslay1_t11,26,8,hdslay1,arr,,,,,,
oname:hdslay1_t11_otype:arr_i:26_j:9,33.57115,0.0,hdslay1_t11,26,9,hdslay1,arr,,,,,,
oname:hdslay1_t11_otype:arr_i:27_j:0,33.80302,0.0,hdslay1_t11,27,0,hdslay1,arr,,,,,,
oname:hdslay1_t11_otype:arr_i:27_j:1,33.79392,0.0,hdslay1_t11,27,1,hdslay1,arr,,,,,,
oname:hdslay1_t11_otype:arr_i:27_j:10,33.55653,0.0,hdslay1_t11,27,10,hdslay1,arr,,,,,,
oname:hdslay1_t11_otype:arr_i:27_j:11,33.57608,0.0,hdslay1_t11,27,11,hdslay1,arr,,,,,,
oname:hdslay1_t11_otype:arr_i:27_j:12,33.59252,0.0,hdslay1_t11,27,12,hdslay1,arr,,,,,,
oname:hdslay1_t11_otype:arr_i:27_j:13,33.61184,0.0,hdslay1_t11,27,13,hdslay1,arr,,,,,,
oname:hdslay1_t11_otype:arr_i:27_j:14,33.62946,0.0,hdslay1_t11,27,14,hdslay1,arr,,,,,,
oname:hdslay1_t11_otype:arr_i:27_j:15,33.6423,0.0,hdslay1_t11,27,15,hdslay1,arr,,,,,,
oname:hdslay1_t11_otype:arr_i:27_j:16,33.64175,0.0,hdslay1_t11,27,16,hdslay1,arr,,,,,,
oname:hdslay1_t11_otype:arr_i:27_j:17,33.64247,0.0,hdslay1_t11,27,17,hdslay1,arr,,,,,,
oname:hdslay1_t11_otype:arr_i:27_j:18,33.64405,0.0,hdslay1_t11,27,18,hdslay1,arr,,,,,,
oname:hdslay1_t11_otype:arr_i:27_j:19,33.64594,0.0,hdslay1_t11,27,19,hdslay1,arr,,,,,,
oname:hdslay1_t11_otype:arr_i:27_j:2,33.77288,0.0,hdslay1_t11,27,2,hdslay1,arr,,,,,,
oname:hdslay1_t11_otype:arr_i:27_j:3,33.74526,0.0,hdslay1_t11,27,3,hdslay1,arr,,,,,,
oname:hdslay1_t11_otype:arr_i:27_j:4,33.70888,0.0,hdslay1_t11,27,4,hdslay1,arr,,,,,,
oname:hdslay1_t11_otype:arr_i:27_j:5,33.6678,0.0,hdslay1_t11,27,5,hdslay1,arr,,,,,,
oname:hdslay1_t11_otype:arr_i:27_j:6,33.63534,0.0,hdslay1_t11,27,6,hdslay1,arr,,,,,,
oname:hdslay1_t11_otype:arr_i:27_j:7,33.61173,0.0,hdslay1_t11,27,7,hdslay1,arr,,,,,,
oname:hdslay1_t11_otype:arr_i:27_j:8,33.59023,0.0,hdslay1_t11,27,8,hdslay1,arr,,,,,,
oname:hdslay1_t11_otype:arr_i:27_j:9,33.57216,0.0,hdslay1_t11,27,9,hdslay1,arr,,,,,,
oname:hdslay1_t11_otype:arr_i:28_j:0,33.77697,0.0,hdslay1_t11,28,0,hdslay1,arr,,,,,,
oname:hdslay1_t11_otype:arr_i:28_j:1,33.76633,0.0,hdslay1_t11,28,1,hdslay1,arr,,,,,,
oname:hdslay1_t11_otype:arr_i:28_j:10,33.5634,0.0,hdslay1_t11,28,10,hdslay1,arr,,,,,,
oname:hdslay1_t11_otype:arr_i:28_j:11,33.57222,0.0,hdslay1_t11,28,11,hdslay1,arr,,,,,,
oname:hdslay1_t11_otype:arr_i:28_j:12,33.58518,0.0,hdslay1_t11,28,12,hdslay1,arr,,,,,,
oname:hdslay1_t11_otype:arr_i:28_j:13,33.60224,0.0,hdslay1_t11,28,13,hdslay1,arr,,,,,,
oname:hdslay1_t11_otype:arr_i:28_j:14,33.61997,0.0,hdslay1_t11,28,14,hdslay1,arr,,,,,,
oname:hdslay1_t11_otype:arr_i:28_j:15,33.6331,0.0,hdslay1_t11,28,15,hdslay1,arr,,,,,,
oname:hdslay1_t11_otype:arr_i:28_j:16,33.63127,0.0,hdslay1_t11,28,16,hdslay1,arr,,,,,,
oname:hdslay1_t11_otype:arr_i:28_j:17,33.6309,0.0,hdslay1_t11,28,17,hdslay1,arr,,,,,,
oname:hdslay1_t11_otype:arr_i:28_j:18,33.63059,0.0,hdslay1_t11,28,18,hdslay1,arr,,,,,,
oname:hdslay1_t11_otype:arr_i:28_j:19,33.63201,0.0,hdslay1_t11,28,19,hdslay1,arr,,,,,,
oname:hdslay1_t11_otype:arr_i:28_j:2,33.74344,0.0,hdslay1_t11,28,2,hdslay1,arr,,,,,,
oname:hdslay1_t11_otype:arr_i:28_j:3,33.71132,0.0,hdslay1_t11,28,3,hdslay1,arr,,,,,,
oname:hdslay1_t11_otype:arr_i:28_j:4,33.67058,0.0,hdslay1_t11,28,4,hdslay1,arr,,,,,,
oname:hdslay1_t11_otype:arr_i:28_j:5,33.62602,0.0,hdslay1_t11,28,5,hdslay1,arr,,,,,,
oname:hdslay1_t11_otype:arr_i:28_j:6,33.58319,0.0,hdslay1_t11,28,6,hdslay1,arr,,,,,,
oname:hdslay1_t11_otype:arr_i:28_j:7,33.57555,0.0,hdslay1_t11,28,7,hdslay1,arr,,,,,,
oname:hdslay1_t11_otype:arr_i:28_j:8,33.57058,0.0,hdslay1_t11,28,8,hdslay1,arr,,,,,,
oname:hdslay1_t11_otype:arr_i:28_j:9,33.5652,0.0,hdslay1_t11,28,9,hdslay1,arr,,,,,,
oname:hdslay1_t11_otype:arr_i:29_j:0,33.74923,0.0,hdslay1_t11,29,0,hdslay1,arr,,,,,,
oname:hdslay1_t11_otype:arr_i:29_j:1,33.73733,0.0,hdslay1_t11,29,1,hdslay1,arr,,,,,,
oname:hdslay1_t11_otype:arr_i:29_j:10,33.5571,0.0,hdslay1_t11,29,10,hdslay1,arr,,,,,,
oname:hdslay1_t11_otype:arr_i:29_j:11,33.5646,0.0,hdslay1_t11,29,11,hdslay1,arr,,,,,,
oname:hdslay1_t11_otype:arr_i:29_j:12,33.57416,0.0,hdslay1_t11,29,12,hdslay1,arr,,,,,,
oname:hdslay1_t11_otype:arr_i:29_j:13,33.58824,0.0,hdslay1_t11,29,13,hdslay1,arr,,,,,,
oname:hdslay1_t11_otype:arr_i:29_j:14,33.60585,0.0,hdslay1_t11,29,14,hdslay1,arr,,,,,,
oname:hdslay1_t11_otype:arr_i:29_j:15,33.62349,0.0,hdslay1_t11,29,15,hdslay1,arr,,,,,,
oname:hdslay1_t11_otype:arr_i:29_j:16,33.6192,0.0,hdslay1_t11,29,16,hdslay1,arr,,,,,,
oname:hdslay1_t11_otype:arr_i:29_j:17,33.618,0.0,hdslay1_t11,29,17,hdslay1,arr,,,,,,
oname:hdslay1_t11_otype:arr_i:29_j:18,33.61872,0.0,hdslay1_t11,29,18,hdslay1,arr,,,,,,
oname:hdslay1_t11_otype:arr_i:29_j:19,33.61905,0.0,hdslay1_t11,29,19,hdslay1,arr,,,,,,
oname:hdslay1_t11_otype:arr_i:29_j:2,33.70939,0.0,hdslay1_t11,29,2,hdslay1,arr,,,,,,
oname:hdslay1_t11_otype:arr_i:29_j:3,33.67584,0.0,hdslay1_t11,29,3,hdslay1,arr,,,,,,
oname:hdslay1_t11_otype:arr_i:29_j:4,33.63635,0.0,hdslay1_t11,29,4,hdslay1,arr,,,,,,
oname:hdslay1_t11_otype:arr_i:29_j:5,33.57928,0.0,hdslay1_t11,29,5,hdslay1,arr,,,,,,
oname:hdslay1_t11_otype:arr_i:29_j:6,33.49947,0.0,hdslay1_t11,29,6,hdslay1,arr,,,,,,
oname:hdslay1_t11_otype:arr_i:29_j:7,33.53958,0.0,hdslay1_t11,29,7,hdslay1,arr,,,,,,
oname:hdslay1_t11_otype:arr_i:29_j:8,33.55055,0.0,hdslay1_t11,29,8,hdslay1,arr,,,,,,
oname:hdslay1_t11_otype:arr_i:29_j:9,33.55319,0.0,hdslay1_t11,29,9,hdslay1,arr,,,,,,
oname:hdslay1_t11_otype:arr_i:2_j:0,34.86837,0.0,hdslay1_t11,2,0,hdslay1,arr,,,,,,
oname:hdslay1_t11_otype:arr_i:2_j:1,34.8567,0.0,hdslay1_t11,2,1,hdslay1,arr,,,,,,
oname:hdslay1_t11_otype:arr_i:2_j:10,34.33287,0.0,hdslay1_t11,2,10,hdslay1,arr,,,,,,
oname:hdslay1_t11_otype:arr_i:2_j:11,34.29401,0.0,hdslay1_t11,2,11,hdslay1,arr,,,,,,
oname:hdslay1_t11_otype:arr_i:2_j:12,34.25788,0.0,hdslay1_t11,2,12,hdslay1,arr,,,,,,
oname:hdslay1_t11_otype:arr_i:2_j:13,34.22008,0.0,hdslay1_t11,2,13,hdslay1,arr,,,,,,
oname:hdslay1_t11_otype:arr_i:2_j:14,34.18417,0.0,hdslay1_t11,2,14,hdslay1,arr,,,,,,
oname:hdslay1_t11_otype:arr_i:2_j:15,34.15435,0.0,hdslay1_t11,2,15,hdslay1,arr,,,,,,
oname:hdslay1_t11_otype:arr_i:2_j:16,34.14366,0.0,hdslay1_t11,2,16,hdslay1,arr,,,,,,
oname:hdslay1_t11_otype:arr_i:2_j:17,34.13241,0.0,hdslay1_t11,2,17,hdslay1,arr,,,,,,
oname:hdslay1_t11_otype:arr_i:2_j:18,34.12168,0.0,hdslay1_t11,2,18,hdslay1,arr,,,,,,
oname:hdslay1_t11_otype:arr_i:2_j:19,34.11779,0.0,hdslay1_t11,2,19,hdslay1,arr,,,,,,
oname:hdslay1_t11_otype:arr_i:2_j:2,34.83851,0.0,hdslay1_t11,2,2,hdslay1,arr,,,,,,
oname:hdslay1_t11_otype:arr_i:2_j:3,34.80885,0.0,hdslay1_t11,2,3,hdslay1,arr,,,,,,
oname:hdslay1_t11_otype:arr_i:2_j:4,34.76121,0.0,hdslay1_t11,2,4,hdslay1,arr,,,,,,
oname:hdslay1_t11_otype:arr_i:2_j:5,34.69627,0.0,hdslay1_t11,2,5,hdslay1,arr,,,,,,
oname:hdslay1_t11_otype:arr_i:2_j:6,34.61382,0.0,hdslay1_t11,2,6,hdslay1,arr,,,,,,
oname:hdslay1_t11_otype:arr_i:2_j:7,34.51622,0.0,hdslay1_t11,2,7,hdslay1,arr,,,,,,
oname:hdslay1_t11_otype:arr_i:2_j:8,34.43603,0.0,hdslay1_t11,2,8,hdslay1,arr,,,,,,
oname:hdslay1_t11_otype:arr_i:2_j:9,34.37826,0.0,hdslay1_t11,2,9,hdslay1,arr,,,,,,
oname:hdslay1_t11_otype:arr_i:30_j:0,33.71996,0.0,hdslay1_t11,30,0,hdslay1,arr,,,,,,
oname:hdslay1_t11_otype:arr_i:30_j:1,33.7034,0.0,hdslay1_t11,30,1,hdslay1,arr,,,,,,
oname:hdslay1_t11_otype:arr_i:30_j:10,33.54645,0.0,hdslay1_t11,30,10,hdslay1,arr,,,,,,
oname:hdslay1_t11_otype:arr_i:30_j:11,33.55213,0.0,hdslay1_t11,30,11,hdslay1,arr,,,,,,
oname:hdslay1_t11_otype:arr_i:30_j:12,33.56065,0.0,hdslay1_t11,30,12,hdslay1,arr,,,,,,
oname:hdslay1_t11_otype:arr_i:30_j:13,33.57307,0.0,hdslay1_t11,30,13,hdslay1,arr,,,,,,
oname:hdslay1_t11_otype:arr_i:30_j:14,33.58803,0.0,hdslay1_t11,30,14,hdslay1,arr,,,,,,
oname:hdslay1_t11_otype:arr_i:30_j:15,33.60128,0.0,hdslay1_t11,30,15,hdslay1,arr,,,,,,
oname:hdslay1_t11_otype:arr_i:30_j:16,33.60243,0.0,hdslay1_t11,30,16,hdslay1,arr,,,,,,
oname:hdslay1_t11_otype:arr_i:30_j:17,33.60322,0.0,hdslay1_t11,30,17,hdslay1,arr,,,,,,
oname:hdslay1_t11_otype:arr_i:30_j:18,33.60449,0.0,hdslay1_t11,30,18,hdslay1,arr,,,,,,
oname:hdslay1_t11_otype:arr_i:30_j:19,33.60429,0.0,hdslay1_t11,30,19,hdslay1,arr,,,,,,
oname:hdslay1_t11_otype:arr_i:30_j:2,33.67697,0.0,hdslay1_t11,30,2,hdslay1,arr,,,,,,
oname:hdslay1_t11_otype:arr_i:30_j:3,33.65107,0.0,hdslay1_t11,30,3,hdslay1,arr,,,,,,
oname:hdslay1_t11_otype:arr_i:30_j:4,33.61415,0.0,hdslay1_t11,30,4,hdslay1,arr,,,,,,
oname:hdslay1_t11_otype:arr_i:30_j:5,33.56997,0.0,hdslay1_t11,30,5,hdslay1,arr,,,,,,
oname:hdslay1_t11_otype:arr_i:30_j:6,33.53378,0.0,hdslay1_t11,30,6,hdslay1,arr,,,,,,
oname:hdslay1_t11_otype:arr_i:30_j:7,33.53616,0.0,hdslay1_t11,30,7,hdslay1,arr,,,,,,
oname:hdslay1_t11_otype:arr_i:30_j:8,33.53926,0.0,hdslay1_t11,30,8,hdslay1,arr,,,,,,
oname:hdslay1_t11_otype:arr_i:30_j:9,33.54193,0.0,hdslay1_t11,30,9,hdslay1,arr,,,,,,
oname:hdslay1_t11_otype:arr_i:31_j:0,33.69937,0.0,hdslay1_t11,31,0,hdslay1,arr,,,,,,
oname:hdslay1_t11_otype:arr_i:31_j:1,33.67514,0.0,hdslay1_t11,31,1,hdslay1,arr,,,,,,
oname:hdslay1_t11_otype:arr_i:31_j:10,33.53356,0.0,hdslay1_t11,31,10,hdslay1,arr,,,,,,
oname:hdslay1_t11_otype:arr_i:31_j:11,33.53823,0.0,hdslay1_t11,31,11,hdslay1,arr,,,,,,
oname:hdslay1_t11_otype:arr_i:31_j:12,33.54405,0.0,hdslay1_t11,31,12,hdslay1,arr,,,,,,
oname:hdslay1_t11_otype:arr_i:31_j:13,33.55491,0.0,hdslay1_t11,31,13,hdslay1,arr,,,,,,
oname:hdslay1_t11_otype:arr_i:31_j:14,33.57098,0.0,hdslay1_t11,31,14,hdslay1,arr,,,,,,
oname:hdslay1_t11_otype:arr_i:31_j:15,33.58486,0.0,hdslay1_t11,31,15,hdslay1,arr,,,,,,
oname:hdslay1_t11_otype:arr_i:31_j:16,33.58807,0.0,hdslay1_t11,31,16,hdslay1,arr,,,,,,
oname:hdslay1_t11_otype:arr_i:31_j:17,33.5899,0.0,hdslay1_t11,31,17,hdslay1,arr,,,,,,
oname:hdslay1_t11_otype:arr_i:31_j:18,33.59098,0.0,hdslay1_t11,31,18,hdslay1,arr,,,,,,
oname:hdslay1_t11_otype:arr_i:31_j:19,33.59142,0.0,hdslay1_t11,31,19,hdslay1,arr,,,,,,
oname:hdslay1_t11_otype:arr_i:31_j:2,33.65356,0.0,hdslay1_t11,31,2,hdslay1,arr,,,,,,
oname:hdslay1_t11_otype:arr_i:31_j:3,33.62833,0.0,hdslay1_t11,31,3,hdslay1,arr,,,,,,
oname:hdslay1_t11_otype:arr_i:31_j:4,33.59238,0.0,hdslay1_t11,31,4,hdslay1,arr,,,,,,
oname:hdslay1_t11_otype:arr_i:31_j:5,33.55862,0.0,hdslay1_t11,31,5,hdslay1,arr,,,,,,
oname:hdslay1_t11_otype:arr_i:31_j:6,33.53732,0.0,hdslay1_t11,31,6,hdslay1,arr,,,,,,
oname:hdslay1_t11_otype:arr_i:31_j:7,33.53039,0.0,hdslay1_t11,31,7,hdslay1,arr,,,,,,
oname:hdslay1_t11_otype:arr_i:31_j:8,33.52917,0.0,hdslay1_t11,31,8,hdslay1,arr,,,,,,
oname:hdslay1_t11_otype:arr_i:31_j:9,33.52938,0.0,hdslay1_t11,31,9,hdslay1,arr,,,,,,
oname:hdslay1_t11_otype:arr_i:32_j:0,1e+30,0.0,hdslay1_t11,32,0,hdslay1,arr,,,,,,
oname:hdslay1_t11_otype:arr_i:32_j:1,33.6549,0.0,hdslay1_t11,32,1,hdslay1,arr,,,,,,
oname:hdslay1_t11_otype:arr_i:32_j:10,33.51464,0.0,hdslay1_t11,32,10,hdslay1,arr,,,,,,
oname:hdslay1_t11_otype:arr_i:32_j:11,33.51887,0.0,hdslay1_t11,32,11,hdslay1,arr,,,,,,
oname:hdslay1_t11_otype:arr_i:32_j:12,33.52445,0.0,hdslay1_t11,32,12,hdslay1,arr,,,,,,
oname:hdslay1_t11_otype:arr_i:32_j:13,33.53684,0.0,hdslay1_t11,32,13,hdslay1,arr,,,,,,
oname:hdslay1_t11_otype:arr_i:32_j:14,33.55468,0.0,hdslay1_t11,32,14,hdslay1,arr,,,,,,
oname:hdslay1_t11_otype:arr_i:32_j:15,33.57352,0.0,hdslay1_t11,32,15,hdslay1,arr,,,,,,
oname:hdslay1_t11_otype:arr_i:32_j:16,33.57699,0.0,hdslay1_t11,32,16,hdslay1,arr,,,,,,
oname:hdslay1_t11_otype:arr_i:32_j:17,33.57887,0.0,hdslay1_t11,32,17,hdslay1,arr,,,,,,
oname:hdslay1_t11_otype:arr_i:32_j:18,33.58064,0.0,hdslay1_t11,32,18,hdslay1,arr,,,,,,
oname:hdslay1_t11_otype:arr_i:32_j:19,33.58148,0.0,hdslay1_t11,32,19,hdslay1,arr,,,,,,
oname:hdslay1_t11_otype:arr_i:32_j:2,33.63342,0.0,hdslay1_t11,32,2,hdslay1,arr,,,,,,
oname:hdslay1_t11_otype:arr_i:32_j:3,33.60561,0.0,hdslay1_t11,32,3,hdslay1,arr,,,,,,
oname:hdslay1_t11_otype:arr_i:32_j:4,33.57228,0.0,hdslay1_t11,32,4,hdslay1,arr,,,,,,
oname:hdslay1_t11_otype:arr_i:32_j:5,33.54624,0.0,hdslay1_t11,32,5,hdslay1,arr,,,,,,
oname:hdslay1_t11_otype:arr_i:32_j:6,33.53025,0.0,hdslay1_t11,32,6,hdslay1,arr,,,,,,
oname:hdslay1_t11_otype:arr_i:32_j:7,33.52178,0.0,hdslay1_t11,32,7,hdslay1,arr,,,,,,
oname:hdslay1_t11_otype:arr_i:32_j:8,33.51649,0.0,hdslay1_t11,32,8,hdslay1,arr,,,,,,
oname:hdslay1_t11_otype:arr_i:32_j:9,33.51385,0.0,hdslay1_t11,32,9,hdslay1,arr,,,,,,
oname:hdslay1_t11_otype:arr_i:33_j:0,1e+30,0.0,hdslay1_t11,33,0,hdslay1,arr,,,,,,
oname:hdslay1_t11_otype:arr_i:33_j:1,1e+30,0.0,hdslay1_t11,33,1,hdslay1,arr,,,,,,
oname:hdslay1_t11_otype:arr_i:33_j:10,33.49122,0.0,hdslay1_t11,33,10,hdslay1,arr,,,,,,
oname:hdslay1_t11_otype:arr_i:33_j:11,33.48612,0.0,hdslay1_t11,33,11,hdslay1,arr,,,,,,
oname:hdslay1_t11_otype:arr_i:33_j:12,33.4866,0.0,hdslay1_t11,33,12,hdslay1,arr,,,,,,
oname:hdslay1_t11_otype:arr_i:33_j:13,33.51436,0.0,hdslay1_t11,33,13,hdslay1,arr,,,,,,
oname:hdslay1_t11_otype:arr_i:33_j:14,33.53772,0.0,hdslay1_t11,33,14,hdslay1,arr,,,,,,
oname:hdslay1_t11_otype:arr_i:33_j:15,33.5604,0.0,hdslay1_t11,33,15,hdslay1,arr,,,,,,
oname:hdslay1_t11_otype:arr_i:33_j:16,33.56565,0.0,hdslay1_t11,33,16,hdslay1,arr,,,,,,
oname:hdslay1_t11_otype:arr_i:33_j:17,33.56973,0.0,hdslay1_t11,33,17,hdslay1,arr,,,,,,
oname:hdslay1_t11_otype:arr_i:33_j:18,33.57279,0.0,hdslay1_t11,33,18,hdslay1,arr,,,,,,
oname:hdslay1_t11_otype:arr_i:33_j:19,33.57478,0.0,hdslay1_t11,33,19,hdslay1,arr,,,,,,
oname:hdslay1_t11_otype:arr_i:33_j:2,33.61314,0.0,hdslay1_t11,33,2,hdslay1,arr,,,,,,
oname:hdslay1_t11_otype:arr_i:33_j:3,33.58475,0.0,hdslay1_t11,33,3,hdslay1,arr,,,,,,
oname:hdslay1_t11_otype:arr_i:33_j:4,33.55031,0.0,hdslay1_t11,33,4,hdslay1,arr,,,,,,
oname:hdslay1_t11_otype:arr_i:33_j:5,33.52972,0.0,hdslay1_t11,33,5,hdslay1,arr,,,,,,
oname:hdslay1_t11_otype:arr_i:33_j:6,33.51577,0.0,hdslay1_t11,33,6,hdslay1,arr,,,,,,
oname:hdslay1_t11_otype:arr_i:33_j:7,33.50599,0.0,hdslay1_t11,33,7,hdslay1,arr,,,,,,
oname:hdslay1_t11_otype:arr_i:33_j:8,33.49869,0.0,hdslay1_t11,33,8,hdslay1,arr,,,,,,
oname:hdslay1_t11_otype:arr_i:33_j:9,33.49407,0.0,hdslay1_t11,33,9,hdslay1,arr,,,,,,
oname:hdslay1_t11_otype:arr_i:34_j:0,1e+30,0.0,hdslay1_t11,34,0,hdslay1,arr,,,,,,
oname:hdslay1_t11_otype:arr_i:34_j:1,1e+30,0.0,hdslay1_t11,34,1,hdslay1,arr,,,,,,
oname:hdslay1_t11_otype:arr_i:34_j:10,33.46336,0.0,hdslay1_t11,34,10,hdslay1,arr,,,,,,
oname:hdslay1_t11_otype:arr_i:34_j:11,33.44219,0.0,hdslay1_t11,34,11,hdslay1,arr,,,,,,
oname:hdslay1_t11_otype:arr_i:34_j:12,33.39009,0.0,hdslay1_t11,34,12,hdslay1,arr,,,,,,
oname:hdslay1_t11_otype:arr_i:34_j:13,33.48294,0.0,hdslay1_t11,34,13,hdslay1,arr,,,,,,
oname:hdslay1_t11_otype:arr_i:34_j:14,33.5204,0.0,hdslay1_t11,34,14,hdslay1,arr,,,,,,
oname:hdslay1_t11_otype:arr_i:34_j:15,33.54505,0.0,hdslay1_t11,34,15,hdslay1,arr,,,,,,
oname:hdslay1_t11_otype:arr_i:34_j:16,33.55159,0.0,hdslay1_t11,34,16,hdslay1,arr,,,,,,
oname:hdslay1_t11_otype:arr_i:34_j:17,33.55813,0.0,hdslay1_t11,34,17,hdslay1,arr,,,,,,
oname:hdslay1_t11_otype:arr_i:34_j:18,33.56437,0.0,hdslay1_t11,34,18,hdslay1,arr,,,,,,
oname:hdslay1_t11_otype:arr_i:34_j:19,33.57037,0.0,hdslay1_t11,34,19,hdslay1,arr,,,,,,
oname:hdslay1_t11_otype:arr_i:34_j:2,1e+30,0.0,hdslay1_t11,34,2,hdslay1,arr,,,,,,
oname:hdslay1_t11_otype:arr_i:34_j:3,33.55291,0.0,hdslay1_t11,34,3,hdslay1,arr,,,,,,
oname:hdslay1_t11_otype:arr_i:34_j:4,33.52186,0.0,hdslay1_t11,34,4,hdslay1,arr,,,,,,
oname:hdslay1_t11_otype:arr_i:34_j:5,33.50711,0.0,hdslay1_t11,34,5,hdslay1,arr,,,,,,
oname:hdslay1_t11_otype:arr_i:34_j:6,33.49249,0.0,hdslay1_t11,34,6,hdslay1,arr,,,,,,
oname:hdslay1_t11_otype:arr_i:34_j:7,33.48349,0.0,hdslay1_t11,34,7,hdslay1,arr,,,,,,
oname:hdslay1_t11_otype:arr_i:34_j:8,33.47786,0.0,hdslay1_t11,34,8,hdslay1,arr,,,,,,
oname:hdslay1_t11_otype:arr_i:34_j:9,33.47216,0.0,hdslay1_t11,34,9,hdslay1,arr,,,,,,
oname:hdslay1_t11_otype:arr_i:35_j:0,1e+30,0.0,hdslay1_t11,35,0,hdslay1,arr,,,,,,
oname:hdslay1_t11_otype:arr_i:35_j:1,1e+30,0.0,hdslay1_t11,35,1,hdslay1,arr,,,,,,
oname:hdslay1_t11_otype:arr_i:35_j:10,33.43722,0.0,hdslay1_t11,35,10,hdslay1,arr,,,,,,
oname:hdslay1_t11_otype:arr_i:35_j:11,33.43301,0.0,hdslay1_t11,35,11,hdslay1,arr,,,,,,
oname:hdslay1_t11_otype:arr_i:35_j:12,33.43445,0.0,hdslay1_t11,35,12,hdslay1,arr,,,,,,
oname:hdslay1_t11_otype:arr_i:35_j:13,33.4764,0.0,hdslay1_t11,35,13,hdslay1,arr,,,,,,
oname:hdslay1_t11_otype:arr_i:35_j:14,33.50982,0.0,hdslay1_t11,35,14,hdslay1,arr,,,,,,
oname:hdslay1_t11_otype:arr_i:35_j:15,33.53157,0.0,hdslay1_t11,35,15,hdslay1,arr,,,,,,
oname:hdslay1_t11_otype:arr_i:35_j:16,33.53739,0.0,hdslay1_t11,35,16,hdslay1,arr,,,,,,
oname:hdslay1_t11_otype:arr_i:35_j:17,33.54401,0.0,hdslay1_t11,35,17,hdslay1,arr,,,,,,
oname:hdslay1_t11_otype:arr_i:35_j:18,33.55032,0.0,hdslay1_t11,35,18,hdslay1,arr,,,,,,
oname:hdslay1_t11_otype:arr_i:35_j:19,1e+30,0.0,hdslay1_t11,35,19,hdslay1,arr,,,,,,
oname:hdslay1_t11_otype:arr_i:35_j:2,1e+30,0.0,hdslay1_t11,35,2,hdslay1,arr,,,,,,
oname:hdslay1_t11_otype:arr_i:35_j:3,1e+30,0.0,hdslay1_t11,35,3,hdslay1,arr,,,,,,
oname:hdslay1_t11_otype:arr_i:35_j:4,33.492,0.0,hdslay1_t11,35,4,hdslay1,arr,,,,,,
oname:hdslay1_t11_otype:arr_i:35_j:5,33.47886,0.0,hdslay1_t11,35,5,hdslay1,arr,,,,,,
oname:hdslay1_t11_otype:arr_i:35_j:6,33.4638,0.0,hdslay1_t11,35,6,hdslay1,arr,,,,,,
oname:hdslay1_t11_otype:arr_i:35_j:7,33.45459,0.0,hdslay1_t11,35,7,hdslay1,arr,,,,,,
oname:hdslay1_t11_otype:arr_i:35_j:8,33.45086,0.0,hdslay1_t11,35,8,hdslay1,arr,,,,,,
oname:hdslay1_t11_otype:arr_i:35_j:9,33.44569,0.0,hdslay1_t11,35,9,hdslay1,arr,,,,,,
oname:hdslay1_t11_otype:arr_i:36_j:0,1e+30,0.0,hdslay1_t11,36,0,hdslay1,arr,,,,,,
oname:hdslay1_t11_otype:arr_i:36_j:1,1e+30,0.0,hdslay1_t11,36,1,hdslay1,arr,,,,,,
oname:hdslay1_t11_otype:arr_i:36_j:10,33.41253,0.0,hdslay1_t11,36,10,hdslay1,arr,,,,,,
oname:hdslay1_t11_otype:arr_i:36_j:11,33.41889,0.0,hdslay1_t11,36,11,hdslay1,arr,,,,,,
oname:hdslay1_t11_otype:arr_i:36_j:12,33.43321,0.0,hdslay1_t11,36,12,hdslay1,arr,,,,,,
oname:hdslay1_t11_otype:arr_i:36_j:13,33.46553,0.0,hdslay1_t11,36,13,hdslay1,arr,,,,,,
oname:hdslay1_t11_otype:arr_i:36_j:14,33.49658,0.0,hdslay1_t11,36,14,hdslay1,arr,,,,,,
oname:hdslay1_t11_otype:arr_i:36_j:15,33.51945,0.0,hdslay1_t11,36,15,hdslay1,arr,,,,,,
oname:hdslay1_t11_otype:arr_i:36_j:16,33.52516,0.0,hdslay1_t11,36,16,hdslay1,arr,,,,,,
oname:hdslay1_t11_otype:arr_i:36_j:17,33.53238,0.0,hdslay1_t11,36,17,hdslay1,arr,,,,,,
oname:hdslay1_t11_otype:arr_i:36_j:18,33.54069,0.0,hdslay1_t11,36,18,hdslay1,arr,,,,,,
oname:hdslay1_t11_otype:arr_i:36_j:19,1e+30,0.0,hdslay1_t11,36,19,hdslay1,arr,,,,,,
oname:hdslay1_t11_otype:arr_i:36_j:2,1e+30,0.0,hdslay1_t11,36,2,hdslay1,arr,,,,,,
oname:hdslay1_t11_otype:arr_i:36_j:3,1e+30,0.0,hdslay1_t11,36,3,hdslay1,arr,,,,,,
oname:hdslay1_t11_otype:arr_i:36_j:4,33.47304,0.0,hdslay1_t11,36,4,hdslay1,arr,,,,,,
oname:hdslay1_t11_otype:arr_i:36_j:5,33.44713,0.0,hdslay1_t11,36,5,hdslay1,arr,,,,,,
oname:hdslay1_t11_otype:arr_i:36_j:6,33.43172,0.0,hdslay1_t11,36,6,hdslay1,arr,,,,,,
oname:hdslay1_t11_otype:arr_i:36_j:7,33.42303,0.0,hdslay1_t11,36,7,hdslay1,arr,,,,,,
oname:hdslay1_t11_otype:arr_i:36_j:8,33.41851,0.0,hdslay1_t11,36,8,hdslay1,arr,,,,,,
oname:hdslay1_t11_otype:arr_i:36_j:9,33.4167,0.0,hdslay1_t11,36,9,hdslay1,arr,,,,,,
oname:hdslay1_t11_otype:arr_i:37_j:0,1e+30,0.0,hdslay1_t11,37,0,hdslay1,arr,,,,,,
oname:hdslay1_t11_otype:arr_i:37_j:1,1e+30,0.0,hdslay1_t11,37,1,hdslay1,arr,,,,,,
oname:hdslay1_t11_otype:arr_i:37_j:10,33.385,0.0,hdslay1_t11,37,10,hdslay1,arr,,,,,,
oname:hdslay1_t11_otype:arr_i:37_j:11,33.3921,0.0,hdslay1_t11,37,11,hdslay1,arr,,,,,,
oname:hdslay1_t11_otype:arr_i:37_j:12,33.41329,0.0,hdslay1_t11,37,12,hdslay1,arr,,,,,,
oname:hdslay1_t11_otype:arr_i:37_j:13,33.44613,0.0,hdslay1_t11,37,13,hdslay1,arr,,,,,,
oname:hdslay1_t11_otype:arr_i:37_j:14,33.47988,0.0,hdslay1_t11,37,14,hdslay1,arr,,,,,,
oname:hdslay1_t11_otype:arr_i:37_j:15,33.50725,0.0,hdslay1_t11,37,15,hdslay1,arr,,,,,,
oname:hdslay1_t11_otype:arr_i:37_j:16,33.5153,0.0,hdslay1_t11,37,16,hdslay1,arr,,,,,,
oname:hdslay1_t11_otype:arr_i:37_j:17,33.52278,0.0,hdslay1_t11,37,17,hdslay1,arr,,,,,,
oname:hdslay1_t11_otype:arr_i:37_j:18,1e+30,0.0,hdslay1_t11,37,18,hdslay1,arr,,,,,,
oname:hdslay1_t11_otype:arr_i:37_j:19,1e+30,0.0,hdslay1_t11,37,19,hdslay1,arr,,,,,,
oname:hdslay1_t11_otype:arr_i:37_j:2,1e+30,0.0,hdslay1_t11,37,2,hdslay1,arr,,,,,,
oname:hdslay1_t11_otype:arr_i:37_j:3,1e+30,0.0,hdslay1_t11,37,3,hdslay1,arr,,,,,,
oname:hdslay1_t11_otype:arr_i:37_j:4,1e+30,0.0,hdslay1_t11,37,4,hdslay1,arr,,,,,,
oname:hdslay1_t11_otype:arr_i:37_j:5,33.39651,0.0,hdslay1_t11,37,5,hdslay1,arr,,,,,,
oname:hdslay1_t11_otype:arr_i:37_j:6,33.39518,0.0,hdslay1_t11,37,6,hdslay1,arr,,,,,,
oname:hdslay1_t11_otype:arr_i:37_j:7,33.39146,0.0,hdslay1_t11,37,7,hdslay1,arr,,,,,,
oname:hdslay1_t11_otype:arr_i:37_j:8,33.38651,0.0,hdslay1_t11,37,8,hdslay1,arr,,,,,,
oname:hdslay1_t11_otype:arr_i:37_j:9,33.38561,0.0,hdslay1_t11,37,9,hdslay1,arr,,,,,,
oname:hdslay1_t11_otype:arr_i:38_j:0,1e+30,0.0,hdslay1_t11,38,0,hdslay1,arr,,,,,,
oname:hdslay1_t11_otype:arr_i:38_j:1,1e+30,0.0,hdslay1_t11,38,1,hdslay1,arr,,,,,,
oname:hdslay1_t11_otype:arr_i:38_j:10,33.33908,0.0,hdslay1_t11,38,10,hdslay1,arr,,,,,,
oname:hdslay1_t11_otype:arr_i:38_j:11,33.34328,0.0,hdslay1_t11,38,11,hdslay1,arr,,,,,,
oname:hdslay1_t11_otype:arr_i:38_j:12,33.37042,0.0,hdslay1_t11,38,12,hdslay1,arr,,,,,,
oname:hdslay1_t11_otype:arr_i:38_j:13,33.41048,0.0,hdslay1_t11,38,13,hdslay1,arr,,,,,,
oname:hdslay1_t11_otype:arr_i:38_j:14,33.45627,0.0,hdslay1_t11,38,14,hdslay1,arr,,,,,,
oname:hdslay1_t11_otype:arr_i:38_j:15,33.50131,0.0,hdslay1_t11,38,15,hdslay1,arr,,,,,,
oname:hdslay1_t11_otype:arr_i:38_j:16,33.50949,0.0,hdslay1_t11,38,16,hdslay1,arr,,,,,,
oname:hdslay1_t11_otype:arr_i:38_j:17,1e+30,0.0,hdslay1_t11,38,17,hdslay1,arr,,,,,,
oname:hdslay1_t11_otype:arr_i:38_j:18,1e+30,0.0,hdslay1_t11,38,18,hdslay1,arr,,,,,,
oname:hdslay1_t11_otype:arr_i:38_j:19,1e+30,0.0,hdslay1_t11,38,19,hdslay1,arr,,,,,,
oname:hdslay1_t11_otype:arr_i:38_j:2,1e+30,0.0,hdslay1_t11,38,2,hdslay1,arr,,,,,,
oname:hdslay1_t11_otype:arr_i:38_j:3,1e+30,0.0,hdslay1_t11,38,3,hdslay1,arr,,,,,,
oname:hdslay1_t11_otype:arr_i:38_j:4,1e+30,0.0,hdslay1_t11,38,4,hdslay1,arr,,,,,,
oname:hdslay1_t11_otype:arr_i:38_j:5,33.35037,0.0,hdslay1_t11,38,5,hdslay1,arr,,,,,,
oname:hdslay1_t11_otype:arr_i:38_j:6,33.35211,0.0,hdslay1_t11,38,6,hdslay1,arr,,,,,,
oname:hdslay1_t11_otype:arr_i:38_j:7,33.34674,0.0,hdslay1_t11,38,7,hdslay1,arr,,,,,,
oname:hdslay1_t11_otype:arr_i:38_j:8,33.34531,0.0,hdslay1_t11,38,8,hdslay1,arr,,,,,,
oname:hdslay1_t11_otype:arr_i:38_j:9,33.34263,0.0,hdslay1_t11,38,9,hdslay1,arr,,,,,,
oname:hdslay1_t11_otype:arr_i:39_j:0,1e+30,0.0,hdslay1_t11,39,0,hdslay1,arr,,,,,,
oname:hdslay1_t11_otype:arr_i:39_j:1,1e+30,0.0,hdslay1_t11,39,1,hdslay1,arr,,,,,,
oname:hdslay1_t11_otype:arr_i:39_j:10,33.25912,0.0,hdslay1_t11,39,10,hdslay1,arr,,,,,,
oname:hdslay1_t11_otype:arr_i:39_j:11,33.27555,0.0,hdslay1_t11,39,11,hdslay1,arr,,,,,,
oname:hdslay1_t11_otype:arr_i:39_j:12,33.3057,0.0,hdslay1_t11,39,12,hdslay1,arr,,,,,,
oname:hdslay1_t11_otype:arr_i:39_j:13,33.35201,0.0,hdslay1_t11,39,13,hdslay1,arr,,,,,,
oname:hdslay1_t11_otype:arr_i:39_j:14,33.40799,0.0,hdslay1_t11,39,14,hdslay1,arr,,,,,,
oname:hdslay1_t11_otype:arr_i:39_j:15,33.48297,0.0,hdslay1_t11,39,15,hdslay1,arr,,,,,,
oname:hdslay1_t11_otype:arr_i:39_j:16,1e+30,0.0,hdslay1_t11,39,16,hdslay1,arr,,,,,,
oname:hdslay1_t11_otype:arr_i:39_j:17,1e+30,0.0,hdslay1_t11,39,17,hdslay1,arr,,,,,,
oname:hdslay1_t11_otype:arr_i:39_j:18,1e+30,0.0,hdslay1_t11,39,18,hdslay1,arr,,,,,,
oname:hdslay1_t11_otype:arr_i:39_j:19,1e+30,0.0,hdslay1_t11,39,19,hdslay1,arr,,,,,,
oname:hdslay1_t11_otype:arr_i:39_j:2,1e+30,0.0,hdslay1_t11,39,2,hdslay1,arr,,,,,,
oname:hdslay1_t11_otype:arr_i:39_j:3,1e+30,0.0,hdslay1_t11,39,3,hdslay1,arr,,,,,,
oname:hdslay1_t11_otype:arr_i:39_j:4,1e+30,0.0,hdslay1_t11,39,4,hdslay1,arr,,,,,,
oname:hdslay1_t11_otype:arr_i:39_j:5,33.29283,0.0,hdslay1_t11,39,5,hdslay1,arr,,,,,,
oname:hdslay1_t11_otype:arr_i:39_j:6,33.28949,0.0,hdslay1_t11,39,6,hdslay1,arr,,,,,,
oname:hdslay1_t11_otype:arr_i:39_j:7,33.28886,0.0,hdslay1_t11,39,7,hdslay1,arr,,,,,,
oname:hdslay1_t11_otype:arr_i:39_j:8,33.28424,0.0,hdslay1_t11,39,8,hdslay1,arr,,,,,,
oname:hdslay1_t11_otype:arr_i:39_j:9,33.27394,0.0,hdslay1_t11,39,9,hdslay1,arr,,,,,,
oname:hdslay1_t11_otype:arr_i:3_j:0,34.86168,0.0,hdslay1_t11,3,0,hdslay1,arr,,,,,,
oname:hdslay1_t11_otype:arr_i:3_j:1,34.85177,0.0,hdslay1_t11,3,1,hdslay1,arr,,,,,,
oname:hdslay1_t11_otype:arr_i:3_j:10,34.32582,0.0,hdslay1_t11,3,10,hdslay1,arr,,,,,,
oname:hdslay1_t11_otype:arr_i:3_j:11,34.28656,0.0,hdslay1_t11,3,11,hdslay1,arr,,,,,,
oname:hdslay1_t11_otype:arr_i:3_j:12,34.24744,0.0,hdslay1_t11,3,12,hdslay1,arr,,,,,,
oname:hdslay1_t11_otype:arr_i:3_j:13,34.20397,0.0,hdslay1_t11,3,13,hdslay1,arr,,,,,,
oname:hdslay1_t11_otype:arr_i:3_j:14,34.16804,0.0,hdslay1_t11,3,14,hdslay1,arr,,,,,,
oname:hdslay1_t11_otype:arr_i:3_j:15,34.13715,0.0,hdslay1_t11,3,15,hdslay1,arr,,,,,,
oname:hdslay1_t11_otype:arr_i:3_j:16,34.12431,0.0,hdslay1_t11,3,16,hdslay1,arr,,,,,,
oname:hdslay1_t11_otype:arr_i:3_j:17,34.11138,0.0,hdslay1_t11,3,17,hdslay1,arr,,,,,,
oname:hdslay1_t11_otype:arr_i:3_j:18,34.10086,0.0,hdslay1_t11,3,18,hdslay1,arr,,,,,,
oname:hdslay1_t11_otype:arr_i:3_j:19,34.09682,0.0,hdslay1_t11,3,19,hdslay1,arr,,,,,,
oname:hdslay1_t11_otype:arr_i:3_j:2,34.83785,0.0,hdslay1_t11,3,2,hdslay1,arr,,,,,,
oname:hdslay1_t11_otype:arr_i:3_j:3,34.81047,0.0,hdslay1_t11,3,3,hdslay1,arr,,,,,,
oname:hdslay1_t11_otype:arr_i:3_j:4,34.76762,0.0,hdslay1_t11,3,4,hdslay1,arr,,,,,,
oname:hdslay1_t11_otype:arr_i:3_j:5,34.70304,0.0,hdslay1_t11,3,5,hdslay1,arr,,,,,,
oname:hdslay1_t11_otype:arr_i:3_j:6,34.61578,0.0,hdslay1_t11,3,6,hdslay1,arr,,,,,,
oname:hdslay1_t11_otype:arr_i:3_j:7,34.52277,0.0,hdslay1_t11,3,7,hdslay1,arr,,,,,,
oname:hdslay1_t11_otype:arr_i:3_j:8,34.44103,0.0,hdslay1_t11,3,8,hdslay1,arr,,,,,,
oname:hdslay1_t11_otype:arr_i:3_j:9,34.37677,0.0,hdslay1_t11,3,9,hdslay1,arr,,,,,,
oname:hdslay1_t11_otype:arr_i:4_j:0,34.84945,0.0,hdslay1_t11,4,0,hdslay1,arr,,,,,,
oname:hdslay1_t11_otype:arr_i:4_j:1,34.84311,0.0,hdslay1_t11,4,1,hdslay1,arr,,,,,,
oname:hdslay1_t11_otype:arr_i:4_j:10,34.31705,0.0,hdslay1_t11,4,10,hdslay1,arr,,,,,,
oname:hdslay1_t11_otype:arr_i:4_j:11,34.27494,0.0,hdslay1_t11,4,11,hdslay1,arr,,,,,,
oname:hdslay1_t11_otype:arr_i:4_j:12,34.22662,0.0,hdslay1_t11,4,12,hdslay1,arr,,,,,,
oname:hdslay1_t11_otype:arr_i:4_j:13,34.18155,0.0,hdslay1_t11,4,13,hdslay1,arr,,,,,,
oname:hdslay1_t11_otype:arr_i:4_j:14,34.14503,0.0,hdslay1_t11,4,14,hdslay1,arr,,,,,,
oname:hdslay1_t11_otype:arr_i:4_j:15,34.11431,0.0,hdslay1_t11,4,15,hdslay1,arr,,,,,,
oname:hdslay1_t11_otype:arr_i:4_j:16,34.09749,0.0,hdslay1_t11,4,16,hdslay1,arr,,,,,,
oname:hdslay1_t11_otype:arr_i:4_j:17,34.08544,0.0,hdslay1_t11,4,17,hdslay1,arr,,,,,,
oname:hdslay1_t11_otype:arr_i:4_j:18,34.07922,0.0,hdslay1_t11,4,18,hdslay1,arr,,,,,,
oname:hdslay1_t11_otype:arr_i:4_j:19,34.07732,0.0,hdslay1_t11,4,19,hdslay1,arr,,,,,,
oname:hdslay1_t11_otype:arr_i:4_j:2,34.8323,0.0,hdslay1_t11,4,2,hdslay1,arr,,,,,,
oname:hdslay1_t11_otype:arr_i:4_j:3,34.80922,0.0,hdslay1_t11,4,3,hdslay1,arr,,,,,,
oname:hdslay1_t11_otype:arr_i:4_j:4,34.76929,0.0,hdslay1_t11,4,4,hdslay1,arr,,,,,,
oname:hdslay1_t11_otype:arr_i:4_j:5,34.7145,0.0,hdslay1_t11,4,5,hdslay1,arr,,,,,,
oname:hdslay1_t11_otype:arr_i:4_j:6,34.63384,0.0,hdslay1_t11,4,6,hdslay1,arr,,,,,,
oname:hdslay1_t11_otype:arr_i:4_j:7,34.53598,0.0,hdslay1_t11,4,7,hdslay1,arr,,,,,,
oname:hdslay1_t11_otype:arr_i:4_j:8,34.44389,0.0,hdslay1_t11,4,8,hdslay1,arr,,,,,,
oname:hdslay1_t11_otype:arr_i:4_j:9,34.37221,0.0,hdslay1_t11,4,9,hdslay1,arr,,,,,,
oname:hdslay1_t11_otype:arr_i:5_j:0,34.84029,0.0,hdslay1_t11,5,0,hdslay1,arr,,,,,,
oname:hdslay1_t11_otype:arr_i:5_j:1,34.83623,0.0,hdslay1_t11,5,1,hdslay1,arr,,,,,,
oname:hdslay1_t11_otype:arr_i:5_j:10,34.30137,0.0,hdslay1_t11,5,10,hdslay1,arr,,,,,,
oname:hdslay1_t11_otype:arr_i:5_j:11,34.25353,0.0,hdslay1_t11,5,11,hdslay1,arr,,,,,,
oname:hdslay1_t11_otype:arr_i:5_j:12,34.20188,0.0,hdslay1_t11,5,12,hdslay1,arr,,,,,,
oname:hdslay1_t11_otype:arr_i:5_j:13,34.15377,0.0,hdslay1_t11,5,13,hdslay1,arr,,,,,,
oname:hdslay1_t11_otype:arr_i:5_j:14,34.11277,0.0,hdslay1_t11,5,14,hdslay1,arr,,,,,,
oname:hdslay1_t11_otype:arr_i:5_j:15,34.0829,0.0,hdslay1_t11,5,15,hdslay1,arr,,,,,,
oname:hdslay1_t11_otype:arr_i:5_j:16,34.06779,0.0,hdslay1_t11,5,16,hdslay1,arr,,,,,,
oname:hdslay1_t11_otype:arr_i:5_j:17,34.0566,0.0,hdslay1_t11,5,17,hdslay1,arr,,,,,,
oname:hdslay1_t11_otype:arr_i:5_j:18,34.05377,0.0,hdslay1_t11,5,18,hdslay1,arr,,,,,,
oname:hdslay1_t11_otype:arr_i:5_j:19,34.05443,0.0,hdslay1_t11,5,19,hdslay1,arr,,,,,,
oname:hdslay1_t11_otype:arr_i:5_j:2,34.82683,0.0,hdslay1_t11,5,2,hdslay1,arr,,,,,,
oname:hdslay1_t11_otype:arr_i:5_j:3,34.80708,0.0,hdslay1_t11,5,3,hdslay1,arr,,,,,,
oname:hdslay1_t11_otype:arr_i:5_j:4,34.77135,0.0,hdslay1_t11,5,4,hdslay1,arr,,,,,,
oname:hdslay1_t11_otype:arr_i:5_j:5,34.71454,0.0,hdslay1_t11,5,5,hdslay1,arr,,,,,,
oname:hdslay1_t11_otype:arr_i:5_j:6,34.63449,0.0,hdslay1_t11,5,6,hdslay1,arr,,,,,,
oname:hdslay1_t11_otype:arr_i:5_j:7,34.54724,0.0,hdslay1_t11,5,7,hdslay1,arr,,,,,,
oname:hdslay1_t11_otype:arr_i:5_j:8,34.45328,0.0,hdslay1_t11,5,8,hdslay1,arr,,,,,,
oname:hdslay1_t11_otype:arr_i:5_j:9,34.36255,0.0,hdslay1_t11,5,9,hdslay1,arr,,,,,,
oname:hdslay1_t11_otype:arr_i:6_j:0,34.83439,0.0,hdslay1_t11,6,0,hdslay1,arr,,,,,,
oname:hdslay1_t11_otype:arr_i:6_j:1,34.83086,0.0,hdslay1_t11,6,1,hdslay1,arr,,,,,,
oname:hdslay1_t11_otype:arr_i:6_j:10,34.27902,0.0,hdslay1_t11,6,10,hdslay1,arr,,,,,,
oname:hdslay1_t11_otype:arr_i:6_j:11,34.22304,0.0,hdslay1_t11,6,11,hdslay1,arr,,,,,,
oname:hdslay1_t11_otype:arr_i:6_j:12,34.16209,0.0,hdslay1_t11,6,12,hdslay1,arr,,,,,,
oname:hdslay1_t11_otype:arr_i:6_j:13,34.10688,0.0,hdslay1_t11,6,13,hdslay1,arr,,,,,,
oname:hdslay1_t11_otype:arr_i:6_j:14,34.06763,0.0,hdslay1_t11,6,14,hdslay1,arr,,,,,,
oname:hdslay1_t11_otype:arr_i:6_j:15,34.04059,0.0,hdslay1_t11,6,15,hdslay1,arr,,,,,,
oname:hdslay1_t11_otype:arr_i:6_j:16,34.03019,0.0,hdslay1_t11,6,16,hdslay1,arr,,,,,,
oname:hdslay1_t11_otype:arr_i:6_j:17,34.02134,0.0,hdslay1_t11,6,17,hdslay1,arr,,,,,,
oname:hdslay1_t11_otype:arr_i:6_j:18,34.01832,0.0,hdslay1_t11,6,18,hdslay1,arr,,,,,,
oname:hdslay1_t11_otype:arr_i:6_j:19,34.01582,0.0,hdslay1_t11,6,19,hdslay1,arr,,,,,,
oname:hdslay1_t11_otype:arr_i:6_j:2,34.82297,0.0,hdslay1_t11,6,2,hdslay1,arr,,,,,,
oname:hdslay1_t11_otype:arr_i:6_j:3,34.80827,0.0,hdslay1_t11,6,3,hdslay1,arr,,,,,,
oname:hdslay1_t11_otype:arr_i:6_j:4,34.77532,0.0,hdslay1_t11,6,4,hdslay1,arr,,,,,,
oname:hdslay1_t11_otype:arr_i:6_j:5,34.70981,0.0,hdslay1_t11,6,5,hdslay1,arr,,,,,,
oname:hdslay1_t11_otype:arr_i:6_j:6,34.62415,0.0,hdslay1_t11,6,6,hdslay1,arr,,,,,,
oname:hdslay1_t11_otype:arr_i:6_j:7,34.53799,0.0,hdslay1_t11,6,7,hdslay1,arr,,,,,,
oname:hdslay1_t11_otype:arr_i:6_j:8,34.4458,0.0,hdslay1_t11,6,8,hdslay1,arr,,,,,,
oname:hdslay1_t11_otype:arr_i:6_j:9,34.34867,0.0,hdslay1_t11,6,9,hdslay1,arr,,,,,,
oname:hdslay1_t11_otype:arr_i:7_j:0,34.83025,0.0,hdslay1_t11,7,0,hdslay1,arr,,,,,,
oname:hdslay1_t11_otype:arr_i:7_j:1,34.82747,0.0,hdslay1_t11,7,1,hdslay1,arr,,,,,,
oname:hdslay1_t11_otype:arr_i:7_j:10,34.23367,0.0,hdslay1_t11,7,10,hdslay1,arr,,,,,,
oname:hdslay1_t11_otype:arr_i:7_j:11,34.17302,0.0,hdslay1_t11,7,11,hdslay1,arr,,,,,,
oname:hdslay1_t11_otype:arr_i:7_j:12,34.10125,0.0,hdslay1_t11,7,12,hdslay1,arr,,,,,,
oname:hdslay1_t11_otype:arr_i:7_j:13,34.04377,0.0,hdslay1_t11,7,13,hdslay1,arr,,,,,,
oname:hdslay1_t11_otype:arr_i:7_j:14,34.00828,0.0,hdslay1_t11,7,14,hdslay1,arr,,,,,,
oname:hdslay1_t11_otype:arr_i:7_j:15,33.98491,0.0,hdslay1_t11,7,15,hdslay1,arr,,,,,,
oname:hdslay1_t11_otype:arr_i:7_j:16,33.96859,0.0,hdslay1_t11,7,16,hdslay1,arr,,,,,,
oname:hdslay1_t11_otype:arr_i:7_j:17,33.97248,0.0,hdslay1_t11,7,17,hdslay1,arr,,,,,,
oname:hdslay1_t11_otype:arr_i:7_j:18,33.97054,0.0,hdslay1_t11,7,18,hdslay1,arr,,,,,,
oname:hdslay1_t11_otype:arr_i:7_j:19,33.96801,0.0,hdslay1_t11,7,19,hdslay1,arr,,,,,,
oname:hdslay1_t11_otype:arr_i:7_j:2,34.8215,0.0,hdslay1_t11,7,2,hdslay1,arr,,,,,,
oname:hdslay1_t11_otype:arr_i:7_j:3,34.81038,0.0,hdslay1_t11,7,3,hdslay1,arr,,,,,,
oname:hdslay1_t11_otype:arr_i:7_j:4,34.77371,0.0,hdslay1_t11,7,4,hdslay1,arr,,,,,,
oname:hdslay1_t11_otype:arr_i:7_j:5,34.70557,0.0,hdslay1_t11,7,5,hdslay1,arr,,,,,,
oname:hdslay1_t11_otype:arr_i:7_j:6,34.62638,0.0,hdslay1_t11,7,6,hdslay1,arr,,,,,,
oname:hdslay1_t11_otype:arr_i:7_j:7,34.52085,0.0,hdslay1_t11,7,7,hdslay1,arr,,,,,,
oname:hdslay1_t11_otype:arr_i:7_j:8,34.40379,0.0,hdslay1_t11,7,8,hdslay1,arr,,,,,,
oname:hdslay1_t11_otype:arr_i:7_j:9,34.30006,0.0,hdslay1_t11,7,9,hdslay1,arr,,,,,,
oname:hdslay1_t11_otype:arr_i:8_j:0,34.82662,0.0,hdslay1_t11,8,0,hdslay1,arr,,,,,,
oname:hdslay1_t11_otype:arr_i:8_j:1,34.8251,0.0,hdslay1_t11,8,1,hdslay1,arr,,,,,,
oname:hdslay1_t11_otype:arr_i:8_j:10,34.16364,0.0,hdslay1_t11,8,10,hdslay1,arr,,,,,,
oname:hdslay1_t11_otype:arr_i:8_j:11,34.09569,0.0,hdslay1_t11,8,11,hdslay1,arr,,,,,,
oname:hdslay1_t11_otype:arr_i:8_j:12,34.01889,0.0,hdslay1_t11,8,12,hdslay1,arr,,,,,,
oname:hdslay1_t11_otype:arr_i:8_j:13,33.97117,0.0,hdslay1_t11,8,13,hdslay1,arr,,,,,,
oname:hdslay1_t11_otype:arr_i:8_j:14,33.94026,0.0,hdslay1_t11,8,14,hdslay1,arr,,,,,,
oname:hdslay1_t11_otype:arr_i:8_j:15,33.91886,0.0,hdslay1_t11,8,15,hdslay1,arr,,,,,,
oname:hdslay1_t11_otype:arr_i:8_j:16,33.89012,0.0,hdslay1_t11,8,16,hdslay1,arr,,,,,,
oname:hdslay1_t11_otype:arr_i:8_j:17,33.90686,0.0,hdslay1_t11,8,17,hdslay1,arr,,,,,,
oname:hdslay1_t11_otype:arr_i:8_j:18,33.92107,0.0,hdslay1_t11,8,18,hdslay1,arr,,,,,,
oname:hdslay1_t11_otype:arr_i:8_j:19,33.92474,0.0,hdslay1_t11,8,19,hdslay1,arr,,,,,,
oname:hdslay1_t11_otype:arr_i:8_j:2,34.82278,0.0,hdslay1_t11,8,2,hdslay1,arr,,,,,,
oname:hdslay1_t11_otype:arr_i:8_j:3,34.81857,0.0,hdslay1_t11,8,3,hdslay1,arr,,,,,,
oname:hdslay1_t11_otype:arr_i:8_j:4,1e+30,0.0,hdslay1_t11,8,4,hdslay1,arr,,,,,,
oname:hdslay1_t11_otype:arr_i:8_j:5,1e+30,0.0,hdslay1_t11,8,5,hdslay1,arr,,,,,,
oname:hdslay1_t11_otype:arr_i:8_j:6,1e+30,0.0,hdslay1_t11,8,6,hdslay1,arr,,,,,,
oname:hdslay1_t11_otype:arr_i:8_j:7,34.43496,0.0,hdslay1_t11,8,7,hdslay1,arr,,,,,,
oname:hdslay1_t11_otype:arr_i:8_j:8,34.31117,0.0,hdslay1_t11,8,8,hdslay1,arr,,,,,,
oname:hdslay1_t11_otype:arr_i:8_j:9,34.22644,0.0,hdslay1_t11,8,9,hdslay1,arr,,,,,,
oname:hdslay1_t11_otype:arr_i:9_j:0,34.82128,0.0,hdslay1_t11,9,0,hdslay1,arr,,,,,,
oname:hdslay1_t11_otype:arr_i:9_j:1,34.81966,0.0,hdslay1_t11,9,1,hdslay1,arr,,,,,,
oname:hdslay1_t11_otype:arr_i:9_j:10,34.0795,0.0,hdslay1_t11,9,10,hdslay1,arr,,,,,,
oname:hdslay1_t11_otype:arr_i:9_j:11,34.01045,0.0,hdslay1_t11,9,11,hdslay1,arr,,,,,,
oname:hdslay1_t11_otype:arr_i:9_j:12,33.94476,0.0,hdslay1_t11,9,12,hdslay1,arr,,,,,,
oname:hdslay1_t11_otype:arr_i:9_j:13,33.90743,0.0,hdslay1_t11,9,13,hdslay1,arr,,,,,,
oname:hdslay1_t11_otype:arr_i:9_j:14,33.88627,0.0,hdslay1_t11,9,14,hdslay1,arr,,,,,,
oname:hdslay1_t11_otype:arr_i:9_j:15,33.86647,0.0,hdslay1_t11,9,15,hdslay1,arr,,,,,,
oname:hdslay1_t11_otype:arr_i:9_j:16,33.77599,0.0,hdslay1_t11,9,16,hdslay1,arr,,,,,,
oname:hdslay1_t11_otype:arr_i:9_j:17,33.85368,0.0,hdslay1_t11,9,17,hdslay1,arr,,,,,,
oname:hdslay1_t11_otype:arr_i:9_j:18,33.88157,0.0,hdslay1_t11,9,18,hdslay1,arr,,,,,,
oname:hdslay1_t11_otype:arr_i:9_j:19,33.89195,0.0,hdslay1_t11,9,19,hdslay1,arr,,,,,,
oname:hdslay1_t11_otype:arr_i:9_j:2,34.81946,0.0,hdslay1_t11,9,2,hdslay1,arr,,,,,,
oname:hdslay1_t11_otype:arr_i:9_j:3,34.8173,0.0,hdslay1_t11,9,3,hdslay1,arr,,,,,,
oname:hdslay1_t11_otype:arr_i:9_j:4,1e+30,0.0,hdslay1_t11,9,4,hdslay1,arr,,,,,,
oname:hdslay1_t11_otype:arr_i:9_j:5,1e+30,0.0,hdslay1_t11,9,5,hdslay1,arr,,,,,,
oname:hdslay1_t11_otype:arr_i:9_j:6,1e+30,0.0,hdslay1_t11,9,6,hdslay1,arr,,,,,,
oname:hdslay1_t11_otype:arr_i:9_j:7,1e+30,0.0,hdslay1_t11,9,7,hdslay1,arr,,,,,,
oname:hdslay1_t11_otype:arr_i:9_j:8,34.16463,0.0,hdslay1_t11,9,8,hdslay1,arr,,,,,,
oname:hdslay1_t11_otype:arr_i:9_j:9,34.12476,0.0,hdslay1_t11,9,9,hdslay1,arr,,,,,,
oname:hdslay1_t12_otype:arr_i:0_j:0,34.77851,0.0,hdslay1_t12,0,0,hdslay1,arr,,,,,,
oname:hdslay1_t12_otype:arr_i:0_j:1,34.76849,0.0,hdslay1_t12,0,1,hdslay1,arr,,,,,,
oname:hdslay1_t12_otype:arr_i:0_j:10,34.2901,0.0,hdslay1_t12,0,10,hdslay1,arr,,,,,,
oname:hdslay1_t12_otype:arr_i:0_j:11,34.25245,0.0,hdslay1_t12,0,11,hdslay1,arr,,,,,,
oname:hdslay1_t12_otype:arr_i:0_j:12,34.22327,0.0,hdslay1_t12,0,12,hdslay1,arr,,,,,,
oname:hdslay1_t12_otype:arr_i:0_j:13,34.19558,0.0,hdslay1_t12,0,13,hdslay1,arr,,,,,,
oname:hdslay1_t12_otype:arr_i:0_j:14,34.16849,0.0,hdslay1_t12,0,14,hdslay1,arr,,,,,,
oname:hdslay1_t12_otype:arr_i:0_j:15,34.13843,0.0,hdslay1_t12,0,15,hdslay1,arr,,,,,,
oname:hdslay1_t12_otype:arr_i:0_j:16,34.12846,0.0,hdslay1_t12,0,16,hdslay1,arr,,,,,,
oname:hdslay1_t12_otype:arr_i:0_j:17,34.1188,0.0,hdslay1_t12,0,17,hdslay1,arr,,,,,,
oname:hdslay1_t12_otype:arr_i:0_j:18,34.11075,0.0,hdslay1_t12,0,18,hdslay1,arr,,,,,,
oname:hdslay1_t12_otype:arr_i:0_j:19,34.10692,0.0,hdslay1_t12,0,19,hdslay1,arr,,,,,,
oname:hdslay1_t12_otype:arr_i:0_j:2,34.74774,0.0,hdslay1_t12,0,2,hdslay1,arr,,,,,,
oname:hdslay1_t12_otype:arr_i:0_j:3,34.72145,0.0,hdslay1_t12,0,3,hdslay1,arr,,,,,,
oname:hdslay1_t12_otype:arr_i:0_j:4,34.67763,0.0,hdslay1_t12,0,4,hdslay1,arr,,,,,,
oname:hdslay1_t12_otype:arr_i:0_j:5,34.60714,0.0,hdslay1_t12,0,5,hdslay1,arr,,,,,,
oname:hdslay1_t12_otype:arr_i:0_j:6,34.52204,0.0,hdslay1_t12,0,6,hdslay1,arr,,,,,,
oname:hdslay1_t12_otype:arr_i:0_j:7,34.44648,0.0,hdslay1_t12,0,7,hdslay1,arr,,,,,,
oname:hdslay1_t12_otype:arr_i:0_j:8,34.38283,0.0,hdslay1_t12,0,8,hdslay1,arr,,,,,,
oname:hdslay1_t12_otype:arr_i:0_j:9,34.33168,0.0,hdslay1_t12,0,9,hdslay1,arr,,,,,,
oname:hdslay1_t12_otype:arr_i:10_j:0,34.69764,0.0,hdslay1_t12,10,0,hdslay1,arr,,,,,,
oname:hdslay1_t12_otype:arr_i:10_j:1,34.69579,0.0,hdslay1_t12,10,1,hdslay1,arr,,,,,,
oname:hdslay1_t12_otype:arr_i:10_j:10,33.95959,0.0,hdslay1_t12,10,10,hdslay1,arr,,,,,,
oname:hdslay1_t12_otype:arr_i:10_j:11,33.90535,0.0,hdslay1_t12,10,11,hdslay1,arr,,,,,,
oname:hdslay1_t12_otype:arr_i:10_j:12,33.85544,0.0,hdslay1_t12,10,12,hdslay1,arr,,,,,,
oname:hdslay1_t12_otype:arr_i:10_j:13,33.82278,0.0,hdslay1_t12,10,13,hdslay1,arr,,,,,,
oname:hdslay1_t12_otype:arr_i:10_j:14,33.83125,0.0,hdslay1_t12,10,14,hdslay1,arr,,,,,,
oname:hdslay1_t12_otype:arr_i:10_j:15,33.83292,0.0,hdslay1_t12,10,15,hdslay1,arr,,,,,,
oname:hdslay1_t12_otype:arr_i:10_j:16,33.81836,0.0,hdslay1_t12,10,16,hdslay1,arr,,,,,,
oname:hdslay1_t12_otype:arr_i:10_j:17,33.83294,0.0,hdslay1_t12,10,17,hdslay1,arr,,,,,,
oname:hdslay1_t12_otype:arr_i:10_j:18,33.84563,0.0,hdslay1_t12,10,18,hdslay1,arr,,,,,,
oname:hdslay1_t12_otype:arr_i:10_j:19,33.85222,0.0,hdslay1_t12,10,19,hdslay1,arr,,,,,,
oname:hdslay1_t12_otype:arr_i:10_j:2,34.69507,0.0,hdslay1_t12,10,2,hdslay1,arr,,,,,,
oname:hdslay1_t12_otype:arr_i:10_j:3,34.69291,0.0,hdslay1_t12,10,3,hdslay1,arr,,,,,,
oname:hdslay1_t12_otype:arr_i:10_j:4,1e+30,0.0,hdslay1_t12,10,4,hdslay1,arr,,,,,,
oname:hdslay1_t12_otype:arr_i:10_j:5,1e+30,0.0,hdslay1_t12,10,5,hdslay1,arr,,,,,,
oname:hdslay1_t12_otype:arr_i:10_j:6,1e+30,0.0,hdslay1_t12,10,6,hdslay1,arr,,,,,,
oname:hdslay1_t12_otype:arr_i:10_j:7,1e+30,0.0,hdslay1_t12,10,7,hdslay1,arr,,,,,,
oname:hdslay1_t12_otype:arr_i:10_j:8,34.00824,0.0,hdslay1_t12,10,8,hdslay1,arr,,,,,,
oname:hdslay1_t12_otype:arr_i:10_j:9,33.98915,0.0,hdslay1_t12,10,9,hdslay1,arr,,,,,,
oname:hdslay1_t12_otype:arr_i:11_j:0,34.66566,0.0,hdslay1_t12,11,0,hdslay1,arr,,,,,,
oname:hdslay1_t12_otype:arr_i:11_j:1,34.66453,0.0,hdslay1_t12,11,1,hdslay1,arr,,,,,,
oname:hdslay1_t12_otype:arr_i:11_j:10,33.90925,0.0,hdslay1_t12,11,10,hdslay1,arr,,,,,,
oname:hdslay1_t12_otype:arr_i:11_j:11,33.86794,0.0,hdslay1_t12,11,11,hdslay1,arr,,,,,,
oname:hdslay1_t12_otype:arr_i:11_j:12,33.81841,0.0,hdslay1_t12,11,12,hdslay1,arr,,,,,,
oname:hdslay1_t12_otype:arr_i:11_j:13,33.7434,0.0,hdslay1_t12,11,13,hdslay1,arr,,,,,,
oname:hdslay1_t12_otype:arr_i:11_j:14,33.80998,0.0,hdslay1_t12,11,14,hdslay1,arr,,,,,,
oname:hdslay1_t12_otype:arr_i:11_j:15,33.83189,0.0,hdslay1_t12,11,15,hdslay1,arr,,,,,,
oname:hdslay1_t12_otype:arr_i:11_j:16,33.83115,0.0,hdslay1_t12,11,16,hdslay1,arr,,,,,,
oname:hdslay1_t12_otype:arr_i:11_j:17,33.83723,0.0,hdslay1_t12,11,17,hdslay1,arr,,,,,,
oname:hdslay1_t12_otype:arr_i:11_j:18,33.84393,0.0,hdslay1_t12,11,18,hdslay1,arr,,,,,,
oname:hdslay1_t12_otype:arr_i:11_j:19,33.84768,0.0,hdslay1_t12,11,19,hdslay1,arr,,,,,,
oname:hdslay1_t12_otype:arr_i:11_j:2,34.66412,0.0,hdslay1_t12,11,2,hdslay1,arr,,,,,,
oname:hdslay1_t12_otype:arr_i:11_j:3,34.66622,0.0,hdslay1_t12,11,3,hdslay1,arr,,,,,,
oname:hdslay1_t12_otype:arr_i:11_j:4,1e+30,0.0,hdslay1_t12,11,4,hdslay1,arr,,,,,,
oname:hdslay1_t12_otype:arr_i:11_j:5,1e+30,0.0,hdslay1_t12,11,5,hdslay1,arr,,,,,,
oname:hdslay1_t12_otype:arr_i:11_j:6,1e+30,0.0,hdslay1_t12,11,6,hdslay1,arr,,,,,,
oname:hdslay1_t12_otype:arr_i:11_j:7,1e+30,0.0,hdslay1_t12,11,7,hdslay1,arr,,,,,,
oname:hdslay1_t12_otype:arr_i:11_j:8,33.94642,0.0,hdslay1_t12,11,8,hdslay1,arr,,,,,,
oname:hdslay1_t12_otype:arr_i:11_j:9,33.93435,0.0,hdslay1_t12,11,9,hdslay1,arr,,,,,,
oname:hdslay1_t12_otype:arr_i:12_j:0,34.62905,0.0,hdslay1_t12,12,0,hdslay1,arr,,,,,,
oname:hdslay1_t12_otype:arr_i:12_j:1,34.62755,0.0,hdslay1_t12,12,1,hdslay1,arr,,,,,,
oname:hdslay1_t12_otype:arr_i:12_j:10,33.88322,0.0,hdslay1_t12,12,10,hdslay1,arr,,,,,,
oname:hdslay1_t12_otype:arr_i:12_j:11,33.85654,0.0,hdslay1_t12,12,11,hdslay1,arr,,,,,,
oname:hdslay1_t12_otype:arr_i:12_j:12,33.82523,0.0,hdslay1_t12,12,12,hdslay1,arr,,,,,,
oname:hdslay1_t12_otype:arr_i:12_j:13,33.80106,0.0,hdslay1_t12,12,13,hdslay1,arr,,,,,,
oname:hdslay1_t12_otype:arr_i:12_j:14,33.81885,0.0,hdslay1_t12,12,14,hdslay1,arr,,,,,,
oname:hdslay1_t12_otype:arr_i:12_j:15,33.83521,0.0,hdslay1_t12,12,15,hdslay1,arr,,,,,,
oname:hdslay1_t12_otype:arr_i:12_j:16,33.83609,0.0,hdslay1_t12,12,16,hdslay1,arr,,,,,,
oname:hdslay1_t12_otype:arr_i:12_j:17,33.83928,0.0,hdslay1_t12,12,17,hdslay1,arr,,,,,,
oname:hdslay1_t12_otype:arr_i:12_j:18,33.8433,0.0,hdslay1_t12,12,18,hdslay1,arr,,,,,,
oname:hdslay1_t12_otype:arr_i:12_j:19,33.84564,0.0,hdslay1_t12,12,19,hdslay1,arr,,,,,,
oname:hdslay1_t12_otype:arr_i:12_j:2,34.62892,0.0,hdslay1_t12,12,2,hdslay1,arr,,,,,,
oname:hdslay1_t12_otype:arr_i:12_j:3,34.63023,0.0,hdslay1_t12,12,3,hdslay1,arr,,,,,,
oname:hdslay1_t12_otype:arr_i:12_j:4,1e+30,0.0,hdslay1_t12,12,4,hdslay1,arr,,,,,,
oname:hdslay1_t12_otype:arr_i:12_j:5,1e+30,0.0,hdslay1_t12,12,5,hdslay1,arr,,,,,,
oname:hdslay1_t12_otype:arr_i:12_j:6,1e+30,0.0,hdslay1_t12,12,6,hdslay1,arr,,,,,,
oname:hdslay1_t12_otype:arr_i:12_j:7,1e+30,0.0,hdslay1_t12,12,7,hdslay1,arr,,,,,,
oname:hdslay1_t12_otype:arr_i:12_j:8,33.91005,0.0,hdslay1_t12,12,8,hdslay1,arr,,,,,,
oname:hdslay1_t12_otype:arr_i:12_j:9,33.89887,0.0,hdslay1_t12,12,9,hdslay1,arr,,,,,,
oname:hdslay1_t12_otype:arr_i:13_j:0,34.58508,0.0,hdslay1_t12,13,0,hdslay1,arr,,,,,,
oname:hdslay1_t12_otype:arr_i:13_j:1,34.58783,0.0,hdslay1_t12,13,1,hdslay1,arr,,,,,,
oname:hdslay1_t12_otype:arr_i:13_j:10,33.86687,0.0,hdslay1_t12,13,10,hdslay1,arr,,,,,,
oname:hdslay1_t12_otype:arr_i:13_j:11,33.85053,0.0,hdslay1_t12,13,11,hdslay1,arr,,,,,,
oname:hdslay1_t12_otype:arr_i:13_j:12,33.8303,0.0,hdslay1_t12,13,12,hdslay1,arr,,,,,,
oname:hdslay1_t12_otype:arr_i:13_j:13,33.8197,0.0,hdslay1_t12,13,13,hdslay1,arr,,,,,,
oname:hdslay1_t12_otype:arr_i:13_j:14,33.82667,0.0,hdslay1_t12,13,14,hdslay1,arr,,,,,,
oname:hdslay1_t12_otype:arr_i:13_j:15,33.83832,0.0,hdslay1_t12,13,15,hdslay1,arr,,,,,,
oname:hdslay1_t12_otype:arr_i:13_j:16,33.83757,0.0,hdslay1_t12,13,16,hdslay1,arr,,,,,,
oname:hdslay1_t12_otype:arr_i:13_j:17,33.8393,0.0,hdslay1_t12,13,17,hdslay1,arr,,,,,,
oname:hdslay1_t12_otype:arr_i:13_j:18,33.84191,0.0,hdslay1_t12,13,18,hdslay1,arr,,,,,,
oname:hdslay1_t12_otype:arr_i:13_j:19,33.84393,0.0,hdslay1_t12,13,19,hdslay1,arr,,,,,,
oname:hdslay1_t12_otype:arr_i:13_j:2,34.5899,0.0,hdslay1_t12,13,2,hdslay1,arr,,,,,,
oname:hdslay1_t12_otype:arr_i:13_j:3,34.58916,0.0,hdslay1_t12,13,3,hdslay1,arr,,,,,,
oname:hdslay1_t12_otype:arr_i:13_j:4,1e+30,0.0,hdslay1_t12,13,4,hdslay1,arr,,,,,,
oname:hdslay1_t12_otype:arr_i:13_j:5,1e+30,0.0,hdslay1_t12,13,5,hdslay1,arr,,,,,,
oname:hdslay1_t12_otype:arr_i:13_j:6,1e+30,0.0,hdslay1_t12,13,6,hdslay1,arr,,,,,,
oname:hdslay1_t12_otype:arr_i:13_j:7,1e+30,0.0,hdslay1_t12,13,7,hdslay1,arr,,,,,,
oname:hdslay1_t12_otype:arr_i:13_j:8,33.87936,0.0,hdslay1_t12,13,8,hdslay1,arr,,,,,,
oname:hdslay1_t12_otype:arr_i:13_j:9,33.87309,0.0,hdslay1_t12,13,9,hdslay1,arr,,,,,,
oname:hdslay1_t12_otype:arr_i:14_j:0,34.52381,0.0,hdslay1_t12,14,0,hdslay1,arr,,,,,,
oname:hdslay1_t12_otype:arr_i:14_j:1,34.53206,0.0,hdslay1_t12,14,1,hdslay1,arr,,,,,,
oname:hdslay1_t12_otype:arr_i:14_j:10,33.8488,0.0,hdslay1_t12,14,10,hdslay1,arr,,,,,,
oname:hdslay1_t12_otype:arr_i:14_j:11,33.83647,0.0,hdslay1_t12,14,11,hdslay1,arr,,,,,,
oname:hdslay1_t12_otype:arr_i:14_j:12,33.825,0.0,hdslay1_t12,14,12,hdslay1,arr,,,,,,
oname:hdslay1_t12_otype:arr_i:14_j:13,33.82085,0.0,hdslay1_t12,14,13,hdslay1,arr,,,,,,
oname:hdslay1_t12_otype:arr_i:14_j:14,33.82617,0.0,hdslay1_t12,14,14,hdslay1,arr,,,,,,
oname:hdslay1_t12_otype:arr_i:14_j:15,33.83549,0.0,hdslay1_t12,14,15,hdslay1,arr,,,,,,
oname:hdslay1_t12_otype:arr_i:14_j:16,33.83566,0.0,hdslay1_t12,14,16,hdslay1,arr,,,,,,
oname:hdslay1_t12_otype:arr_i:14_j:17,33.83672,0.0,hdslay1_t12,14,17,hdslay1,arr,,,,,,
oname:hdslay1_t12_otype:arr_i:14_j:18,33.83849,0.0,hdslay1_t12,14,18,hdslay1,arr,,,,,,
oname:hdslay1_t12_otype:arr_i:14_j:19,33.84026,0.0,hdslay1_t12,14,19,hdslay1,arr,,,,,,
oname:hdslay1_t12_otype:arr_i:14_j:2,34.53335,0.0,hdslay1_t12,14,2,hdslay1,arr,,,,,,
oname:hdslay1_t12_otype:arr_i:14_j:3,34.53389,0.0,hdslay1_t12,14,3,hdslay1,arr,,,,,,
oname:hdslay1_t12_otype:arr_i:14_j:4,1e+30,0.0,hdslay1_t12,14,4,hdslay1,arr,,,,,,
oname:hdslay1_t12_otype:arr_i:14_j:5,1e+30,0.0,hdslay1_t12,14,5,hdslay1,arr,,,,,,
oname:hdslay1_t12_otype:arr_i:14_j:6,1e+30,0.0,hdslay1_t12,14,6,hdslay1,arr,,,,,,
oname:hdslay1_t12_otype:arr_i:14_j:7,1e+30,0.0,hdslay1_t12,14,7,hdslay1,arr,,,,,,
oname:hdslay1_t12_otype:arr_i:14_j:8,33.85194,0.0,hdslay1_t12,14,8,hdslay1,arr,,,,,,
oname:hdslay1_t12_otype:arr_i:14_j:9,33.85221,0.0,hdslay1_t12,14,9,hdslay1,arr,,,,,,
oname:hdslay1_t12_otype:arr_i:15_j:0,34.46461,0.0,hdslay1_t12,15,0,hdslay1,arr,,,,,,
oname:hdslay1_t12_otype:arr_i:15_j:1,34.47028,0.0,hdslay1_t12,15,1,hdslay1,arr,,,,,,
oname:hdslay1_t12_otype:arr_i:15_j:10,33.82177,0.0,hdslay1_t12,15,10,hdslay1,arr,,,,,,
oname:hdslay1_t12_otype:arr_i:15_j:11,33.81311,0.0,hdslay1_t12,15,11,hdslay1,arr,,,,,,
oname:hdslay1_t12_otype:arr_i:15_j:12,33.81003,0.0,hdslay1_t12,15,12,hdslay1,arr,,,,,,
oname:hdslay1_t12_otype:arr_i:15_j:13,33.81016,0.0,hdslay1_t12,15,13,hdslay1,arr,,,,,,
oname:hdslay1_t12_otype:arr_i:15_j:14,33.81813,0.0,hdslay1_t12,15,14,hdslay1,arr,,,,,,
oname:hdslay1_t12_otype:arr_i:15_j:15,33.82881,0.0,hdslay1_t12,15,15,hdslay1,arr,,,,,,
oname:hdslay1_t12_otype:arr_i:15_j:16,33.83013,0.0,hdslay1_t12,15,16,hdslay1,arr,,,,,,
oname:hdslay1_t12_otype:arr_i:15_j:17,33.83165,0.0,hdslay1_t12,15,17,hdslay1,arr,,,,,,
oname:hdslay1_t12_otype:arr_i:15_j:18,33.83309,0.0,hdslay1_t12,15,18,hdslay1,arr,,,,,,
oname:hdslay1_t12_otype:arr_i:15_j:19,33.8343,0.0,hdslay1_t12,15,19,hdslay1,arr,,,,,,
oname:hdslay1_t12_otype:arr_i:15_j:2,34.46475,0.0,hdslay1_t12,15,2,hdslay1,arr,,,,,,
oname:hdslay1_t12_otype:arr_i:15_j:3,34.46033,0.0,hdslay1_t12,15,3,hdslay1,arr,,,,,,
oname:hdslay1_t12_otype:arr_i:15_j:4,1e+30,0.0,hdslay1_t12,15,4,hdslay1,arr,,,,,,
oname:hdslay1_t12_otype:arr_i:15_j:5,1e+30,0.0,hdslay1_t12,15,5,hdslay1,arr,,,,,,
oname:hdslay1_t12_otype:arr_i:15_j:6,1e+30,0.0,hdslay1_t12,15,6,hdslay1,arr,,,,,,
oname:hdslay1_t12_otype:arr_i:15_j:7,1e+30,0.0,hdslay1_t12,15,7,hdslay1,arr,,,,,,
oname:hdslay1_t12_otype:arr_i:15_j:8,33.82567,0.0,hdslay1_t12,15,8,hdslay1,arr,,,,,,
oname:hdslay1_t12_otype:arr_i:15_j:9,33.8245,0.0,hdslay1_t12,15,9,hdslay1,arr,,,,,,
oname:hdslay1_t12_otype:arr_i:16_j:0,34.40562,0.0,hdslay1_t12,16,0,hdslay1,arr,,,,,,
oname:hdslay1_t12_otype:arr_i:16_j:1,34.39842,0.0,hdslay1_t12,16,1,hdslay1,arr,,,,,,
oname:hdslay1_t12_otype:arr_i:16_j:10,33.78323,0.0,hdslay1_t12,16,10,hdslay1,arr,,,,,,
oname:hdslay1_t12_otype:arr_i:16_j:11,33.78081,0.0,hdslay1_t12,16,11,hdslay1,arr,,,,,,
oname:hdslay1_t12_otype:arr_i:16_j:12,33.78304,0.0,hdslay1_t12,16,12,hdslay1,arr,,,,,,
oname:hdslay1_t12_otype:arr_i:16_j:13,33.79017,0.0,hdslay1_t12,16,13,hdslay1,arr,,,,,,
oname:hdslay1_t12_otype:arr_i:16_j:14,33.80055,0.0,hdslay1_t12,16,14,hdslay1,arr,,,,,,
oname:hdslay1_t12_otype:arr_i:16_j:15,33.81505,0.0,hdslay1_t12,16,15,hdslay1,arr,,,,,,
oname:hdslay1_t12_otype:arr_i:16_j:16,33.81756,0.0,hdslay1_t12,16,16,hdslay1,arr,,,,,,
oname:hdslay1_t12_otype:arr_i:16_j:17,33.81976,0.0,hdslay1_t12,16,17,hdslay1,arr,,,,,,
oname:hdslay1_t12_otype:arr_i:16_j:18,33.82205,0.0,hdslay1_t12,16,18,hdslay1,arr,,,,,,
oname:hdslay1_t12_otype:arr_i:16_j:19,33.82414,0.0,hdslay1_t12,16,19,hdslay1,arr,,,,,,
oname:hdslay1_t12_otype:arr_i:16_j:2,34.3888,0.0,hdslay1_t12,16,2,hdslay1,arr,,,,,,
oname:hdslay1_t12_otype:arr_i:16_j:3,34.38827,0.0,hdslay1_t12,16,3,hdslay1,arr,,,,,,
oname:hdslay1_t12_otype:arr_i:16_j:4,1e+30,0.0,hdslay1_t12,16,4,hdslay1,arr,,,,,,
oname:hdslay1_t12_otype:arr_i:16_j:5,1e+30,0.0,hdslay1_t12,16,5,hdslay1,arr,,,,,,
oname:hdslay1_t12_otype:arr_i:16_j:6,1e+30,0.0,hdslay1_t12,16,6,hdslay1,arr,,,,,,
oname:hdslay1_t12_otype:arr_i:16_j:7,1e+30,0.0,hdslay1_t12,16,7,hdslay1,arr,,,,,,
oname:hdslay1_t12_otype:arr_i:16_j:8,33.78802,0.0,hdslay1_t12,16,8,hdslay1,arr,,,,,,
oname:hdslay1_t12_otype:arr_i:16_j:9,33.78797,0.0,hdslay1_t12,16,9,hdslay1,arr,,,,,,
oname:hdslay1_t12_otype:arr_i:17_j:0,34.3284,0.0,hdslay1_t12,17,0,hdslay1,arr,,,,,,
oname:hdslay1_t12_otype:arr_i:17_j:1,34.32169,0.0,hdslay1_t12,17,1,hdslay1,arr,,,,,,
oname:hdslay1_t12_otype:arr_i:17_j:10,33.7401,0.0,hdslay1_t12,17,10,hdslay1,arr,,,,,,
oname:hdslay1_t12_otype:arr_i:17_j:11,33.74051,0.0,hdslay1_t12,17,11,hdslay1,arr,,,,,,
oname:hdslay1_t12_otype:arr_i:17_j:12,33.74154,0.0,hdslay1_t12,17,12,hdslay1,arr,,,,,,
oname:hdslay1_t12_otype:arr_i:17_j:13,33.75392,0.0,hdslay1_t12,17,13,hdslay1,arr,,,,,,
oname:hdslay1_t12_otype:arr_i:17_j:14,33.76737,0.0,hdslay1_t12,17,14,hdslay1,arr,,,,,,
oname:hdslay1_t12_otype:arr_i:17_j:15,33.7918,0.0,hdslay1_t12,17,15,hdslay1,arr,,,,,,
oname:hdslay1_t12_otype:arr_i:17_j:16,33.79602,0.0,hdslay1_t12,17,16,hdslay1,arr,,,,,,
oname:hdslay1_t12_otype:arr_i:17_j:17,33.80054,0.0,hdslay1_t12,17,17,hdslay1,arr,,,,,,
oname:hdslay1_t12_otype:arr_i:17_j:18,33.80579,0.0,hdslay1_t12,17,18,hdslay1,arr,,,,,,
oname:hdslay1_t12_otype:arr_i:17_j:19,33.80782,0.0,hdslay1_t12,17,19,hdslay1,arr,,,,,,
oname:hdslay1_t12_otype:arr_i:17_j:2,34.32426,0.0,hdslay1_t12,17,2,hdslay1,arr,,,,,,
oname:hdslay1_t12_otype:arr_i:17_j:3,34.33371,0.0,hdslay1_t12,17,3,hdslay1,arr,,,,,,
oname:hdslay1_t12_otype:arr_i:17_j:4,1e+30,0.0,hdslay1_t12,17,4,hdslay1,arr,,,,,,
oname:hdslay1_t12_otype:arr_i:17_j:5,1e+30,0.0,hdslay1_t12,17,5,hdslay1,arr,,,,,,
oname:hdslay1_t12_otype:arr_i:17_j:6,1e+30,0.0,hdslay1_t12,17,6,hdslay1,arr,,,,,,
oname:hdslay1_t12_otype:arr_i:17_j:7,1e+30,0.0,hdslay1_t12,17,7,hdslay1,arr,,,,,,
oname:hdslay1_t12_otype:arr_i:17_j:8,33.74645,0.0,hdslay1_t12,17,8,hdslay1,arr,,,,,,
oname:hdslay1_t12_otype:arr_i:17_j:9,33.74512,0.0,hdslay1_t12,17,9,hdslay1,arr,,,,,,
oname:hdslay1_t12_otype:arr_i:18_j:0,34.23908,0.0,hdslay1_t12,18,0,hdslay1,arr,,,,,,
oname:hdslay1_t12_otype:arr_i:18_j:1,34.24131,0.0,hdslay1_t12,18,1,hdslay1,arr,,,,,,
oname:hdslay1_t12_otype:arr_i:18_j:10,33.70369,0.0,hdslay1_t12,18,10,hdslay1,arr,,,,,,
oname:hdslay1_t12_otype:arr_i:18_j:11,33.70035,0.0,hdslay1_t12,18,11,hdslay1,arr,,,,,,
oname:hdslay1_t12_otype:arr_i:18_j:12,33.69968,0.0,hdslay1_t12,18,12,hdslay1,arr,,,,,,
oname:hdslay1_t12_otype:arr_i:18_j:13,33.70531,0.0,hdslay1_t12,18,13,hdslay1,arr,,,,,,
oname:hdslay1_t12_otype:arr_i:18_j:14,33.7162,0.0,hdslay1_t12,18,14,hdslay1,arr,,,,,,
oname:hdslay1_t12_otype:arr_i:18_j:15,33.75872,0.0,hdslay1_t12,18,15,hdslay1,arr,,,,,,
oname:hdslay1_t12_otype:arr_i:18_j:16,33.76736,0.0,hdslay1_t12,18,16,hdslay1,arr,,,,,,
oname:hdslay1_t12_otype:arr_i:18_j:17,33.77698,0.0,hdslay1_t12,18,17,hdslay1,arr,,,,,,
oname:hdslay1_t12_otype:arr_i:18_j:18,33.78524,0.0,hdslay1_t12,18,18,hdslay1,arr,,,,,,
oname:hdslay1_t12_otype:arr_i:18_j:19,33.788,0.0,hdslay1_t12,18,19,hdslay1,arr,,,,,,
oname:hdslay1_t12_otype:arr_i:18_j:2,34.25173,0.0,hdslay1_t12,18,2,hdslay1,arr,,,,,,
oname:hdslay1_t12_otype:arr_i:18_j:3,34.26846,0.0,hdslay1_t12,18,3,hdslay1,arr,,,,,,
oname:hdslay1_t12_otype:arr_i:18_j:4,1e+30,0.0,hdslay1_t12,18,4,hdslay1,arr,,,,,,
oname:hdslay1_t12_otype:arr_i:18_j:5,1e+30,0.0,hdslay1_t12,18,5,hdslay1,arr,,,,,,
oname:hdslay1_t12_otype:arr_i:18_j:6,1e+30,0.0,hdslay1_t12,18,6,hdslay1,arr,,,,,,
oname:hdslay1_t12_otype:arr_i:18_j:7,1e+30,0.0,hdslay1_t12,18,7,hdslay1,arr,,,,,,
oname:hdslay1_t12_otype:arr_i:18_j:8,33.70895,0.0,hdslay1_t12,18,8,hdslay1,arr,,,,,,
oname:hdslay1_t12_otype:arr_i:18_j:9,33.70589,0.0,hdslay1_t12,18,9,hdslay1,arr,,,,,,
oname:hdslay1_t12_otype:arr_i:19_j:0,34.1494,0.0,hdslay1_t12,19,0,hdslay1,arr,,,,,,
oname:hdslay1_t12_otype:arr_i:19_j:1,34.14921,0.0,hdslay1_t12,19,1,hdslay1,arr,,,,,,
oname:hdslay1_t12_otype:arr_i:19_j:10,33.6717,0.0,hdslay1_t12,19,10,hdslay1,arr,,,,,,
oname:hdslay1_t12_otype:arr_i:19_j:11,33.66494,0.0,hdslay1_t12,19,11,hdslay1,arr,,,,,,
oname:hdslay1_t12_otype:arr_i:19_j:12,33.66238,0.0,hdslay1_t12,19,12,hdslay1,arr,,,,,,
oname:hdslay1_t12_otype:arr_i:19_j:13,33.65376,0.0,hdslay1_t12,19,13,hdslay1,arr,,,,,,
oname:hdslay1_t12_otype:arr_i:19_j:14,33.64209,0.0,hdslay1_t12,19,14,hdslay1,arr,,,,,,
oname:hdslay1_t12_otype:arr_i:19_j:15,33.71838,0.0,hdslay1_t12,19,15,hdslay1,arr,,,,,,
oname:hdslay1_t12_otype:arr_i:19_j:16,33.73774,0.0,hdslay1_t12,19,16,hdslay1,arr,,,,,,
oname:hdslay1_t12_otype:arr_i:19_j:17,33.74884,0.0,hdslay1_t12,19,17,hdslay1,arr,,,,,,
oname:hdslay1_t12_otype:arr_i:19_j:18,33.75586,0.0,hdslay1_t12,19,18,hdslay1,arr,,,,,,
oname:hdslay1_t12_otype:arr_i:19_j:19,33.76215,0.0,hdslay1_t12,19,19,hdslay1,arr,,,,,,
oname:hdslay1_t12_otype:arr_i:19_j:2,34.15848,0.0,hdslay1_t12,19,2,hdslay1,arr,,,,,,
oname:hdslay1_t12_otype:arr_i:19_j:3,34.17516,0.0,hdslay1_t12,19,3,hdslay1,arr,,,,,,
oname:hdslay1_t12_otype:arr_i:19_j:4,1e+30,0.0,hdslay1_t12,19,4,hdslay1,arr,,,,,,
oname:hdslay1_t12_otype:arr_i:19_j:5,1e+30,0.0,hdslay1_t12,19,5,hdslay1,arr,,,,,,
oname:hdslay1_t12_otype:arr_i:19_j:6,1e+30,0.0,hdslay1_t12,19,6,hdslay1,arr,,,,,,
oname:hdslay1_t12_otype:arr_i:19_j:7,1e+30,0.0,hdslay1_t12,19,7,hdslay1,arr,,,,,,
oname:hdslay1_t12_otype:arr_i:19_j:8,33.67699,0.0,hdslay1_t12,19,8,hdslay1,arr,,,,,,
oname:hdslay1_t12_otype:arr_i:19_j:9,33.67462,0.0,hdslay1_t12,19,9,hdslay1,arr,,,,,,
oname:hdslay1_t12_otype:arr_i:1_j:0,34.77682,0.0,hdslay1_t12,1,0,hdslay1,arr,,,,,,
oname:hdslay1_t12_otype:arr_i:1_j:1,34.76722,0.0,hdslay1_t12,1,1,hdslay1,arr,,,,,,
oname:hdslay1_t12_otype:arr_i:1_j:10,34.28724,0.0,hdslay1_t12,1,10,hdslay1,arr,,,,,,
oname:hdslay1_t12_otype:arr_i:1_j:11,34.2508,0.0,hdslay1_t12,1,11,hdslay1,arr,,,,,,
oname:hdslay1_t12_otype:arr_i:1_j:12,34.22028,0.0,hdslay1_t12,1,12,hdslay1,arr,,,,,,
oname:hdslay1_t12_otype:arr_i:1_j:13,34.19253,0.0,hdslay1_t12,1,13,hdslay1,arr,,,,,,
oname:hdslay1_t12_otype:arr_i:1_j:14,34.16366,0.0,hdslay1_t12,1,14,hdslay1,arr,,,,,,
oname:hdslay1_t12_otype:arr_i:1_j:15,34.13439,0.0,hdslay1_t12,1,15,hdslay1,arr,,,,,,
oname:hdslay1_t12_otype:arr_i:1_j:16,34.1239,0.0,hdslay1_t12,1,16,hdslay1,arr,,,,,,
oname:hdslay1_t12_otype:arr_i:1_j:17,34.11355,0.0,hdslay1_t12,1,17,hdslay1,arr,,,,,,
oname:hdslay1_t12_otype:arr_i:1_j:18,34.10501,0.0,hdslay1_t12,1,18,hdslay1,arr,,,,,,
oname:hdslay1_t12_otype:arr_i:1_j:19,34.1003,0.0,hdslay1_t12,1,19,hdslay1,arr,,,,,,
oname:hdslay1_t12_otype:arr_i:1_j:2,34.74748,0.0,hdslay1_t12,1,2,hdslay1,arr,,,,,,
oname:hdslay1_t12_otype:arr_i:1_j:3,34.71841,0.0,hdslay1_t12,1,3,hdslay1,arr,,,,,,
oname:hdslay1_t12_otype:arr_i:1_j:4,34.67506,0.0,hdslay1_t12,1,4,hdslay1,arr,,,,,,
oname:hdslay1_t12_otype:arr_i:1_j:5,34.61546,0.0,hdslay1_t12,1,5,hdslay1,arr,,,,,,
oname:hdslay1_t12_otype:arr_i:1_j:6,34.53721,0.0,hdslay1_t12,1,6,hdslay1,arr,,,,,,
oname:hdslay1_t12_otype:arr_i:1_j:7,34.4494,0.0,hdslay1_t12,1,7,hdslay1,arr,,,,,,
oname:hdslay1_t12_otype:arr_i:1_j:8,34.37902,0.0,hdslay1_t12,1,8,hdslay1,arr,,,,,,
oname:hdslay1_t12_otype:arr_i:1_j:9,34.32786,0.0,hdslay1_t12,1,9,hdslay1,arr,,,,,,
oname:hdslay1_t12_otype:arr_i:20_j:0,34.06333,0.0,hdslay1_t12,20,0,hdslay1,arr,,,,,,
oname:hdslay1_t12_otype:arr_i:20_j:1,34.06606,0.0,hdslay1_t12,20,1,hdslay1,arr,,,,,,
oname:hdslay1_t12_otype:arr_i:20_j:10,33.64833,0.0,hdslay1_t12,20,10,hdslay1,arr,,,,,,
oname:hdslay1_t12_otype:arr_i:20_j:11,33.64502,0.0,hdslay1_t12,20,11,hdslay1,arr,,,,,,
oname:hdslay1_t12_otype:arr_i:20_j:12,33.63879,0.0,hdslay1_t12,20,12,hdslay1,arr,,,,,,
oname:hdslay1_t12_otype:arr_i:20_j:13,33.60839,0.0,hdslay1_t12,20,13,hdslay1,arr,,,,,,
oname:hdslay1_t12_otype:arr_i:20_j:14,33.49803,0.0,hdslay1_t12,20,14,hdslay1,arr,,,,,,
oname:hdslay1_t12_otype:arr_i:20_j:15,33.65994,0.0,hdslay1_t12,20,15,hdslay1,arr,,,,,,
oname:hdslay1_t12_otype:arr_i:20_j:16,33.70731,0.0,hdslay1_t12,20,16,hdslay1,arr,,,,,,
oname:hdslay1_t12_otype:arr_i:20_j:17,33.72485,0.0,hdslay1_t12,20,17,hdslay1,arr,,,,,,
oname:hdslay1_t12_otype:arr_i:20_j:18,33.73088,0.0,hdslay1_t12,20,18,hdslay1,arr,,,,,,
oname:hdslay1_t12_otype:arr_i:20_j:19,33.73621,0.0,hdslay1_t12,20,19,hdslay1,arr,,,,,,
oname:hdslay1_t12_otype:arr_i:20_j:2,34.06344,0.0,hdslay1_t12,20,2,hdslay1,arr,,,,,,
oname:hdslay1_t12_otype:arr_i:20_j:3,34.05964,0.0,hdslay1_t12,20,3,hdslay1,arr,,,,,,
oname:hdslay1_t12_otype:arr_i:20_j:4,1e+30,0.0,hdslay1_t12,20,4,hdslay1,arr,,,,,,
oname:hdslay1_t12_otype:arr_i:20_j:5,1e+30,0.0,hdslay1_t12,20,5,hdslay1,arr,,,,,,
oname:hdslay1_t12_otype:arr_i:20_j:6,1e+30,0.0,hdslay1_t12,20,6,hdslay1,arr,,,,,,
oname:hdslay1_t12_otype:arr_i:20_j:7,1e+30,0.0,hdslay1_t12,20,7,hdslay1,arr,,,,,,
oname:hdslay1_t12_otype:arr_i:20_j:8,33.65064,0.0,hdslay1_t12,20,8,hdslay1,arr,,,,,,
oname:hdslay1_t12_otype:arr_i:20_j:9,33.65089,0.0,hdslay1_t12,20,9,hdslay1,arr,,,,,,
oname:hdslay1_t12_otype:arr_i:21_j:0,33.98362,0.0,hdslay1_t12,21,0,hdslay1,arr,,,,,,
oname:hdslay1_t12_otype:arr_i:21_j:1,33.98611,0.0,hdslay1_t12,21,1,hdslay1,arr,,,,,,
oname:hdslay1_t12_otype:arr_i:21_j:10,33.63276,0.0,hdslay1_t12,21,10,hdslay1,arr,,,,,,
oname:hdslay1_t12_otype:arr_i:21_j:11,33.6345,0.0,hdslay1_t12,21,11,hdslay1,arr,,,,,,
oname:hdslay1_t12_otype:arr_i:21_j:12,33.63187,0.0,hdslay1_t12,21,12,hdslay1,arr,,,,,,
oname:hdslay1_t12_otype:arr_i:21_j:13,33.62206,0.0,hdslay1_t12,21,13,hdslay1,arr,,,,,,
oname:hdslay1_t12_otype:arr_i:21_j:14,33.61201,0.0,hdslay1_t12,21,14,hdslay1,arr,,,,,,
oname:hdslay1_t12_otype:arr_i:21_j:15,33.6675,0.0,hdslay1_t12,21,15,hdslay1,arr,,,,,,
oname:hdslay1_t12_otype:arr_i:21_j:16,33.69152,0.0,hdslay1_t12,21,16,hdslay1,arr,,,,,,
oname:hdslay1_t12_otype:arr_i:21_j:17,33.70863,0.0,hdslay1_t12,21,17,hdslay1,arr,,,,,,
oname:hdslay1_t12_otype:arr_i:21_j:18,33.71621,0.0,hdslay1_t12,21,18,hdslay1,arr,,,,,,
oname:hdslay1_t12_otype:arr_i:21_j:19,33.7187,0.0,hdslay1_t12,21,19,hdslay1,arr,,,,,,
oname:hdslay1_t12_otype:arr_i:21_j:2,33.9706,0.0,hdslay1_t12,21,2,hdslay1,arr,,,,,,
oname:hdslay1_t12_otype:arr_i:21_j:3,33.9416,0.0,hdslay1_t12,21,3,hdslay1,arr,,,,,,
oname:hdslay1_t12_otype:arr_i:21_j:4,1e+30,0.0,hdslay1_t12,21,4,hdslay1,arr,,,,,,
oname:hdslay1_t12_otype:arr_i:21_j:5,1e+30,0.0,hdslay1_t12,21,5,hdslay1,arr,,,,,,
oname:hdslay1_t12_otype:arr_i:21_j:6,33.59936,0.0,hdslay1_t12,21,6,hdslay1,arr,,,,,,
oname:hdslay1_t12_otype:arr_i:21_j:7,33.60932,0.0,hdslay1_t12,21,7,hdslay1,arr,,,,,,
oname:hdslay1_t12_otype:arr_i:21_j:8,33.62545,0.0,hdslay1_t12,21,8,hdslay1,arr,,,,,,
oname:hdslay1_t12_otype:arr_i:21_j:9,33.63181,0.0,hdslay1_t12,21,9,hdslay1,arr,,,,,,
oname:hdslay1_t12_otype:arr_i:22_j:0,33.90317,0.0,hdslay1_t12,22,0,hdslay1,arr,,,,,,
oname:hdslay1_t12_otype:arr_i:22_j:1,33.88607,0.0,hdslay1_t12,22,1,hdslay1,arr,,,,,,
oname:hdslay1_t12_otype:arr_i:22_j:10,33.61802,0.0,hdslay1_t12,22,10,hdslay1,arr,,,,,,
oname:hdslay1_t12_otype:arr_i:22_j:11,33.62283,0.0,hdslay1_t12,22,11,hdslay1,arr,,,,,,
oname:hdslay1_t12_otype:arr_i:22_j:12,33.62606,0.0,hdslay1_t12,22,12,hdslay1,arr,,,,,,
oname:hdslay1_t12_otype:arr_i:22_j:13,33.63078,0.0,hdslay1_t12,22,13,hdslay1,arr,,,,,,
oname:hdslay1_t12_otype:arr_i:22_j:14,33.64166,0.0,hdslay1_t12,22,14,hdslay1,arr,,,,,,
oname:hdslay1_t12_otype:arr_i:22_j:15,33.67052,0.0,hdslay1_t12,22,15,hdslay1,arr,,,,,,
oname:hdslay1_t12_otype:arr_i:22_j:16,33.68324,0.0,hdslay1_t12,22,16,hdslay1,arr,,,,,,
oname:hdslay1_t12_otype:arr_i:22_j:17,33.69519,0.0,hdslay1_t12,22,17,hdslay1,arr,,,,,,
oname:hdslay1_t12_otype:arr_i:22_j:18,33.70159,0.0,hdslay1_t12,22,18,hdslay1,arr,,,,,,
oname:hdslay1_t12_otype:arr_i:22_j:19,33.70386,0.0,hdslay1_t12,22,19,hdslay1,arr,,,,,,
oname:hdslay1_t12_otype:arr_i:22_j:2,33.86128,0.0,hdslay1_t12,22,2,hdslay1,arr,,,,,,
oname:hdslay1_t12_otype:arr_i:22_j:3,33.79005,0.0,hdslay1_t12,22,3,hdslay1,arr,,,,,,
oname:hdslay1_t12_otype:arr_i:22_j:4,33.66611,0.0,hdslay1_t12,22,4,hdslay1,arr,,,,,,
oname:hdslay1_t12_otype:arr_i:22_j:5,1e+30,0.0,hdslay1_t12,22,5,hdslay1,arr,,,,,,
oname:hdslay1_t12_otype:arr_i:22_j:6,33.58597,0.0,hdslay1_t12,22,6,hdslay1,arr,,,,,,
oname:hdslay1_t12_otype:arr_i:22_j:7,33.59528,0.0,hdslay1_t12,22,7,hdslay1,arr,,,,,,
oname:hdslay1_t12_otype:arr_i:22_j:8,33.60657,0.0,hdslay1_t12,22,8,hdslay1,arr,,,,,,
oname:hdslay1_t12_otype:arr_i:22_j:9,33.61437,0.0,hdslay1_t12,22,9,hdslay1,arr,,,,,,
oname:hdslay1_t12_otype:arr_i:23_j:0,33.8113,0.0,hdslay1_t12,23,0,hdslay1,arr,,,,,,
oname:hdslay1_t12_otype:arr_i:23_j:1,33.78727,0.0,hdslay1_t12,23,1,hdslay1,arr,,,,,,
oname:hdslay1_t12_otype:arr_i:23_j:10,33.59523,0.0,hdslay1_t12,23,10,hdslay1,arr,,,,,,
oname:hdslay1_t12_otype:arr_i:23_j:11,33.60382,0.0,hdslay1_t12,23,11,hdslay1,arr,,,,,,
oname:hdslay1_t12_otype:arr_i:23_j:12,33.61536,0.0,hdslay1_t12,23,12,hdslay1,arr,,,,,,
oname:hdslay1_t12_otype:arr_i:23_j:13,33.63043,0.0,hdslay1_t12,23,13,hdslay1,arr,,,,,,
oname:hdslay1_t12_otype:arr_i:23_j:14,33.64877,0.0,hdslay1_t12,23,14,hdslay1,arr,,,,,,
oname:hdslay1_t12_otype:arr_i:23_j:15,33.67427,0.0,hdslay1_t12,23,15,hdslay1,arr,,,,,,
oname:hdslay1_t12_otype:arr_i:23_j:16,33.67885,0.0,hdslay1_t12,23,16,hdslay1,arr,,,,,,
oname:hdslay1_t12_otype:arr_i:23_j:17,33.68508,0.0,hdslay1_t12,23,17,hdslay1,arr,,,,,,
oname:hdslay1_t12_otype:arr_i:23_j:18,33.68962,0.0,hdslay1_t12,23,18,hdslay1,arr,,,,,,
oname:hdslay1_t12_otype:arr_i:23_j:19,33.69075,0.0,hdslay1_t12,23,19,hdslay1,arr,,,,,,
oname:hdslay1_t12_otype:arr_i:23_j:2,33.74616,0.0,hdslay1_t12,23,2,hdslay1,arr,,,,,,
oname:hdslay1_t12_otype:arr_i:23_j:3,33.66084,0.0,hdslay1_t12,23,3,hdslay1,arr,,,,,,
oname:hdslay1_t12_otype:arr_i:23_j:4,33.56158,0.0,hdslay1_t12,23,4,hdslay1,arr,,,,,,
oname:hdslay1_t12_otype:arr_i:23_j:5,33.54453,0.0,hdslay1_t12,23,5,hdslay1,arr,,,,,,
oname:hdslay1_t12_otype:arr_i:23_j:6,33.56204,0.0,hdslay1_t12,23,6,hdslay1,arr,,,,,,
oname:hdslay1_t12_otype:arr_i:23_j:7,33.57459,0.0,hdslay1_t12,23,7,hdslay1,arr,,,,,,
oname:hdslay1_t12_otype:arr_i:23_j:8,33.58468,0.0,hdslay1_t12,23,8,hdslay1,arr,,,,,,
oname:hdslay1_t12_otype:arr_i:23_j:9,33.59104,0.0,hdslay1_t12,23,9,hdslay1,arr,,,,,,
oname:hdslay1_t12_otype:arr_i:24_j:0,33.73222,0.0,hdslay1_t12,24,0,hdslay1,arr,,,,,,
oname:hdslay1_t12_otype:arr_i:24_j:1,33.71334,0.0,hdslay1_t12,24,1,hdslay1,arr,,,,,,
oname:hdslay1_t12_otype:arr_i:24_j:10,33.56238,0.0,hdslay1_t12,24,10,hdslay1,arr,,,,,,
oname:hdslay1_t12_otype:arr_i:24_j:11,33.57792,0.0,hdslay1_t12,24,11,hdslay1,arr,,,,,,
oname:hdslay1_t12_otype:arr_i:24_j:12,33.59859,0.0,hdslay1_t12,24,12,hdslay1,arr,,,,,,
oname:hdslay1_t12_otype:arr_i:24_j:13,33.62197,0.0,hdslay1_t12,24,13,hdslay1,arr,,,,,,
oname:hdslay1_t12_otype:arr_i:24_j:14,33.64631,0.0,hdslay1_t12,24,14,hdslay1,arr,,,,,,
oname:hdslay1_t12_otype:arr_i:24_j:15,33.6731,0.0,hdslay1_t12,24,15,hdslay1,arr,,,,,,
oname:hdslay1_t12_otype:arr_i:24_j:16,33.67223,0.0,hdslay1_t12,24,16,hdslay1,arr,,,,,,
oname:hdslay1_t12_otype:arr_i:24_j:17,33.6742,0.0,hdslay1_t12,24,17,hdslay1,arr,,,,,,
oname:hdslay1_t12_otype:arr_i:24_j:18,33.67734,0.0,hdslay1_t12,24,18,hdslay1,arr,,,,,,
oname:hdslay1_t12_otype:arr_i:24_j:19,33.6796,0.0,hdslay1_t12,24,19,hdslay1,arr,,,,,,
oname:hdslay1_t12_otype:arr_i:24_j:2,33.66607,0.0,hdslay1_t12,24,2,hdslay1,arr,,,,,,
oname:hdslay1_t12_otype:arr_i:24_j:3,33.58048,0.0,hdslay1_t12,24,3,hdslay1,arr,,,,,,
oname:hdslay1_t12_otype:arr_i:24_j:4,33.4202,0.0,hdslay1_t12,24,4,hdslay1,arr,,,,,,
oname:hdslay1_t12_otype:arr_i:24_j:5,33.50641,0.0,hdslay1_t12,24,5,hdslay1,arr,,,,,,
oname:hdslay1_t12_otype:arr_i:24_j:6,33.5384,0.0,hdslay1_t12,24,6,hdslay1,arr,,,,,,
oname:hdslay1_t12_otype:arr_i:24_j:7,33.55397,0.0,hdslay1_t12,24,7,hdslay1,arr,,,,,,
oname:hdslay1_t12_otype:arr_i:24_j:8,33.56266,0.0,hdslay1_t12,24,8,hdslay1,arr,,,,,,
oname:hdslay1_t12_otype:arr_i:24_j:9,33.56227,0.0,hdslay1_t12,24,9,hdslay1,arr,,,,,,
oname:hdslay1_t12_otype:arr_i:25_j:0,33.68602,0.0,hdslay1_t12,25,0,hdslay1,arr,,,,,,
oname:hdslay1_t12_otype:arr_i:25_j:1,33.67284,0.0,hdslay1_t12,25,1,hdslay1,arr,,,,,,
oname:hdslay1_t12_otype:arr_i:25_j:10,33.51982,0.0,hdslay1_t12,25,10,hdslay1,arr,,,,,,
oname:hdslay1_t12_otype:arr_i:25_j:11,33.54844,0.0,hdslay1_t12,25,11,hdslay1,arr,,,,,,
oname:hdslay1_t12_otype:arr_i:25_j:12,33.57877,0.0,hdslay1_t12,25,12,hdslay1,arr,,,,,,
oname:hdslay1_t12_otype:arr_i:25_j:13,33.6063,0.0,hdslay1_t12,25,13,hdslay1,arr,,,,,,
oname:hdslay1_t12_otype:arr_i:25_j:14,33.63416,0.0,hdslay1_t12,25,14,hdslay1,arr,,,,,,
oname:hdslay1_t12_otype:arr_i:25_j:15,33.66375,0.0,hdslay1_t12,25,15,hdslay1,arr,,,,,,
oname:hdslay1_t12_otype:arr_i:25_j:16,33.6621,0.0,hdslay1_t12,25,16,hdslay1,arr,,,,,,
oname:hdslay1_t12_otype:arr_i:25_j:17,33.66244,0.0,hdslay1_t12,25,17,hdslay1,arr,,,,,,
oname:hdslay1_t12_otype:arr_i:25_j:18,33.66347,0.0,hdslay1_t12,25,18,hdslay1,arr,,,,,,
oname:hdslay1_t12_otype:arr_i:25_j:19,33.66552,0.0,hdslay1_t12,25,19,hdslay1,arr,,,,,,
oname:hdslay1_t12_otype:arr_i:25_j:2,33.64027,0.0,hdslay1_t12,25,2,hdslay1,arr,,,,,,
oname:hdslay1_t12_otype:arr_i:25_j:3,33.5821,0.0,hdslay1_t12,25,3,hdslay1,arr,,,,,,
oname:hdslay1_t12_otype:arr_i:25_j:4,33.5156,0.0,hdslay1_t12,25,4,hdslay1,arr,,,,,,
oname:hdslay1_t12_otype:arr_i:25_j:5,33.52073,0.0,hdslay1_t12,25,5,hdslay1,arr,,,,,,
oname:hdslay1_t12_otype:arr_i:25_j:6,33.52936,0.0,hdslay1_t12,25,6,hdslay1,arr,,,,,,
oname:hdslay1_t12_otype:arr_i:25_j:7,33.53626,0.0,hdslay1_t12,25,7,hdslay1,arr,,,,,,
oname:hdslay1_t12_otype:arr_i:25_j:8,33.53777,0.0,hdslay1_t12,25,8,hdslay1,arr,,,,,,
oname:hdslay1_t12_otype:arr_i:25_j:9,33.52713,0.0,hdslay1_t12,25,9,hdslay1,arr,,,,,,
oname:hdslay1_t12_otype:arr_i:26_j:0,33.66146,0.0,hdslay1_t12,26,0,hdslay1,arr,,,,,,
oname:hdslay1_t12_otype:arr_i:26_j:1,33.64968,0.0,hdslay1_t12,26,1,hdslay1,arr,,,,,,
oname:hdslay1_t12_otype:arr_i:26_j:10,33.4403,0.0,hdslay1_t12,26,10,hdslay1,arr,,,,,,
oname:hdslay1_t12_otype:arr_i:26_j:11,33.51953,0.0,hdslay1_t12,26,11,hdslay1,arr,,,,,,
oname:hdslay1_t12_otype:arr_i:26_j:12,33.56071,0.0,hdslay1_t12,26,12,hdslay1,arr,,,,,,
oname:hdslay1_t12_otype:arr_i:26_j:13,33.59087,0.0,hdslay1_t12,26,13,hdslay1,arr,,,,,,
oname:hdslay1_t12_otype:arr_i:26_j:14,33.61667,0.0,hdslay1_t12,26,14,hdslay1,arr,,,,,,
oname:hdslay1_t12_otype:arr_i:26_j:15,33.64807,0.0,hdslay1_t12,26,15,hdslay1,arr,,,,,,
oname:hdslay1_t12_otype:arr_i:26_j:16,33.64425,0.0,hdslay1_t12,26,16,hdslay1,arr,,,,,,
oname:hdslay1_t12_otype:arr_i:26_j:17,33.64515,0.0,hdslay1_t12,26,17,hdslay1,arr,,,,,,
oname:hdslay1_t12_otype:arr_i:26_j:18,33.64884,0.0,hdslay1_t12,26,18,hdslay1,arr,,,,,,
oname:hdslay1_t12_otype:arr_i:26_j:19,33.65001,0.0,hdslay1_t12,26,19,hdslay1,arr,,,,,,
oname:hdslay1_t12_otype:arr_i:26_j:2,33.62163,0.0,hdslay1_t12,26,2,hdslay1,arr,,,,,,
oname:hdslay1_t12_otype:arr_i:26_j:3,33.58519,0.0,hdslay1_t12,26,3,hdslay1,arr,,,,,,
oname:hdslay1_t12_otype:arr_i:26_j:4,33.54693,0.0,hdslay1_t12,26,4,hdslay1,arr,,,,,,
oname:hdslay1_t12_otype:arr_i:26_j:5,33.52767,0.0,hdslay1_t12,26,5,hdslay1,arr,,,,,,
oname:hdslay1_t12_otype:arr_i:26_j:6,33.52036,0.0,hdslay1_t12,26,6,hdslay1,arr,,,,,,
oname:hdslay1_t12_otype:arr_i:26_j:7,33.51747,0.0,hdslay1_t12,26,7,hdslay1,arr,,,,,,
oname:hdslay1_t12_otype:arr_i:26_j:8,33.5105,0.0,hdslay1_t12,26,8,hdslay1,arr,,,,,,
oname:hdslay1_t12_otype:arr_i:26_j:9,33.49137,0.0,hdslay1_t12,26,9,hdslay1,arr,,,,,,
oname:hdslay1_t12_otype:arr_i:27_j:0,33.64309,0.0,hdslay1_t12,27,0,hdslay1,arr,,,,,,
oname:hdslay1_t12_otype:arr_i:27_j:1,33.63263,0.0,hdslay1_t12,27,1,hdslay1,arr,,,,,,
oname:hdslay1_t12_otype:arr_i:27_j:10,33.49534,0.0,hdslay1_t12,27,10,hdslay1,arr,,,,,,
oname:hdslay1_t12_otype:arr_i:27_j:11,33.52666,0.0,hdslay1_t12,27,11,hdslay1,arr,,,,,,
oname:hdslay1_t12_otype:arr_i:27_j:12,33.55146,0.0,hdslay1_t12,27,12,hdslay1,arr,,,,,,
oname:hdslay1_t12_otype:arr_i:27_j:13,33.58038,0.0,hdslay1_t12,27,13,hdslay1,arr,,,,,,
oname:hdslay1_t12_otype:arr_i:27_j:14,33.60644,0.0,hdslay1_t12,27,14,hdslay1,arr,,,,,,
oname:hdslay1_t12_otype:arr_i:27_j:15,33.6245,0.0,hdslay1_t12,27,15,hdslay1,arr,,,,,,
oname:hdslay1_t12_otype:arr_i:27_j:16,33.6257,0.0,hdslay1_t12,27,16,hdslay1,arr,,,,,,
oname:hdslay1_t12_otype:arr_i:27_j:17,33.62818,0.0,hdslay1_t12,27,17,hdslay1,arr,,,,,,
oname:hdslay1_t12_otype:arr_i:27_j:18,33.63156,0.0,hdslay1_t12,27,18,hdslay1,arr,,,,,,
oname:hdslay1_t12_otype:arr_i:27_j:19,33.63437,0.0,hdslay1_t12,27,19,hdslay1,arr,,,,,,
oname:hdslay1_t12_otype:arr_i:27_j:2,33.60886,0.0,hdslay1_t12,27,2,hdslay1,arr,,,,,,
oname:hdslay1_t12_otype:arr_i:27_j:3,33.58018,0.0,hdslay1_t12,27,3,hdslay1,arr,,,,,,
oname:hdslay1_t12_otype:arr_i:27_j:4,33.54947,0.0,hdslay1_t12,27,4,hdslay1,arr,,,,,,
oname:hdslay1_t12_otype:arr_i:27_j:5,33.52182,0.0,hdslay1_t12,27,5,hdslay1,arr,,,,,,
oname:hdslay1_t12_otype:arr_i:27_j:6,33.50621,0.0,hdslay1_t12,27,6,hdslay1,arr,,,,,,
oname:hdslay1_t12_otype:arr_i:27_j:7,33.5014,0.0,hdslay1_t12,27,7,hdslay1,arr,,,,,,
oname:hdslay1_t12_otype:arr_i:27_j:8,33.49908,0.0,hdslay1_t12,27,8,hdslay1,arr,,,,,,
oname:hdslay1_t12_otype:arr_i:27_j:9,33.49635,0.0,hdslay1_t12,27,9,hdslay1,arr,,,,,,
oname:hdslay1_t12_otype:arr_i:28_j:0,33.62891,0.0,hdslay1_t12,28,0,hdslay1,arr,,,,,,
oname:hdslay1_t12_otype:arr_i:28_j:1,33.61937,0.0,hdslay1_t12,28,1,hdslay1,arr,,,,,,
oname:hdslay1_t12_otype:arr_i:28_j:10,33.50671,0.0,hdslay1_t12,28,10,hdslay1,arr,,,,,,
oname:hdslay1_t12_otype:arr_i:28_j:11,33.52464,0.0,hdslay1_t12,28,11,hdslay1,arr,,,,,,
oname:hdslay1_t12_otype:arr_i:28_j:12,33.54654,0.0,hdslay1_t12,28,12,hdslay1,arr,,,,,,
oname:hdslay1_t12_otype:arr_i:28_j:13,33.57216,0.0,hdslay1_t12,28,13,hdslay1,arr,,,,,,
oname:hdslay1_t12_otype:arr_i:28_j:14,33.59714,0.0,hdslay1_t12,28,14,hdslay1,arr,,,,,,
oname:hdslay1_t12_otype:arr_i:28_j:15,33.6151,0.0,hdslay1_t12,28,15,hdslay1,arr,,,,,,
oname:hdslay1_t12_otype:arr_i:28_j:16,33.61477,0.0,hdslay1_t12,28,16,hdslay1,arr,,,,,,
oname:hdslay1_t12_otype:arr_i:28_j:17,33.61597,0.0,hdslay1_t12,28,17,hdslay1,arr,,,,,,
oname:hdslay1_t12_otype:arr_i:28_j:18,33.61703,0.0,hdslay1_t12,28,18,hdslay1,arr,,,,,,
oname:hdslay1_t12_otype:arr_i:28_j:19,33.61913,0.0,hdslay1_t12,28,19,hdslay1,arr,,,,,,
oname:hdslay1_t12_otype:arr_i:28_j:2,33.5985,0.0,hdslay1_t12,28,2,hdslay1,arr,,,,,,
oname:hdslay1_t12_otype:arr_i:28_j:3,33.57008,0.0,hdslay1_t12,28,3,hdslay1,arr,,,,,,
oname:hdslay1_t12_otype:arr_i:28_j:4,33.53744,0.0,hdslay1_t12,28,4,hdslay1,arr,,,,,,
oname:hdslay1_t12_otype:arr_i:28_j:5,33.50338,0.0,hdslay1_t12,28,5,hdslay1,arr,,,,,,
oname:hdslay1_t12_otype:arr_i:28_j:6,33.4739,0.0,hdslay1_t12,28,6,hdslay1,arr,,,,,,
oname:hdslay1_t12_otype:arr_i:28_j:7,33.48059,0.0,hdslay1_t12,28,7,hdslay1,arr,,,,,,
oname:hdslay1_t12_otype:arr_i:28_j:8,33.48853,0.0,hdslay1_t12,28,8,hdslay1,arr,,,,,,
oname:hdslay1_t12_otype:arr_i:28_j:9,33.49667,0.0,hdslay1_t12,28,9,hdslay1,arr,,,,,,
oname:hdslay1_t12_otype:arr_i:29_j:0,33.61526,0.0,hdslay1_t12,29,0,hdslay1,arr,,,,,,
oname:hdslay1_t12_otype:arr_i:29_j:1,33.6057,0.0,hdslay1_t12,29,1,hdslay1,arr,,,,,,
oname:hdslay1_t12_otype:arr_i:29_j:10,33.50386,0.0,hdslay1_t12,29,10,hdslay1,arr,,,,,,
oname:hdslay1_t12_otype:arr_i:29_j:11,33.52062,0.0,hdslay1_t12,29,11,hdslay1,arr,,,,,,
oname:hdslay1_t12_otype:arr_i:29_j:12,33.53728,0.0,hdslay1_t12,29,12,hdslay1,arr,,,,,,
oname:hdslay1_t12_otype:arr_i:29_j:13,33.55809,0.0,hdslay1_t12,29,13,hdslay1,arr,,,,,,
oname:hdslay1_t12_otype:arr_i:29_j:14,33.58266,0.0,hdslay1_t12,29,14,hdslay1,arr,,,,,,
oname:hdslay1_t12_otype:arr_i:29_j:15,33.60596,0.0,hdslay1_t12,29,15,hdslay1,arr,,,,,,
oname:hdslay1_t12_otype:arr_i:29_j:16,33.60256,0.0,hdslay1_t12,29,16,hdslay1,arr,,,,,,
oname:hdslay1_t12_otype:arr_i:29_j:17,33.60248,0.0,hdslay1_t12,29,17,hdslay1,arr,,,,,,
oname:hdslay1_t12_otype:arr_i:29_j:18,33.60432,0.0,hdslay1_t12,29,18,hdslay1,arr,,,,,,
oname:hdslay1_t12_otype:arr_i:29_j:19,33.60525,0.0,hdslay1_t12,29,19,hdslay1,arr,,,,,,
oname:hdslay1_t12_otype:arr_i:29_j:2,33.58364,0.0,hdslay1_t12,29,2,hdslay1,arr,,,,,,
oname:hdslay1_t12_otype:arr_i:29_j:3,33.55537,0.0,hdslay1_t12,29,3,hdslay1,arr,,,,,,
oname:hdslay1_t12_otype:arr_i:29_j:4,33.5228,0.0,hdslay1_t12,29,4,hdslay1,arr,,,,,,
oname:hdslay1_t12_otype:arr_i:29_j:5,33.47582,0.0,hdslay1_t12,29,5,hdslay1,arr,,,,,,
oname:hdslay1_t12_otype:arr_i:29_j:6,33.4067,0.0,hdslay1_t12,29,6,hdslay1,arr,,,,,,
oname:hdslay1_t12_otype:arr_i:29_j:7,33.45612,0.0,hdslay1_t12,29,7,hdslay1,arr,,,,,,
oname:hdslay1_t12_otype:arr_i:29_j:8,33.47722,0.0,hdslay1_t12,29,8,hdslay1,arr,,,,,,
oname:hdslay1_t12_otype:arr_i:29_j:9,33.49025,0.0,hdslay1_t12,29,9,hdslay1,arr,,,,,,
oname:hdslay1_t12_otype:arr_i:2_j:0,34.77392,0.0,hdslay1_t12,2,0,hdslay1,arr,,,,,,
oname:hdslay1_t12_otype:arr_i:2_j:1,34.76465,0.0,hdslay1_t12,2,1,hdslay1,arr,,,,,,
oname:hdslay1_t12_otype:arr_i:2_j:10,34.28467,0.0,hdslay1_t12,2,10,hdslay1,arr,,,,,,
oname:hdslay1_t12_otype:arr_i:2_j:11,34.24936,0.0,hdslay1_t12,2,11,hdslay1,arr,,,,,,
oname:hdslay1_t12_otype:arr_i:2_j:12,34.21659,0.0,hdslay1_t12,2,12,hdslay1,arr,,,,,,
oname:hdslay1_t12_otype:arr_i:2_j:13,34.18259,0.0,hdslay1_t12,2,13,hdslay1,arr,,,,,,
oname:hdslay1_t12_otype:arr_i:2_j:14,34.15067,0.0,hdslay1_t12,2,14,hdslay1,arr,,,,,,
oname:hdslay1_t12_otype:arr_i:2_j:15,34.12483,0.0,hdslay1_t12,2,15,hdslay1,arr,,,,,,
oname:hdslay1_t12_otype:arr_i:2_j:16,34.11361,0.0,hdslay1_t12,2,16,hdslay1,arr,,,,,,
oname:hdslay1_t12_otype:arr_i:2_j:17,34.10169,0.0,hdslay1_t12,2,17,hdslay1,arr,,,,,,
oname:hdslay1_t12_otype:arr_i:2_j:18,34.09095,0.0,hdslay1_t12,2,18,hdslay1,arr,,,,,,
oname:hdslay1_t12_otype:arr_i:2_j:19,34.08697,0.0,hdslay1_t12,2,19,hdslay1,arr,,,,,,
oname:hdslay1_t12_otype:arr_i:2_j:2,34.74969,0.0,hdslay1_t12,2,2,hdslay1,arr,,,,,,
oname:hdslay1_t12_otype:arr_i:2_j:3,34.72126,0.0,hdslay1_t12,2,3,hdslay1,arr,,,,,,
oname:hdslay1_t12_otype:arr_i:2_j:4,34.67619,0.0,hdslay1_t12,2,4,hdslay1,arr,,,,,,
oname:hdslay1_t12_otype:arr_i:2_j:5,34.61601,0.0,hdslay1_t12,2,5,hdslay1,arr,,,,,,
oname:hdslay1_t12_otype:arr_i:2_j:6,34.54044,0.0,hdslay1_t12,2,6,hdslay1,arr,,,,,,
oname:hdslay1_t12_otype:arr_i:2_j:7,34.4509,0.0,hdslay1_t12,2,7,hdslay1,arr,,,,,,
oname:hdslay1_t12_otype:arr_i:2_j:8,34.3781,0.0,hdslay1_t12,2,8,hdslay1,arr,,,,,,
oname:hdslay1_t12_otype:arr_i:2_j:9,34.32568,0.0,hdslay1_t12,2,9,hdslay1,arr,,,,,,
oname:hdslay1_t12_otype:arr_i:30_j:0,33.60032,0.0,hdslay1_t12,30,0,hdslay1,arr,,,,,,
oname:hdslay1_t12_otype:arr_i:30_j:1,33.58895,0.0,hdslay1_t12,30,1,hdslay1,arr,,,,,,
oname:hdslay1_t12_otype:arr_i:30_j:10,33.49699,0.0,hdslay1_t12,30,10,hdslay1,arr,,,,,,
oname:hdslay1_t12_otype:arr_i:30_j:11,33.51017,0.0,hdslay1_t12,30,11,hdslay1,arr,,,,,,
oname:hdslay1_t12_otype:arr_i:30_j:12,33.52512,0.0,hdslay1_t12,30,12,hdslay1,arr,,,,,,
oname:hdslay1_t12_otype:arr_i:30_j:13,33.54392,0.0,hdslay1_t12,30,13,hdslay1,arr,,,,,,
oname:hdslay1_t12_otype:arr_i:30_j:14,33.56492,0.0,hdslay1_t12,30,14,hdslay1,arr,,,,,,
oname:hdslay1_t12_otype:arr_i:30_j:15,33.58265,0.0,hdslay1_t12,30,15,hdslay1,arr,,,,,,
oname:hdslay1_t12_otype:arr_i:30_j:16,33.58532,0.0,hdslay1_t12,30,16,hdslay1,arr,,,,,,
oname:hdslay1_t12_otype:arr_i:30_j:17,33.58713,0.0,hdslay1_t12,30,17,hdslay1,arr,,,,,,
oname:hdslay1_t12_otype:arr_i:30_j:18,33.58934,0.0,hdslay1_t12,30,18,hdslay1,arr,,,,,,
oname:hdslay1_t12_otype:arr_i:30_j:19,33.58949,0.0,hdslay1_t12,30,19,hdslay1,arr,,,,,,
oname:hdslay1_t12_otype:arr_i:30_j:2,33.56953,0.0,hdslay1_t12,30,2,hdslay1,arr,,,,,,
oname:hdslay1_t12_otype:arr_i:30_j:3,33.54738,0.0,hdslay1_t12,30,3,hdslay1,arr,,,,,,
oname:hdslay1_t12_otype:arr_i:30_j:4,33.51729,0.0,hdslay1_t12,30,4,hdslay1,arr,,,,,,
oname:hdslay1_t12_otype:arr_i:30_j:5,33.4823,0.0,hdslay1_t12,30,5,hdslay1,arr,,,,,,
oname:hdslay1_t12_otype:arr_i:30_j:6,33.45373,0.0,hdslay1_t12,30,6,hdslay1,arr,,,,,,
oname:hdslay1_t12_otype:arr_i:30_j:7,33.46388,0.0,hdslay1_t12,30,7,hdslay1,arr,,,,,,
oname:hdslay1_t12_otype:arr_i:30_j:8,33.47437,0.0,hdslay1_t12,30,8,hdslay1,arr,,,,,,
oname:hdslay1_t12_otype:arr_i:30_j:9,33.48454,0.0,hdslay1_t12,30,9,hdslay1,arr,,,,,,
oname:hdslay1_t12_otype:arr_i:31_j:0,33.58942,0.0,hdslay1_t12,31,0,hdslay1,arr,,,,,,
oname:hdslay1_t12_otype:arr_i:31_j:1,33.57406,0.0,hdslay1_t12,31,1,hdslay1,arr,,,,,,
oname:hdslay1_t12_otype:arr_i:31_j:10,33.48685,0.0,hdslay1_t12,31,10,hdslay1,arr,,,,,,
oname:hdslay1_t12_otype:arr_i:31_j:11,33.49895,0.0,hdslay1_t12,31,11,hdslay1,arr,,,,,,
oname:hdslay1_t12_otype:arr_i:31_j:12,33.51056,0.0,hdslay1_t12,31,12,hdslay1,arr,,,,,,
oname:hdslay1_t12_otype:arr_i:31_j:13,33.52728,0.0,hdslay1_t12,31,13,hdslay1,arr,,,,,,
oname:hdslay1_t12_otype:arr_i:31_j:14,33.54865,0.0,hdslay1_t12,31,14,hdslay1,arr,,,,,,
oname:hdslay1_t12_otype:arr_i:31_j:15,33.56631,0.0,hdslay1_t12,31,15,hdslay1,arr,,,,,,
oname:hdslay1_t12_otype:arr_i:31_j:16,33.57087,0.0,hdslay1_t12,31,16,hdslay1,arr,,,,,,
oname:hdslay1_t12_otype:arr_i:31_j:17,33.57364,0.0,hdslay1_t12,31,17,hdslay1,arr,,,,,,
oname:hdslay1_t12_otype:arr_i:31_j:18,33.57552,0.0,hdslay1_t12,31,18,hdslay1,arr,,,,,,
oname:hdslay1_t12_otype:arr_i:31_j:19,33.57635,0.0,hdslay1_t12,31,19,hdslay1,arr,,,,,,
oname:hdslay1_t12_otype:arr_i:31_j:2,33.55871,0.0,hdslay1_t12,31,2,hdslay1,arr,,,,,,
oname:hdslay1_t12_otype:arr_i:31_j:3,33.53879,0.0,hdslay1_t12,31,3,hdslay1,arr,,,,,,
oname:hdslay1_t12_otype:arr_i:31_j:4,33.5107,0.0,hdslay1_t12,31,4,hdslay1,arr,,,,,,
oname:hdslay1_t12_otype:arr_i:31_j:5,33.48421,0.0,hdslay1_t12,31,5,hdslay1,arr,,,,,,
oname:hdslay1_t12_otype:arr_i:31_j:6,33.46848,0.0,hdslay1_t12,31,6,hdslay1,arr,,,,,,
oname:hdslay1_t12_otype:arr_i:31_j:7,33.46667,0.0,hdslay1_t12,31,7,hdslay1,arr,,,,,,
oname:hdslay1_t12_otype:arr_i:31_j:8,33.46993,0.0,hdslay1_t12,31,8,hdslay1,arr,,,,,,
oname:hdslay1_t12_otype:arr_i:31_j:9,33.4757,0.0,hdslay1_t12,31,9,hdslay1,arr,,,,,,
oname:hdslay1_t12_otype:arr_i:32_j:0,1e+30,0.0,hdslay1_t12,32,0,hdslay1,arr,,,,,,
oname:hdslay1_t12_otype:arr_i:32_j:1,33.56272,0.0,hdslay1_t12,32,1,hdslay1,arr,,,,,,
oname:hdslay1_t12_otype:arr_i:32_j:10,33.47088,0.0,hdslay1_t12,32,10,hdslay1,arr,,,,,,
oname:hdslay1_t12_otype:arr_i:32_j:11,33.4821,0.0,hdslay1_t12,32,11,hdslay1,arr,,,,,,
oname:hdslay1_t12_otype:arr_i:32_j:12,33.49367,0.0,hdslay1_t12,32,12,hdslay1,arr,,,,,,
oname:hdslay1_t12_otype:arr_i:32_j:13,33.51123,0.0,hdslay1_t12,32,13,hdslay1,arr,,,,,,
oname:hdslay1_t12_otype:arr_i:32_j:14,33.53333,0.0,hdslay1_t12,32,14,hdslay1,arr,,,,,,
oname:hdslay1_t12_otype:arr_i:32_j:15,33.55575,0.0,hdslay1_t12,32,15,hdslay1,arr,,,,,,
oname:hdslay1_t12_otype:arr_i:32_j:16,33.56027,0.0,hdslay1_t12,32,16,hdslay1,arr,,,,,,
oname:hdslay1_t12_otype:arr_i:32_j:17,33.56291,0.0,hdslay1_t12,32,17,hdslay1,arr,,,,,,
oname:hdslay1_t12_otype:arr_i:32_j:18,33.56521,0.0,hdslay1_t12,32,18,hdslay1,arr,,,,,,
oname:hdslay1_t12_otype:arr_i:32_j:19,33.56641,0.0,hdslay1_t12,32,19,hdslay1,arr,,,,,,
oname:hdslay1_t12_otype:arr_i:32_j:2,33.54771,0.0,hdslay1_t12,32,2,hdslay1,arr,,,,,,
oname:hdslay1_t12_otype:arr_i:32_j:3,33.52654,0.0,hdslay1_t12,32,3,hdslay1,arr,,,,,,
oname:hdslay1_t12_otype:arr_i:32_j:4,33.50058,0.0,hdslay1_t12,32,4,hdslay1,arr,,,,,,
oname:hdslay1_t12_otype:arr_i:32_j:5,33.48001,0.0,hdslay1_t12,32,5,hdslay1,arr,,,,,,
oname:hdslay1_t12_otype:arr_i:32_j:6,33.46785,0.0,hdslay1_t12,32,6,hdslay1,arr,,,,,,
oname:hdslay1_t12_otype:arr_i:32_j:7,33.46281,0.0,hdslay1_t12,32,7,hdslay1,arr,,,,,,
oname:hdslay1_t12_otype:arr_i:32_j:8,33.46171,0.0,hdslay1_t12,32,8,hdslay1,arr,,,,,,
oname:hdslay1_t12_otype:arr_i:32_j:9,33.46388,0.0,hdslay1_t12,32,9,hdslay1,arr,,,,,,
oname:hdslay1_t12_otype:arr_i:33_j:0,1e+30,0.0,hdslay1_t12,33,0,hdslay1,arr,,,,,,
oname:hdslay1_t12_otype:arr_i:33_j:1,1e+30,0.0,hdslay1_t12,33,1,hdslay1,arr,,,,,,
oname:hdslay1_t12_otype:arr_i:33_j:10,33.44999,0.0,hdslay1_t12,33,10,hdslay1,arr,,,,,,
oname:hdslay1_t12_otype:arr_i:33_j:11,33.45166,0.0,hdslay1_t12,33,11,hdslay1,arr,,,,,,
oname:hdslay1_t12_otype:arr_i:33_j:12,33.45813,0.0,hdslay1_t12,33,12,hdslay1,arr,,,,,,
oname:hdslay1_t12_otype:arr_i:33_j:13,33.49069,0.0,hdslay1_t12,33,13,hdslay1,arr,,,,,,
oname:hdslay1_t12_otype:arr_i:33_j:14,33.51782,0.0,hdslay1_t12,33,14,hdslay1,arr,,,,,,
oname:hdslay1_t12_otype:arr_i:33_j:15,33.54394,0.0,hdslay1_t12,33,15,hdslay1,arr,,,,,,
oname:hdslay1_t12_otype:arr_i:33_j:16,33.54985,0.0,hdslay1_t12,33,16,hdslay1,arr,,,,,,
oname:hdslay1_t12_otype:arr_i:33_j:17,33.55433,0.0,hdslay1_t12,33,17,hdslay1,arr,,,,,,
oname:hdslay1_t12_otype:arr_i:33_j:18,33.55769,0.0,hdslay1_t12,33,18,hdslay1,arr,,,,,,
oname:hdslay1_t12_otype:arr_i:33_j:19,33.55989,0.0,hdslay1_t12,33,19,hdslay1,arr,,,,,,
oname:hdslay1_t12_otype:arr_i:33_j:2,33.53464,0.0,hdslay1_t12,33,2,hdslay1,arr,,,,,,
oname:hdslay1_t12_otype:arr_i:33_j:3,33.51296,0.0,hdslay1_t12,33,3,hdslay1,arr,,,,,,
oname:hdslay1_t12_otype:arr_i:33_j:4,33.48569,0.0,hdslay1_t12,33,4,hdslay1,arr,,,,,,
oname:hdslay1_t12_otype:arr_i:33_j:5,33.46903,0.0,hdslay1_t12,33,5,hdslay1,arr,,,,,,
oname:hdslay1_t12_otype:arr_i:33_j:6,33.45833,0.0,hdslay1_t12,33,6,hdslay1,arr,,,,,,
oname:hdslay1_t12_otype:arr_i:33_j:7,33.45197,0.0,hdslay1_t12,33,7,hdslay1,arr,,,,,,
oname:hdslay1_t12_otype:arr_i:33_j:8,33.4486,0.0,hdslay1_t12,33,8,hdslay1,arr,,,,,,
oname:hdslay1_t12_otype:arr_i:33_j:9,33.44783,0.0,hdslay1_t12,33,9,hdslay1,arr,,,,,,
oname:hdslay1_t12_otype:arr_i:34_j:0,1e+30,0.0,hdslay1_t12,34,0,hdslay1,arr,,,,,,
oname:hdslay1_t12_otype:arr_i:34_j:1,1e+30,0.0,hdslay1_t12,34,1,hdslay1,arr,,,,,,
oname:hdslay1_t12_otype:arr_i:34_j:10,33.4255,0.0,hdslay1_t12,34,10,hdslay1,arr,,,,,,
oname:hdslay1_t12_otype:arr_i:34_j:11,33.41078,0.0,hdslay1_t12,34,11,hdslay1,arr,,,,,,
oname:hdslay1_t12_otype:arr_i:34_j:12,33.36388,0.0,hdslay1_t12,34,12,hdslay1,arr,,,,,,
oname:hdslay1_t12_otype:arr_i:34_j:13,33.46146,0.0,hdslay1_t12,34,13,hdslay1,arr,,,,,,
oname:hdslay1_t12_otype:arr_i:34_j:14,33.50257,0.0,hdslay1_t12,34,14,hdslay1,arr,,,,,,
oname:hdslay1_t12_otype:arr_i:34_j:15,33.53018,0.0,hdslay1_t12,34,15,hdslay1,arr,,,,,,
oname:hdslay1_t12_otype:arr_i:34_j:16,33.53701,0.0,hdslay1_t12,34,16,hdslay1,arr,,,,,,
oname:hdslay1_t12_otype:arr_i:34_j:17,33.54371,0.0,hdslay1_t12,34,17,hdslay1,arr,,,,,,
oname:hdslay1_t12_otype:arr_i:34_j:18,33.54989,0.0,hdslay1_t12,34,18,hdslay1,arr,,,,,,
oname:hdslay1_t12_otype:arr_i:34_j:19,33.55573,0.0,hdslay1_t12,34,19,hdslay1,arr,,,,,,
oname:hdslay1_t12_otype:arr_i:34_j:2,1e+30,0.0,hdslay1_t12,34,2,hdslay1,arr,,,,,,
oname:hdslay1_t12_otype:arr_i:34_j:3,33.4898,0.0,hdslay1_t12,34,3,hdslay1,arr,,,,,,
oname:hdslay1_t12_otype:arr_i:34_j:4,33.46371,0.0,hdslay1_t12,34,4,hdslay1,arr,,,,,,
oname:hdslay1_t12_otype:arr_i:34_j:5,33.45154,0.0,hdslay1_t12,34,5,hdslay1,arr,,,,,,
oname:hdslay1_t12_otype:arr_i:34_j:6,33.44012,0.0,hdslay1_t12,34,6,hdslay1,arr,,,,,,
oname:hdslay1_t12_otype:arr_i:34_j:7,33.43409,0.0,hdslay1_t12,34,7,hdslay1,arr,,,,,,
oname:hdslay1_t12_otype:arr_i:34_j:8,33.43163,0.0,hdslay1_t12,34,8,hdslay1,arr,,,,,,
oname:hdslay1_t12_otype:arr_i:34_j:9,33.42927,0.0,hdslay1_t12,34,9,hdslay1,arr,,,,,,
oname:hdslay1_t12_otype:arr_i:35_j:0,1e+30,0.0,hdslay1_t12,35,0,hdslay1,arr,,,,,,
oname:hdslay1_t12_otype:arr_i:35_j:1,1e+30,0.0,hdslay1_t12,35,1,hdslay1,arr,,,,,,
oname:hdslay1_t12_otype:arr_i:35_j:10,33.40347,0.0,hdslay1_t12,35,10,hdslay1,arr,,,,,,
oname:hdslay1_t12_otype:arr_i:35_j:11,33.40439,0.0,hdslay1_t12,35,11,hdslay1,arr,,,,,,
oname:hdslay1_t12_otype:arr_i:35_j:12,33.4104,0.0,hdslay1_t12,35,12,hdslay1,arr,,,,,,
oname:hdslay1_t12_otype:arr_i:35_j:13,33.45709,0.0,hdslay1_t12,35,13,hdslay1,arr,,,,,,
oname:hdslay1_t12_otype:arr_i:35_j:14,33.49392,0.0,hdslay1_t12,35,14,hdslay1,arr,,,,,,
oname:hdslay1_t12_otype:arr_i:35_j:15,33.51788,0.0,hdslay1_t12,35,15,hdslay1,arr,,,,,,
oname:hdslay1_t12_otype:arr_i:35_j:16,33.52392,0.0,hdslay1_t12,35,16,hdslay1,arr,,,,,,
oname:hdslay1_t12_otype:arr_i:35_j:17,33.53063,0.0,hdslay1_t12,35,17,hdslay1,arr,,,,,,
oname:hdslay1_t12_otype:arr_i:35_j:18,33.53683,0.0,hdslay1_t12,35,18,hdslay1,arr,,,,,,
oname:hdslay1_t12_otype:arr_i:35_j:19,1e+30,0.0,hdslay1_t12,35,19,hdslay1,arr,,,,,,
oname:hdslay1_t12_otype:arr_i:35_j:2,1e+30,0.0,hdslay1_t12,35,2,hdslay1,arr,,,,,,
oname:hdslay1_t12_otype:arr_i:35_j:3,1e+30,0.0,hdslay1_t12,35,3,hdslay1,arr,,,,,,
oname:hdslay1_t12_otype:arr_i:35_j:4,33.43912,0.0,hdslay1_t12,35,4,hdslay1,arr,,,,,,
oname:hdslay1_t12_otype:arr_i:35_j:5,33.42812,0.0,hdslay1_t12,35,5,hdslay1,arr,,,,,,
oname:hdslay1_t12_otype:arr_i:35_j:6,33.41598,0.0,hdslay1_t12,35,6,hdslay1,arr,,,,,,
oname:hdslay1_t12_otype:arr_i:35_j:7,33.40941,0.0,hdslay1_t12,35,7,hdslay1,arr,,,,,,
oname:hdslay1_t12_otype:arr_i:35_j:8,33.40857,0.0,hdslay1_t12,35,8,hdslay1,arr,,,,,,
oname:hdslay1_t12_otype:arr_i:35_j:9,33.40674,0.0,hdslay1_t12,35,9,hdslay1,arr,,,,,,
oname:hdslay1_t12_otype:arr_i:36_j:0,1e+30,0.0,hdslay1_t12,36,0,hdslay1,arr,,,,,,
oname:hdslay1_t12_otype:arr_i:36_j:1,1e+30,0.0,hdslay1_t12,36,1,hdslay1,arr,,,,,,
oname:hdslay1_t12_otype:arr_i:36_j:10,33.38148,0.0,hdslay1_t12,36,10,hdslay1,arr,,,,,,
oname:hdslay1_t12_otype:arr_i:36_j:11,33.392,0.0,hdslay1_t12,36,11,hdslay1,arr,,,,,,
oname:hdslay1_t12_otype:arr_i:36_j:12,33.41143,0.0,hdslay1_t12,36,12,hdslay1,arr,,,,,,
oname:hdslay1_t12_otype:arr_i:36_j:13,33.44825,0.0,hdslay1_t12,36,13,hdslay1,arr,,,,,,
oname:hdslay1_t12_otype:arr_i:36_j:14,33.4821,0.0,hdslay1_t12,36,14,hdslay1,arr,,,,,,
oname:hdslay1_t12_otype:arr_i:36_j:15,33.50658,0.0,hdslay1_t12,36,15,hdslay1,arr,,,,,,
oname:hdslay1_t12_otype:arr_i:36_j:16,33.51248,0.0,hdslay1_t12,36,16,hdslay1,arr,,,,,,
oname:hdslay1_t12_otype:arr_i:36_j:17,33.51981,0.0,hdslay1_t12,36,17,hdslay1,arr,,,,,,
oname:hdslay1_t12_otype:arr_i:36_j:18,33.52805,0.0,hdslay1_t12,36,18,hdslay1,arr,,,,,,
oname:hdslay1_t12_otype:arr_i:36_j:19,1e+30,0.0,hdslay1_t12,36,19,hdslay1,arr,,,,,,
oname:hdslay1_t12_otype:arr_i:36_j:2,1e+30,0.0,hdslay1_t12,36,2,hdslay1,arr,,,,,,
oname:hdslay1_t12_otype:arr_i:36_j:3,1e+30,0.0,hdslay1_t12,36,3,hdslay1,arr,,,,,,
oname:hdslay1_t12_otype:arr_i:36_j:4,33.42306,0.0,hdslay1_t12,36,4,hdslay1,arr,,,,,,
oname:hdslay1_t12_otype:arr_i:36_j:5,33.40059,0.0,hdslay1_t12,36,5,hdslay1,arr,,,,,,
oname:hdslay1_t12_otype:arr_i:36_j:6,33.38791,0.0,hdslay1_t12,36,6,hdslay1,arr,,,,,,
oname:hdslay1_t12_otype:arr_i:36_j:7,33.38156,0.0,hdslay1_t12,36,7,hdslay1,arr,,,,,,
oname:hdslay1_t12_otype:arr_i:36_j:8,33.37989,0.0,hdslay1_t12,36,8,hdslay1,arr,,,,,,
oname:hdslay1_t12_otype:arr_i:36_j:9,33.38156,0.0,hdslay1_t12,36,9,hdslay1,arr,,,,,,
oname:hdslay1_t12_otype:arr_i:37_j:0,1e+30,0.0,hdslay1_t12,37,0,hdslay1,arr,,,,,,
oname:hdslay1_t12_otype:arr_i:37_j:1,1e+30,0.0,hdslay1_t12,37,1,hdslay1,arr,,,,,,
oname:hdslay1_t12_otype:arr_i:37_j:10,33.3562,0.0,hdslay1_t12,37,10,hdslay1,arr,,,,,,
oname:hdslay1_t12_otype:arr_i:37_j:11,33.368,0.0,hdslay1_t12,37,11,hdslay1,arr,,,,,,
oname:hdslay1_t12_otype:arr_i:37_j:12,33.39412,0.0,hdslay1_t12,37,12,hdslay1,arr,,,,,,
oname:hdslay1_t12_otype:arr_i:37_j:13,33.4306,0.0,hdslay1_t12,37,13,hdslay1,arr,,,,,,
oname:hdslay1_t12_otype:arr_i:37_j:14,33.46649,0.0,hdslay1_t12,37,14,hdslay1,arr,,,,,,
oname:hdslay1_t12_otype:arr_i:37_j:15,33.49504,0.0,hdslay1_t12,37,15,hdslay1,arr,,,,,,
oname:hdslay1_t12_otype:arr_i:37_j:16,33.50322,0.0,hdslay1_t12,37,16,hdslay1,arr,,,,,,
oname:hdslay1_t12_otype:arr_i:37_j:17,33.51059,0.0,hdslay1_t12,37,17,hdslay1,arr,,,,,,
oname:hdslay1_t12_otype:arr_i:37_j:18,1e+30,0.0,hdslay1_t12,37,18,hdslay1,arr,,,,,,
oname:hdslay1_t12_otype:arr_i:37_j:19,1e+30,0.0,hdslay1_t12,37,19,hdslay1,arr,,,,,,
oname:hdslay1_t12_otype:arr_i:37_j:2,1e+30,0.0,hdslay1_t12,37,2,hdslay1,arr,,,,,,
oname:hdslay1_t12_otype:arr_i:37_j:3,1e+30,0.0,hdslay1_t12,37,3,hdslay1,arr,,,,,,
oname:hdslay1_t12_otype:arr_i:37_j:4,1e+30,0.0,hdslay1_t12,37,4,hdslay1,arr,,,,,,
oname:hdslay1_t12_otype:arr_i:37_j:5,33.35533,0.0,hdslay1_t12,37,5,hdslay1,arr,,,,,,
oname:hdslay1_t12_otype:arr_i:37_j:6,33.3549,0.0,hdslay1_t12,37,6,hdslay1,arr,,,,,,
oname:hdslay1_t12_otype:arr_i:37_j:7,33.35298,0.0,hdslay1_t12,37,7,hdslay1,arr,,,,,,
oname:hdslay1_t12_otype:arr_i:37_j:8,33.35061,0.0,hdslay1_t12,37,8,hdslay1,arr,,,,,,
oname:hdslay1_t12_otype:arr_i:37_j:9,33.35291,0.0,hdslay1_t12,37,9,hdslay1,arr,,,,,,
oname:hdslay1_t12_otype:arr_i:38_j:0,1e+30,0.0,hdslay1_t12,38,0,hdslay1,arr,,,,,,
oname:hdslay1_t12_otype:arr_i:38_j:1,1e+30,0.0,hdslay1_t12,38,1,hdslay1,arr,,,,,,
oname:hdslay1_t12_otype:arr_i:38_j:10,33.31326,0.0,hdslay1_t12,38,10,hdslay1,arr,,,,,,
oname:hdslay1_t12_otype:arr_i:38_j:11,33.32215,0.0,hdslay1_t12,38,11,hdslay1,arr,,,,,,
oname:hdslay1_t12_otype:arr_i:38_j:12,33.35342,0.0,hdslay1_t12,38,12,hdslay1,arr,,,,,,
oname:hdslay1_t12_otype:arr_i:38_j:13,33.39662,0.0,hdslay1_t12,38,13,hdslay1,arr,,,,,,
oname:hdslay1_t12_otype:arr_i:38_j:14,33.44398,0.0,hdslay1_t12,38,14,hdslay1,arr,,,,,,
oname:hdslay1_t12_otype:arr_i:38_j:15,33.49037,0.0,hdslay1_t12,38,15,hdslay1,arr,,,,,,
oname:hdslay1_t12_otype:arr_i:38_j:16,33.49799,0.0,hdslay1_t12,38,16,hdslay1,arr,,,,,,
oname:hdslay1_t12_otype:arr_i:38_j:17,1e+30,0.0,hdslay1_t12,38,17,hdslay1,arr,,,,,,
oname:hdslay1_t12_otype:arr_i:38_j:18,1e+30,0.0,hdslay1_t12,38,18,hdslay1,arr,,,,,,
oname:hdslay1_t12_otype:arr_i:38_j:19,1e+30,0.0,hdslay1_t12,38,19,hdslay1,arr,,,,,,
oname:hdslay1_t12_otype:arr_i:38_j:2,1e+30,0.0,hdslay1_t12,38,2,hdslay1,arr,,,,,,
oname:hdslay1_t12_otype:arr_i:38_j:3,1e+30,0.0,hdslay1_t12,38,3,hdslay1,arr,,,,,,
oname:hdslay1_t12_otype:arr_i:38_j:4,1e+30,0.0,hdslay1_t12,38,4,hdslay1,arr,,,,,,
oname:hdslay1_t12_otype:arr_i:38_j:5,33.3127,0.0,hdslay1_t12,38,5,hdslay1,arr,,,,,,
oname:hdslay1_t12_otype:arr_i:38_j:6,33.31495,0.0,hdslay1_t12,38,6,hdslay1,arr,,,,,,
oname:hdslay1_t12_otype:arr_i:38_j:7,33.31127,0.0,hdslay1_t12,38,7,hdslay1,arr,,,,,,
oname:hdslay1_t12_otype:arr_i:38_j:8,33.31206,0.0,hdslay1_t12,38,8,hdslay1,arr,,,,,,
oname:hdslay1_t12_otype:arr_i:38_j:9,33.31273,0.0,hdslay1_t12,38,9,hdslay1,arr,,,,,,
oname:hdslay1_t12_otype:arr_i:39_j:0,1e+30,0.0,hdslay1_t12,39,0,hdslay1,arr,,,,,,
oname:hdslay1_t12_otype:arr_i:39_j:1,1e+30,0.0,hdslay1_t12,39,1,hdslay1,arr,,,,,,
oname:hdslay1_t12_otype:arr_i:39_j:10,33.2372,0.0,hdslay1_t12,39,10,hdslay1,arr,,,,,,
oname:hdslay1_t12_otype:arr_i:39_j:11,33.25742,0.0,hdslay1_t12,39,11,hdslay1,arr,,,,,,
oname:hdslay1_t12_otype:arr_i:39_j:12,33.29065,0.0,hdslay1_t12,39,12,hdslay1,arr,,,,,,
oname:hdslay1_t12_otype:arr_i:39_j:13,33.33933,0.0,hdslay1_t12,39,13,hdslay1,arr,,,,,,
oname:hdslay1_t12_otype:arr_i:39_j:14,33.39684,0.0,hdslay1_t12,39,14,hdslay1,arr,,,,,,
oname:hdslay1_t12_otype:arr_i:39_j:15,33.47275,0.0,hdslay1_t12,39,15,hdslay1,arr,,,,,,
oname:hdslay1_t12_otype:arr_i:39_j:16,1e+30,0.0,hdslay1_t12,39,16,hdslay1,arr,,,,,,
oname:hdslay1_t12_otype:arr_i:39_j:17,1e+30,0.0,hdslay1_t12,39,17,hdslay1,arr,,,,,,
oname:hdslay1_t12_otype:arr_i:39_j:18,1e+30,0.0,hdslay1_t12,39,18,hdslay1,arr,,,,,,
oname:hdslay1_t12_otype:arr_i:39_j:19,1e+30,0.0,hdslay1_t12,39,19,hdslay1,arr,,,,,,
oname:hdslay1_t12_otype:arr_i:39_j:2,1e+30,0.0,hdslay1_t12,39,2,hdslay1,arr,,,,,,
oname:hdslay1_t12_otype:arr_i:39_j:3,1e+30,0.0,hdslay1_t12,39,3,hdslay1,arr,,,,,,
oname:hdslay1_t12_otype:arr_i:39_j:4,1e+30,0.0,hdslay1_t12,39,4,hdslay1,arr,,,,,,
oname:hdslay1_t12_otype:arr_i:39_j:5,33.25835,0.0,hdslay1_t12,39,5,hdslay1,arr,,,,,,
oname:hdslay1_t12_otype:arr_i:39_j:6,33.25574,0.0,hdslay1_t12,39,6,hdslay1,arr,,,,,,
oname:hdslay1_t12_otype:arr_i:39_j:7,33.25644,0.0,hdslay1_t12,39,7,hdslay1,arr,,,,,,
oname:hdslay1_t12_otype:arr_i:39_j:8,33.25385,0.0,hdslay1_t12,39,8,hdslay1,arr,,,,,,
oname:hdslay1_t12_otype:arr_i:39_j:9,33.24733,0.0,hdslay1_t12,39,9,hdslay1,arr,,,,,,
oname:hdslay1_t12_otype:arr_i:3_j:0,34.76615,0.0,hdslay1_t12,3,0,hdslay1,arr,,,,,,
oname:hdslay1_t12_otype:arr_i:3_j:1,34.75875,0.0,hdslay1_t12,3,1,hdslay1,arr,,,,,,
oname:hdslay1_t12_otype:arr_i:3_j:10,34.279,0.0,hdslay1_t12,3,10,hdslay1,arr,,,,,,
oname:hdslay1_t12_otype:arr_i:3_j:11,34.24268,0.0,hdslay1_t12,3,11,hdslay1,arr,,,,,,
oname:hdslay1_t12_otype:arr_i:3_j:12,34.20667,0.0,hdslay1_t12,3,12,hdslay1,arr,,,,,,
oname:hdslay1_t12_otype:arr_i:3_j:13,34.16697,0.0,hdslay1_t12,3,13,hdslay1,arr,,,,,,
oname:hdslay1_t12_otype:arr_i:3_j:14,34.13466,0.0,hdslay1_t12,3,14,hdslay1,arr,,,,,,
oname:hdslay1_t12_otype:arr_i:3_j:15,34.10747,0.0,hdslay1_t12,3,15,hdslay1,arr,,,,,,
oname:hdslay1_t12_otype:arr_i:3_j:16,34.09362,0.0,hdslay1_t12,3,16,hdslay1,arr,,,,,,
oname:hdslay1_t12_otype:arr_i:3_j:17,34.07997,0.0,hdslay1_t12,3,17,hdslay1,arr,,,,,,
oname:hdslay1_t12_otype:arr_i:3_j:18,34.06953,0.0,hdslay1_t12,3,18,hdslay1,arr,,,,,,
oname:hdslay1_t12_otype:arr_i:3_j:19,34.06536,0.0,hdslay1_t12,3,19,hdslay1,arr,,,,,,
oname:hdslay1_t12_otype:arr_i:3_j:2,34.74768,0.0,hdslay1_t12,3,2,hdslay1,arr,,,,,,
oname:hdslay1_t12_otype:arr_i:3_j:3,34.7226,0.0,hdslay1_t12,3,3,hdslay1,arr,,,,,,
oname:hdslay1_t12_otype:arr_i:3_j:4,34.68184,0.0,hdslay1_t12,3,4,hdslay1,arr,,,,,,
oname:hdslay1_t12_otype:arr_i:3_j:5,34.62237,0.0,hdslay1_t12,3,5,hdslay1,arr,,,,,,
oname:hdslay1_t12_otype:arr_i:3_j:6,34.54261,0.0,hdslay1_t12,3,6,hdslay1,arr,,,,,,
oname:hdslay1_t12_otype:arr_i:3_j:7,34.45801,0.0,hdslay1_t12,3,7,hdslay1,arr,,,,,,
oname:hdslay1_t12_otype:arr_i:3_j:8,34.38369,0.0,hdslay1_t12,3,8,hdslay1,arr,,,,,,
oname:hdslay1_t12_otype:arr_i:3_j:9,34.32552,0.0,hdslay1_t12,3,9,hdslay1,arr,,,,,,
oname:hdslay1_t12_otype:arr_i:4_j:0,34.7525,0.0,hdslay1_t12,4,0,hdslay1,arr,,,,,,
oname:hdslay1_t12_otype:arr_i:4_j:1,34.74785,0.0,hdslay1_t12,4,1,hdslay1,arr,,,,,,
oname:hdslay1_t12_otype:arr_i:4_j:10,34.27153,0.0,hdslay1_t12,4,10,hdslay1,arr,,,,,,
oname:hdslay1_t12_otype:arr_i:4_j:11,34.23208,0.0,hdslay1_t12,4,11,hdslay1,arr,,,,,,
oname:hdslay1_t12_otype:arr_i:4_j:12,34.18681,0.0,hdslay1_t12,4,12,hdslay1,arr,,,,,,
oname:hdslay1_t12_otype:arr_i:4_j:13,34.14491,0.0,hdslay1_t12,4,13,hdslay1,arr,,,,,,
oname:hdslay1_t12_otype:arr_i:4_j:14,34.11167,0.0,hdslay1_t12,4,14,hdslay1,arr,,,,,,
oname:hdslay1_t12_otype:arr_i:4_j:15,34.08418,0.0,hdslay1_t12,4,15,hdslay1,arr,,,,,,
oname:hdslay1_t12_otype:arr_i:4_j:16,34.06661,0.0,hdslay1_t12,4,16,hdslay1,arr,,,,,,
oname:hdslay1_t12_otype:arr_i:4_j:17,34.05385,0.0,hdslay1_t12,4,17,hdslay1,arr,,,,,,
oname:hdslay1_t12_otype:arr_i:4_j:18,34.04751,0.0,hdslay1_t12,4,18,hdslay1,arr,,,,,,
oname:hdslay1_t12_otype:arr_i:4_j:19,34.0457,0.0,hdslay1_t12,4,19,hdslay1,arr,,,,,,
oname:hdslay1_t12_otype:arr_i:4_j:2,34.73944,0.0,hdslay1_t12,4,2,hdslay1,arr,,,,,,
oname:hdslay1_t12_otype:arr_i:4_j:3,34.71876,0.0,hdslay1_t12,4,3,hdslay1,arr,,,,,,
oname:hdslay1_t12_otype:arr_i:4_j:4,34.68286,0.0,hdslay1_t12,4,4,hdslay1,arr,,,,,,
oname:hdslay1_t12_otype:arr_i:4_j:5,34.63139,0.0,hdslay1_t12,4,5,hdslay1,arr,,,,,,
oname:hdslay1_t12_otype:arr_i:4_j:6,34.5597,0.0,hdslay1_t12,4,6,hdslay1,arr,,,,,,
oname:hdslay1_t12_otype:arr_i:4_j:7,34.471,0.0,hdslay1_t12,4,7,hdslay1,arr,,,,,,
oname:hdslay1_t12_otype:arr_i:4_j:8,34.38759,0.0,hdslay1_t12,4,8,hdslay1,arr,,,,,,
oname:hdslay1_t12_otype:arr_i:4_j:9,34.32251,0.0,hdslay1_t12,4,9,hdslay1,arr,,,,,,
oname:hdslay1_t12_otype:arr_i:5_j:0,34.74064,0.0,hdslay1_t12,5,0,hdslay1,arr,,,,,,
oname:hdslay1_t12_otype:arr_i:5_j:1,34.73782,0.0,hdslay1_t12,5,1,hdslay1,arr,,,,,,
oname:hdslay1_t12_otype:arr_i:5_j:10,34.2571,0.0,hdslay1_t12,5,10,hdslay1,arr,,,,,,
oname:hdslay1_t12_otype:arr_i:5_j:11,34.2116,0.0,hdslay1_t12,5,11,hdslay1,arr,,,,,,
oname:hdslay1_t12_otype:arr_i:5_j:12,34.16225,0.0,hdslay1_t12,5,12,hdslay1,arr,,,,,,
oname:hdslay1_t12_otype:arr_i:5_j:13,34.11683,0.0,hdslay1_t12,5,13,hdslay1,arr,,,,,,
oname:hdslay1_t12_otype:arr_i:5_j:14,34.07924,0.0,hdslay1_t12,5,14,hdslay1,arr,,,,,,
oname:hdslay1_t12_otype:arr_i:5_j:15,34.05288,0.0,hdslay1_t12,5,15,hdslay1,arr,,,,,,
oname:hdslay1_t12_otype:arr_i:5_j:16,34.03691,0.0,hdslay1_t12,5,16,hdslay1,arr,,,,,,
oname:hdslay1_t12_otype:arr_i:5_j:17,34.02502,0.0,hdslay1_t12,5,17,hdslay1,arr,,,,,,
oname:hdslay1_t12_otype:arr_i:5_j:18,34.02199,0.0,hdslay1_t12,5,18,hdslay1,arr,,,,,,
oname:hdslay1_t12_otype:arr_i:5_j:19,34.02282,0.0,hdslay1_t12,5,19,hdslay1,arr,,,,,,
oname:hdslay1_t12_otype:arr_i:5_j:2,34.73006,0.0,hdslay1_t12,5,2,hdslay1,arr,,,,,,
oname:hdslay1_t12_otype:arr_i:5_j:3,34.71261,0.0,hdslay1_t12,5,3,hdslay1,arr,,,,,,
oname:hdslay1_t12_otype:arr_i:5_j:4,34.68192,0.0,hdslay1_t12,5,4,hdslay1,arr,,,,,,
oname:hdslay1_t12_otype:arr_i:5_j:5,34.63145,0.0,hdslay1_t12,5,5,hdslay1,arr,,,,,,
oname:hdslay1_t12_otype:arr_i:5_j:6,34.56021,0.0,hdslay1_t12,5,6,hdslay1,arr,,,,,,
oname:hdslay1_t12_otype:arr_i:5_j:7,34.48106,0.0,hdslay1_t12,5,7,hdslay1,arr,,,,,,
oname:hdslay1_t12_otype:arr_i:5_j:8,34.39668,0.0,hdslay1_t12,5,8,hdslay1,arr,,,,,,
oname:hdslay1_t12_otype:arr_i:5_j:9,34.31423,0.0,hdslay1_t12,5,9,hdslay1,arr,,,,,,
oname:hdslay1_t12_otype:arr_i:6_j:0,34.7329,0.0,hdslay1_t12,6,0,hdslay1,arr,,,,,,
oname:hdslay1_t12_otype:arr_i:6_j:1,34.73034,0.0,hdslay1_t12,6,1,hdslay1,arr,,,,,,
oname:hdslay1_t12_otype:arr_i:6_j:10,34.23208,0.0,hdslay1_t12,6,10,hdslay1,arr,,,,,,
oname:hdslay1_t12_otype:arr_i:6_j:11,34.18019,0.0,hdslay1_t12,6,11,hdslay1,arr,,,,,,
oname:hdslay1_t12_otype:arr_i:6_j:12,34.12253,0.0,hdslay1_t12,6,12,hdslay1,arr,,,,,,
oname:hdslay1_t12_otype:arr_i:6_j:13,34.07025,0.0,hdslay1_t12,6,13,hdslay1,arr,,,,,,
oname:hdslay1_t12_otype:arr_i:6_j:14,34.03447,0.0,hdslay1_t12,6,14,hdslay1,arr,,,,,,
oname:hdslay1_t12_otype:arr_i:6_j:15,34.01093,0.0,hdslay1_t12,6,15,hdslay1,arr,,,,,,
oname:hdslay1_t12_otype:arr_i:6_j:16,33.99959,0.0,hdslay1_t12,6,16,hdslay1,arr,,,,,,
oname:hdslay1_t12_otype:arr_i:6_j:17,33.99021,0.0,hdslay1_t12,6,17,hdslay1,arr,,,,,,
oname:hdslay1_t12_otype:arr_i:6_j:18,33.98711,0.0,hdslay1_t12,6,18,hdslay1,arr,,,,,,
oname:hdslay1_t12_otype:arr_i:6_j:19,33.98484,0.0,hdslay1_t12,6,19,hdslay1,arr,,,,,,
oname:hdslay1_t12_otype:arr_i:6_j:2,34.72399,0.0,hdslay1_t12,6,2,hdslay1,arr,,,,,,
oname:hdslay1_t12_otype:arr_i:6_j:3,34.71122,0.0,hdslay1_t12,6,3,hdslay1,arr,,,,,,
oname:hdslay1_t12_otype:arr_i:6_j:4,34.68352,0.0,hdslay1_t12,6,4,hdslay1,arr,,,,,,
oname:hdslay1_t12_otype:arr_i:6_j:5,34.62679,0.0,hdslay1_t12,6,5,hdslay1,arr,,,,,,
oname:hdslay1_t12_otype:arr_i:6_j:6,34.54985,0.0,hdslay1_t12,6,6,hdslay1,arr,,,,,,
oname:hdslay1_t12_otype:arr_i:6_j:7,34.47056,0.0,hdslay1_t12,6,7,hdslay1,arr,,,,,,
oname:hdslay1_t12_otype:arr_i:6_j:8,34.38566,0.0,hdslay1_t12,6,8,hdslay1,arr,,,,,,
oname:hdslay1_t12_otype:arr_i:6_j:9,34.29644,0.0,hdslay1_t12,6,9,hdslay1,arr,,,,,,
oname:hdslay1_t12_otype:arr_i:7_j:0,34.72714,0.0,hdslay1_t12,7,0,hdslay1,arr,,,,,,
oname:hdslay1_t12_otype:arr_i:7_j:1,34.7253,0.0,hdslay1_t12,7,1,hdslay1,arr,,,,,,
oname:hdslay1_t12_otype:arr_i:7_j:10,34.18445,0.0,hdslay1_t12,7,10,hdslay1,arr,,,,,,
oname:hdslay1_t12_otype:arr_i:7_j:11,34.12891,0.0,hdslay1_t12,7,11,hdslay1,arr,,,,,,
oname:hdslay1_t12_otype:arr_i:7_j:12,34.06189,0.0,hdslay1_t12,7,12,hdslay1,arr,,,,,,
oname:hdslay1_t12_otype:arr_i:7_j:13,34.0082,0.0,hdslay1_t12,7,13,hdslay1,arr,,,,,,
oname:hdslay1_t12_otype:arr_i:7_j:14,33.97604,0.0,hdslay1_t12,7,14,hdslay1,arr,,,,,,
oname:hdslay1_t12_otype:arr_i:7_j:15,33.95588,0.0,hdslay1_t12,7,15,hdslay1,arr,,,,,,
oname:hdslay1_t12_otype:arr_i:7_j:16,33.93918,0.0,hdslay1_t12,7,16,hdslay1,arr,,,,,,
oname:hdslay1_t12_otype:arr_i:7_j:17,33.94265,0.0,hdslay1_t12,7,17,hdslay1,arr,,,,,,
oname:hdslay1_t12_otype:arr_i:7_j:18,33.94107,0.0,hdslay1_t12,7,18,hdslay1,arr,,,,,,
oname:hdslay1_t12_otype:arr_i:7_j:19,33.93872,0.0,hdslay1_t12,7,19,hdslay1,arr,,,,,,
oname:hdslay1_t12_otype:arr_i:7_j:2,34.7208,0.0,hdslay1_t12,7,2,hdslay1,arr,,,,,,
oname:hdslay1_t12_otype:arr_i:7_j:3,34.71177,0.0,hdslay1_t12,7,3,hdslay1,arr,,,,,,
oname:hdslay1_t12_otype:arr_i:7_j:4,34.68133,0.0,hdslay1_t12,7,4,hdslay1,arr,,,,,,
oname:hdslay1_t12_otype:arr_i:7_j:5,34.622,0.0,hdslay1_t12,7,5,hdslay1,arr,,,,,,
oname:hdslay1_t12_otype:arr_i:7_j:6,34.54982,0.0,hdslay1_t12,7,6,hdslay1,arr,,,,,,
oname:hdslay1_t12_otype:arr_i:7_j:7,34.45112,0.0,hdslay1_t12,7,7,hdslay1,arr,,,,,,
oname:hdslay1_t12_otype:arr_i:7_j:8,34.34046,0.0,hdslay1_t12,7,8,hdslay1,arr,,,,,,
oname:hdslay1_t12_otype:arr_i:7_j:9,34.24525,0.0,hdslay1_t12,7,9,hdslay1,arr,,,,,,
oname:hdslay1_t12_otype:arr_i:8_j:0,34.72167,0.0,hdslay1_t12,8,0,hdslay1,arr,,,,,,
oname:hdslay1_t12_otype:arr_i:8_j:1,34.72077,0.0,hdslay1_t12,8,1,hdslay1,arr,,,,,,
oname:hdslay1_t12_otype:arr_i:8_j:10,34.11294,0.0,hdslay1_t12,8,10,hdslay1,arr,,,,,,
oname:hdslay1_t12_otype:arr_i:8_j:11,34.05049,0.0,hdslay1_t12,8,11,hdslay1,arr,,,,,,
oname:hdslay1_t12_otype:arr_i:8_j:12,33.9805,0.0,hdslay1_t12,8,12,hdslay1,arr,,,,,,
oname:hdslay1_t12_otype:arr_i:8_j:13,33.93718,0.0,hdslay1_t12,8,13,hdslay1,arr,,,,,,
oname:hdslay1_t12_otype:arr_i:8_j:14,33.90972,0.0,hdslay1_t12,8,14,hdslay1,arr,,,,,,
oname:hdslay1_t12_otype:arr_i:8_j:15,33.89135,0.0,hdslay1_t12,8,15,hdslay1,arr,,,,,,
oname:hdslay1_t12_otype:arr_i:8_j:16,33.86237,0.0,hdslay1_t12,8,16,hdslay1,arr,,,,,,
oname:hdslay1_t12_otype:arr_i:8_j:17,33.87933,0.0,hdslay1_t12,8,17,hdslay1,arr,,,,,,
oname:hdslay1_t12_otype:arr_i:8_j:18,33.89372,0.0,hdslay1_t12,8,18,hdslay1,arr,,,,,,
oname:hdslay1_t12_otype:arr_i:8_j:19,33.89756,0.0,hdslay1_t12,8,19,hdslay1,arr,,,,,,
oname:hdslay1_t12_otype:arr_i:8_j:2,34.7195,0.0,hdslay1_t12,8,2,hdslay1,arr,,,,,,
oname:hdslay1_t12_otype:arr_i:8_j:3,34.71648,0.0,hdslay1_t12,8,3,hdslay1,arr,,,,,,
oname:hdslay1_t12_otype:arr_i:8_j:4,1e+30,0.0,hdslay1_t12,8,4,hdslay1,arr,,,,,,
oname:hdslay1_t12_otype:arr_i:8_j:5,1e+30,0.0,hdslay1_t12,8,5,hdslay1,arr,,,,,,
oname:hdslay1_t12_otype:arr_i:8_j:6,1e+30,0.0,hdslay1_t12,8,6,hdslay1,arr,,,,,,
oname:hdslay1_t12_otype:arr_i:8_j:7,34.36589,0.0,hdslay1_t12,8,7,hdslay1,arr,,,,,,
oname:hdslay1_t12_otype:arr_i:8_j:8,34.24751,0.0,hdslay1_t12,8,8,hdslay1,arr,,,,,,
oname:hdslay1_t12_otype:arr_i:8_j:9,34.17075,0.0,hdslay1_t12,8,9,hdslay1,arr,,,,,,
oname:hdslay1_t12_otype:arr_i:9_j:0,34.71405,0.0,hdslay1_t12,9,0,hdslay1,arr,,,,,,
oname:hdslay1_t12_otype:arr_i:9_j:1,34.71231,0.0,hdslay1_t12,9,1,hdslay1,arr,,,,,,
oname:hdslay1_t12_otype:arr_i:9_j:10,34.02966,0.0,hdslay1_t12,9,10,hdslay1,arr,,,,,,
oname:hdslay1_t12_otype:arr_i:9_j:11,33.96659,0.0,hdslay1_t12,9,11,hdslay1,arr,,,,,,
oname:hdslay1_t12_otype:arr_i:9_j:12,33.90754,0.0,hdslay1_t12,9,12,hdslay1,arr,,,,,,
oname:hdslay1_t12_otype:arr_i:9_j:13,33.87508,0.0,hdslay1_t12,9,13,hdslay1,arr,,,,,,
oname:hdslay1_t12_otype:arr_i:9_j:14,33.85761,0.0,hdslay1_t12,9,14,hdslay1,arr,,,,,,
oname:hdslay1_t12_otype:arr_i:9_j:15,33.84049,0.0,hdslay1_t12,9,15,hdslay1,arr,,,,,,
oname:hdslay1_t12_otype:arr_i:9_j:16,33.75018,0.0,hdslay1_t12,9,16,hdslay1,arr,,,,,,
oname:hdslay1_t12_otype:arr_i:9_j:17,33.82847,0.0,hdslay1_t12,9,17,hdslay1,arr,,,,,,
oname:hdslay1_t12_otype:arr_i:9_j:18,33.85666,0.0,hdslay1_t12,9,18,hdslay1,arr,,,,,,
oname:hdslay1_t12_otype:arr_i:9_j:19,33.86729,0.0,hdslay1_t12,9,19,hdslay1,arr,,,,,,
oname:hdslay1_t12_otype:arr_i:9_j:2,34.71245,0.0,hdslay1_t12,9,2,hdslay1,arr,,,,,,
oname:hdslay1_t12_otype:arr_i:9_j:3,34.71007,0.0,hdslay1_t12,9,3,hdslay1,arr,,,,,,
oname:hdslay1_t12_otype:arr_i:9_j:4,1e+30,0.0,hdslay1_t12,9,4,hdslay1,arr,,,,,,
oname:hdslay1_t12_otype:arr_i:9_j:5,1e+30,0.0,hdslay1_t12,9,5,hdslay1,arr,,,,,,
oname:hdslay1_t12_otype:arr_i:9_j:6,1e+30,0.0,hdslay1_t12,9,6,hdslay1,arr,,,,,,
oname:hdslay1_t12_otype:arr_i:9_j:7,1e+30,0.0,hdslay1_t12,9,7,hdslay1,arr,,,,,,
oname:hdslay1_t12_otype:arr_i:9_j:8,34.10738,0.0,hdslay1_t12,9,8,hdslay1,arr,,,,,,
oname:hdslay1_t12_otype:arr_i:9_j:9,34.07177,0.0,hdslay1_t12,9,9,hdslay1,arr,,,,,,
oname:hdslay1_t13_otype:arr_i:0_j:0,34.74674,0.0,hdslay1_t13,0,0,hdslay1,arr,,,,,,
oname:hdslay1_t13_otype:arr_i:0_j:1,34.73744,0.0,hdslay1_t13,0,1,hdslay1,arr,,,,,,
oname:hdslay1_t13_otype:arr_i:0_j:10,34.27148,0.0,hdslay1_t13,0,10,hdslay1,arr,,,,,,
oname:hdslay1_t13_otype:arr_i:0_j:11,34.23554,0.0,hdslay1_t13,0,11,hdslay1,arr,,,,,,
oname:hdslay1_t13_otype:arr_i:0_j:12,34.20767,0.0,hdslay1_t13,0,12,hdslay1,arr,,,,,,
oname:hdslay1_t13_otype:arr_i:0_j:13,34.18139,0.0,hdslay1_t13,0,13,hdslay1,arr,,,,,,
oname:hdslay1_t13_otype:arr_i:0_j:14,34.15592,0.0,hdslay1_t13,0,14,hdslay1,arr,,,,,,
oname:hdslay1_t13_otype:arr_i:0_j:15,34.12835,0.0,hdslay1_t13,0,15,hdslay1,arr,,,,,,
oname:hdslay1_t13_otype:arr_i:0_j:16,34.11814,0.0,hdslay1_t13,0,16,hdslay1,arr,,,,,,
oname:hdslay1_t13_otype:arr_i:0_j:17,34.10865,0.0,hdslay1_t13,0,17,hdslay1,arr,,,,,,
oname:hdslay1_t13_otype:arr_i:0_j:18,34.10099,0.0,hdslay1_t13,0,18,hdslay1,arr,,,,,,
oname:hdslay1_t13_otype:arr_i:0_j:19,34.09734,0.0,hdslay1_t13,0,19,hdslay1,arr,,,,,,
oname:hdslay1_t13_otype:arr_i:0_j:2,34.71693,0.0,hdslay1_t13,0,2,hdslay1,arr,,,,,,
oname:hdslay1_t13_otype:arr_i:0_j:3,34.6909,0.0,hdslay1_t13,0,3,hdslay1,arr,,,,,,
oname:hdslay1_t13_otype:arr_i:0_j:4,34.64705,0.0,hdslay1_t13,0,4,hdslay1,arr,,,,,,
oname:hdslay1_t13_otype:arr_i:0_j:5,34.578,0.0,hdslay1_t13,0,5,hdslay1,arr,,,,,,
oname:hdslay1_t13_otype:arr_i:0_j:6,34.49463,0.0,hdslay1_t13,0,6,hdslay1,arr,,,,,,
oname:hdslay1_t13_otype:arr_i:0_j:7,34.42143,0.0,hdslay1_t13,0,7,hdslay1,arr,,,,,,
oname:hdslay1_t13_otype:arr_i:0_j:8,34.36001,0.0,hdslay1_t13,0,8,hdslay1,arr,,,,,,
oname:hdslay1_t13_otype:arr_i:0_j:9,34.31099,0.0,hdslay1_t13,0,9,hdslay1,arr,,,,,,
oname:hdslay1_t13_otype:arr_i:10_j:0,34.63881,0.0,hdslay1_t13,10,0,hdslay1,arr,,,,,,
oname:hdslay1_t13_otype:arr_i:10_j:1,34.63641,0.0,hdslay1_t13,10,1,hdslay1,arr,,,,,,
oname:hdslay1_t13_otype:arr_i:10_j:10,33.92851,0.0,hdslay1_t13,10,10,hdslay1,arr,,,,,,
oname:hdslay1_t13_otype:arr_i:10_j:11,33.8742,0.0,hdslay1_t13,10,11,hdslay1,arr,,,,,,
oname:hdslay1_t13_otype:arr_i:10_j:12,33.82425,0.0,hdslay1_t13,10,12,hdslay1,arr,,,,,,
oname:hdslay1_t13_otype:arr_i:10_j:13,33.79418,0.0,hdslay1_t13,10,13,hdslay1,arr,,,,,,
oname:hdslay1_t13_otype:arr_i:10_j:14,33.81634,0.0,hdslay1_t13,10,14,hdslay1,arr,,,,,,
oname:hdslay1_t13_otype:arr_i:10_j:15,33.8298,0.0,hdslay1_t13,10,15,hdslay1,arr,,,,,,
oname:hdslay1_t13_otype:arr_i:10_j:16,33.82677,0.0,hdslay1_t13,10,16,hdslay1,arr,,,,,,
oname:hdslay1_t13_otype:arr_i:10_j:17,33.84049,0.0,hdslay1_t13,10,17,hdslay1,arr,,,,,,
oname:hdslay1_t13_otype:arr_i:10_j:18,33.85106,0.0,hdslay1_t13,10,18,hdslay1,arr,,,,,,
oname:hdslay1_t13_otype:arr_i:10_j:19,33.85662,0.0,hdslay1_t13,10,19,hdslay1,arr,,,,,,
oname:hdslay1_t13_otype:arr_i:10_j:2,34.63512,0.0,hdslay1_t13,10,2,hdslay1,arr,,,,,,
oname:hdslay1_t13_otype:arr_i:10_j:3,34.63206,0.0,hdslay1_t13,10,3,hdslay1,arr,,,,,,
oname:hdslay1_t13_otype:arr_i:10_j:4,1e+30,0.0,hdslay1_t13,10,4,hdslay1,arr,,,,,,
oname:hdslay1_t13_otype:arr_i:10_j:5,1e+30,0.0,hdslay1_t13,10,5,hdslay1,arr,,,,,,
oname:hdslay1_t13_otype:arr_i:10_j:6,1e+30,0.0,hdslay1_t13,10,6,hdslay1,arr,,,,,,
oname:hdslay1_t13_otype:arr_i:10_j:7,1e+30,0.0,hdslay1_t13,10,7,hdslay1,arr,,,,,,
oname:hdslay1_t13_otype:arr_i:10_j:8,33.9776,0.0,hdslay1_t13,10,8,hdslay1,arr,,,,,,
oname:hdslay1_t13_otype:arr_i:10_j:9,33.95845,0.0,hdslay1_t13,10,9,hdslay1,arr,,,,,,
oname:hdslay1_t13_otype:arr_i:11_j:0,34.599,0.0,hdslay1_t13,11,0,hdslay1,arr,,,,,,
oname:hdslay1_t13_otype:arr_i:11_j:1,34.59739,0.0,hdslay1_t13,11,1,hdslay1,arr,,,,,,
oname:hdslay1_t13_otype:arr_i:11_j:10,33.87731,0.0,hdslay1_t13,11,10,hdslay1,arr,,,,,,
oname:hdslay1_t13_otype:arr_i:11_j:11,33.834,0.0,hdslay1_t13,11,11,hdslay1,arr,,,,,,
oname:hdslay1_t13_otype:arr_i:11_j:12,33.7801,0.0,hdslay1_t13,11,12,hdslay1,arr,,,,,,
oname:hdslay1_t13_otype:arr_i:11_j:13,33.69108,0.0,hdslay1_t13,11,13,hdslay1,arr,,,,,,
oname:hdslay1_t13_otype:arr_i:11_j:14,33.78783,0.0,hdslay1_t13,11,14,hdslay1,arr,,,,,,
oname:hdslay1_t13_otype:arr_i:11_j:15,33.82372,0.0,hdslay1_t13,11,15,hdslay1,arr,,,,,,
oname:hdslay1_t13_otype:arr_i:11_j:16,33.8309,0.0,hdslay1_t13,11,16,hdslay1,arr,,,,,,
oname:hdslay1_t13_otype:arr_i:11_j:17,33.83986,0.0,hdslay1_t13,11,17,hdslay1,arr,,,,,,
oname:hdslay1_t13_otype:arr_i:11_j:18,33.84735,0.0,hdslay1_t13,11,18,hdslay1,arr,,,,,,
oname:hdslay1_t13_otype:arr_i:11_j:19,33.85118,0.0,hdslay1_t13,11,19,hdslay1,arr,,,,,,
oname:hdslay1_t13_otype:arr_i:11_j:2,34.59597,0.0,hdslay1_t13,11,2,hdslay1,arr,,,,,,
oname:hdslay1_t13_otype:arr_i:11_j:3,34.59788,0.0,hdslay1_t13,11,3,hdslay1,arr,,,,,,
oname:hdslay1_t13_otype:arr_i:11_j:4,1e+30,0.0,hdslay1_t13,11,4,hdslay1,arr,,,,,,
oname:hdslay1_t13_otype:arr_i:11_j:5,1e+30,0.0,hdslay1_t13,11,5,hdslay1,arr,,,,,,
oname:hdslay1_t13_otype:arr_i:11_j:6,1e+30,0.0,hdslay1_t13,11,6,hdslay1,arr,,,,,,
oname:hdslay1_t13_otype:arr_i:11_j:7,1e+30,0.0,hdslay1_t13,11,7,hdslay1,arr,,,,,,
oname:hdslay1_t13_otype:arr_i:11_j:8,33.91575,0.0,hdslay1_t13,11,8,hdslay1,arr,,,,,,
oname:hdslay1_t13_otype:arr_i:11_j:9,33.90337,0.0,hdslay1_t13,11,9,hdslay1,arr,,,,,,
oname:hdslay1_t13_otype:arr_i:12_j:0,34.55516,0.0,hdslay1_t13,12,0,hdslay1,arr,,,,,,
oname:hdslay1_t13_otype:arr_i:12_j:1,34.55295,0.0,hdslay1_t13,12,1,hdslay1,arr,,,,,,
oname:hdslay1_t13_otype:arr_i:12_j:10,33.8517,0.0,hdslay1_t13,12,10,hdslay1,arr,,,,,,
oname:hdslay1_t13_otype:arr_i:12_j:11,33.82382,0.0,hdslay1_t13,12,11,hdslay1,arr,,,,,,
oname:hdslay1_t13_otype:arr_i:12_j:12,33.79094,0.0,hdslay1_t13,12,12,hdslay1,arr,,,,,,
oname:hdslay1_t13_otype:arr_i:12_j:13,33.76717,0.0,hdslay1_t13,12,13,hdslay1,arr,,,,,,
oname:hdslay1_t13_otype:arr_i:12_j:14,33.79877,0.0,hdslay1_t13,12,14,hdslay1,arr,,,,,,
oname:hdslay1_t13_otype:arr_i:12_j:15,33.82593,0.0,hdslay1_t13,12,15,hdslay1,arr,,,,,,
oname:hdslay1_t13_otype:arr_i:12_j:16,33.8327,0.0,hdslay1_t13,12,16,hdslay1,arr,,,,,,
oname:hdslay1_t13_otype:arr_i:12_j:17,33.83916,0.0,hdslay1_t13,12,17,hdslay1,arr,,,,,,
oname:hdslay1_t13_otype:arr_i:12_j:18,33.84501,0.0,hdslay1_t13,12,18,hdslay1,arr,,,,,,
oname:hdslay1_t13_otype:arr_i:12_j:19,33.84799,0.0,hdslay1_t13,12,19,hdslay1,arr,,,,,,
oname:hdslay1_t13_otype:arr_i:12_j:2,34.55345,0.0,hdslay1_t13,12,2,hdslay1,arr,,,,,,
oname:hdslay1_t13_otype:arr_i:12_j:3,34.55384,0.0,hdslay1_t13,12,3,hdslay1,arr,,,,,,
oname:hdslay1_t13_otype:arr_i:12_j:4,1e+30,0.0,hdslay1_t13,12,4,hdslay1,arr,,,,,,
oname:hdslay1_t13_otype:arr_i:12_j:5,1e+30,0.0,hdslay1_t13,12,5,hdslay1,arr,,,,,,
oname:hdslay1_t13_otype:arr_i:12_j:6,1e+30,0.0,hdslay1_t13,12,6,hdslay1,arr,,,,,,
oname:hdslay1_t13_otype:arr_i:12_j:7,1e+30,0.0,hdslay1_t13,12,7,hdslay1,arr,,,,,,
oname:hdslay1_t13_otype:arr_i:12_j:8,33.87952,0.0,hdslay1_t13,12,8,hdslay1,arr,,,,,,
oname:hdslay1_t13_otype:arr_i:12_j:9,33.868,0.0,hdslay1_t13,12,9,hdslay1,arr,,,,,,
oname:hdslay1_t13_otype:arr_i:13_j:0,34.50495,0.0,hdslay1_t13,13,0,hdslay1,arr,,,,,,
oname:hdslay1_t13_otype:arr_i:13_j:1,34.50699,0.0,hdslay1_t13,13,1,hdslay1,arr,,,,,,
oname:hdslay1_t13_otype:arr_i:13_j:10,33.83559,0.0,hdslay1_t13,13,10,hdslay1,arr,,,,,,
oname:hdslay1_t13_otype:arr_i:13_j:11,33.81947,0.0,hdslay1_t13,13,11,hdslay1,arr,,,,,,
oname:hdslay1_t13_otype:arr_i:13_j:12,33.80026,0.0,hdslay1_t13,13,12,hdslay1,arr,,,,,,
oname:hdslay1_t13_otype:arr_i:13_j:13,33.79345,0.0,hdslay1_t13,13,13,hdslay1,arr,,,,,,
oname:hdslay1_t13_otype:arr_i:13_j:14,33.80908,0.0,hdslay1_t13,13,14,hdslay1,arr,,,,,,
oname:hdslay1_t13_otype:arr_i:13_j:15,33.82902,0.0,hdslay1_t13,13,15,hdslay1,arr,,,,,,
oname:hdslay1_t13_otype:arr_i:13_j:16,33.83242,0.0,hdslay1_t13,13,16,hdslay1,arr,,,,,,
oname:hdslay1_t13_otype:arr_i:13_j:17,33.83715,0.0,hdslay1_t13,13,17,hdslay1,arr,,,,,,
oname:hdslay1_t13_otype:arr_i:13_j:18,33.84188,0.0,hdslay1_t13,13,18,hdslay1,arr,,,,,,
oname:hdslay1_t13_otype:arr_i:13_j:19,33.84513,0.0,hdslay1_t13,13,19,hdslay1,arr,,,,,,
oname:hdslay1_t13_otype:arr_i:13_j:2,34.50756,0.0,hdslay1_t13,13,2,hdslay1,arr,,,,,,
oname:hdslay1_t13_otype:arr_i:13_j:3,34.50518,0.0,hdslay1_t13,13,3,hdslay1,arr,,,,,,
oname:hdslay1_t13_otype:arr_i:13_j:4,1e+30,0.0,hdslay1_t13,13,4,hdslay1,arr,,,,,,
oname:hdslay1_t13_otype:arr_i:13_j:5,1e+30,0.0,hdslay1_t13,13,5,hdslay1,arr,,,,,,
oname:hdslay1_t13_otype:arr_i:13_j:6,1e+30,0.0,hdslay1_t13,13,6,hdslay1,arr,,,,,,
oname:hdslay1_t13_otype:arr_i:13_j:7,1e+30,0.0,hdslay1_t13,13,7,hdslay1,arr,,,,,,
oname:hdslay1_t13_otype:arr_i:13_j:8,33.84836,0.0,hdslay1_t13,13,8,hdslay1,arr,,,,,,
oname:hdslay1_t13_otype:arr_i:13_j:9,33.8419,0.0,hdslay1_t13,13,9,hdslay1,arr,,,,,,
oname:hdslay1_t13_otype:arr_i:14_j:0,34.43692,0.0,hdslay1_t13,14,0,hdslay1,arr,,,,,,
oname:hdslay1_t13_otype:arr_i:14_j:1,34.44469,0.0,hdslay1_t13,14,1,hdslay1,arr,,,,,,
oname:hdslay1_t13_otype:arr_i:14_j:10,33.81716,0.0,hdslay1_t13,14,10,hdslay1,arr,,,,,,
oname:hdslay1_t13_otype:arr_i:14_j:11,33.80618,0.0,hdslay1_t13,14,11,hdslay1,arr,,,,,,
oname:hdslay1_t13_otype:arr_i:14_j:12,33.79727,0.0,hdslay1_t13,14,12,hdslay1,arr,,,,,,
oname:hdslay1_t13_otype:arr_i:14_j:13,33.79729,0.0,hdslay1_t13,14,13,hdslay1,arr,,,,,,
oname:hdslay1_t13_otype:arr_i:14_j:14,33.80929,0.0,hdslay1_t13,14,14,hdslay1,arr,,,,,,
oname:hdslay1_t13_otype:arr_i:14_j:15,33.82547,0.0,hdslay1_t13,14,15,hdslay1,arr,,,,,,
oname:hdslay1_t13_otype:arr_i:14_j:16,33.82921,0.0,hdslay1_t13,14,16,hdslay1,arr,,,,,,
oname:hdslay1_t13_otype:arr_i:14_j:17,33.83275,0.0,hdslay1_t13,14,17,hdslay1,arr,,,,,,
oname:hdslay1_t13_otype:arr_i:14_j:18,33.83665,0.0,hdslay1_t13,14,18,hdslay1,arr,,,,,,
oname:hdslay1_t13_otype:arr_i:14_j:19,33.83983,0.0,hdslay1_t13,14,19,hdslay1,arr,,,,,,
oname:hdslay1_t13_otype:arr_i:14_j:2,34.44479,0.0,hdslay1_t13,14,2,hdslay1,arr,,,,,,
oname:hdslay1_t13_otype:arr_i:14_j:3,34.44388,0.0,hdslay1_t13,14,3,hdslay1,arr,,,,,,
oname:hdslay1_t13_otype:arr_i:14_j:4,1e+30,0.0,hdslay1_t13,14,4,hdslay1,arr,,,,,,
oname:hdslay1_t13_otype:arr_i:14_j:5,1e+30,0.0,hdslay1_t13,14,5,hdslay1,arr,,,,,,
oname:hdslay1_t13_otype:arr_i:14_j:6,1e+30,0.0,hdslay1_t13,14,6,hdslay1,arr,,,,,,
oname:hdslay1_t13_otype:arr_i:14_j:7,1e+30,0.0,hdslay1_t13,14,7,hdslay1,arr,,,,,,
oname:hdslay1_t13_otype:arr_i:14_j:8,33.81921,0.0,hdslay1_t13,14,8,hdslay1,arr,,,,,,
oname:hdslay1_t13_otype:arr_i:14_j:9,33.81992,0.0,hdslay1_t13,14,9,hdslay1,arr,,,,,,
oname:hdslay1_t13_otype:arr_i:15_j:0,34.37333,0.0,hdslay1_t13,15,0,hdslay1,arr,,,,,,
oname:hdslay1_t13_otype:arr_i:15_j:1,34.37845,0.0,hdslay1_t13,15,1,hdslay1,arr,,,,,,
oname:hdslay1_t13_otype:arr_i:15_j:10,33.78819,0.0,hdslay1_t13,15,10,hdslay1,arr,,,,,,
oname:hdslay1_t13_otype:arr_i:15_j:11,33.78114,0.0,hdslay1_t13,15,11,hdslay1,arr,,,,,,
oname:hdslay1_t13_otype:arr_i:15_j:12,33.78121,0.0,hdslay1_t13,15,12,hdslay1,arr,,,,,,
oname:hdslay1_t13_otype:arr_i:15_j:13,33.78588,0.0,hdslay1_t13,15,13,hdslay1,arr,,,,,,
oname:hdslay1_t13_otype:arr_i:15_j:14,33.80025,0.0,hdslay1_t13,15,14,hdslay1,arr,,,,,,
oname:hdslay1_t13_otype:arr_i:15_j:15,33.81727,0.0,hdslay1_t13,15,15,hdslay1,arr,,,,,,
oname:hdslay1_t13_otype:arr_i:15_j:16,33.82218,0.0,hdslay1_t13,15,16,hdslay1,arr,,,,,,
oname:hdslay1_t13_otype:arr_i:15_j:17,33.82649,0.0,hdslay1_t13,15,17,hdslay1,arr,,,,,,
oname:hdslay1_t13_otype:arr_i:15_j:18,33.83003,0.0,hdslay1_t13,15,18,hdslay1,arr,,,,,,
oname:hdslay1_t13_otype:arr_i:15_j:19,33.83267,0.0,hdslay1_t13,15,19,hdslay1,arr,,,,,,
oname:hdslay1_t13_otype:arr_i:15_j:2,34.37147,0.0,hdslay1_t13,15,2,hdslay1,arr,,,,,,
oname:hdslay1_t13_otype:arr_i:15_j:3,34.36595,0.0,hdslay1_t13,15,3,hdslay1,arr,,,,,,
oname:hdslay1_t13_otype:arr_i:15_j:4,1e+30,0.0,hdslay1_t13,15,4,hdslay1,arr,,,,,,
oname:hdslay1_t13_otype:arr_i:15_j:5,1e+30,0.0,hdslay1_t13,15,5,hdslay1,arr,,,,,,
oname:hdslay1_t13_otype:arr_i:15_j:6,1e+30,0.0,hdslay1_t13,15,6,hdslay1,arr,,,,,,
oname:hdslay1_t13_otype:arr_i:15_j:7,1e+30,0.0,hdslay1_t13,15,7,hdslay1,arr,,,,,,
oname:hdslay1_t13_otype:arr_i:15_j:8,33.79072,0.0,hdslay1_t13,15,8,hdslay1,arr,,,,,,
oname:hdslay1_t13_otype:arr_i:15_j:9,33.78982,0.0,hdslay1_t13,15,9,hdslay1,arr,,,,,,
oname:hdslay1_t13_otype:arr_i:16_j:0,34.31143,0.0,hdslay1_t13,16,0,hdslay1,arr,,,,,,
oname:hdslay1_t13_otype:arr_i:16_j:1,34.30401,0.0,hdslay1_t13,16,1,hdslay1,arr,,,,,,
oname:hdslay1_t13_otype:arr_i:16_j:10,33.74531,0.0,hdslay1_t13,16,10,hdslay1,arr,,,,,,
oname:hdslay1_t13_otype:arr_i:16_j:11,33.74461,0.0,hdslay1_t13,16,11,hdslay1,arr,,,,,,
oname:hdslay1_t13_otype:arr_i:16_j:12,33.75018,0.0,hdslay1_t13,16,12,hdslay1,arr,,,,,,
oname:hdslay1_t13_otype:arr_i:16_j:13,33.76242,0.0,hdslay1_t13,16,13,hdslay1,arr,,,,,,
oname:hdslay1_t13_otype:arr_i:16_j:14,33.77868,0.0,hdslay1_t13,16,14,hdslay1,arr,,,,,,
oname:hdslay1_t13_otype:arr_i:16_j:15,33.80082,0.0,hdslay1_t13,16,15,hdslay1,arr,,,,,,
oname:hdslay1_t13_otype:arr_i:16_j:16,33.80747,0.0,hdslay1_t13,16,16,hdslay1,arr,,,,,,
oname:hdslay1_t13_otype:arr_i:16_j:17,33.81297,0.0,hdslay1_t13,16,17,hdslay1,arr,,,,,,
oname:hdslay1_t13_otype:arr_i:16_j:18,33.81777,0.0,hdslay1_t13,16,18,hdslay1,arr,,,,,,
oname:hdslay1_t13_otype:arr_i:16_j:19,33.82147,0.0,hdslay1_t13,16,19,hdslay1,arr,,,,,,
oname:hdslay1_t13_otype:arr_i:16_j:2,34.29332,0.0,hdslay1_t13,16,2,hdslay1,arr,,,,,,
oname:hdslay1_t13_otype:arr_i:16_j:3,34.29194,0.0,hdslay1_t13,16,3,hdslay1,arr,,,,,,
oname:hdslay1_t13_otype:arr_i:16_j:4,1e+30,0.0,hdslay1_t13,16,4,hdslay1,arr,,,,,,
oname:hdslay1_t13_otype:arr_i:16_j:5,1e+30,0.0,hdslay1_t13,16,5,hdslay1,arr,,,,,,
oname:hdslay1_t13_otype:arr_i:16_j:6,1e+30,0.0,hdslay1_t13,16,6,hdslay1,arr,,,,,,
oname:hdslay1_t13_otype:arr_i:16_j:7,1e+30,0.0,hdslay1_t13,16,7,hdslay1,arr,,,,,,
oname:hdslay1_t13_otype:arr_i:16_j:8,33.74915,0.0,hdslay1_t13,16,8,hdslay1,arr,,,,,,
oname:hdslay1_t13_otype:arr_i:16_j:9,33.74945,0.0,hdslay1_t13,16,9,hdslay1,arr,,,,,,
oname:hdslay1_t13_otype:arr_i:17_j:0,34.23277,0.0,hdslay1_t13,17,0,hdslay1,arr,,,,,,
oname:hdslay1_t13_otype:arr_i:17_j:1,34.22598,0.0,hdslay1_t13,17,1,hdslay1,arr,,,,,,
oname:hdslay1_t13_otype:arr_i:17_j:10,33.69671,0.0,hdslay1_t13,17,10,hdslay1,arr,,,,,,
oname:hdslay1_t13_otype:arr_i:17_j:11,33.69801,0.0,hdslay1_t13,17,11,hdslay1,arr,,,,,,
oname:hdslay1_t13_otype:arr_i:17_j:12,33.70041,0.0,hdslay1_t13,17,12,hdslay1,arr,,,,,,
oname:hdslay1_t13_otype:arr_i:17_j:13,33.71714,0.0,hdslay1_t13,17,13,hdslay1,arr,,,,,,
oname:hdslay1_t13_otype:arr_i:17_j:14,33.73639,0.0,hdslay1_t13,17,14,hdslay1,arr,,,,,,
oname:hdslay1_t13_otype:arr_i:17_j:15,33.77231,0.0,hdslay1_t13,17,15,hdslay1,arr,,,,,,
oname:hdslay1_t13_otype:arr_i:17_j:16,33.782,0.0,hdslay1_t13,17,16,hdslay1,arr,,,,,,
oname:hdslay1_t13_otype:arr_i:17_j:17,33.79094,0.0,hdslay1_t13,17,17,hdslay1,arr,,,,,,
oname:hdslay1_t13_otype:arr_i:17_j:18,33.79959,0.0,hdslay1_t13,17,18,hdslay1,arr,,,,,,
oname:hdslay1_t13_otype:arr_i:17_j:19,33.80359,0.0,hdslay1_t13,17,19,hdslay1,arr,,,,,,
oname:hdslay1_t13_otype:arr_i:17_j:2,34.22799,0.0,hdslay1_t13,17,2,hdslay1,arr,,,,,,
oname:hdslay1_t13_otype:arr_i:17_j:3,34.2368,0.0,hdslay1_t13,17,3,hdslay1,arr,,,,,,
oname:hdslay1_t13_otype:arr_i:17_j:4,1e+30,0.0,hdslay1_t13,17,4,hdslay1,arr,,,,,,
oname:hdslay1_t13_otype:arr_i:17_j:5,1e+30,0.0,hdslay1_t13,17,5,hdslay1,arr,,,,,,
oname:hdslay1_t13_otype:arr_i:17_j:6,1e+30,0.0,hdslay1_t13,17,6,hdslay1,arr,,,,,,
oname:hdslay1_t13_otype:arr_i:17_j:7,1e+30,0.0,hdslay1_t13,17,7,hdslay1,arr,,,,,,
oname:hdslay1_t13_otype:arr_i:17_j:8,33.70329,0.0,hdslay1_t13,17,8,hdslay1,arr,,,,,,
oname:hdslay1_t13_otype:arr_i:17_j:9,33.70197,0.0,hdslay1_t13,17,9,hdslay1,arr,,,,,,
oname:hdslay1_t13_otype:arr_i:18_j:0,34.14267,0.0,hdslay1_t13,18,0,hdslay1,arr,,,,,,
oname:hdslay1_t13_otype:arr_i:18_j:1,34.14505,0.0,hdslay1_t13,18,1,hdslay1,arr,,,,,,
oname:hdslay1_t13_otype:arr_i:18_j:10,33.65594,0.0,hdslay1_t13,18,10,hdslay1,arr,,,,,,
oname:hdslay1_t13_otype:arr_i:18_j:11,33.65146,0.0,hdslay1_t13,18,11,hdslay1,arr,,,,,,
oname:hdslay1_t13_otype:arr_i:18_j:12,33.64944,0.0,hdslay1_t13,18,12,hdslay1,arr,,,,,,
oname:hdslay1_t13_otype:arr_i:18_j:13,33.65432,0.0,hdslay1_t13,18,13,hdslay1,arr,,,,,,
oname:hdslay1_t13_otype:arr_i:18_j:14,33.66697,0.0,hdslay1_t13,18,14,hdslay1,arr,,,,,,
oname:hdslay1_t13_otype:arr_i:18_j:15,33.72916,0.0,hdslay1_t13,18,15,hdslay1,arr,,,,,,
oname:hdslay1_t13_otype:arr_i:18_j:16,33.74624,0.0,hdslay1_t13,18,16,hdslay1,arr,,,,,,
oname:hdslay1_t13_otype:arr_i:18_j:17,33.76267,0.0,hdslay1_t13,18,17,hdslay1,arr,,,,,,
oname:hdslay1_t13_otype:arr_i:18_j:18,33.77624,0.0,hdslay1_t13,18,18,hdslay1,arr,,,,,,
oname:hdslay1_t13_otype:arr_i:18_j:19,33.78144,0.0,hdslay1_t13,18,19,hdslay1,arr,,,,,,
oname:hdslay1_t13_otype:arr_i:18_j:2,34.15493,0.0,hdslay1_t13,18,2,hdslay1,arr,,,,,,
oname:hdslay1_t13_otype:arr_i:18_j:3,34.17083,0.0,hdslay1_t13,18,3,hdslay1,arr,,,,,,
oname:hdslay1_t13_otype:arr_i:18_j:4,1e+30,0.0,hdslay1_t13,18,4,hdslay1,arr,,,,,,
oname:hdslay1_t13_otype:arr_i:18_j:5,1e+30,0.0,hdslay1_t13,18,5,hdslay1,arr,,,,,,
oname:hdslay1_t13_otype:arr_i:18_j:6,1e+30,0.0,hdslay1_t13,18,6,hdslay1,arr,,,,,,
oname:hdslay1_t13_otype:arr_i:18_j:7,1e+30,0.0,hdslay1_t13,18,7,hdslay1,arr,,,,,,
oname:hdslay1_t13_otype:arr_i:18_j:8,33.66207,0.0,hdslay1_t13,18,8,hdslay1,arr,,,,,,
oname:hdslay1_t13_otype:arr_i:18_j:9,33.65865,0.0,hdslay1_t13,18,9,hdslay1,arr,,,,,,
oname:hdslay1_t13_otype:arr_i:19_j:0,34.05365,0.0,hdslay1_t13,19,0,hdslay1,arr,,,,,,
oname:hdslay1_t13_otype:arr_i:19_j:1,34.05344,0.0,hdslay1_t13,19,1,hdslay1,arr,,,,,,
oname:hdslay1_t13_otype:arr_i:19_j:10,33.62011,0.0,hdslay1_t13,19,10,hdslay1,arr,,,,,,
oname:hdslay1_t13_otype:arr_i:19_j:11,33.61051,0.0,hdslay1_t13,19,11,hdslay1,arr,,,,,,
oname:hdslay1_t13_otype:arr_i:19_j:12,33.60373,0.0,hdslay1_t13,19,12,hdslay1,arr,,,,,,
oname:hdslay1_t13_otype:arr_i:19_j:13,33.58459,0.0,hdslay1_t13,19,13,hdslay1,arr,,,,,,
oname:hdslay1_t13_otype:arr_i:19_j:14,33.55867,0.0,hdslay1_t13,19,14,hdslay1,arr,,,,,,
oname:hdslay1_t13_otype:arr_i:19_j:15,33.67381,0.0,hdslay1_t13,19,15,hdslay1,arr,,,,,,
oname:hdslay1_t13_otype:arr_i:19_j:16,33.7082,0.0,hdslay1_t13,19,16,hdslay1,arr,,,,,,
oname:hdslay1_t13_otype:arr_i:19_j:17,33.72881,0.0,hdslay1_t13,19,17,hdslay1,arr,,,,,,
oname:hdslay1_t13_otype:arr_i:19_j:18,33.74209,0.0,hdslay1_t13,19,18,hdslay1,arr,,,,,,
oname:hdslay1_t13_otype:arr_i:19_j:19,33.75191,0.0,hdslay1_t13,19,19,hdslay1,arr,,,,,,
oname:hdslay1_t13_otype:arr_i:19_j:2,34.06214,0.0,hdslay1_t13,19,2,hdslay1,arr,,,,,,
oname:hdslay1_t13_otype:arr_i:19_j:3,34.07748,0.0,hdslay1_t13,19,3,hdslay1,arr,,,,,,
oname:hdslay1_t13_otype:arr_i:19_j:4,1e+30,0.0,hdslay1_t13,19,4,hdslay1,arr,,,,,,
oname:hdslay1_t13_otype:arr_i:19_j:5,1e+30,0.0,hdslay1_t13,19,5,hdslay1,arr,,,,,,
oname:hdslay1_t13_otype:arr_i:19_j:6,1e+30,0.0,hdslay1_t13,19,6,hdslay1,arr,,,,,,
oname:hdslay1_t13_otype:arr_i:19_j:7,1e+30,0.0,hdslay1_t13,19,7,hdslay1,arr,,,,,,
oname:hdslay1_t13_otype:arr_i:19_j:8,33.62713,0.0,hdslay1_t13,19,8,hdslay1,arr,,,,,,
oname:hdslay1_t13_otype:arr_i:19_j:9,33.62437,0.0,hdslay1_t13,19,9,hdslay1,arr,,,,,,
oname:hdslay1_t13_otype:arr_i:1_j:0,34.74381,0.0,hdslay1_t13,1,0,hdslay1,arr,,,,,,
oname:hdslay1_t13_otype:arr_i:1_j:1,34.73508,0.0,hdslay1_t13,1,1,hdslay1,arr,,,,,,
oname:hdslay1_t13_otype:arr_i:1_j:10,34.26901,0.0,hdslay1_t13,1,10,hdslay1,arr,,,,,,
oname:hdslay1_t13_otype:arr_i:1_j:11,34.23412,0.0,hdslay1_t13,1,11,hdslay1,arr,,,,,,
oname:hdslay1_t13_otype:arr_i:1_j:12,34.20488,0.0,hdslay1_t13,1,12,hdslay1,arr,,,,,,
oname:hdslay1_t13_otype:arr_i:1_j:13,34.17839,0.0,hdslay1_t13,1,13,hdslay1,arr,,,,,,
oname:hdslay1_t13_otype:arr_i:1_j:14,34.15115,0.0,hdslay1_t13,1,14,hdslay1,arr,,,,,,
oname:hdslay1_t13_otype:arr_i:1_j:15,34.12389,0.0,hdslay1_t13,1,15,hdslay1,arr,,,,,,
oname:hdslay1_t13_otype:arr_i:1_j:16,34.11336,0.0,hdslay1_t13,1,16,hdslay1,arr,,,,,,
oname:hdslay1_t13_otype:arr_i:1_j:17,34.10305,0.0,hdslay1_t13,1,17,hdslay1,arr,,,,,,
oname:hdslay1_t13_otype:arr_i:1_j:18,34.09501,0.0,hdslay1_t13,1,18,hdslay1,arr,,,,,,
oname:hdslay1_t13_otype:arr_i:1_j:19,34.09042,0.0,hdslay1_t13,1,19,hdslay1,arr,,,,,,
oname:hdslay1_t13_otype:arr_i:1_j:2,34.71622,0.0,hdslay1_t13,1,2,hdslay1,arr,,,,,,
oname:hdslay1_t13_otype:arr_i:1_j:3,34.68761,0.0,hdslay1_t13,1,3,hdslay1,arr,,,,,,
oname:hdslay1_t13_otype:arr_i:1_j:4,34.6446,0.0,hdslay1_t13,1,4,hdslay1,arr,,,,,,
oname:hdslay1_t13_otype:arr_i:1_j:5,34.58602,0.0,hdslay1_t13,1,5,hdslay1,arr,,,,,,
oname:hdslay1_t13_otype:arr_i:1_j:6,34.50942,0.0,hdslay1_t13,1,6,hdslay1,arr,,,,,,
oname:hdslay1_t13_otype:arr_i:1_j:7,34.42456,0.0,hdslay1_t13,1,7,hdslay1,arr,,,,,,
oname:hdslay1_t13_otype:arr_i:1_j:8,34.35673,0.0,hdslay1_t13,1,8,hdslay1,arr,,,,,,
oname:hdslay1_t13_otype:arr_i:1_j:9,34.30776,0.0,hdslay1_t13,1,9,hdslay1,arr,,,,,,
oname:hdslay1_t13_otype:arr_i:20_j:0,33.96844,0.0,hdslay1_t13,20,0,hdslay1,arr,,,,,,
oname:hdslay1_t13_otype:arr_i:20_j:1,33.97119,0.0,hdslay1_t13,20,1,hdslay1,arr,,,,,,
oname:hdslay1_t13_otype:arr_i:20_j:10,33.59471,0.0,hdslay1_t13,20,10,hdslay1,arr,,,,,,
oname:hdslay1_t13_otype:arr_i:20_j:11,33.58851,0.0,hdslay1_t13,20,11,hdslay1,arr,,,,,,
oname:hdslay1_t13_otype:arr_i:20_j:12,33.5762,0.0,hdslay1_t13,20,12,hdslay1,arr,,,,,,
oname:hdslay1_t13_otype:arr_i:20_j:13,33.52201,0.0,hdslay1_t13,20,13,hdslay1,arr,,,,,,
oname:hdslay1_t13_otype:arr_i:20_j:14,33.33433,0.0,hdslay1_t13,20,14,hdslay1,arr,,,,,,
oname:hdslay1_t13_otype:arr_i:20_j:15,33.59143,0.0,hdslay1_t13,20,15,hdslay1,arr,,,,,,
oname:hdslay1_t13_otype:arr_i:20_j:16,33.67033,0.0,hdslay1_t13,20,16,hdslay1,arr,,,,,,
oname:hdslay1_t13_otype:arr_i:20_j:17,33.70134,0.0,hdslay1_t13,20,17,hdslay1,arr,,,,,,
oname:hdslay1_t13_otype:arr_i:20_j:18,33.71329,0.0,hdslay1_t13,20,18,hdslay1,arr,,,,,,
oname:hdslay1_t13_otype:arr_i:20_j:19,33.72229,0.0,hdslay1_t13,20,19,hdslay1,arr,,,,,,
oname:hdslay1_t13_otype:arr_i:20_j:2,33.96833,0.0,hdslay1_t13,20,2,hdslay1,arr,,,,,,
oname:hdslay1_t13_otype:arr_i:20_j:3,33.96405,0.0,hdslay1_t13,20,3,hdslay1,arr,,,,,,
oname:hdslay1_t13_otype:arr_i:20_j:4,1e+30,0.0,hdslay1_t13,20,4,hdslay1,arr,,,,,,
oname:hdslay1_t13_otype:arr_i:20_j:5,1e+30,0.0,hdslay1_t13,20,5,hdslay1,arr,,,,,,
oname:hdslay1_t13_otype:arr_i:20_j:6,1e+30,0.0,hdslay1_t13,20,6,hdslay1,arr,,,,,,
oname:hdslay1_t13_otype:arr_i:20_j:7,1e+30,0.0,hdslay1_t13,20,7,hdslay1,arr,,,,,,
oname:hdslay1_t13_otype:arr_i:20_j:8,33.59873,0.0,hdslay1_t13,20,8,hdslay1,arr,,,,,,
oname:hdslay1_t13_otype:arr_i:20_j:9,33.59874,0.0,hdslay1_t13,20,9,hdslay1,arr,,,,,,
oname:hdslay1_t13_otype:arr_i:21_j:0,33.89011,0.0,hdslay1_t13,21,0,hdslay1,arr,,,,,,
oname:hdslay1_t13_otype:arr_i:21_j:1,33.89276,0.0,hdslay1_t13,21,1,hdslay1,arr,,,,,,
oname:hdslay1_t13_otype:arr_i:21_j:10,33.57933,0.0,hdslay1_t13,21,10,hdslay1,arr,,,,,,
oname:hdslay1_t13_otype:arr_i:21_j:11,33.57913,0.0,hdslay1_t13,21,11,hdslay1,arr,,,,,,
oname:hdslay1_t13_otype:arr_i:21_j:12,33.57275,0.0,hdslay1_t13,21,12,hdslay1,arr,,,,,,
oname:hdslay1_t13_otype:arr_i:21_j:13,33.55334,0.0,hdslay1_t13,21,13,hdslay1,arr,,,,,,
oname:hdslay1_t13_otype:arr_i:21_j:14,33.53241,0.0,hdslay1_t13,21,14,hdslay1,arr,,,,,,
oname:hdslay1_t13_otype:arr_i:21_j:15,33.61637,0.0,hdslay1_t13,21,15,hdslay1,arr,,,,,,
oname:hdslay1_t13_otype:arr_i:21_j:16,33.65688,0.0,hdslay1_t13,21,16,hdslay1,arr,,,,,,
oname:hdslay1_t13_otype:arr_i:21_j:17,33.68501,0.0,hdslay1_t13,21,17,hdslay1,arr,,,,,,
oname:hdslay1_t13_otype:arr_i:21_j:18,33.69829,0.0,hdslay1_t13,21,18,hdslay1,arr,,,,,,
oname:hdslay1_t13_otype:arr_i:21_j:19,33.70338,0.0,hdslay1_t13,21,19,hdslay1,arr,,,,,,
oname:hdslay1_t13_otype:arr_i:21_j:2,33.8776,0.0,hdslay1_t13,21,2,hdslay1,arr,,,,,,
oname:hdslay1_t13_otype:arr_i:21_j:3,33.84964,0.0,hdslay1_t13,21,3,hdslay1,arr,,,,,,
oname:hdslay1_t13_otype:arr_i:21_j:4,1e+30,0.0,hdslay1_t13,21,4,hdslay1,arr,,,,,,
oname:hdslay1_t13_otype:arr_i:21_j:5,1e+30,0.0,hdslay1_t13,21,5,hdslay1,arr,,,,,,
oname:hdslay1_t13_otype:arr_i:21_j:6,33.54178,0.0,hdslay1_t13,21,6,hdslay1,arr,,,,,,
oname:hdslay1_t13_otype:arr_i:21_j:7,33.55353,0.0,hdslay1_t13,21,7,hdslay1,arr,,,,,,
oname:hdslay1_t13_otype:arr_i:21_j:8,33.57184,0.0,hdslay1_t13,21,8,hdslay1,arr,,,,,,
oname:hdslay1_t13_otype:arr_i:21_j:9,33.57892,0.0,hdslay1_t13,21,9,hdslay1,arr,,,,,,
oname:hdslay1_t13_otype:arr_i:22_j:0,33.81185,0.0,hdslay1_t13,22,0,hdslay1,arr,,,,,,
oname:hdslay1_t13_otype:arr_i:22_j:1,33.79541,0.0,hdslay1_t13,22,1,hdslay1,arr,,,,,,
oname:hdslay1_t13_otype:arr_i:22_j:10,33.5663,0.0,hdslay1_t13,22,10,hdslay1,arr,,,,,,
oname:hdslay1_t13_otype:arr_i:22_j:11,33.57073,0.0,hdslay1_t13,22,11,hdslay1,arr,,,,,,
oname:hdslay1_t13_otype:arr_i:22_j:12,33.57319,0.0,hdslay1_t13,22,12,hdslay1,arr,,,,,,
oname:hdslay1_t13_otype:arr_i:22_j:13,33.57698,0.0,hdslay1_t13,22,13,hdslay1,arr,,,,,,
oname:hdslay1_t13_otype:arr_i:22_j:14,33.58976,0.0,hdslay1_t13,22,14,hdslay1,arr,,,,,,
oname:hdslay1_t13_otype:arr_i:22_j:15,33.63178,0.0,hdslay1_t13,22,15,hdslay1,arr,,,,,,
oname:hdslay1_t13_otype:arr_i:22_j:16,33.65342,0.0,hdslay1_t13,22,16,hdslay1,arr,,,,,,
oname:hdslay1_t13_otype:arr_i:22_j:17,33.67288,0.0,hdslay1_t13,22,17,hdslay1,arr,,,,,,
oname:hdslay1_t13_otype:arr_i:22_j:18,33.68414,0.0,hdslay1_t13,22,18,hdslay1,arr,,,,,,
oname:hdslay1_t13_otype:arr_i:22_j:19,33.68841,0.0,hdslay1_t13,22,19,hdslay1,arr,,,,,,
oname:hdslay1_t13_otype:arr_i:22_j:2,33.77197,0.0,hdslay1_t13,22,2,hdslay1,arr,,,,,,
oname:hdslay1_t13_otype:arr_i:22_j:3,33.70552,0.0,hdslay1_t13,22,3,hdslay1,arr,,,,,,
oname:hdslay1_t13_otype:arr_i:22_j:4,33.59191,0.0,hdslay1_t13,22,4,hdslay1,arr,,,,,,
oname:hdslay1_t13_otype:arr_i:22_j:5,1e+30,0.0,hdslay1_t13,22,5,hdslay1,arr,,,,,,
oname:hdslay1_t13_otype:arr_i:22_j:6,33.52771,0.0,hdslay1_t13,22,6,hdslay1,arr,,,,,,
oname:hdslay1_t13_otype:arr_i:22_j:7,33.53879,0.0,hdslay1_t13,22,7,hdslay1,arr,,,,,,
oname:hdslay1_t13_otype:arr_i:22_j:8,33.55243,0.0,hdslay1_t13,22,8,hdslay1,arr,,,,,,
oname:hdslay1_t13_otype:arr_i:22_j:9,33.56185,0.0,hdslay1_t13,22,9,hdslay1,arr,,,,,,
oname:hdslay1_t13_otype:arr_i:23_j:0,33.72281,0.0,hdslay1_t13,23,0,hdslay1,arr,,,,,,
oname:hdslay1_t13_otype:arr_i:23_j:1,33.69986,0.0,hdslay1_t13,23,1,hdslay1,arr,,,,,,
oname:hdslay1_t13_otype:arr_i:23_j:10,33.54726,0.0,hdslay1_t13,23,10,hdslay1,arr,,,,,,
oname:hdslay1_t13_otype:arr_i:23_j:11,33.55749,0.0,hdslay1_t13,23,11,hdslay1,arr,,,,,,
oname:hdslay1_t13_otype:arr_i:23_j:12,33.57078,0.0,hdslay1_t13,23,12,hdslay1,arr,,,,,,
oname:hdslay1_t13_otype:arr_i:23_j:13,33.58849,0.0,hdslay1_t13,23,13,hdslay1,arr,,,,,,
oname:hdslay1_t13_otype:arr_i:23_j:14,33.61107,0.0,hdslay1_t13,23,14,hdslay1,arr,,,,,,
oname:hdslay1_t13_otype:arr_i:23_j:15,33.64531,0.0,hdslay1_t13,23,15,hdslay1,arr,,,,,,
oname:hdslay1_t13_otype:arr_i:23_j:16,33.65471,0.0,hdslay1_t13,23,16,hdslay1,arr,,,,,,
oname:hdslay1_t13_otype:arr_i:23_j:17,33.66584,0.0,hdslay1_t13,23,17,hdslay1,arr,,,,,,
oname:hdslay1_t13_otype:arr_i:23_j:18,33.6735,0.0,hdslay1_t13,23,18,hdslay1,arr,,,,,,
oname:hdslay1_t13_otype:arr_i:23_j:19,33.67585,0.0,hdslay1_t13,23,19,hdslay1,arr,,,,,,
oname:hdslay1_t13_otype:arr_i:23_j:2,33.6624,0.0,hdslay1_t13,23,2,hdslay1,arr,,,,,,
oname:hdslay1_t13_otype:arr_i:23_j:3,33.58604,0.0,hdslay1_t13,23,3,hdslay1,arr,,,,,,
oname:hdslay1_t13_otype:arr_i:23_j:4,33.50013,0.0,hdslay1_t13,23,4,hdslay1,arr,,,,,,
oname:hdslay1_t13_otype:arr_i:23_j:5,33.48402,0.0,hdslay1_t13,23,5,hdslay1,arr,,,,,,
oname:hdslay1_t13_otype:arr_i:23_j:6,33.50254,0.0,hdslay1_t13,23,6,hdslay1,arr,,,,,,
oname:hdslay1_t13_otype:arr_i:23_j:7,33.5172,0.0,hdslay1_t13,23,7,hdslay1,arr,,,,,,
oname:hdslay1_t13_otype:arr_i:23_j:8,33.53043,0.0,hdslay1_t13,23,8,hdslay1,arr,,,,,,
oname:hdslay1_t13_otype:arr_i:23_j:9,33.54024,0.0,hdslay1_t13,23,9,hdslay1,arr,,,,,,
oname:hdslay1_t13_otype:arr_i:24_j:0,33.64658,0.0,hdslay1_t13,24,0,hdslay1,arr,,,,,,
oname:hdslay1_t13_otype:arr_i:24_j:1,33.62936,0.0,hdslay1_t13,24,1,hdslay1,arr,,,,,,
oname:hdslay1_t13_otype:arr_i:24_j:10,33.51979,0.0,hdslay1_t13,24,10,hdslay1,arr,,,,,,
oname:hdslay1_t13_otype:arr_i:24_j:11,33.53765,0.0,hdslay1_t13,24,11,hdslay1,arr,,,,,,
oname:hdslay1_t13_otype:arr_i:24_j:12,33.56086,0.0,hdslay1_t13,24,12,hdslay1,arr,,,,,,
oname:hdslay1_t13_otype:arr_i:24_j:13,33.58814,0.0,hdslay1_t13,24,13,hdslay1,arr,,,,,,
oname:hdslay1_t13_otype:arr_i:24_j:14,33.61684,0.0,hdslay1_t13,24,14,hdslay1,arr,,,,,,
oname:hdslay1_t13_otype:arr_i:24_j:15,33.65107,0.0,hdslay1_t13,24,15,hdslay1,arr,,,,,,
oname:hdslay1_t13_otype:arr_i:24_j:16,33.65233,0.0,hdslay1_t13,24,16,hdslay1,arr,,,,,,
oname:hdslay1_t13_otype:arr_i:24_j:17,33.65681,0.0,hdslay1_t13,24,17,hdslay1,arr,,,,,,
oname:hdslay1_t13_otype:arr_i:24_j:18,33.66216,0.0,hdslay1_t13,24,18,hdslay1,arr,,,,,,
oname:hdslay1_t13_otype:arr_i:24_j:19,33.66537,0.0,hdslay1_t13,24,19,hdslay1,arr,,,,,,
oname:hdslay1_t13_otype:arr_i:24_j:2,33.58744,0.0,hdslay1_t13,24,2,hdslay1,arr,,,,,,
oname:hdslay1_t13_otype:arr_i:24_j:3,33.51379,0.0,hdslay1_t13,24,3,hdslay1,arr,,,,,,
oname:hdslay1_t13_otype:arr_i:24_j:4,33.38138,0.0,hdslay1_t13,24,4,hdslay1,arr,,,,,,
oname:hdslay1_t13_otype:arr_i:24_j:5,33.44971,0.0,hdslay1_t13,24,5,hdslay1,arr,,,,,,
oname:hdslay1_t13_otype:arr_i:24_j:6,33.47834,0.0,hdslay1_t13,24,6,hdslay1,arr,,,,,,
oname:hdslay1_t13_otype:arr_i:24_j:7,33.49563,0.0,hdslay1_t13,24,7,hdslay1,arr,,,,,,
oname:hdslay1_t13_otype:arr_i:24_j:8,33.50869,0.0,hdslay1_t13,24,8,hdslay1,arr,,,,,,
oname:hdslay1_t13_otype:arr_i:24_j:9,33.51434,0.0,hdslay1_t13,24,9,hdslay1,arr,,,,,,
oname:hdslay1_t13_otype:arr_i:25_j:0,33.60221,0.0,hdslay1_t13,25,0,hdslay1,arr,,,,,,
oname:hdslay1_t13_otype:arr_i:25_j:1,33.59052,0.0,hdslay1_t13,25,1,hdslay1,arr,,,,,,
oname:hdslay1_t13_otype:arr_i:25_j:10,33.48425,0.0,hdslay1_t13,25,10,hdslay1,arr,,,,,,
oname:hdslay1_t13_otype:arr_i:25_j:11,33.51323,0.0,hdslay1_t13,25,11,hdslay1,arr,,,,,,
oname:hdslay1_t13_otype:arr_i:25_j:12,33.54569,0.0,hdslay1_t13,25,12,hdslay1,arr,,,,,,
oname:hdslay1_t13_otype:arr_i:25_j:13,33.57686,0.0,hdslay1_t13,25,13,hdslay1,arr,,,,,,
oname:hdslay1_t13_otype:arr_i:25_j:14,33.60914,0.0,hdslay1_t13,25,14,hdslay1,arr,,,,,,
oname:hdslay1_t13_otype:arr_i:25_j:15,33.6449,0.0,hdslay1_t13,25,15,hdslay1,arr,,,,,,
oname:hdslay1_t13_otype:arr_i:25_j:16,33.64429,0.0,hdslay1_t13,25,16,hdslay1,arr,,,,,,
oname:hdslay1_t13_otype:arr_i:25_j:17,33.64644,0.0,hdslay1_t13,25,17,hdslay1,arr,,,,,,
oname:hdslay1_t13_otype:arr_i:25_j:18,33.64901,0.0,hdslay1_t13,25,18,hdslay1,arr,,,,,,
oname:hdslay1_t13_otype:arr_i:25_j:19,33.65209,0.0,hdslay1_t13,25,19,hdslay1,arr,,,,,,
oname:hdslay1_t13_otype:arr_i:25_j:2,33.56169,0.0,hdslay1_t13,25,2,hdslay1,arr,,,,,,
oname:hdslay1_t13_otype:arr_i:25_j:3,33.51085,0.0,hdslay1_t13,25,3,hdslay1,arr,,,,,,
oname:hdslay1_t13_otype:arr_i:25_j:4,33.45431,0.0,hdslay1_t13,25,4,hdslay1,arr,,,,,,
oname:hdslay1_t13_otype:arr_i:25_j:5,33.45703,0.0,hdslay1_t13,25,5,hdslay1,arr,,,,,,
oname:hdslay1_t13_otype:arr_i:25_j:6,33.46489,0.0,hdslay1_t13,25,6,hdslay1,arr,,,,,,
oname:hdslay1_t13_otype:arr_i:25_j:7,33.47462,0.0,hdslay1_t13,25,7,hdslay1,arr,,,,,,
oname:hdslay1_t13_otype:arr_i:25_j:8,33.48352,0.0,hdslay1_t13,25,8,hdslay1,arr,,,,,,
oname:hdslay1_t13_otype:arr_i:25_j:9,33.48333,0.0,hdslay1_t13,25,9,hdslay1,arr,,,,,,
oname:hdslay1_t13_otype:arr_i:26_j:0,33.57855,0.0,hdslay1_t13,26,0,hdslay1,arr,,,,,,
oname:hdslay1_t13_otype:arr_i:26_j:1,33.56795,0.0,hdslay1_t13,26,1,hdslay1,arr,,,,,,
oname:hdslay1_t13_otype:arr_i:26_j:10,33.4185,0.0,hdslay1_t13,26,10,hdslay1,arr,,,,,,
oname:hdslay1_t13_otype:arr_i:26_j:11,33.48866,0.0,hdslay1_t13,26,11,hdslay1,arr,,,,,,
oname:hdslay1_t13_otype:arr_i:26_j:12,33.52975,0.0,hdslay1_t13,26,12,hdslay1,arr,,,,,,
oname:hdslay1_t13_otype:arr_i:26_j:13,33.56316,0.0,hdslay1_t13,26,13,hdslay1,arr,,,,,,
oname:hdslay1_t13_otype:arr_i:26_j:14,33.59341,0.0,hdslay1_t13,26,14,hdslay1,arr,,,,,,
oname:hdslay1_t13_otype:arr_i:26_j:15,33.63076,0.0,hdslay1_t13,26,15,hdslay1,arr,,,,,,
oname:hdslay1_t13_otype:arr_i:26_j:16,33.62694,0.0,hdslay1_t13,26,16,hdslay1,arr,,,,,,
oname:hdslay1_t13_otype:arr_i:26_j:17,33.62907,0.0,hdslay1_t13,26,17,hdslay1,arr,,,,,,
oname:hdslay1_t13_otype:arr_i:26_j:18,33.63418,0.0,hdslay1_t13,26,18,hdslay1,arr,,,,,,
oname:hdslay1_t13_otype:arr_i:26_j:19,33.63616,0.0,hdslay1_t13,26,19,hdslay1,arr,,,,,,
oname:hdslay1_t13_otype:arr_i:26_j:2,33.5427,0.0,hdslay1_t13,26,2,hdslay1,arr,,,,,,
oname:hdslay1_t13_otype:arr_i:26_j:3,33.50981,0.0,hdslay1_t13,26,3,hdslay1,arr,,,,,,
oname:hdslay1_t13_otype:arr_i:26_j:4,33.47585,0.0,hdslay1_t13,26,4,hdslay1,arr,,,,,,
oname:hdslay1_t13_otype:arr_i:26_j:5,33.45726,0.0,hdslay1_t13,26,5,hdslay1,arr,,,,,,
oname:hdslay1_t13_otype:arr_i:26_j:6,33.45021,0.0,hdslay1_t13,26,6,hdslay1,arr,,,,,,
oname:hdslay1_t13_otype:arr_i:26_j:7,33.45147,0.0,hdslay1_t13,26,7,hdslay1,arr,,,,,,
oname:hdslay1_t13_otype:arr_i:26_j:8,33.45458,0.0,hdslay1_t13,26,8,hdslay1,arr,,,,,,
oname:hdslay1_t13_otype:arr_i:26_j:9,33.44948,0.0,hdslay1_t13,26,9,hdslay1,arr,,,,,,
oname:hdslay1_t13_otype:arr_i:27_j:0,33.56105,0.0,hdslay1_t13,27,0,hdslay1,arr,,,,,,
oname:hdslay1_t13_otype:arr_i:27_j:1,33.55131,0.0,hdslay1_t13,27,1,hdslay1,arr,,,,,,
oname:hdslay1_t13_otype:arr_i:27_j:10,33.4568,0.0,hdslay1_t13,27,10,hdslay1,arr,,,,,,
oname:hdslay1_t13_otype:arr_i:27_j:11,33.49115,0.0,hdslay1_t13,27,11,hdslay1,arr,,,,,,
oname:hdslay1_t13_otype:arr_i:27_j:12,33.51872,0.0,hdslay1_t13,27,12,hdslay1,arr,,,,,,
oname:hdslay1_t13_otype:arr_i:27_j:13,33.5522,0.0,hdslay1_t13,27,13,hdslay1,arr,,,,,,
oname:hdslay1_t13_otype:arr_i:27_j:14,33.58325,0.0,hdslay1_t13,27,14,hdslay1,arr,,,,,,
oname:hdslay1_t13_otype:arr_i:27_j:15,33.60513,0.0,hdslay1_t13,27,15,hdslay1,arr,,,,,,
oname:hdslay1_t13_otype:arr_i:27_j:16,33.60709,0.0,hdslay1_t13,27,16,hdslay1,arr,,,,,,
oname:hdslay1_t13_otype:arr_i:27_j:17,33.61073,0.0,hdslay1_t13,27,17,hdslay1,arr,,,,,,
oname:hdslay1_t13_otype:arr_i:27_j:18,33.61556,0.0,hdslay1_t13,27,18,hdslay1,arr,,,,,,
oname:hdslay1_t13_otype:arr_i:27_j:19,33.61927,0.0,hdslay1_t13,27,19,hdslay1,arr,,,,,,
oname:hdslay1_t13_otype:arr_i:27_j:2,33.5293,0.0,hdslay1_t13,27,2,hdslay1,arr,,,,,,
oname:hdslay1_t13_otype:arr_i:27_j:3,33.50241,0.0,hdslay1_t13,27,3,hdslay1,arr,,,,,,
oname:hdslay1_t13_otype:arr_i:27_j:4,33.47232,0.0,hdslay1_t13,27,4,hdslay1,arr,,,,,,
oname:hdslay1_t13_otype:arr_i:27_j:5,33.44434,0.0,hdslay1_t13,27,5,hdslay1,arr,,,,,,
oname:hdslay1_t13_otype:arr_i:27_j:6,33.4294,0.0,hdslay1_t13,27,6,hdslay1,arr,,,,,,
oname:hdslay1_t13_otype:arr_i:27_j:7,33.43004,0.0,hdslay1_t13,27,7,hdslay1,arr,,,,,,
oname:hdslay1_t13_otype:arr_i:27_j:8,33.43727,0.0,hdslay1_t13,27,8,hdslay1,arr,,,,,,
oname:hdslay1_t13_otype:arr_i:27_j:9,33.4468,0.0,hdslay1_t13,27,9,hdslay1,arr,,,,,,
oname:hdslay1_t13_otype:arr_i:28_j:0,33.5479,0.0,hdslay1_t13,28,0,hdslay1,arr,,,,,,
oname:hdslay1_t13_otype:arr_i:28_j:1,33.53871,0.0,hdslay1_t13,28,1,hdslay1,arr,,,,,,
oname:hdslay1_t13_otype:arr_i:28_j:10,33.4608,0.0,hdslay1_t13,28,10,hdslay1,arr,,,,,,
oname:hdslay1_t13_otype:arr_i:28_j:11,33.48446,0.0,hdslay1_t13,28,11,hdslay1,arr,,,,,,
oname:hdslay1_t13_otype:arr_i:28_j:12,33.51114,0.0,hdslay1_t13,28,12,hdslay1,arr,,,,,,
oname:hdslay1_t13_otype:arr_i:28_j:13,33.54225,0.0,hdslay1_t13,28,13,hdslay1,arr,,,,,,
oname:hdslay1_t13_otype:arr_i:28_j:14,33.5727,0.0,hdslay1_t13,28,14,hdslay1,arr,,,,,,
oname:hdslay1_t13_otype:arr_i:28_j:15,33.59476,0.0,hdslay1_t13,28,15,hdslay1,arr,,,,,,
oname:hdslay1_t13_otype:arr_i:28_j:16,33.59509,0.0,hdslay1_t13,28,16,hdslay1,arr,,,,,,
oname:hdslay1_t13_otype:arr_i:28_j:17,33.59735,0.0,hdslay1_t13,28,17,hdslay1,arr,,,,,,
oname:hdslay1_t13_otype:arr_i:28_j:18,33.59946,0.0,hdslay1_t13,28,18,hdslay1,arr,,,,,,
oname:hdslay1_t13_otype:arr_i:28_j:19,33.60231,0.0,hdslay1_t13,28,19,hdslay1,arr,,,,,,
oname:hdslay1_t13_otype:arr_i:28_j:2,33.51868,0.0,hdslay1_t13,28,2,hdslay1,arr,,,,,,
oname:hdslay1_t13_otype:arr_i:28_j:3,33.49044,0.0,hdslay1_t13,28,3,hdslay1,arr,,,,,,
oname:hdslay1_t13_otype:arr_i:28_j:4,33.45529,0.0,hdslay1_t13,28,4,hdslay1,arr,,,,,,
oname:hdslay1_t13_otype:arr_i:28_j:5,33.41655,0.0,hdslay1_t13,28,5,hdslay1,arr,,,,,,
oname:hdslay1_t13_otype:arr_i:28_j:6,33.38202,0.0,hdslay1_t13,28,6,hdslay1,arr,,,,,,
oname:hdslay1_t13_otype:arr_i:28_j:7,33.40117,0.0,hdslay1_t13,28,7,hdslay1,arr,,,,,,
oname:hdslay1_t13_otype:arr_i:28_j:8,33.42095,0.0,hdslay1_t13,28,8,hdslay1,arr,,,,,,
oname:hdslay1_t13_otype:arr_i:28_j:9,33.44129,0.0,hdslay1_t13,28,9,hdslay1,arr,,,,,,
oname:hdslay1_t13_otype:arr_i:29_j:0,33.53567,0.0,hdslay1_t13,29,0,hdslay1,arr,,,,,,
oname:hdslay1_t13_otype:arr_i:29_j:1,33.52637,0.0,hdslay1_t13,29,1,hdslay1,arr,,,,,,
oname:hdslay1_t13_otype:arr_i:29_j:10,33.45321,0.0,hdslay1_t13,29,10,hdslay1,arr,,,,,,
oname:hdslay1_t13_otype:arr_i:29_j:11,33.4767,0.0,hdslay1_t13,29,11,hdslay1,arr,,,,,,
oname:hdslay1_t13_otype:arr_i:29_j:12,33.4983,0.0,hdslay1_t13,29,12,hdslay1,arr,,,,,,
oname:hdslay1_t13_otype:arr_i:29_j:13,33.52466,0.0,hdslay1_t13,29,13,hdslay1,arr,,,,,,
oname:hdslay1_t13_otype:arr_i:29_j:14,33.55553,0.0,hdslay1_t13,29,14,hdslay1,arr,,,,,,
oname:hdslay1_t13_otype:arr_i:29_j:15,33.58464,0.0,hdslay1_t13,29,15,hdslay1,arr,,,,,,
oname:hdslay1_t13_otype:arr_i:29_j:16,33.58145,0.0,hdslay1_t13,29,16,hdslay1,arr,,,,,,
oname:hdslay1_t13_otype:arr_i:29_j:17,33.58223,0.0,hdslay1_t13,29,17,hdslay1,arr,,,,,,
oname:hdslay1_t13_otype:arr_i:29_j:18,33.58517,0.0,hdslay1_t13,29,18,hdslay1,arr,,,,,,
oname:hdslay1_t13_otype:arr_i:29_j:19,33.58677,0.0,hdslay1_t13,29,19,hdslay1,arr,,,,,,
oname:hdslay1_t13_otype:arr_i:29_j:2,33.50473,0.0,hdslay1_t13,29,2,hdslay1,arr,,,,,,
oname:hdslay1_t13_otype:arr_i:29_j:3,33.47524,0.0,hdslay1_t13,29,3,hdslay1,arr,,,,,,
oname:hdslay1_t13_otype:arr_i:29_j:4,33.43791,0.0,hdslay1_t13,29,4,hdslay1,arr,,,,,,
oname:hdslay1_t13_otype:arr_i:29_j:5,33.37907,0.0,hdslay1_t13,29,5,hdslay1,arr,,,,,,
oname:hdslay1_t13_otype:arr_i:29_j:6,33.28306,0.0,hdslay1_t13,29,6,hdslay1,arr,,,,,,
oname:hdslay1_t13_otype:arr_i:29_j:7,33.36676,0.0,hdslay1_t13,29,7,hdslay1,arr,,,,,,
oname:hdslay1_t13_otype:arr_i:29_j:8,33.40548,0.0,hdslay1_t13,29,8,hdslay1,arr,,,,,,
oname:hdslay1_t13_otype:arr_i:29_j:9,33.43018,0.0,hdslay1_t13,29,9,hdslay1,arr,,,,,,
oname:hdslay1_t13_otype:arr_i:2_j:0,34.73924,0.0,hdslay1_t13,2,0,hdslay1,arr,,,,,,
oname:hdslay1_t13_otype:arr_i:2_j:1,34.73121,0.0,hdslay1_t13,2,1,hdslay1,arr,,,,,,
oname:hdslay1_t13_otype:arr_i:2_j:10,34.26704,0.0,hdslay1_t13,2,10,hdslay1,arr,,,,,,
oname:hdslay1_t13_otype:arr_i:2_j:11,34.23302,0.0,hdslay1_t13,2,11,hdslay1,arr,,,,,,
oname:hdslay1_t13_otype:arr_i:2_j:12,34.20144,0.0,hdslay1_t13,2,12,hdslay1,arr,,,,,,
oname:hdslay1_t13_otype:arr_i:2_j:13,34.16885,0.0,hdslay1_t13,2,13,hdslay1,arr,,,,,,
oname:hdslay1_t13_otype:arr_i:2_j:14,34.13852,0.0,hdslay1_t13,2,14,hdslay1,arr,,,,,,
oname:hdslay1_t13_otype:arr_i:2_j:15,34.11426,0.0,hdslay1_t13,2,15,hdslay1,arr,,,,,,
oname:hdslay1_t13_otype:arr_i:2_j:16,34.10299,0.0,hdslay1_t13,2,16,hdslay1,arr,,,,,,
oname:hdslay1_t13_otype:arr_i:2_j:17,34.09104,0.0,hdslay1_t13,2,17,hdslay1,arr,,,,,,
oname:hdslay1_t13_otype:arr_i:2_j:18,34.08077,0.0,hdslay1_t13,2,18,hdslay1,arr,,,,,,
oname:hdslay1_t13_otype:arr_i:2_j:19,34.07689,0.0,hdslay1_t13,2,19,hdslay1,arr,,,,,,
oname:hdslay1_t13_otype:arr_i:2_j:2,34.7181,0.0,hdslay1_t13,2,2,hdslay1,arr,,,,,,
oname:hdslay1_t13_otype:arr_i:2_j:3,34.68991,0.0,hdslay1_t13,2,3,hdslay1,arr,,,,,,
oname:hdslay1_t13_otype:arr_i:2_j:4,34.64538,0.0,hdslay1_t13,2,4,hdslay1,arr,,,,,,
oname:hdslay1_t13_otype:arr_i:2_j:5,34.58672,0.0,hdslay1_t13,2,5,hdslay1,arr,,,,,,
oname:hdslay1_t13_otype:arr_i:2_j:6,34.51356,0.0,hdslay1_t13,2,6,hdslay1,arr,,,,,,
oname:hdslay1_t13_otype:arr_i:2_j:7,34.42678,0.0,hdslay1_t13,2,7,hdslay1,arr,,,,,,
oname:hdslay1_t13_otype:arr_i:2_j:8,34.35675,0.0,hdslay1_t13,2,8,hdslay1,arr,,,,,,
oname:hdslay1_t13_otype:arr_i:2_j:9,34.30634,0.0,hdslay1_t13,2,9,hdslay1,arr,,,,,,
oname:hdslay1_t13_otype:arr_i:30_j:0,33.52278,0.0,hdslay1_t13,30,0,hdslay1,arr,,,,,,
oname:hdslay1_t13_otype:arr_i:30_j:1,33.51242,0.0,hdslay1_t13,30,1,hdslay1,arr,,,,,,
oname:hdslay1_t13_otype:arr_i:30_j:10,33.44348,0.0,hdslay1_t13,30,10,hdslay1,arr,,,,,,
oname:hdslay1_t13_otype:arr_i:30_j:11,33.46229,0.0,hdslay1_t13,30,11,hdslay1,arr,,,,,,
oname:hdslay1_t13_otype:arr_i:30_j:12,33.48235,0.0,hdslay1_t13,30,12,hdslay1,arr,,,,,,
oname:hdslay1_t13_otype:arr_i:30_j:13,33.50703,0.0,hdslay1_t13,30,13,hdslay1,arr,,,,,,
oname:hdslay1_t13_otype:arr_i:30_j:14,33.5344,0.0,hdslay1_t13,30,14,hdslay1,arr,,,,,,
oname:hdslay1_t13_otype:arr_i:30_j:15,33.55744,0.0,hdslay1_t13,30,15,hdslay1,arr,,,,,,
oname:hdslay1_t13_otype:arr_i:30_j:16,33.56178,0.0,hdslay1_t13,30,16,hdslay1,arr,,,,,,
oname:hdslay1_t13_otype:arr_i:30_j:17,33.56484,0.0,hdslay1_t13,30,17,hdslay1,arr,,,,,,
oname:hdslay1_t13_otype:arr_i:30_j:18,33.56826,0.0,hdslay1_t13,30,18,hdslay1,arr,,,,,,
oname:hdslay1_t13_otype:arr_i:30_j:19,33.56895,0.0,hdslay1_t13,30,19,hdslay1,arr,,,,,,
oname:hdslay1_t13_otype:arr_i:30_j:2,33.49405,0.0,hdslay1_t13,30,2,hdslay1,arr,,,,,,
oname:hdslay1_t13_otype:arr_i:30_j:3,33.4706,0.0,hdslay1_t13,30,3,hdslay1,arr,,,,,,
oname:hdslay1_t13_otype:arr_i:30_j:4,33.43714,0.0,hdslay1_t13,30,4,hdslay1,arr,,,,,,
oname:hdslay1_t13_otype:arr_i:30_j:5,33.39664,0.0,hdslay1_t13,30,5,hdslay1,arr,,,,,,
oname:hdslay1_t13_otype:arr_i:30_j:6,33.36208,0.0,hdslay1_t13,30,6,hdslay1,arr,,,,,,
oname:hdslay1_t13_otype:arr_i:30_j:7,33.38497,0.0,hdslay1_t13,30,7,hdslay1,arr,,,,,,
oname:hdslay1_t13_otype:arr_i:30_j:8,33.4057,0.0,hdslay1_t13,30,8,hdslay1,arr,,,,,,
oname:hdslay1_t13_otype:arr_i:30_j:9,33.42389,0.0,hdslay1_t13,30,9,hdslay1,arr,,,,,,
oname:hdslay1_t13_otype:arr_i:31_j:0,33.51382,0.0,hdslay1_t13,31,0,hdslay1,arr,,,,,,
oname:hdslay1_t13_otype:arr_i:31_j:1,33.50085,0.0,hdslay1_t13,31,1,hdslay1,arr,,,,,,
oname:hdslay1_t13_otype:arr_i:31_j:10,33.43121,0.0,hdslay1_t13,31,10,hdslay1,arr,,,,,,
oname:hdslay1_t13_otype:arr_i:31_j:11,33.44803,0.0,hdslay1_t13,31,11,hdslay1,arr,,,,,,
oname:hdslay1_t13_otype:arr_i:31_j:12,33.46361,0.0,hdslay1_t13,31,12,hdslay1,arr,,,,,,
oname:hdslay1_t13_otype:arr_i:31_j:13,33.48628,0.0,hdslay1_t13,31,13,hdslay1,arr,,,,,,
oname:hdslay1_t13_otype:arr_i:31_j:14,33.515,0.0,hdslay1_t13,31,14,hdslay1,arr,,,,,,
oname:hdslay1_t13_otype:arr_i:31_j:15,33.53857,0.0,hdslay1_t13,31,15,hdslay1,arr,,,,,,
oname:hdslay1_t13_otype:arr_i:31_j:16,33.54536,0.0,hdslay1_t13,31,16,hdslay1,arr,,,,,,
oname:hdslay1_t13_otype:arr_i:31_j:17,33.54971,0.0,hdslay1_t13,31,17,hdslay1,arr,,,,,,
oname:hdslay1_t13_otype:arr_i:31_j:18,33.55285,0.0,hdslay1_t13,31,18,hdslay1,arr,,,,,,
oname:hdslay1_t13_otype:arr_i:31_j:19,33.55434,0.0,hdslay1_t13,31,19,hdslay1,arr,,,,,,
oname:hdslay1_t13_otype:arr_i:31_j:2,33.48691,0.0,hdslay1_t13,31,2,hdslay1,arr,,,,,,
oname:hdslay1_t13_otype:arr_i:31_j:3,33.46701,0.0,hdslay1_t13,31,3,hdslay1,arr,,,,,,
oname:hdslay1_t13_otype:arr_i:31_j:4,33.43813,0.0,hdslay1_t13,31,4,hdslay1,arr,,,,,,
oname:hdslay1_t13_otype:arr_i:31_j:5,33.40996,0.0,hdslay1_t13,31,5,hdslay1,arr,,,,,,
oname:hdslay1_t13_otype:arr_i:31_j:6,33.3938,0.0,hdslay1_t13,31,6,hdslay1,arr,,,,,,
oname:hdslay1_t13_otype:arr_i:31_j:7,33.39646,0.0,hdslay1_t13,31,7,hdslay1,arr,,,,,,
oname:hdslay1_t13_otype:arr_i:31_j:8,33.40418,0.0,hdslay1_t13,31,8,hdslay1,arr,,,,,,
oname:hdslay1_t13_otype:arr_i:31_j:9,33.41471,0.0,hdslay1_t13,31,9,hdslay1,arr,,,,,,
oname:hdslay1_t13_otype:arr_i:32_j:0,1e+30,0.0,hdslay1_t13,32,0,hdslay1,arr,,,,,,
oname:hdslay1_t13_otype:arr_i:32_j:1,33.49214,0.0,hdslay1_t13,32,1,hdslay1,arr,,,,,,
oname:hdslay1_t13_otype:arr_i:32_j:10,33.41286,0.0,hdslay1_t13,32,10,hdslay1,arr,,,,,,
oname:hdslay1_t13_otype:arr_i:32_j:11,33.4268,0.0,hdslay1_t13,32,11,hdslay1,arr,,,,,,
oname:hdslay1_t13_otype:arr_i:32_j:12,33.4414,0.0,hdslay1_t13,32,12,hdslay1,arr,,,,,,
oname:hdslay1_t13_otype:arr_i:32_j:13,33.46601,0.0,hdslay1_t13,32,13,hdslay1,arr,,,,,,
oname:hdslay1_t13_otype:arr_i:32_j:14,33.49653,0.0,hdslay1_t13,32,14,hdslay1,arr,,,,,,
oname:hdslay1_t13_otype:arr_i:32_j:15,33.52674,0.0,hdslay1_t13,32,15,hdslay1,arr,,,,,,
oname:hdslay1_t13_otype:arr_i:32_j:16,33.53379,0.0,hdslay1_t13,32,16,hdslay1,arr,,,,,,
oname:hdslay1_t13_otype:arr_i:32_j:17,33.53808,0.0,hdslay1_t13,32,17,hdslay1,arr,,,,,,
oname:hdslay1_t13_otype:arr_i:32_j:18,33.54157,0.0,hdslay1_t13,32,18,hdslay1,arr,,,,,,
oname:hdslay1_t13_otype:arr_i:32_j:19,33.54344,0.0,hdslay1_t13,32,19,hdslay1,arr,,,,,,
oname:hdslay1_t13_otype:arr_i:32_j:2,33.47909,0.0,hdslay1_t13,32,2,hdslay1,arr,,,,,,
oname:hdslay1_t13_otype:arr_i:32_j:3,33.45906,0.0,hdslay1_t13,32,3,hdslay1,arr,,,,,,
oname:hdslay1_t13_otype:arr_i:32_j:4,33.43378,0.0,hdslay1_t13,32,4,hdslay1,arr,,,,,,
oname:hdslay1_t13_otype:arr_i:32_j:5,33.41302,0.0,hdslay1_t13,32,5,hdslay1,arr,,,,,,
oname:hdslay1_t13_otype:arr_i:32_j:6,33.40076,0.0,hdslay1_t13,32,6,hdslay1,arr,,,,,,
oname:hdslay1_t13_otype:arr_i:32_j:7,33.39699,0.0,hdslay1_t13,32,7,hdslay1,arr,,,,,,
oname:hdslay1_t13_otype:arr_i:32_j:8,33.39843,0.0,hdslay1_t13,32,8,hdslay1,arr,,,,,,
oname:hdslay1_t13_otype:arr_i:32_j:9,33.40322,0.0,hdslay1_t13,32,9,hdslay1,arr,,,,,,
oname:hdslay1_t13_otype:arr_i:33_j:0,1e+30,0.0,hdslay1_t13,33,0,hdslay1,arr,,,,,,
oname:hdslay1_t13_otype:arr_i:33_j:1,1e+30,0.0,hdslay1_t13,33,1,hdslay1,arr,,,,,,
oname:hdslay1_t13_otype:arr_i:33_j:10,33.38926,0.0,hdslay1_t13,33,10,hdslay1,arr,,,,,,
oname:hdslay1_t13_otype:arr_i:33_j:11,33.38792,0.0,hdslay1_t13,33,11,hdslay1,arr,,,,,,
oname:hdslay1_t13_otype:arr_i:33_j:12,33.3917,0.0,hdslay1_t13,33,12,hdslay1,arr,,,,,,
oname:hdslay1_t13_otype:arr_i:33_j:13,33.43937,0.0,hdslay1_t13,33,13,hdslay1,arr,,,,,,
oname:hdslay1_t13_otype:arr_i:33_j:14,33.47828,0.0,hdslay1_t13,33,14,hdslay1,arr,,,,,,
oname:hdslay1_t13_otype:arr_i:33_j:15,33.51424,0.0,hdslay1_t13,33,15,hdslay1,arr,,,,,,
oname:hdslay1_t13_otype:arr_i:33_j:16,33.52305,0.0,hdslay1_t13,33,16,hdslay1,arr,,,,,,
oname:hdslay1_t13_otype:arr_i:33_j:17,33.52923,0.0,hdslay1_t13,33,17,hdslay1,arr,,,,,,
oname:hdslay1_t13_otype:arr_i:33_j:18,33.53373,0.0,hdslay1_t13,33,18,hdslay1,arr,,,,,,
oname:hdslay1_t13_otype:arr_i:33_j:19,33.53655,0.0,hdslay1_t13,33,19,hdslay1,arr,,,,,,
oname:hdslay1_t13_otype:arr_i:33_j:2,33.46861,0.0,hdslay1_t13,33,2,hdslay1,arr,,,,,,
oname:hdslay1_t13_otype:arr_i:33_j:3,33.44885,0.0,hdslay1_t13,33,3,hdslay1,arr,,,,,,
oname:hdslay1_t13_otype:arr_i:33_j:4,33.42314,0.0,hdslay1_t13,33,4,hdslay1,arr,,,,,,
oname:hdslay1_t13_otype:arr_i:33_j:5,33.40648,0.0,hdslay1_t13,33,5,hdslay1,arr,,,,,,
oname:hdslay1_t13_otype:arr_i:33_j:6,33.39604,0.0,hdslay1_t13,33,6,hdslay1,arr,,,,,,
oname:hdslay1_t13_otype:arr_i:33_j:7,33.39023,0.0,hdslay1_t13,33,7,hdslay1,arr,,,,,,
oname:hdslay1_t13_otype:arr_i:33_j:8,33.38795,0.0,hdslay1_t13,33,8,hdslay1,arr,,,,,,
oname:hdslay1_t13_otype:arr_i:33_j:9,33.3878,0.0,hdslay1_t13,33,9,hdslay1,arr,,,,,,
oname:hdslay1_t13_otype:arr_i:34_j:0,1e+30,0.0,hdslay1_t13,34,0,hdslay1,arr,,,,,,
oname:hdslay1_t13_otype:arr_i:34_j:1,1e+30,0.0,hdslay1_t13,34,1,hdslay1,arr,,,,,,
oname:hdslay1_t13_otype:arr_i:34_j:10,33.36302,0.0,hdslay1_t13,34,10,hdslay1,arr,,,,,,
oname:hdslay1_t13_otype:arr_i:34_j:11,33.33626,0.0,hdslay1_t13,34,11,hdslay1,arr,,,,,,
oname:hdslay1_t13_otype:arr_i:34_j:12,33.25091,0.0,hdslay1_t13,34,12,hdslay1,arr,,,,,,
oname:hdslay1_t13_otype:arr_i:34_j:13,33.40164,0.0,hdslay1_t13,34,13,hdslay1,arr,,,,,,
oname:hdslay1_t13_otype:arr_i:34_j:14,33.46233,0.0,hdslay1_t13,34,14,hdslay1,arr,,,,,,
oname:hdslay1_t13_otype:arr_i:34_j:15,33.50088,0.0,hdslay1_t13,34,15,hdslay1,arr,,,,,,
oname:hdslay1_t13_otype:arr_i:34_j:16,33.51036,0.0,hdslay1_t13,34,16,hdslay1,arr,,,,,,
oname:hdslay1_t13_otype:arr_i:34_j:17,33.51881,0.0,hdslay1_t13,34,17,hdslay1,arr,,,,,,
oname:hdslay1_t13_otype:arr_i:34_j:18,33.52603,0.0,hdslay1_t13,34,18,hdslay1,arr,,,,,,
oname:hdslay1_t13_otype:arr_i:34_j:19,33.53231,0.0,hdslay1_t13,34,19,hdslay1,arr,,,,,,
oname:hdslay1_t13_otype:arr_i:34_j:2,1e+30,0.0,hdslay1_t13,34,2,hdslay1,arr,,,,,,
oname:hdslay1_t13_otype:arr_i:34_j:3,33.42972,0.0,hdslay1_t13,34,3,hdslay1,arr,,,,,,
oname:hdslay1_t13_otype:arr_i:34_j:4,33.40504,0.0,hdslay1_t13,34,4,hdslay1,arr,,,,,,
oname:hdslay1_t13_otype:arr_i:34_j:5,33.39302,0.0,hdslay1_t13,34,5,hdslay1,arr,,,,,,
oname:hdslay1_t13_otype:arr_i:34_j:6,33.38212,0.0,hdslay1_t13,34,6,hdslay1,arr,,,,,,
oname:hdslay1_t13_otype:arr_i:34_j:7,33.37621,0.0,hdslay1_t13,34,7,hdslay1,arr,,,,,,
oname:hdslay1_t13_otype:arr_i:34_j:8,33.37366,0.0,hdslay1_t13,34,8,hdslay1,arr,,,,,,
oname:hdslay1_t13_otype:arr_i:34_j:9,33.37075,0.0,hdslay1_t13,34,9,hdslay1,arr,,,,,,
oname:hdslay1_t13_otype:arr_i:35_j:0,1e+30,0.0,hdslay1_t13,35,0,hdslay1,arr,,,,,,
oname:hdslay1_t13_otype:arr_i:35_j:1,1e+30,0.0,hdslay1_t13,35,1,hdslay1,arr,,,,,,
oname:hdslay1_t13_otype:arr_i:35_j:10,33.34645,0.0,hdslay1_t13,35,10,hdslay1,arr,,,,,,
oname:hdslay1_t13_otype:arr_i:35_j:11,33.34171,0.0,hdslay1_t13,35,11,hdslay1,arr,,,,,,
oname:hdslay1_t13_otype:arr_i:35_j:12,33.34293,0.0,hdslay1_t13,35,12,hdslay1,arr,,,,,,
oname:hdslay1_t13_otype:arr_i:35_j:13,33.40765,0.0,hdslay1_t13,35,13,hdslay1,arr,,,,,,
oname:hdslay1_t13_otype:arr_i:35_j:14,33.45846,0.0,hdslay1_t13,35,14,hdslay1,arr,,,,,,
oname:hdslay1_t13_otype:arr_i:35_j:15,33.49029,0.0,hdslay1_t13,35,15,hdslay1,arr,,,,,,
oname:hdslay1_t13_otype:arr_i:35_j:16,33.49817,0.0,hdslay1_t13,35,16,hdslay1,arr,,,,,,
oname:hdslay1_t13_otype:arr_i:35_j:17,33.50624,0.0,hdslay1_t13,35,17,hdslay1,arr,,,,,,
oname:hdslay1_t13_otype:arr_i:35_j:18,33.51318,0.0,hdslay1_t13,35,18,hdslay1,arr,,,,,,
oname:hdslay1_t13_otype:arr_i:35_j:19,1e+30,0.0,hdslay1_t13,35,19,hdslay1,arr,,,,,,
oname:hdslay1_t13_otype:arr_i:35_j:2,1e+30,0.0,hdslay1_t13,35,2,hdslay1,arr,,,,,,
oname:hdslay1_t13_otype:arr_i:35_j:3,1e+30,0.0,hdslay1_t13,35,3,hdslay1,arr,,,,,,
oname:hdslay1_t13_otype:arr_i:35_j:4,33.38366,0.0,hdslay1_t13,35,4,hdslay1,arr,,,,,,
oname:hdslay1_t13_otype:arr_i:35_j:5,33.3733,0.0,hdslay1_t13,35,5,hdslay1,arr,,,,,,
oname:hdslay1_t13_otype:arr_i:35_j:6,33.36197,0.0,hdslay1_t13,35,6,hdslay1,arr,,,,,,
oname:hdslay1_t13_otype:arr_i:35_j:7,33.35561,0.0,hdslay1_t13,35,7,hdslay1,arr,,,,,,
oname:hdslay1_t13_otype:arr_i:35_j:8,33.35428,0.0,hdslay1_t13,35,8,hdslay1,arr,,,,,,
oname:hdslay1_t13_otype:arr_i:35_j:9,33.3519,0.0,hdslay1_t13,35,9,hdslay1,arr,,,,,,
oname:hdslay1_t13_otype:arr_i:36_j:0,1e+30,0.0,hdslay1_t13,36,0,hdslay1,arr,,,,,,
oname:hdslay1_t13_otype:arr_i:36_j:1,1e+30,0.0,hdslay1_t13,36,1,hdslay1,arr,,,,,,
oname:hdslay1_t13_otype:arr_i:36_j:10,33.33119,0.0,hdslay1_t13,36,10,hdslay1,arr,,,,,,
oname:hdslay1_t13_otype:arr_i:36_j:11,33.34024,0.0,hdslay1_t13,36,11,hdslay1,arr,,,,,,
oname:hdslay1_t13_otype:arr_i:36_j:12,33.36271,0.0,hdslay1_t13,36,12,hdslay1,arr,,,,,,
oname:hdslay1_t13_otype:arr_i:36_j:13,33.40936,0.0,hdslay1_t13,36,13,hdslay1,arr,,,,,,
oname:hdslay1_t13_otype:arr_i:36_j:14,33.45154,0.0,hdslay1_t13,36,14,hdslay1,arr,,,,,,
oname:hdslay1_t13_otype:arr_i:36_j:15,33.48118,0.0,hdslay1_t13,36,15,hdslay1,arr,,,,,,
oname:hdslay1_t13_otype:arr_i:36_j:16,33.48814,0.0,hdslay1_t13,36,16,hdslay1,arr,,,,,,
oname:hdslay1_t13_otype:arr_i:36_j:17,33.49623,0.0,hdslay1_t13,36,17,hdslay1,arr,,,,,,
oname:hdslay1_t13_otype:arr_i:36_j:18,33.50488,0.0,hdslay1_t13,36,18,hdslay1,arr,,,,,,
oname:hdslay1_t13_otype:arr_i:36_j:19,1e+30,0.0,hdslay1_t13,36,19,hdslay1,arr,,,,,,
oname:hdslay1_t13_otype:arr_i:36_j:2,1e+30,0.0,hdslay1_t13,36,2,hdslay1,arr,,,,,,
oname:hdslay1_t13_otype:arr_i:36_j:3,1e+30,0.0,hdslay1_t13,36,3,hdslay1,arr,,,,,,
oname:hdslay1_t13_otype:arr_i:36_j:4,33.36967,0.0,hdslay1_t13,36,4,hdslay1,arr,,,,,,
oname:hdslay1_t13_otype:arr_i:36_j:5,33.34925,0.0,hdslay1_t13,36,5,hdslay1,arr,,,,,,
oname:hdslay1_t13_otype:arr_i:36_j:6,33.33749,0.0,hdslay1_t13,36,6,hdslay1,arr,,,,,,
oname:hdslay1_t13_otype:arr_i:36_j:7,33.33155,0.0,hdslay1_t13,36,7,hdslay1,arr,,,,,,
oname:hdslay1_t13_otype:arr_i:36_j:8,33.32989,0.0,hdslay1_t13,36,8,hdslay1,arr,,,,,,
oname:hdslay1_t13_otype:arr_i:36_j:9,33.33122,0.0,hdslay1_t13,36,9,hdslay1,arr,,,,,,
oname:hdslay1_t13_otype:arr_i:37_j:0,1e+30,0.0,hdslay1_t13,37,0,hdslay1,arr,,,,,,
oname:hdslay1_t13_otype:arr_i:37_j:1,1e+30,0.0,hdslay1_t13,37,1,hdslay1,arr,,,,,,
oname:hdslay1_t13_otype:arr_i:37_j:10,33.31125,0.0,hdslay1_t13,37,10,hdslay1,arr,,,,,,
oname:hdslay1_t13_otype:arr_i:37_j:11,33.32537,0.0,hdslay1_t13,37,11,hdslay1,arr,,,,,,
oname:hdslay1_t13_otype:arr_i:37_j:12,33.35622,0.0,hdslay1_t13,37,12,hdslay1,arr,,,,,,
oname:hdslay1_t13_otype:arr_i:37_j:13,33.39879,0.0,hdslay1_t13,37,13,hdslay1,arr,,,,,,
oname:hdslay1_t13_otype:arr_i:37_j:14,33.43966,0.0,hdslay1_t13,37,14,hdslay1,arr,,,,,,
oname:hdslay1_t13_otype:arr_i:37_j:15,33.47156,0.0,hdslay1_t13,37,15,hdslay1,arr,,,,,,
oname:hdslay1_t13_otype:arr_i:37_j:16,33.48021,0.0,hdslay1_t13,37,16,hdslay1,arr,,,,,,
oname:hdslay1_t13_otype:arr_i:37_j:17,33.48751,0.0,hdslay1_t13,37,17,hdslay1,arr,,,,,,
oname:hdslay1_t13_otype:arr_i:37_j:18,1e+30,0.0,hdslay1_t13,37,18,hdslay1,arr,,,,,,
oname:hdslay1_t13_otype:arr_i:37_j:19,1e+30,0.0,hdslay1_t13,37,19,hdslay1,arr,,,,,,
oname:hdslay1_t13_otype:arr_i:37_j:2,1e+30,0.0,hdslay1_t13,37,2,hdslay1,arr,,,,,,
oname:hdslay1_t13_otype:arr_i:37_j:3,1e+30,0.0,hdslay1_t13,37,3,hdslay1,arr,,,,,,
oname:hdslay1_t13_otype:arr_i:37_j:4,1e+30,0.0,hdslay1_t13,37,4,hdslay1,arr,,,,,,
oname:hdslay1_t13_otype:arr_i:37_j:5,33.30852,0.0,hdslay1_t13,37,5,hdslay1,arr,,,,,,
oname:hdslay1_t13_otype:arr_i:37_j:6,33.30796,0.0,hdslay1_t13,37,6,hdslay1,arr,,,,,,
oname:hdslay1_t13_otype:arr_i:37_j:7,33.30617,0.0,hdslay1_t13,37,7,hdslay1,arr,,,,,,
oname:hdslay1_t13_otype:arr_i:37_j:8,33.30426,0.0,hdslay1_t13,37,8,hdslay1,arr,,,,,,
oname:hdslay1_t13_otype:arr_i:37_j:9,33.30693,0.0,hdslay1_t13,37,9,hdslay1,arr,,,,,,
oname:hdslay1_t13_otype:arr_i:38_j:0,1e+30,0.0,hdslay1_t13,38,0,hdslay1,arr,,,,,,
oname:hdslay1_t13_otype:arr_i:38_j:1,1e+30,0.0,hdslay1_t13,38,1,hdslay1,arr,,,,,,
oname:hdslay1_t13_otype:arr_i:38_j:10,33.27403,0.0,hdslay1_t13,38,10,hdslay1,arr,,,,,,
oname:hdslay1_t13_otype:arr_i:38_j:11,33.28661,0.0,hdslay1_t13,38,11,hdslay1,arr,,,,,,
oname:hdslay1_t13_otype:arr_i:38_j:12,33.3219,0.0,hdslay1_t13,38,12,hdslay1,arr,,,,,,
oname:hdslay1_t13_otype:arr_i:38_j:13,33.36945,0.0,hdslay1_t13,38,13,hdslay1,arr,,,,,,
oname:hdslay1_t13_otype:arr_i:38_j:14,33.42017,0.0,hdslay1_t13,38,14,hdslay1,arr,,,,,,
oname:hdslay1_t13_otype:arr_i:38_j:15,33.47042,0.0,hdslay1_t13,38,15,hdslay1,arr,,,,,,
oname:hdslay1_t13_otype:arr_i:38_j:16,33.47645,0.0,hdslay1_t13,38,16,hdslay1,arr,,,,,,
oname:hdslay1_t13_otype:arr_i:38_j:17,1e+30,0.0,hdslay1_t13,38,17,hdslay1,arr,,,,,,
oname:hdslay1_t13_otype:arr_i:38_j:18,1e+30,0.0,hdslay1_t13,38,18,hdslay1,arr,,,,,,
oname:hdslay1_t13_otype:arr_i:38_j:19,1e+30,0.0,hdslay1_t13,38,19,hdslay1,arr,,,,,,
oname:hdslay1_t13_otype:arr_i:38_j:2,1e+30,0.0,hdslay1_t13,38,2,hdslay1,arr,,,,,,
oname:hdslay1_t13_otype:arr_i:38_j:3,1e+30,0.0,hdslay1_t13,38,3,hdslay1,arr,,,,,,
oname:hdslay1_t13_otype:arr_i:38_j:4,1e+30,0.0,hdslay1_t13,38,4,hdslay1,arr,,,,,,
oname:hdslay1_t13_otype:arr_i:38_j:5,33.26943,0.0,hdslay1_t13,38,5,hdslay1,arr,,,,,,
oname:hdslay1_t13_otype:arr_i:38_j:6,33.27146,0.0,hdslay1_t13,38,6,hdslay1,arr,,,,,,
oname:hdslay1_t13_otype:arr_i:38_j:7,33.26819,0.0,hdslay1_t13,38,7,hdslay1,arr,,,,,,
oname:hdslay1_t13_otype:arr_i:38_j:8,33.26942,0.0,hdslay1_t13,38,8,hdslay1,arr,,,,,,
oname:hdslay1_t13_otype:arr_i:38_j:9,33.27133,0.0,hdslay1_t13,38,9,hdslay1,arr,,,,,,
oname:hdslay1_t13_otype:arr_i:39_j:0,1e+30,0.0,hdslay1_t13,39,0,hdslay1,arr,,,,,,
oname:hdslay1_t13_otype:arr_i:39_j:1,1e+30,0.0,hdslay1_t13,39,1,hdslay1,arr,,,,,,
oname:hdslay1_t13_otype:arr_i:39_j:10,33.20412,0.0,hdslay1_t13,39,10,hdslay1,arr,,,,,,
oname:hdslay1_t13_otype:arr_i:39_j:11,33.22727,0.0,hdslay1_t13,39,11,hdslay1,arr,,,,,,
oname:hdslay1_t13_otype:arr_i:39_j:12,33.26358,0.0,hdslay1_t13,39,12,hdslay1,arr,,,,,,
oname:hdslay1_t13_otype:arr_i:39_j:13,33.31522,0.0,hdslay1_t13,39,13,hdslay1,arr,,,,,,
oname:hdslay1_t13_otype:arr_i:39_j:14,33.37579,0.0,hdslay1_t13,39,14,hdslay1,arr,,,,,,
oname:hdslay1_t13_otype:arr_i:39_j:15,33.45487,0.0,hdslay1_t13,39,15,hdslay1,arr,,,,,,
oname:hdslay1_t13_otype:arr_i:39_j:16,1e+30,0.0,hdslay1_t13,39,16,hdslay1,arr,,,,,,
oname:hdslay1_t13_otype:arr_i:39_j:17,1e+30,0.0,hdslay1_t13,39,17,hdslay1,arr,,,,,,
oname:hdslay1_t13_otype:arr_i:39_j:18,1e+30,0.0,hdslay1_t13,39,18,hdslay1,arr,,,,,,
oname:hdslay1_t13_otype:arr_i:39_j:19,1e+30,0.0,hdslay1_t13,39,19,hdslay1,arr,,,,,,
oname:hdslay1_t13_otype:arr_i:39_j:2,1e+30,0.0,hdslay1_t13,39,2,hdslay1,arr,,,,,,
oname:hdslay1_t13_otype:arr_i:39_j:3,1e+30,0.0,hdslay1_t13,39,3,hdslay1,arr,,,,,,
oname:hdslay1_t13_otype:arr_i:39_j:4,1e+30,0.0,hdslay1_t13,39,4,hdslay1,arr,,,,,,
oname:hdslay1_t13_otype:arr_i:39_j:5,33.21865,0.0,hdslay1_t13,39,5,hdslay1,arr,,,,,,
oname:hdslay1_t13_otype:arr_i:39_j:6,33.21615,0.0,hdslay1_t13,39,6,hdslay1,arr,,,,,,
oname:hdslay1_t13_otype:arr_i:39_j:7,33.2171,0.0,hdslay1_t13,39,7,hdslay1,arr,,,,,,
oname:hdslay1_t13_otype:arr_i:39_j:8,33.21532,0.0,hdslay1_t13,39,8,hdslay1,arr,,,,,,
oname:hdslay1_t13_otype:arr_i:39_j:9,33.21094,0.0,hdslay1_t13,39,9,hdslay1,arr,,,,,,
oname:hdslay1_t13_otype:arr_i:3_j:0,34.72915,0.0,hdslay1_t13,3,0,hdslay1,arr,,,,,,
oname:hdslay1_t13_otype:arr_i:3_j:1,34.72323,0.0,hdslay1_t13,3,1,hdslay1,arr,,,,,,
oname:hdslay1_t13_otype:arr_i:3_j:10,34.26236,0.0,hdslay1_t13,3,10,hdslay1,arr,,,,,,
oname:hdslay1_t13_otype:arr_i:3_j:11,34.22695,0.0,hdslay1_t13,3,11,hdslay1,arr,,,,,,
oname:hdslay1_t13_otype:arr_i:3_j:12,34.19198,0.0,hdslay1_t13,3,12,hdslay1,arr,,,,,,
oname:hdslay1_t13_otype:arr_i:3_j:13,34.15372,0.0,hdslay1_t13,3,13,hdslay1,arr,,,,,,
oname:hdslay1_t13_otype:arr_i:3_j:14,34.12287,0.0,hdslay1_t13,3,14,hdslay1,arr,,,,,,
oname:hdslay1_t13_otype:arr_i:3_j:15,34.09722,0.0,hdslay1_t13,3,15,hdslay1,arr,,,,,,
oname:hdslay1_t13_otype:arr_i:3_j:16,34.08327,0.0,hdslay1_t13,3,16,hdslay1,arr,,,,,,
oname:hdslay1_t13_otype:arr_i:3_j:17,34.06969,0.0,hdslay1_t13,3,17,hdslay1,arr,,,,,,
oname:hdslay1_t13_otype:arr_i:3_j:18,34.05981,0.0,hdslay1_t13,3,18,hdslay1,arr,,,,,,
oname:hdslay1_t13_otype:arr_i:3_j:19,34.05575,0.0,hdslay1_t13,3,19,hdslay1,arr,,,,,,
oname:hdslay1_t13_otype:arr_i:3_j:2,34.71397,0.0,hdslay1_t13,3,2,hdslay1,arr,,,,,,
oname:hdslay1_t13_otype:arr_i:3_j:3,34.69017,0.0,hdslay1_t13,3,3,hdslay1,arr,,,,,,
oname:hdslay1_t13_otype:arr_i:3_j:4,34.65006,0.0,hdslay1_t13,3,4,hdslay1,arr,,,,,,
oname:hdslay1_t13_otype:arr_i:3_j:5,34.59267,0.0,hdslay1_t13,3,5,hdslay1,arr,,,,,,
oname:hdslay1_t13_otype:arr_i:3_j:6,34.5159,0.0,hdslay1_t13,3,6,hdslay1,arr,,,,,,
oname:hdslay1_t13_otype:arr_i:3_j:7,34.43459,0.0,hdslay1_t13,3,7,hdslay1,arr,,,,,,
oname:hdslay1_t13_otype:arr_i:3_j:8,34.36309,0.0,hdslay1_t13,3,8,hdslay1,arr,,,,,,
oname:hdslay1_t13_otype:arr_i:3_j:9,34.30728,0.0,hdslay1_t13,3,9,hdslay1,arr,,,,,,
oname:hdslay1_t13_otype:arr_i:4_j:0,34.71239,0.0,hdslay1_t13,4,0,hdslay1,arr,,,,,,
oname:hdslay1_t13_otype:arr_i:4_j:1,34.709,0.0,hdslay1_t13,4,1,hdslay1,arr,,,,,,
oname:hdslay1_t13_otype:arr_i:4_j:10,34.25585,0.0,hdslay1_t13,4,10,hdslay1,arr,,,,,,
oname:hdslay1_t13_otype:arr_i:4_j:11,34.21711,0.0,hdslay1_t13,4,11,hdslay1,arr,,,,,,
oname:hdslay1_t13_otype:arr_i:4_j:12,34.17278,0.0,hdslay1_t13,4,12,hdslay1,arr,,,,,,
oname:hdslay1_t13_otype:arr_i:4_j:13,34.13205,0.0,hdslay1_t13,4,13,hdslay1,arr,,,,,,
oname:hdslay1_t13_otype:arr_i:4_j:14,34.10032,0.0,hdslay1_t13,4,14,hdslay1,arr,,,,,,
oname:hdslay1_t13_otype:arr_i:4_j:15,34.07447,0.0,hdslay1_t13,4,15,hdslay1,arr,,,,,,
oname:hdslay1_t13_otype:arr_i:4_j:16,34.05725,0.0,hdslay1_t13,4,16,hdslay1,arr,,,,,,
oname:hdslay1_t13_otype:arr_i:4_j:17,34.04466,0.0,hdslay1_t13,4,17,hdslay1,arr,,,,,,
oname:hdslay1_t13_otype:arr_i:4_j:18,34.03857,0.0,hdslay1_t13,4,18,hdslay1,arr,,,,,,
oname:hdslay1_t13_otype:arr_i:4_j:19,34.03692,0.0,hdslay1_t13,4,19,hdslay1,arr,,,,,,
oname:hdslay1_t13_otype:arr_i:4_j:2,34.70226,0.0,hdslay1_t13,4,2,hdslay1,arr,,,,,,
oname:hdslay1_t13_otype:arr_i:4_j:3,34.68317,0.0,hdslay1_t13,4,3,hdslay1,arr,,,,,,
oname:hdslay1_t13_otype:arr_i:4_j:4,34.64972,0.0,hdslay1_t13,4,4,hdslay1,arr,,,,,,
oname:hdslay1_t13_otype:arr_i:4_j:5,34.59977,0.0,hdslay1_t13,4,5,hdslay1,arr,,,,,,
oname:hdslay1_t13_otype:arr_i:4_j:6,34.5326,0.0,hdslay1_t13,4,6,hdslay1,arr,,,,,,
oname:hdslay1_t13_otype:arr_i:4_j:7,34.44783,0.0,hdslay1_t13,4,7,hdslay1,arr,,,,,,
oname:hdslay1_t13_otype:arr_i:4_j:8,34.36798,0.0,hdslay1_t13,4,8,hdslay1,arr,,,,,,
oname:hdslay1_t13_otype:arr_i:4_j:9,34.30548,0.0,hdslay1_t13,4,9,hdslay1,arr,,,,,,
oname:hdslay1_t13_otype:arr_i:5_j:0,34.69703,0.0,hdslay1_t13,5,0,hdslay1,arr,,,,,,
oname:hdslay1_t13_otype:arr_i:5_j:1,34.69527,0.0,hdslay1_t13,5,1,hdslay1,arr,,,,,,
oname:hdslay1_t13_otype:arr_i:5_j:10,34.24205,0.0,hdslay1_t13,5,10,hdslay1,arr,,,,,,
oname:hdslay1_t13_otype:arr_i:5_j:11,34.19703,0.0,hdslay1_t13,5,11,hdslay1,arr,,,,,,
oname:hdslay1_t13_otype:arr_i:5_j:12,34.14824,0.0,hdslay1_t13,5,12,hdslay1,arr,,,,,,
oname:hdslay1_t13_otype:arr_i:5_j:13,34.10392,0.0,hdslay1_t13,5,13,hdslay1,arr,,,,,,
oname:hdslay1_t13_otype:arr_i:5_j:14,34.06832,0.0,hdslay1_t13,5,14,hdslay1,arr,,,,,,
oname:hdslay1_t13_otype:arr_i:5_j:15,34.04415,0.0,hdslay1_t13,5,15,hdslay1,arr,,,,,,
oname:hdslay1_t13_otype:arr_i:5_j:16,34.02897,0.0,hdslay1_t13,5,16,hdslay1,arr,,,,,,
oname:hdslay1_t13_otype:arr_i:5_j:17,34.0174,0.0,hdslay1_t13,5,17,hdslay1,arr,,,,,,
oname:hdslay1_t13_otype:arr_i:5_j:18,34.01436,0.0,hdslay1_t13,5,18,hdslay1,arr,,,,,,
oname:hdslay1_t13_otype:arr_i:5_j:19,34.01524,0.0,hdslay1_t13,5,19,hdslay1,arr,,,,,,
oname:hdslay1_t13_otype:arr_i:5_j:2,34.6888,0.0,hdslay1_t13,5,2,hdslay1,arr,,,,,,
oname:hdslay1_t13_otype:arr_i:5_j:3,34.67301,0.0,hdslay1_t13,5,3,hdslay1,arr,,,,,,
oname:hdslay1_t13_otype:arr_i:5_j:4,34.64587,0.0,hdslay1_t13,5,4,hdslay1,arr,,,,,,
oname:hdslay1_t13_otype:arr_i:5_j:5,34.59924,0.0,hdslay1_t13,5,5,hdslay1,arr,,,,,,
oname:hdslay1_t13_otype:arr_i:5_j:6,34.53267,0.0,hdslay1_t13,5,6,hdslay1,arr,,,,,,
oname:hdslay1_t13_otype:arr_i:5_j:7,34.45719,0.0,hdslay1_t13,5,7,hdslay1,arr,,,,,,
oname:hdslay1_t13_otype:arr_i:5_j:8,34.37713,0.0,hdslay1_t13,5,8,hdslay1,arr,,,,,,
oname:hdslay1_t13_otype:arr_i:5_j:9,34.29802,0.0,hdslay1_t13,5,9,hdslay1,arr,,,,,,
oname:hdslay1_t13_otype:arr_i:6_j:0,34.6868,0.0,hdslay1_t13,6,0,hdslay1,arr,,,,,,
oname:hdslay1_t13_otype:arr_i:6_j:1,34.68505,0.0,hdslay1_t13,6,1,hdslay1,arr,,,,,,
oname:hdslay1_t13_otype:arr_i:6_j:10,34.21449,0.0,hdslay1_t13,6,10,hdslay1,arr,,,,,,
oname:hdslay1_t13_otype:arr_i:6_j:11,34.16426,0.0,hdslay1_t13,6,11,hdslay1,arr,,,,,,
oname:hdslay1_t13_otype:arr_i:6_j:12,34.10798,0.0,hdslay1_t13,6,12,hdslay1,arr,,,,,,
oname:hdslay1_t13_otype:arr_i:6_j:13,34.05745,0.0,hdslay1_t13,6,13,hdslay1,arr,,,,,,
oname:hdslay1_t13_otype:arr_i:6_j:14,34.02454,0.0,hdslay1_t13,6,14,hdslay1,arr,,,,,,
oname:hdslay1_t13_otype:arr_i:6_j:15,34.00405,0.0,hdslay1_t13,6,15,hdslay1,arr,,,,,,
oname:hdslay1_t13_otype:arr_i:6_j:16,33.99423,0.0,hdslay1_t13,6,16,hdslay1,arr,,,,,,
oname:hdslay1_t13_otype:arr_i:6_j:17,33.98527,0.0,hdslay1_t13,6,17,hdslay1,arr,,,,,,
oname:hdslay1_t13_otype:arr_i:6_j:18,33.98204,0.0,hdslay1_t13,6,18,hdslay1,arr,,,,,,
oname:hdslay1_t13_otype:arr_i:6_j:19,33.97983,0.0,hdslay1_t13,6,19,hdslay1,arr,,,,,,
oname:hdslay1_t13_otype:arr_i:6_j:2,34.67989,0.0,hdslay1_t13,6,2,hdslay1,arr,,,,,,
oname:hdslay1_t13_otype:arr_i:6_j:3,34.66876,0.0,hdslay1_t13,6,3,hdslay1,arr,,,,,,
oname:hdslay1_t13_otype:arr_i:6_j:4,34.64505,0.0,hdslay1_t13,6,4,hdslay1,arr,,,,,,
oname:hdslay1_t13_otype:arr_i:6_j:5,34.59398,0.0,hdslay1_t13,6,5,hdslay1,arr,,,,,,
oname:hdslay1_t13_otype:arr_i:6_j:6,34.52176,0.0,hdslay1_t13,6,6,hdslay1,arr,,,,,,
oname:hdslay1_t13_otype:arr_i:6_j:7,34.44533,0.0,hdslay1_t13,6,7,hdslay1,arr,,,,,,
oname:hdslay1_t13_otype:arr_i:6_j:8,34.3632,0.0,hdslay1_t13,6,8,hdslay1,arr,,,,,,
oname:hdslay1_t13_otype:arr_i:6_j:9,34.27694,0.0,hdslay1_t13,6,9,hdslay1,arr,,,,,,
oname:hdslay1_t13_otype:arr_i:7_j:0,34.6788,0.0,hdslay1_t13,7,0,hdslay1,arr,,,,,,
oname:hdslay1_t13_otype:arr_i:7_j:1,34.67777,0.0,hdslay1_t13,7,1,hdslay1,arr,,,,,,
oname:hdslay1_t13_otype:arr_i:7_j:10,34.16338,0.0,hdslay1_t13,7,10,hdslay1,arr,,,,,,
oname:hdslay1_t13_otype:arr_i:7_j:11,34.11026,0.0,hdslay1_t13,7,11,hdslay1,arr,,,,,,
oname:hdslay1_t13_otype:arr_i:7_j:12,34.04578,0.0,hdslay1_t13,7,12,hdslay1,arr,,,,,,
oname:hdslay1_t13_otype:arr_i:7_j:13,33.99535,0.0,hdslay1_t13,7,13,hdslay1,arr,,,,,,
oname:hdslay1_t13_otype:arr_i:7_j:14,33.96757,0.0,hdslay1_t13,7,14,hdslay1,arr,,,,,,
oname:hdslay1_t13_otype:arr_i:7_j:15,33.95245,0.0,hdslay1_t13,7,15,hdslay1,arr,,,,,,
oname:hdslay1_t13_otype:arr_i:7_j:16,33.94039,0.0,hdslay1_t13,7,16,hdslay1,arr,,,,,,
oname:hdslay1_t13_otype:arr_i:7_j:17,33.94279,0.0,hdslay1_t13,7,17,hdslay1,arr,,,,,,
oname:hdslay1_t13_otype:arr_i:7_j:18,33.94051,0.0,hdslay1_t13,7,18,hdslay1,arr,,,,,,
oname:hdslay1_t13_otype:arr_i:7_j:19,33.93765,0.0,hdslay1_t13,7,19,hdslay1,arr,,,,,,
oname:hdslay1_t13_otype:arr_i:7_j:2,34.67445,0.0,hdslay1_t13,7,2,hdslay1,arr,,,,,,
oname:hdslay1_t13_otype:arr_i:7_j:3,34.6672,0.0,hdslay1_t13,7,3,hdslay1,arr,,,,,,
oname:hdslay1_t13_otype:arr_i:7_j:4,34.64181,0.0,hdslay1_t13,7,4,hdslay1,arr,,,,,,
oname:hdslay1_t13_otype:arr_i:7_j:5,34.58837,0.0,hdslay1_t13,7,5,hdslay1,arr,,,,,,
oname:hdslay1_t13_otype:arr_i:7_j:6,34.51995,0.0,hdslay1_t13,7,6,hdslay1,arr,,,,,,
oname:hdslay1_t13_otype:arr_i:7_j:7,34.42354,0.0,hdslay1_t13,7,7,hdslay1,arr,,,,,,
oname:hdslay1_t13_otype:arr_i:7_j:8,34.31416,0.0,hdslay1_t13,7,8,hdslay1,arr,,,,,,
oname:hdslay1_t13_otype:arr_i:7_j:9,34.22199,0.0,hdslay1_t13,7,9,hdslay1,arr,,,,,,
oname:hdslay1_t13_otype:arr_i:8_j:0,34.67089,0.0,hdslay1_t13,8,0,hdslay1,arr,,,,,,
oname:hdslay1_t13_otype:arr_i:8_j:1,34.67048,0.0,hdslay1_t13,8,1,hdslay1,arr,,,,,,
oname:hdslay1_t13_otype:arr_i:8_j:10,34.08758,0.0,hdslay1_t13,8,10,hdslay1,arr,,,,,,
oname:hdslay1_t13_otype:arr_i:8_j:11,34.0273,0.0,hdslay1_t13,8,11,hdslay1,arr,,,,,,
oname:hdslay1_t13_otype:arr_i:8_j:12,33.96115,0.0,hdslay1_t13,8,12,hdslay1,arr,,,,,,
oname:hdslay1_t13_otype:arr_i:8_j:13,33.92303,0.0,hdslay1_t13,8,13,hdslay1,arr,,,,,,
oname:hdslay1_t13_otype:arr_i:8_j:14,33.90243,0.0,hdslay1_t13,8,14,hdslay1,arr,,,,,,
oname:hdslay1_t13_otype:arr_i:8_j:15,33.89329,0.0,hdslay1_t13,8,15,hdslay1,arr,,,,,,
oname:hdslay1_t13_otype:arr_i:8_j:16,33.87592,0.0,hdslay1_t13,8,16,hdslay1,arr,,,,,,
oname:hdslay1_t13_otype:arr_i:8_j:17,33.88807,0.0,hdslay1_t13,8,17,hdslay1,arr,,,,,,
oname:hdslay1_t13_otype:arr_i:8_j:18,33.89799,0.0,hdslay1_t13,8,18,hdslay1,arr,,,,,,
oname:hdslay1_t13_otype:arr_i:8_j:19,33.90001,0.0,hdslay1_t13,8,19,hdslay1,arr,,,,,,
oname:hdslay1_t13_otype:arr_i:8_j:2,34.67021,0.0,hdslay1_t13,8,2,hdslay1,arr,,,,,,
oname:hdslay1_t13_otype:arr_i:8_j:3,34.66812,0.0,hdslay1_t13,8,3,hdslay1,arr,,,,,,
oname:hdslay1_t13_otype:arr_i:8_j:4,1e+30,0.0,hdslay1_t13,8,4,hdslay1,arr,,,,,,
oname:hdslay1_t13_otype:arr_i:8_j:5,1e+30,0.0,hdslay1_t13,8,5,hdslay1,arr,,,,,,
oname:hdslay1_t13_otype:arr_i:8_j:6,1e+30,0.0,hdslay1_t13,8,6,hdslay1,arr,,,,,,
oname:hdslay1_t13_otype:arr_i:8_j:7,34.33607,0.0,hdslay1_t13,8,7,hdslay1,arr,,,,,,
oname:hdslay1_t13_otype:arr_i:8_j:8,34.21747,0.0,hdslay1_t13,8,8,hdslay1,arr,,,,,,
oname:hdslay1_t13_otype:arr_i:8_j:9,34.14376,0.0,hdslay1_t13,8,9,hdslay1,arr,,,,,,
oname:hdslay1_t13_otype:arr_i:9_j:0,34.66026,0.0,hdslay1_t13,9,0,hdslay1,arr,,,,,,
oname:hdslay1_t13_otype:arr_i:9_j:1,34.65822,0.0,hdslay1_t13,9,1,hdslay1,arr,,,,,,
oname:hdslay1_t13_otype:arr_i:9_j:10,34.00082,0.0,hdslay1_t13,9,10,hdslay1,arr,,,,,,
oname:hdslay1_t13_otype:arr_i:9_j:11,33.93909,0.0,hdslay1_t13,9,11,hdslay1,arr,,,,,,
oname:hdslay1_t13_otype:arr_i:9_j:12,33.88286,0.0,hdslay1_t13,9,12,hdslay1,arr,,,,,,
oname:hdslay1_t13_otype:arr_i:9_j:13,33.8564,0.0,hdslay1_t13,9,13,hdslay1,arr,,,,,,
oname:hdslay1_t13_otype:arr_i:9_j:14,33.84916,0.0,hdslay1_t13,9,14,hdslay1,arr,,,,,,
oname:hdslay1_t13_otype:arr_i:9_j:15,33.84538,0.0,hdslay1_t13,9,15,hdslay1,arr,,,,,,
oname:hdslay1_t13_otype:arr_i:9_j:16,33.79288,0.0,hdslay1_t13,9,16,hdslay1,arr,,,,,,
oname:hdslay1_t13_otype:arr_i:9_j:17,33.84428,0.0,hdslay1_t13,9,17,hdslay1,arr,,,,,,
oname:hdslay1_t13_otype:arr_i:9_j:18,33.86413,0.0,hdslay1_t13,9,18,hdslay1,arr,,,,,,
oname:hdslay1_t13_otype:arr_i:9_j:19,33.87183,0.0,hdslay1_t13,9,19,hdslay1,arr,,,,,,
oname:hdslay1_t13_otype:arr_i:9_j:2,34.65871,0.0,hdslay1_t13,9,2,hdslay1,arr,,,,,,
oname:hdslay1_t13_otype:arr_i:9_j:3,34.65585,0.0,hdslay1_t13,9,3,hdslay1,arr,,,,,,
oname:hdslay1_t13_otype:arr_i:9_j:4,1e+30,0.0,hdslay1_t13,9,4,hdslay1,arr,,,,,,
oname:hdslay1_t13_otype:arr_i:9_j:5,1e+30,0.0,hdslay1_t13,9,5,hdslay1,arr,,,,,,
oname:hdslay1_t13_otype:arr_i:9_j:6,1e+30,0.0,hdslay1_t13,9,6,hdslay1,arr,,,,,,
oname:hdslay1_t13_otype:arr_i:9_j:7,1e+30,0.0,hdslay1_t13,9,7,hdslay1,arr,,,,,,
oname:hdslay1_t13_otype:arr_i:9_j:8,34.0765,0.0,hdslay1_t13,9,8,hdslay1,arr,,,,,,
oname:hdslay1_t13_otype:arr_i:9_j:9,34.04246,0.0,hdslay1_t13,9,9,hdslay1,arr,,,,,,
oname:hdslay1_t14_otype:arr_i:0_j:0,34.84304,0.0,hdslay1_t14,0,0,hdslay1,arr,,,,,,
oname:hdslay1_t14_otype:arr_i:0_j:1,34.83356,0.0,hdslay1_t14,0,1,hdslay1,arr,,,,,,
oname:hdslay1_t14_otype:arr_i:0_j:10,34.31129,0.0,hdslay1_t14,0,10,hdslay1,arr,,,,,,
oname:hdslay1_t14_otype:arr_i:0_j:11,34.27143,0.0,hdslay1_t14,0,11,hdslay1,arr,,,,,,
oname:hdslay1_t14_otype:arr_i:0_j:12,34.23999,0.0,hdslay1_t14,0,12,hdslay1,arr,,,,,,
oname:hdslay1_t14_otype:arr_i:0_j:13,34.20993,0.0,hdslay1_t14,0,13,hdslay1,arr,,,,,,
oname:hdslay1_t14_otype:arr_i:0_j:14,34.18043,0.0,hdslay1_t14,0,14,hdslay1,arr,,,,,,
oname:hdslay1_t14_otype:arr_i:0_j:15,34.14809,0.0,hdslay1_t14,0,15,hdslay1,arr,,,,,,
oname:hdslay1_t14_otype:arr_i:0_j:16,34.13889,0.0,hdslay1_t14,0,16,hdslay1,arr,,,,,,
oname:hdslay1_t14_otype:arr_i:0_j:17,34.1309,0.0,hdslay1_t14,0,17,hdslay1,arr,,,,,,
oname:hdslay1_t14_otype:arr_i:0_j:18,34.12466,0.0,hdslay1_t14,0,18,hdslay1,arr,,,,,,
oname:hdslay1_t14_otype:arr_i:0_j:19,34.12161,0.0,hdslay1_t14,0,19,hdslay1,arr,,,,,,
oname:hdslay1_t14_otype:arr_i:0_j:2,34.81012,0.0,hdslay1_t14,0,2,hdslay1,arr,,,,,,
oname:hdslay1_t14_otype:arr_i:0_j:3,34.78024,0.0,hdslay1_t14,0,3,hdslay1,arr,,,,,,
oname:hdslay1_t14_otype:arr_i:0_j:4,34.72891,0.0,hdslay1_t14,0,4,hdslay1,arr,,,,,,
oname:hdslay1_t14_otype:arr_i:0_j:5,34.65103,0.0,hdslay1_t14,0,5,hdslay1,arr,,,,,,
oname:hdslay1_t14_otype:arr_i:0_j:6,34.5569,0.0,hdslay1_t14,0,6,hdslay1,arr,,,,,,
oname:hdslay1_t14_otype:arr_i:0_j:7,34.47574,0.0,hdslay1_t14,0,7,hdslay1,arr,,,,,,
oname:hdslay1_t14_otype:arr_i:0_j:8,34.40794,0.0,hdslay1_t14,0,8,hdslay1,arr,,,,,,
oname:hdslay1_t14_otype:arr_i:0_j:9,34.35429,0.0,hdslay1_t14,0,9,hdslay1,arr,,,,,,
oname:hdslay1_t14_otype:arr_i:10_j:0,34.69873,0.0,hdslay1_t14,10,0,hdslay1,arr,,,,,,
oname:hdslay1_t14_otype:arr_i:10_j:1,34.69538,0.0,hdslay1_t14,10,1,hdslay1,arr,,,,,,
oname:hdslay1_t14_otype:arr_i:10_j:10,33.95071,0.0,hdslay1_t14,10,10,hdslay1,arr,,,,,,
oname:hdslay1_t14_otype:arr_i:10_j:11,33.896,0.0,hdslay1_t14,10,11,hdslay1,arr,,,,,,
oname:hdslay1_t14_otype:arr_i:10_j:12,33.84637,0.0,hdslay1_t14,10,12,hdslay1,arr,,,,,,
oname:hdslay1_t14_otype:arr_i:10_j:13,33.81709,0.0,hdslay1_t14,10,13,hdslay1,arr,,,,,,
oname:hdslay1_t14_otype:arr_i:10_j:14,33.83976,0.0,hdslay1_t14,10,14,hdslay1,arr,,,,,,
oname:hdslay1_t14_otype:arr_i:10_j:15,33.85365,0.0,hdslay1_t14,10,15,hdslay1,arr,,,,,,
oname:hdslay1_t14_otype:arr_i:10_j:16,33.85354,0.0,hdslay1_t14,10,16,hdslay1,arr,,,,,,
oname:hdslay1_t14_otype:arr_i:10_j:17,33.86965,0.0,hdslay1_t14,10,17,hdslay1,arr,,,,,,
oname:hdslay1_t14_otype:arr_i:10_j:18,33.88199,0.0,hdslay1_t14,10,18,hdslay1,arr,,,,,,
oname:hdslay1_t14_otype:arr_i:10_j:19,33.8884,0.0,hdslay1_t14,10,19,hdslay1,arr,,,,,,
oname:hdslay1_t14_otype:arr_i:10_j:2,34.69317,0.0,hdslay1_t14,10,2,hdslay1,arr,,,,,,
oname:hdslay1_t14_otype:arr_i:10_j:3,34.68878,0.0,hdslay1_t14,10,3,hdslay1,arr,,,,,,
oname:hdslay1_t14_otype:arr_i:10_j:4,1e+30,0.0,hdslay1_t14,10,4,hdslay1,arr,,,,,,
oname:hdslay1_t14_otype:arr_i:10_j:5,1e+30,0.0,hdslay1_t14,10,5,hdslay1,arr,,,,,,
oname:hdslay1_t14_otype:arr_i:10_j:6,1e+30,0.0,hdslay1_t14,10,6,hdslay1,arr,,,,,,
oname:hdslay1_t14_otype:arr_i:10_j:7,1e+30,0.0,hdslay1_t14,10,7,hdslay1,arr,,,,,,
oname:hdslay1_t14_otype:arr_i:10_j:8,34.00391,0.0,hdslay1_t14,10,8,hdslay1,arr,,,,,,
oname:hdslay1_t14_otype:arr_i:10_j:9,33.98324,0.0,hdslay1_t14,10,9,hdslay1,arr,,,,,,
oname:hdslay1_t14_otype:arr_i:11_j:0,34.64851,0.0,hdslay1_t14,11,0,hdslay1,arr,,,,,,
oname:hdslay1_t14_otype:arr_i:11_j:1,34.64598,0.0,hdslay1_t14,11,1,hdslay1,arr,,,,,,
oname:hdslay1_t14_otype:arr_i:11_j:10,33.89965,0.0,hdslay1_t14,11,10,hdslay1,arr,,,,,,
oname:hdslay1_t14_otype:arr_i:11_j:11,33.85559,0.0,hdslay1_t14,11,11,hdslay1,arr,,,,,,
oname:hdslay1_t14_otype:arr_i:11_j:12,33.80216,0.0,hdslay1_t14,11,12,hdslay1,arr,,,,,,
oname:hdslay1_t14_otype:arr_i:11_j:13,33.71406,0.0,hdslay1_t14,11,13,hdslay1,arr,,,,,,
oname:hdslay1_t14_otype:arr_i:11_j:14,33.81168,0.0,hdslay1_t14,11,14,hdslay1,arr,,,,,,
oname:hdslay1_t14_otype:arr_i:11_j:15,33.84794,0.0,hdslay1_t14,11,15,hdslay1,arr,,,,,,
oname:hdslay1_t14_otype:arr_i:11_j:16,33.8586,0.0,hdslay1_t14,11,16,hdslay1,arr,,,,,,
oname:hdslay1_t14_otype:arr_i:11_j:17,33.87046,0.0,hdslay1_t14,11,17,hdslay1,arr,,,,,,
oname:hdslay1_t14_otype:arr_i:11_j:18,33.87997,0.0,hdslay1_t14,11,18,hdslay1,arr,,,,,,
oname:hdslay1_t14_otype:arr_i:11_j:19,33.88465,0.0,hdslay1_t14,11,19,hdslay1,arr,,,,,,
oname:hdslay1_t14_otype:arr_i:11_j:2,34.64281,0.0,hdslay1_t14,11,2,hdslay1,arr,,,,,,
oname:hdslay1_t14_otype:arr_i:11_j:3,34.64413,0.0,hdslay1_t14,11,3,hdslay1,arr,,,,,,
oname:hdslay1_t14_otype:arr_i:11_j:4,1e+30,0.0,hdslay1_t14,11,4,hdslay1,arr,,,,,,
oname:hdslay1_t14_otype:arr_i:11_j:5,1e+30,0.0,hdslay1_t14,11,5,hdslay1,arr,,,,,,
oname:hdslay1_t14_otype:arr_i:11_j:6,1e+30,0.0,hdslay1_t14,11,6,hdslay1,arr,,,,,,
oname:hdslay1_t14_otype:arr_i:11_j:7,1e+30,0.0,hdslay1_t14,11,7,hdslay1,arr,,,,,,
oname:hdslay1_t14_otype:arr_i:11_j:8,33.94086,0.0,hdslay1_t14,11,8,hdslay1,arr,,,,,,
oname:hdslay1_t14_otype:arr_i:11_j:9,33.92756,0.0,hdslay1_t14,11,9,hdslay1,arr,,,,,,
oname:hdslay1_t14_otype:arr_i:12_j:0,34.59455,0.0,hdslay1_t14,12,0,hdslay1,arr,,,,,,
oname:hdslay1_t14_otype:arr_i:12_j:1,34.59113,0.0,hdslay1_t14,12,1,hdslay1,arr,,,,,,
oname:hdslay1_t14_otype:arr_i:12_j:10,33.87535,0.0,hdslay1_t14,12,10,hdslay1,arr,,,,,,
oname:hdslay1_t14_otype:arr_i:12_j:11,33.84636,0.0,hdslay1_t14,12,11,hdslay1,arr,,,,,,
oname:hdslay1_t14_otype:arr_i:12_j:12,33.81376,0.0,hdslay1_t14,12,12,hdslay1,arr,,,,,,
oname:hdslay1_t14_otype:arr_i:12_j:13,33.79081,0.0,hdslay1_t14,12,13,hdslay1,arr,,,,,,
oname:hdslay1_t14_otype:arr_i:12_j:14,33.82349,0.0,hdslay1_t14,12,14,hdslay1,arr,,,,,,
oname:hdslay1_t14_otype:arr_i:12_j:15,33.85127,0.0,hdslay1_t14,12,15,hdslay1,arr,,,,,,
oname:hdslay1_t14_otype:arr_i:12_j:16,33.86185,0.0,hdslay1_t14,12,16,hdslay1,arr,,,,,,
oname:hdslay1_t14_otype:arr_i:12_j:17,33.87128,0.0,hdslay1_t14,12,17,hdslay1,arr,,,,,,
oname:hdslay1_t14_otype:arr_i:12_j:18,33.87953,0.0,hdslay1_t14,12,18,hdslay1,arr,,,,,,
oname:hdslay1_t14_otype:arr_i:12_j:19,33.88344,0.0,hdslay1_t14,12,19,hdslay1,arr,,,,,,
oname:hdslay1_t14_otype:arr_i:12_j:2,34.58982,0.0,hdslay1_t14,12,2,hdslay1,arr,,,,,,
oname:hdslay1_t14_otype:arr_i:12_j:3,34.58826,0.0,hdslay1_t14,12,3,hdslay1,arr,,,,,,
oname:hdslay1_t14_otype:arr_i:12_j:4,1e+30,0.0,hdslay1_t14,12,4,hdslay1,arr,,,,,,
oname:hdslay1_t14_otype:arr_i:12_j:5,1e+30,0.0,hdslay1_t14,12,5,hdslay1,arr,,,,,,
oname:hdslay1_t14_otype:arr_i:12_j:6,1e+30,0.0,hdslay1_t14,12,6,hdslay1,arr,,,,,,
oname:hdslay1_t14_otype:arr_i:12_j:7,1e+30,0.0,hdslay1_t14,12,7,hdslay1,arr,,,,,,
oname:hdslay1_t14_otype:arr_i:12_j:8,33.9053,0.0,hdslay1_t14,12,8,hdslay1,arr,,,,,,
oname:hdslay1_t14_otype:arr_i:12_j:9,33.89299,0.0,hdslay1_t14,12,9,hdslay1,arr,,,,,,
oname:hdslay1_t14_otype:arr_i:13_j:0,34.53564,0.0,hdslay1_t14,13,0,hdslay1,arr,,,,,,
oname:hdslay1_t14_otype:arr_i:13_j:1,34.53598,0.0,hdslay1_t14,13,1,hdslay1,arr,,,,,,
oname:hdslay1_t14_otype:arr_i:13_j:10,33.8599,0.0,hdslay1_t14,13,10,hdslay1,arr,,,,,,
oname:hdslay1_t14_otype:arr_i:13_j:11,33.84303,0.0,hdslay1_t14,13,11,hdslay1,arr,,,,,,
oname:hdslay1_t14_otype:arr_i:13_j:12,33.82444,0.0,hdslay1_t14,13,12,hdslay1,arr,,,,,,
oname:hdslay1_t14_otype:arr_i:13_j:13,33.8183,0.0,hdslay1_t14,13,13,hdslay1,arr,,,,,,
oname:hdslay1_t14_otype:arr_i:13_j:14,33.8349,0.0,hdslay1_t14,13,14,hdslay1,arr,,,,,,
oname:hdslay1_t14_otype:arr_i:13_j:15,33.85542,0.0,hdslay1_t14,13,15,hdslay1,arr,,,,,,
oname:hdslay1_t14_otype:arr_i:13_j:16,33.86285,0.0,hdslay1_t14,13,16,hdslay1,arr,,,,,,
oname:hdslay1_t14_otype:arr_i:13_j:17,33.87053,0.0,hdslay1_t14,13,17,hdslay1,arr,,,,,,
oname:hdslay1_t14_otype:arr_i:13_j:18,33.87798,0.0,hdslay1_t14,13,18,hdslay1,arr,,,,,,
oname:hdslay1_t14_otype:arr_i:13_j:19,33.88263,0.0,hdslay1_t14,13,19,hdslay1,arr,,,,,,
oname:hdslay1_t14_otype:arr_i:13_j:2,34.53344,0.0,hdslay1_t14,13,2,hdslay1,arr,,,,,,
oname:hdslay1_t14_otype:arr_i:13_j:3,34.52792,0.0,hdslay1_t14,13,3,hdslay1,arr,,,,,,
oname:hdslay1_t14_otype:arr_i:13_j:4,1e+30,0.0,hdslay1_t14,13,4,hdslay1,arr,,,,,,
oname:hdslay1_t14_otype:arr_i:13_j:5,1e+30,0.0,hdslay1_t14,13,5,hdslay1,arr,,,,,,
oname:hdslay1_t14_otype:arr_i:13_j:6,1e+30,0.0,hdslay1_t14,13,6,hdslay1,arr,,,,,,
oname:hdslay1_t14_otype:arr_i:13_j:7,1e+30,0.0,hdslay1_t14,13,7,hdslay1,arr,,,,,,
oname:hdslay1_t14_otype:arr_i:13_j:8,33.87442,0.0,hdslay1_t14,13,8,hdslay1,arr,,,,,,
oname:hdslay1_t14_otype:arr_i:13_j:9,33.8673,0.0,hdslay1_t14,13,9,hdslay1,arr,,,,,,
oname:hdslay1_t14_otype:arr_i:14_j:0,34.45758,0.0,hdslay1_t14,14,0,hdslay1,arr,,,,,,
oname:hdslay1_t14_otype:arr_i:14_j:1,34.46393,0.0,hdslay1_t14,14,1,hdslay1,arr,,,,,,
oname:hdslay1_t14_otype:arr_i:14_j:10,33.84198,0.0,hdslay1_t14,14,10,hdslay1,arr,,,,,,
oname:hdslay1_t14_otype:arr_i:14_j:11,33.83112,0.0,hdslay1_t14,14,11,hdslay1,arr,,,,,,
oname:hdslay1_t14_otype:arr_i:14_j:12,33.82264,0.0,hdslay1_t14,14,12,hdslay1,arr,,,,,,
oname:hdslay1_t14_otype:arr_i:14_j:13,33.8232,0.0,hdslay1_t14,14,13,hdslay1,arr,,,,,,
oname:hdslay1_t14_otype:arr_i:14_j:14,33.83639,0.0,hdslay1_t14,14,14,hdslay1,arr,,,,,,
oname:hdslay1_t14_otype:arr_i:14_j:15,33.85303,0.0,hdslay1_t14,14,15,hdslay1,arr,,,,,,
oname:hdslay1_t14_otype:arr_i:14_j:16,33.86075,0.0,hdslay1_t14,14,16,hdslay1,arr,,,,,,
oname:hdslay1_t14_otype:arr_i:14_j:17,33.86716,0.0,hdslay1_t14,14,17,hdslay1,arr,,,,,,
oname:hdslay1_t14_otype:arr_i:14_j:18,33.87378,0.0,hdslay1_t14,14,18,hdslay1,arr,,,,,,
oname:hdslay1_t14_otype:arr_i:14_j:19,33.87882,0.0,hdslay1_t14,14,19,hdslay1,arr,,,,,,
oname:hdslay1_t14_otype:arr_i:14_j:2,34.46169,0.0,hdslay1_t14,14,2,hdslay1,arr,,,,,,
oname:hdslay1_t14_otype:arr_i:14_j:3,34.45801,0.0,hdslay1_t14,14,3,hdslay1,arr,,,,,,
oname:hdslay1_t14_otype:arr_i:14_j:4,1e+30,0.0,hdslay1_t14,14,4,hdslay1,arr,,,,,,
oname:hdslay1_t14_otype:arr_i:14_j:5,1e+30,0.0,hdslay1_t14,14,5,hdslay1,arr,,,,,,
oname:hdslay1_t14_otype:arr_i:14_j:6,1e+30,0.0,hdslay1_t14,14,6,hdslay1,arr,,,,,,
oname:hdslay1_t14_otype:arr_i:14_j:7,1e+30,0.0,hdslay1_t14,14,7,hdslay1,arr,,,,,,
oname:hdslay1_t14_otype:arr_i:14_j:8,33.84361,0.0,hdslay1_t14,14,8,hdslay1,arr,,,,,,
oname:hdslay1_t14_otype:arr_i:14_j:9,33.84471,0.0,hdslay1_t14,14,9,hdslay1,arr,,,,,,
oname:hdslay1_t14_otype:arr_i:15_j:0,34.38778,0.0,hdslay1_t14,15,0,hdslay1,arr,,,,,,
oname:hdslay1_t14_otype:arr_i:15_j:1,34.3916,0.0,hdslay1_t14,15,1,hdslay1,arr,,,,,,
oname:hdslay1_t14_otype:arr_i:15_j:10,33.81212,0.0,hdslay1_t14,15,10,hdslay1,arr,,,,,,
oname:hdslay1_t14_otype:arr_i:15_j:11,33.80539,0.0,hdslay1_t14,15,11,hdslay1,arr,,,,,,
oname:hdslay1_t14_otype:arr_i:15_j:12,33.80623,0.0,hdslay1_t14,15,12,hdslay1,arr,,,,,,
oname:hdslay1_t14_otype:arr_i:15_j:13,33.81269,0.0,hdslay1_t14,15,13,hdslay1,arr,,,,,,
oname:hdslay1_t14_otype:arr_i:15_j:14,33.82876,0.0,hdslay1_t14,15,14,hdslay1,arr,,,,,,
oname:hdslay1_t14_otype:arr_i:15_j:15,33.84599,0.0,hdslay1_t14,15,15,hdslay1,arr,,,,,,
oname:hdslay1_t14_otype:arr_i:15_j:16,33.85528,0.0,hdslay1_t14,15,16,hdslay1,arr,,,,,,
oname:hdslay1_t14_otype:arr_i:15_j:17,33.86288,0.0,hdslay1_t14,15,17,hdslay1,arr,,,,,,
oname:hdslay1_t14_otype:arr_i:15_j:18,33.86912,0.0,hdslay1_t14,15,18,hdslay1,arr,,,,,,
oname:hdslay1_t14_otype:arr_i:15_j:19,33.87407,0.0,hdslay1_t14,15,19,hdslay1,arr,,,,,,
oname:hdslay1_t14_otype:arr_i:15_j:2,34.38209,0.0,hdslay1_t14,15,2,hdslay1,arr,,,,,,
oname:hdslay1_t14_otype:arr_i:15_j:3,34.37458,0.0,hdslay1_t14,15,3,hdslay1,arr,,,,,,
oname:hdslay1_t14_otype:arr_i:15_j:4,1e+30,0.0,hdslay1_t14,15,4,hdslay1,arr,,,,,,
oname:hdslay1_t14_otype:arr_i:15_j:5,1e+30,0.0,hdslay1_t14,15,5,hdslay1,arr,,,,,,
oname:hdslay1_t14_otype:arr_i:15_j:6,1e+30,0.0,hdslay1_t14,15,6,hdslay1,arr,,,,,,
oname:hdslay1_t14_otype:arr_i:15_j:7,1e+30,0.0,hdslay1_t14,15,7,hdslay1,arr,,,,,,
oname:hdslay1_t14_otype:arr_i:15_j:8,33.81397,0.0,hdslay1_t14,15,8,hdslay1,arr,,,,,,
oname:hdslay1_t14_otype:arr_i:15_j:9,33.81322,0.0,hdslay1_t14,15,9,hdslay1,arr,,,,,,
oname:hdslay1_t14_otype:arr_i:16_j:0,34.32213,0.0,hdslay1_t14,16,0,hdslay1,arr,,,,,,
oname:hdslay1_t14_otype:arr_i:16_j:1,34.31453,0.0,hdslay1_t14,16,1,hdslay1,arr,,,,,,
oname:hdslay1_t14_otype:arr_i:16_j:10,33.76737,0.0,hdslay1_t14,16,10,hdslay1,arr,,,,,,
oname:hdslay1_t14_otype:arr_i:16_j:11,33.76771,0.0,hdslay1_t14,16,11,hdslay1,arr,,,,,,
oname:hdslay1_t14_otype:arr_i:16_j:12,33.77496,0.0,hdslay1_t14,16,12,hdslay1,arr,,,,,,
oname:hdslay1_t14_otype:arr_i:16_j:13,33.79043,0.0,hdslay1_t14,16,13,hdslay1,arr,,,,,,
oname:hdslay1_t14_otype:arr_i:16_j:14,33.80876,0.0,hdslay1_t14,16,14,hdslay1,arr,,,,,,
oname:hdslay1_t14_otype:arr_i:16_j:15,33.8316,0.0,hdslay1_t14,16,15,hdslay1,arr,,,,,,
oname:hdslay1_t14_otype:arr_i:16_j:16,33.84351,0.0,hdslay1_t14,16,16,hdslay1,arr,,,,,,
oname:hdslay1_t14_otype:arr_i:16_j:17,33.85311,0.0,hdslay1_t14,16,17,hdslay1,arr,,,,,,
oname:hdslay1_t14_otype:arr_i:16_j:18,33.86068,0.0,hdslay1_t14,16,18,hdslay1,arr,,,,,,
oname:hdslay1_t14_otype:arr_i:16_j:19,33.86633,0.0,hdslay1_t14,16,19,hdslay1,arr,,,,,,
oname:hdslay1_t14_otype:arr_i:16_j:2,34.30214,0.0,hdslay1_t14,16,2,hdslay1,arr,,,,,,
oname:hdslay1_t14_otype:arr_i:16_j:3,34.2991,0.0,hdslay1_t14,16,3,hdslay1,arr,,,,,,
oname:hdslay1_t14_otype:arr_i:16_j:4,1e+30,0.0,hdslay1_t14,16,4,hdslay1,arr,,,,,,
oname:hdslay1_t14_otype:arr_i:16_j:5,1e+30,0.0,hdslay1_t14,16,5,hdslay1,arr,,,,,,
oname:hdslay1_t14_otype:arr_i:16_j:6,1e+30,0.0,hdslay1_t14,16,6,hdslay1,arr,,,,,,
oname:hdslay1_t14_otype:arr_i:16_j:7,1e+30,0.0,hdslay1_t14,16,7,hdslay1,arr,,,,,,
oname:hdslay1_t14_otype:arr_i:16_j:8,33.7703,0.0,hdslay1_t14,16,8,hdslay1,arr,,,,,,
oname:hdslay1_t14_otype:arr_i:16_j:9,33.77091,0.0,hdslay1_t14,16,9,hdslay1,arr,,,,,,
oname:hdslay1_t14_otype:arr_i:17_j:0,34.24265,0.0,hdslay1_t14,17,0,hdslay1,arr,,,,,,
oname:hdslay1_t14_otype:arr_i:17_j:1,34.23592,0.0,hdslay1_t14,17,1,hdslay1,arr,,,,,,
oname:hdslay1_t14_otype:arr_i:17_j:10,33.7172,0.0,hdslay1_t14,17,10,hdslay1,arr,,,,,,
oname:hdslay1_t14_otype:arr_i:17_j:11,33.71989,0.0,hdslay1_t14,17,11,hdslay1,arr,,,,,,
oname:hdslay1_t14_otype:arr_i:17_j:12,33.72471,0.0,hdslay1_t14,17,12,hdslay1,arr,,,,,,
oname:hdslay1_t14_otype:arr_i:17_j:13,33.74446,0.0,hdslay1_t14,17,13,hdslay1,arr,,,,,,
oname:hdslay1_t14_otype:arr_i:17_j:14,33.76645,0.0,hdslay1_t14,17,14,hdslay1,arr,,,,,,
oname:hdslay1_t14_otype:arr_i:17_j:15,33.80317,0.0,hdslay1_t14,17,15,hdslay1,arr,,,,,,
oname:hdslay1_t14_otype:arr_i:17_j:16,33.82037,0.0,hdslay1_t14,17,16,hdslay1,arr,,,,,,
oname:hdslay1_t14_otype:arr_i:17_j:17,33.83426,0.0,hdslay1_t14,17,17,hdslay1,arr,,,,,,
oname:hdslay1_t14_otype:arr_i:17_j:18,33.84589,0.0,hdslay1_t14,17,18,hdslay1,arr,,,,,,
oname:hdslay1_t14_otype:arr_i:17_j:19,33.85209,0.0,hdslay1_t14,17,19,hdslay1,arr,,,,,,
oname:hdslay1_t14_otype:arr_i:17_j:2,34.23675,0.0,hdslay1_t14,17,2,hdslay1,arr,,,,,,
oname:hdslay1_t14_otype:arr_i:17_j:3,34.24419,0.0,hdslay1_t14,17,3,hdslay1,arr,,,,,,
oname:hdslay1_t14_otype:arr_i:17_j:4,1e+30,0.0,hdslay1_t14,17,4,hdslay1,arr,,,,,,
oname:hdslay1_t14_otype:arr_i:17_j:5,1e+30,0.0,hdslay1_t14,17,5,hdslay1,arr,,,,,,
oname:hdslay1_t14_otype:arr_i:17_j:6,1e+30,0.0,hdslay1_t14,17,6,hdslay1,arr,,,,,,
oname:hdslay1_t14_otype:arr_i:17_j:7,1e+30,0.0,hdslay1_t14,17,7,hdslay1,arr,,,,,,
oname:hdslay1_t14_otype:arr_i:17_j:8,33.72332,0.0,hdslay1_t14,17,8,hdslay1,arr,,,,,,
oname:hdslay1_t14_otype:arr_i:17_j:9,33.72227,0.0,hdslay1_t14,17,9,hdslay1,arr,,,,,,
oname:hdslay1_t14_otype:arr_i:18_j:0,34.15208,0.0,hdslay1_t14,18,0,hdslay1,arr,,,,,,
oname:hdslay1_t14_otype:arr_i:18_j:1,34.1547,0.0,hdslay1_t14,18,1,hdslay1,arr,,,,,,
oname:hdslay1_t14_otype:arr_i:18_j:10,33.67706,0.0,hdslay1_t14,18,10,hdslay1,arr,,,,,,
oname:hdslay1_t14_otype:arr_i:18_j:11,33.67373,0.0,hdslay1_t14,18,11,hdslay1,arr,,,,,,
oname:hdslay1_t14_otype:arr_i:18_j:12,33.67363,0.0,hdslay1_t14,18,12,hdslay1,arr,,,,,,
oname:hdslay1_t14_otype:arr_i:18_j:13,33.68042,0.0,hdslay1_t14,18,13,hdslay1,arr,,,,,,
oname:hdslay1_t14_otype:arr_i:18_j:14,33.69374,0.0,hdslay1_t14,18,14,hdslay1,arr,,,,,,
oname:hdslay1_t14_otype:arr_i:18_j:15,33.75583,0.0,hdslay1_t14,18,15,hdslay1,arr,,,,,,
oname:hdslay1_t14_otype:arr_i:18_j:16,33.7831,0.0,hdslay1_t14,18,16,hdslay1,arr,,,,,,
oname:hdslay1_t14_otype:arr_i:18_j:17,33.80609,0.0,hdslay1_t14,18,17,hdslay1,arr,,,,,,
oname:hdslay1_t14_otype:arr_i:18_j:18,33.82385,0.0,hdslay1_t14,18,18,hdslay1,arr,,,,,,
oname:hdslay1_t14_otype:arr_i:18_j:19,33.83097,0.0,hdslay1_t14,18,19,hdslay1,arr,,,,,,
oname:hdslay1_t14_otype:arr_i:18_j:2,34.16346,0.0,hdslay1_t14,18,2,hdslay1,arr,,,,,,
oname:hdslay1_t14_otype:arr_i:18_j:3,34.17777,0.0,hdslay1_t14,18,3,hdslay1,arr,,,,,,
oname:hdslay1_t14_otype:arr_i:18_j:4,1e+30,0.0,hdslay1_t14,18,4,hdslay1,arr,,,,,,
oname:hdslay1_t14_otype:arr_i:18_j:5,1e+30,0.0,hdslay1_t14,18,5,hdslay1,arr,,,,,,
oname:hdslay1_t14_otype:arr_i:18_j:6,1e+30,0.0,hdslay1_t14,18,6,hdslay1,arr,,,,,,
oname:hdslay1_t14_otype:arr_i:18_j:7,1e+30,0.0,hdslay1_t14,18,7,hdslay1,arr,,,,,,
oname:hdslay1_t14_otype:arr_i:18_j:8,33.68205,0.0,hdslay1_t14,18,8,hdslay1,arr,,,,,,
oname:hdslay1_t14_otype:arr_i:18_j:9,33.67902,0.0,hdslay1_t14,18,9,hdslay1,arr,,,,,,
oname:hdslay1_t14_otype:arr_i:19_j:0,34.06421,0.0,hdslay1_t14,19,0,hdslay1,arr,,,,,,
oname:hdslay1_t14_otype:arr_i:19_j:1,34.06384,0.0,hdslay1_t14,19,1,hdslay1,arr,,,,,,
oname:hdslay1_t14_otype:arr_i:19_j:10,33.64139,0.0,hdslay1_t14,19,10,hdslay1,arr,,,,,,
oname:hdslay1_t14_otype:arr_i:19_j:11,33.63261,0.0,hdslay1_t14,19,11,hdslay1,arr,,,,,,
oname:hdslay1_t14_otype:arr_i:19_j:12,33.62676,0.0,hdslay1_t14,19,12,hdslay1,arr,,,,,,
oname:hdslay1_t14_otype:arr_i:19_j:13,33.60799,0.0,hdslay1_t14,19,13,hdslay1,arr,,,,,,
oname:hdslay1_t14_otype:arr_i:19_j:14,33.58187,0.0,hdslay1_t14,19,14,hdslay1,arr,,,,,,
oname:hdslay1_t14_otype:arr_i:19_j:15,33.69688,0.0,hdslay1_t14,19,15,hdslay1,arr,,,,,,
oname:hdslay1_t14_otype:arr_i:19_j:16,33.74207,0.0,hdslay1_t14,19,16,hdslay1,arr,,,,,,
oname:hdslay1_t14_otype:arr_i:19_j:17,33.76998,0.0,hdslay1_t14,19,17,hdslay1,arr,,,,,,
oname:hdslay1_t14_otype:arr_i:19_j:18,33.78723,0.0,hdslay1_t14,19,18,hdslay1,arr,,,,,,
oname:hdslay1_t14_otype:arr_i:19_j:19,33.7994,0.0,hdslay1_t14,19,19,hdslay1,arr,,,,,,
oname:hdslay1_t14_otype:arr_i:19_j:2,34.07143,0.0,hdslay1_t14,19,2,hdslay1,arr,,,,,,
oname:hdslay1_t14_otype:arr_i:19_j:3,34.08452,0.0,hdslay1_t14,19,3,hdslay1,arr,,,,,,
oname:hdslay1_t14_otype:arr_i:19_j:4,1e+30,0.0,hdslay1_t14,19,4,hdslay1,arr,,,,,,
oname:hdslay1_t14_otype:arr_i:19_j:5,1e+30,0.0,hdslay1_t14,19,5,hdslay1,arr,,,,,,
oname:hdslay1_t14_otype:arr_i:19_j:6,1e+30,0.0,hdslay1_t14,19,6,hdslay1,arr,,,,,,
oname:hdslay1_t14_otype:arr_i:19_j:7,1e+30,0.0,hdslay1_t14,19,7,hdslay1,arr,,,,,,
oname:hdslay1_t14_otype:arr_i:19_j:8,33.64738,0.0,hdslay1_t14,19,8,hdslay1,arr,,,,,,
oname:hdslay1_t14_otype:arr_i:19_j:9,33.64519,0.0,hdslay1_t14,19,9,hdslay1,arr,,,,,,
oname:hdslay1_t14_otype:arr_i:1_j:0,34.83802,0.0,hdslay1_t14,1,0,hdslay1,arr,,,,,,
oname:hdslay1_t14_otype:arr_i:1_j:1,34.82959,0.0,hdslay1_t14,1,1,hdslay1,arr,,,,,,
oname:hdslay1_t14_otype:arr_i:1_j:10,34.3096,0.0,hdslay1_t14,1,10,hdslay1,arr,,,,,,
oname:hdslay1_t14_otype:arr_i:1_j:11,34.27072,0.0,hdslay1_t14,1,11,hdslay1,arr,,,,,,
oname:hdslay1_t14_otype:arr_i:1_j:12,34.23753,0.0,hdslay1_t14,1,12,hdslay1,arr,,,,,,
oname:hdslay1_t14_otype:arr_i:1_j:13,34.2072,0.0,hdslay1_t14,1,13,hdslay1,arr,,,,,,
oname:hdslay1_t14_otype:arr_i:1_j:14,34.17595,0.0,hdslay1_t14,1,14,hdslay1,arr,,,,,,
oname:hdslay1_t14_otype:arr_i:1_j:15,34.1444,0.0,hdslay1_t14,1,15,hdslay1,arr,,,,,,
oname:hdslay1_t14_otype:arr_i:1_j:16,34.1341,0.0,hdslay1_t14,1,16,hdslay1,arr,,,,,,
oname:hdslay1_t14_otype:arr_i:1_j:17,34.12455,0.0,hdslay1_t14,1,17,hdslay1,arr,,,,,,
oname:hdslay1_t14_otype:arr_i:1_j:18,34.11795,0.0,hdslay1_t14,1,18,hdslay1,arr,,,,,,
oname:hdslay1_t14_otype:arr_i:1_j:19,34.11373,0.0,hdslay1_t14,1,19,hdslay1,arr,,,,,,
oname:hdslay1_t14_otype:arr_i:1_j:2,34.80913,0.0,hdslay1_t14,1,2,hdslay1,arr,,,,,,
oname:hdslay1_t14_otype:arr_i:1_j:3,34.77647,0.0,hdslay1_t14,1,3,hdslay1,arr,,,,,,
oname:hdslay1_t14_otype:arr_i:1_j:4,34.7268,0.0,hdslay1_t14,1,4,hdslay1,arr,,,,,,
oname:hdslay1_t14_otype:arr_i:1_j:5,34.6603,0.0,hdslay1_t14,1,5,hdslay1,arr,,,,,,
oname:hdslay1_t14_otype:arr_i:1_j:6,34.57385,0.0,hdslay1_t14,1,6,hdslay1,arr,,,,,,
oname:hdslay1_t14_otype:arr_i:1_j:7,34.48022,0.0,hdslay1_t14,1,7,hdslay1,arr,,,,,,
oname:hdslay1_t14_otype:arr_i:1_j:8,34.40552,0.0,hdslay1_t14,1,8,hdslay1,arr,,,,,,
oname:hdslay1_t14_otype:arr_i:1_j:9,34.35204,0.0,hdslay1_t14,1,9,hdslay1,arr,,,,,,
oname:hdslay1_t14_otype:arr_i:20_j:0,33.97946,0.0,hdslay1_t14,20,0,hdslay1,arr,,,,,,
oname:hdslay1_t14_otype:arr_i:20_j:1,33.98209,0.0,hdslay1_t14,20,1,hdslay1,arr,,,,,,
oname:hdslay1_t14_otype:arr_i:20_j:10,33.61611,0.0,hdslay1_t14,20,10,hdslay1,arr,,,,,,
oname:hdslay1_t14_otype:arr_i:20_j:11,33.61046,0.0,hdslay1_t14,20,11,hdslay1,arr,,,,,,
oname:hdslay1_t14_otype:arr_i:20_j:12,33.59849,0.0,hdslay1_t14,20,12,hdslay1,arr,,,,,,
oname:hdslay1_t14_otype:arr_i:20_j:13,33.54427,0.0,hdslay1_t14,20,13,hdslay1,arr,,,,,,
oname:hdslay1_t14_otype:arr_i:20_j:14,33.35587,0.0,hdslay1_t14,20,14,hdslay1,arr,,,,,,
oname:hdslay1_t14_otype:arr_i:20_j:15,33.61312,0.0,hdslay1_t14,20,15,hdslay1,arr,,,,,,
oname:hdslay1_t14_otype:arr_i:20_j:16,33.70189,0.0,hdslay1_t14,20,16,hdslay1,arr,,,,,,
oname:hdslay1_t14_otype:arr_i:20_j:17,33.73955,0.0,hdslay1_t14,20,17,hdslay1,arr,,,,,,
oname:hdslay1_t14_otype:arr_i:20_j:18,33.75483,0.0,hdslay1_t14,20,18,hdslay1,arr,,,,,,
oname:hdslay1_t14_otype:arr_i:20_j:19,33.76643,0.0,hdslay1_t14,20,19,hdslay1,arr,,,,,,
oname:hdslay1_t14_otype:arr_i:20_j:2,33.97852,0.0,hdslay1_t14,20,2,hdslay1,arr,,,,,,
oname:hdslay1_t14_otype:arr_i:20_j:3,33.97291,0.0,hdslay1_t14,20,3,hdslay1,arr,,,,,,
oname:hdslay1_t14_otype:arr_i:20_j:4,1e+30,0.0,hdslay1_t14,20,4,hdslay1,arr,,,,,,
oname:hdslay1_t14_otype:arr_i:20_j:5,1e+30,0.0,hdslay1_t14,20,5,hdslay1,arr,,,,,,
oname:hdslay1_t14_otype:arr_i:20_j:6,1e+30,0.0,hdslay1_t14,20,6,hdslay1,arr,,,,,,
oname:hdslay1_t14_otype:arr_i:20_j:7,1e+30,0.0,hdslay1_t14,20,7,hdslay1,arr,,,,,,
oname:hdslay1_t14_otype:arr_i:20_j:8,33.61927,0.0,hdslay1_t14,20,8,hdslay1,arr,,,,,,
oname:hdslay1_t14_otype:arr_i:20_j:9,33.61967,0.0,hdslay1_t14,20,9,hdslay1,arr,,,,,,
oname:hdslay1_t14_otype:arr_i:21_j:0,33.90174,0.0,hdslay1_t14,21,0,hdslay1,arr,,,,,,
oname:hdslay1_t14_otype:arr_i:21_j:1,33.9043,0.0,hdslay1_t14,21,1,hdslay1,arr,,,,,,
oname:hdslay1_t14_otype:arr_i:21_j:10,33.60069,0.0,hdslay1_t14,21,10,hdslay1,arr,,,,,,
oname:hdslay1_t14_otype:arr_i:21_j:11,33.60101,0.0,hdslay1_t14,21,11,hdslay1,arr,,,,,,
oname:hdslay1_t14_otype:arr_i:21_j:12,33.59504,0.0,hdslay1_t14,21,12,hdslay1,arr,,,,,,
oname:hdslay1_t14_otype:arr_i:21_j:13,33.57574,0.0,hdslay1_t14,21,13,hdslay1,arr,,,,,,
oname:hdslay1_t14_otype:arr_i:21_j:14,33.5551,0.0,hdslay1_t14,21,14,hdslay1,arr,,,,,,
oname:hdslay1_t14_otype:arr_i:21_j:15,33.63901,0.0,hdslay1_t14,21,15,hdslay1,arr,,,,,,
oname:hdslay1_t14_otype:arr_i:21_j:16,33.68722,0.0,hdslay1_t14,21,16,hdslay1,arr,,,,,,
oname:hdslay1_t14_otype:arr_i:21_j:17,33.72131,0.0,hdslay1_t14,21,17,hdslay1,arr,,,,,,
oname:hdslay1_t14_otype:arr_i:21_j:18,33.73812,0.0,hdslay1_t14,21,18,hdslay1,arr,,,,,,
oname:hdslay1_t14_otype:arr_i:21_j:19,33.74476,0.0,hdslay1_t14,21,19,hdslay1,arr,,,,,,
oname:hdslay1_t14_otype:arr_i:21_j:2,33.88833,0.0,hdslay1_t14,21,2,hdslay1,arr,,,,,,
oname:hdslay1_t14_otype:arr_i:21_j:3,33.85966,0.0,hdslay1_t14,21,3,hdslay1,arr,,,,,,
oname:hdslay1_t14_otype:arr_i:21_j:4,1e+30,0.0,hdslay1_t14,21,4,hdslay1,arr,,,,,,
oname:hdslay1_t14_otype:arr_i:21_j:5,1e+30,0.0,hdslay1_t14,21,5,hdslay1,arr,,,,,,
oname:hdslay1_t14_otype:arr_i:21_j:6,33.56015,0.0,hdslay1_t14,21,6,hdslay1,arr,,,,,,
oname:hdslay1_t14_otype:arr_i:21_j:7,33.57276,0.0,hdslay1_t14,21,7,hdslay1,arr,,,,,,
oname:hdslay1_t14_otype:arr_i:21_j:8,33.59205,0.0,hdslay1_t14,21,8,hdslay1,arr,,,,,,
oname:hdslay1_t14_otype:arr_i:21_j:9,33.59976,0.0,hdslay1_t14,21,9,hdslay1,arr,,,,,,
oname:hdslay1_t14_otype:arr_i:22_j:0,33.82484,0.0,hdslay1_t14,22,0,hdslay1,arr,,,,,,
oname:hdslay1_t14_otype:arr_i:22_j:1,33.80787,0.0,hdslay1_t14,22,1,hdslay1,arr,,,,,,
oname:hdslay1_t14_otype:arr_i:22_j:10,33.58777,0.0,hdslay1_t14,22,10,hdslay1,arr,,,,,,
oname:hdslay1_t14_otype:arr_i:22_j:11,33.59286,0.0,hdslay1_t14,22,11,hdslay1,arr,,,,,,
oname:hdslay1_t14_otype:arr_i:22_j:12,33.59603,0.0,hdslay1_t14,22,12,hdslay1,arr,,,,,,
oname:hdslay1_t14_otype:arr_i:22_j:13,33.60042,0.0,hdslay1_t14,22,13,hdslay1,arr,,,,,,
oname:hdslay1_t14_otype:arr_i:22_j:14,33.61387,0.0,hdslay1_t14,22,14,hdslay1,arr,,,,,,
oname:hdslay1_t14_otype:arr_i:22_j:15,33.65644,0.0,hdslay1_t14,22,15,hdslay1,arr,,,,,,
oname:hdslay1_t14_otype:arr_i:22_j:16,33.68297,0.0,hdslay1_t14,22,16,hdslay1,arr,,,,,,
oname:hdslay1_t14_otype:arr_i:22_j:17,33.70791,0.0,hdslay1_t14,22,17,hdslay1,arr,,,,,,
oname:hdslay1_t14_otype:arr_i:22_j:18,33.72217,0.0,hdslay1_t14,22,18,hdslay1,arr,,,,,,
oname:hdslay1_t14_otype:arr_i:22_j:19,33.72739,0.0,hdslay1_t14,22,19,hdslay1,arr,,,,,,
oname:hdslay1_t14_otype:arr_i:22_j:2,33.78322,0.0,hdslay1_t14,22,2,hdslay1,arr,,,,,,
oname:hdslay1_t14_otype:arr_i:22_j:3,33.71646,0.0,hdslay1_t14,22,3,hdslay1,arr,,,,,,
oname:hdslay1_t14_otype:arr_i:22_j:4,33.60433,0.0,hdslay1_t14,22,4,hdslay1,arr,,,,,,
oname:hdslay1_t14_otype:arr_i:22_j:5,1e+30,0.0,hdslay1_t14,22,5,hdslay1,arr,,,,,,
oname:hdslay1_t14_otype:arr_i:22_j:6,33.54588,0.0,hdslay1_t14,22,6,hdslay1,arr,,,,,,
oname:hdslay1_t14_otype:arr_i:22_j:7,33.55774,0.0,hdslay1_t14,22,7,hdslay1,arr,,,,,,
oname:hdslay1_t14_otype:arr_i:22_j:8,33.57247,0.0,hdslay1_t14,22,8,hdslay1,arr,,,,,,
oname:hdslay1_t14_otype:arr_i:22_j:9,33.58267,0.0,hdslay1_t14,22,9,hdslay1,arr,,,,,,
oname:hdslay1_t14_otype:arr_i:23_j:0,33.73703,0.0,hdslay1_t14,23,0,hdslay1,arr,,,,,,
oname:hdslay1_t14_otype:arr_i:23_j:1,33.71317,0.0,hdslay1_t14,23,1,hdslay1,arr,,,,,,
oname:hdslay1_t14_otype:arr_i:23_j:10,33.56932,0.0,hdslay1_t14,23,10,hdslay1,arr,,,,,,
oname:hdslay1_t14_otype:arr_i:23_j:11,33.58056,0.0,hdslay1_t14,23,11,hdslay1,arr,,,,,,
oname:hdslay1_t14_otype:arr_i:23_j:12,33.59509,0.0,hdslay1_t14,23,12,hdslay1,arr,,,,,,
oname:hdslay1_t14_otype:arr_i:23_j:13,33.61342,0.0,hdslay1_t14,23,13,hdslay1,arr,,,,,,
oname:hdslay1_t14_otype:arr_i:23_j:14,33.63596,0.0,hdslay1_t14,23,14,hdslay1,arr,,,,,,
oname:hdslay1_t14_otype:arr_i:23_j:15,33.66964,0.0,hdslay1_t14,23,15,hdslay1,arr,,,,,,
oname:hdslay1_t14_otype:arr_i:23_j:16,33.68383,0.0,hdslay1_t14,23,16,hdslay1,arr,,,,,,
oname:hdslay1_t14_otype:arr_i:23_j:17,33.69958,0.0,hdslay1_t14,23,17,hdslay1,arr,,,,,,
oname:hdslay1_t14_otype:arr_i:23_j:18,33.71,0.0,hdslay1_t14,23,18,hdslay1,arr,,,,,,
oname:hdslay1_t14_otype:arr_i:23_j:19,33.71309,0.0,hdslay1_t14,23,19,hdslay1,arr,,,,,,
oname:hdslay1_t14_otype:arr_i:23_j:2,33.67548,0.0,hdslay1_t14,23,2,hdslay1,arr,,,,,,
oname:hdslay1_t14_otype:arr_i:23_j:3,33.59925,0.0,hdslay1_t14,23,3,hdslay1,arr,,,,,,
oname:hdslay1_t14_otype:arr_i:23_j:4,33.51481,0.0,hdslay1_t14,23,4,hdslay1,arr,,,,,,
oname:hdslay1_t14_otype:arr_i:23_j:5,33.50046,0.0,hdslay1_t14,23,5,hdslay1,arr,,,,,,
oname:hdslay1_t14_otype:arr_i:23_j:6,33.52033,0.0,hdslay1_t14,23,6,hdslay1,arr,,,,,,
oname:hdslay1_t14_otype:arr_i:23_j:7,33.53598,0.0,hdslay1_t14,23,7,hdslay1,arr,,,,,,
oname:hdslay1_t14_otype:arr_i:23_j:8,33.55041,0.0,hdslay1_t14,23,8,hdslay1,arr,,,,,,
oname:hdslay1_t14_otype:arr_i:23_j:9,33.56138,0.0,hdslay1_t14,23,9,hdslay1,arr,,,,,,
oname:hdslay1_t14_otype:arr_i:24_j:0,33.66198,0.0,hdslay1_t14,24,0,hdslay1,arr,,,,,,
oname:hdslay1_t14_otype:arr_i:24_j:1,33.64423,0.0,hdslay1_t14,24,1,hdslay1,arr,,,,,,
oname:hdslay1_t14_otype:arr_i:24_j:10,33.54221,0.0,hdslay1_t14,24,10,hdslay1,arr,,,,,,
oname:hdslay1_t14_otype:arr_i:24_j:11,33.56114,0.0,hdslay1_t14,24,11,hdslay1,arr,,,,,,
oname:hdslay1_t14_otype:arr_i:24_j:12,33.58599,0.0,hdslay1_t14,24,12,hdslay1,arr,,,,,,
oname:hdslay1_t14_otype:arr_i:24_j:13,33.61417,0.0,hdslay1_t14,24,13,hdslay1,arr,,,,,,
oname:hdslay1_t14_otype:arr_i:24_j:14,33.64212,0.0,hdslay1_t14,24,14,hdslay1,arr,,,,,,
oname:hdslay1_t14_otype:arr_i:24_j:15,33.67454,0.0,hdslay1_t14,24,15,hdslay1,arr,,,,,,
oname:hdslay1_t14_otype:arr_i:24_j:16,33.68023,0.0,hdslay1_t14,24,16,hdslay1,arr,,,,,,
oname:hdslay1_t14_otype:arr_i:24_j:17,33.6884,0.0,hdslay1_t14,24,17,hdslay1,arr,,,,,,
oname:hdslay1_t14_otype:arr_i:24_j:18,33.69672,0.0,hdslay1_t14,24,18,hdslay1,arr,,,,,,
oname:hdslay1_t14_otype:arr_i:24_j:19,33.70114,0.0,hdslay1_t14,24,19,hdslay1,arr,,,,,,
oname:hdslay1_t14_otype:arr_i:24_j:2,33.60266,0.0,hdslay1_t14,24,2,hdslay1,arr,,,,,,
oname:hdslay1_t14_otype:arr_i:24_j:3,33.52952,0.0,hdslay1_t14,24,3,hdslay1,arr,,,,,,
oname:hdslay1_t14_otype:arr_i:24_j:4,33.39824,0.0,hdslay1_t14,24,4,hdslay1,arr,,,,,,
oname:hdslay1_t14_otype:arr_i:24_j:5,33.46745,0.0,hdslay1_t14,24,5,hdslay1,arr,,,,,,
oname:hdslay1_t14_otype:arr_i:24_j:6,33.49668,0.0,hdslay1_t14,24,6,hdslay1,arr,,,,,,
oname:hdslay1_t14_otype:arr_i:24_j:7,33.51462,0.0,hdslay1_t14,24,7,hdslay1,arr,,,,,,
oname:hdslay1_t14_otype:arr_i:24_j:8,33.5288,0.0,hdslay1_t14,24,8,hdslay1,arr,,,,,,
oname:hdslay1_t14_otype:arr_i:24_j:9,33.53586,0.0,hdslay1_t14,24,9,hdslay1,arr,,,,,,
oname:hdslay1_t14_otype:arr_i:25_j:0,33.61866,0.0,hdslay1_t14,25,0,hdslay1,arr,,,,,,
oname:hdslay1_t14_otype:arr_i:25_j:1,33.60711,0.0,hdslay1_t14,25,1,hdslay1,arr,,,,,,
oname:hdslay1_t14_otype:arr_i:25_j:10,33.50665,0.0,hdslay1_t14,25,10,hdslay1,arr,,,,,,
oname:hdslay1_t14_otype:arr_i:25_j:11,33.5363,0.0,hdslay1_t14,25,11,hdslay1,arr,,,,,,
oname:hdslay1_t14_otype:arr_i:25_j:12,33.57041,0.0,hdslay1_t14,25,12,hdslay1,arr,,,,,,
oname:hdslay1_t14_otype:arr_i:25_j:13,33.60246,0.0,hdslay1_t14,25,13,hdslay1,arr,,,,,,
oname:hdslay1_t14_otype:arr_i:25_j:14,33.63381,0.0,hdslay1_t14,25,14,hdslay1,arr,,,,,,
oname:hdslay1_t14_otype:arr_i:25_j:15,33.66703,0.0,hdslay1_t14,25,15,hdslay1,arr,,,,,,
oname:hdslay1_t14_otype:arr_i:25_j:16,33.67079,0.0,hdslay1_t14,25,16,hdslay1,arr,,,,,,
oname:hdslay1_t14_otype:arr_i:25_j:17,33.67655,0.0,hdslay1_t14,25,17,hdslay1,arr,,,,,,
oname:hdslay1_t14_otype:arr_i:25_j:18,33.68161,0.0,hdslay1_t14,25,18,hdslay1,arr,,,,,,
oname:hdslay1_t14_otype:arr_i:25_j:19,33.68652,0.0,hdslay1_t14,25,19,hdslay1,arr,,,,,,
oname:hdslay1_t14_otype:arr_i:25_j:2,33.5788,0.0,hdslay1_t14,25,2,hdslay1,arr,,,,,,
oname:hdslay1_t14_otype:arr_i:25_j:3,33.52905,0.0,hdslay1_t14,25,3,hdslay1,arr,,,,,,
oname:hdslay1_t14_otype:arr_i:25_j:4,33.47326,0.0,hdslay1_t14,25,4,hdslay1,arr,,,,,,
oname:hdslay1_t14_otype:arr_i:25_j:5,33.47612,0.0,hdslay1_t14,25,5,hdslay1,arr,,,,,,
oname:hdslay1_t14_otype:arr_i:25_j:6,33.48391,0.0,hdslay1_t14,25,6,hdslay1,arr,,,,,,
oname:hdslay1_t14_otype:arr_i:25_j:7,33.49382,0.0,hdslay1_t14,25,7,hdslay1,arr,,,,,,
oname:hdslay1_t14_otype:arr_i:25_j:8,33.5037,0.0,hdslay1_t14,25,8,hdslay1,arr,,,,,,
oname:hdslay1_t14_otype:arr_i:25_j:9,33.50504,0.0,hdslay1_t14,25,9,hdslay1,arr,,,,,,
oname:hdslay1_t14_otype:arr_i:26_j:0,33.59586,0.0,hdslay1_t14,26,0,hdslay1,arr,,,,,,
oname:hdslay1_t14_otype:arr_i:26_j:1,33.58574,0.0,hdslay1_t14,26,1,hdslay1,arr,,,,,,
oname:hdslay1_t14_otype:arr_i:26_j:10,33.44065,0.0,hdslay1_t14,26,10,hdslay1,arr,,,,,,
oname:hdslay1_t14_otype:arr_i:26_j:11,33.51121,0.0,hdslay1_t14,26,11,hdslay1,arr,,,,,,
oname:hdslay1_t14_otype:arr_i:26_j:12,33.55298,0.0,hdslay1_t14,26,12,hdslay1,arr,,,,,,
oname:hdslay1_t14_otype:arr_i:26_j:13,33.58664,0.0,hdslay1_t14,26,13,hdslay1,arr,,,,,,
oname:hdslay1_t14_otype:arr_i:26_j:14,33.61584,0.0,hdslay1_t14,26,14,hdslay1,arr,,,,,,
oname:hdslay1_t14_otype:arr_i:26_j:15,33.65032,0.0,hdslay1_t14,26,15,hdslay1,arr,,,,,,
oname:hdslay1_t14_otype:arr_i:26_j:16,33.65039,0.0,hdslay1_t14,26,16,hdslay1,arr,,,,,,
oname:hdslay1_t14_otype:arr_i:26_j:17,33.65584,0.0,hdslay1_t14,26,17,hdslay1,arr,,,,,,
oname:hdslay1_t14_otype:arr_i:26_j:18,33.66409,0.0,hdslay1_t14,26,18,hdslay1,arr,,,,,,
oname:hdslay1_t14_otype:arr_i:26_j:19,33.66759,0.0,hdslay1_t14,26,19,hdslay1,arr,,,,,,
oname:hdslay1_t14_otype:arr_i:26_j:2,33.56158,0.0,hdslay1_t14,26,2,hdslay1,arr,,,,,,
oname:hdslay1_t14_otype:arr_i:26_j:3,33.53001,0.0,hdslay1_t14,26,3,hdslay1,arr,,,,,,
oname:hdslay1_t14_otype:arr_i:26_j:4,33.49681,0.0,hdslay1_t14,26,4,hdslay1,arr,,,,,,
oname:hdslay1_t14_otype:arr_i:26_j:5,33.47784,0.0,hdslay1_t14,26,5,hdslay1,arr,,,,,,
oname:hdslay1_t14_otype:arr_i:26_j:6,33.47037,0.0,hdslay1_t14,26,6,hdslay1,arr,,,,,,
oname:hdslay1_t14_otype:arr_i:26_j:7,33.47188,0.0,hdslay1_t14,26,7,hdslay1,arr,,,,,,
oname:hdslay1_t14_otype:arr_i:26_j:8,33.47555,0.0,hdslay1_t14,26,8,hdslay1,arr,,,,,,
oname:hdslay1_t14_otype:arr_i:26_j:9,33.47072,0.0,hdslay1_t14,26,9,hdslay1,arr,,,,,,
oname:hdslay1_t14_otype:arr_i:27_j:0,33.57934,0.0,hdslay1_t14,27,0,hdslay1,arr,,,,,,
oname:hdslay1_t14_otype:arr_i:27_j:1,33.57013,0.0,hdslay1_t14,27,1,hdslay1,arr,,,,,,
oname:hdslay1_t14_otype:arr_i:27_j:10,33.47768,0.0,hdslay1_t14,27,10,hdslay1,arr,,,,,,
oname:hdslay1_t14_otype:arr_i:27_j:11,33.51214,0.0,hdslay1_t14,27,11,hdslay1,arr,,,,,,
oname:hdslay1_t14_otype:arr_i:27_j:12,33.53988,0.0,hdslay1_t14,27,12,hdslay1,arr,,,,,,
oname:hdslay1_t14_otype:arr_i:27_j:13,33.57304,0.0,hdslay1_t14,27,13,hdslay1,arr,,,,,,
oname:hdslay1_t14_otype:arr_i:27_j:14,33.60267,0.0,hdslay1_t14,27,14,hdslay1,arr,,,,,,
oname:hdslay1_t14_otype:arr_i:27_j:15,33.62278,0.0,hdslay1_t14,27,15,hdslay1,arr,,,,,,
oname:hdslay1_t14_otype:arr_i:27_j:16,33.62703,0.0,hdslay1_t14,27,16,hdslay1,arr,,,,,,
oname:hdslay1_t14_otype:arr_i:27_j:17,33.63351,0.0,hdslay1_t14,27,17,hdslay1,arr,,,,,,
oname:hdslay1_t14_otype:arr_i:27_j:18,33.64147,0.0,hdslay1_t14,27,18,hdslay1,arr,,,,,,
oname:hdslay1_t14_otype:arr_i:27_j:19,33.64695,0.0,hdslay1_t14,27,19,hdslay1,arr,,,,,,
oname:hdslay1_t14_otype:arr_i:27_j:2,33.54957,0.0,hdslay1_t14,27,2,hdslay1,arr,,,,,,
oname:hdslay1_t14_otype:arr_i:27_j:3,33.52398,0.0,hdslay1_t14,27,3,hdslay1,arr,,,,,,
oname:hdslay1_t14_otype:arr_i:27_j:4,33.49439,0.0,hdslay1_t14,27,4,hdslay1,arr,,,,,,
oname:hdslay1_t14_otype:arr_i:27_j:5,33.46592,0.0,hdslay1_t14,27,5,hdslay1,arr,,,,,,
oname:hdslay1_t14_otype:arr_i:27_j:6,33.45028,0.0,hdslay1_t14,27,6,hdslay1,arr,,,,,,
oname:hdslay1_t14_otype:arr_i:27_j:7,33.45105,0.0,hdslay1_t14,27,7,hdslay1,arr,,,,,,
oname:hdslay1_t14_otype:arr_i:27_j:8,33.4585,0.0,hdslay1_t14,27,8,hdslay1,arr,,,,,,
oname:hdslay1_t14_otype:arr_i:27_j:9,33.46768,0.0,hdslay1_t14,27,9,hdslay1,arr,,,,,,
oname:hdslay1_t14_otype:arr_i:28_j:0,33.56709,0.0,hdslay1_t14,28,0,hdslay1,arr,,,,,,
oname:hdslay1_t14_otype:arr_i:28_j:1,33.55835,0.0,hdslay1_t14,28,1,hdslay1,arr,,,,,,
oname:hdslay1_t14_otype:arr_i:28_j:10,33.48033,0.0,hdslay1_t14,28,10,hdslay1,arr,,,,,,
oname:hdslay1_t14_otype:arr_i:28_j:11,33.50411,0.0,hdslay1_t14,28,11,hdslay1,arr,,,,,,
oname:hdslay1_t14_otype:arr_i:28_j:12,33.53036,0.0,hdslay1_t14,28,12,hdslay1,arr,,,,,,
oname:hdslay1_t14_otype:arr_i:28_j:13,33.56086,0.0,hdslay1_t14,28,13,hdslay1,arr,,,,,,
oname:hdslay1_t14_otype:arr_i:28_j:14,33.5902,0.0,hdslay1_t14,28,14,hdslay1,arr,,,,,,
oname:hdslay1_t14_otype:arr_i:28_j:15,33.61101,0.0,hdslay1_t14,28,15,hdslay1,arr,,,,,,
oname:hdslay1_t14_otype:arr_i:28_j:16,33.61318,0.0,hdslay1_t14,28,16,hdslay1,arr,,,,,,
oname:hdslay1_t14_otype:arr_i:28_j:17,33.61781,0.0,hdslay1_t14,28,17,hdslay1,arr,,,,,,
oname:hdslay1_t14_otype:arr_i:28_j:18,33.62205,0.0,hdslay1_t14,28,18,hdslay1,arr,,,,,,
oname:hdslay1_t14_otype:arr_i:28_j:19,33.62617,0.0,hdslay1_t14,28,19,hdslay1,arr,,,,,,
oname:hdslay1_t14_otype:arr_i:28_j:2,33.53993,0.0,hdslay1_t14,28,2,hdslay1,arr,,,,,,
oname:hdslay1_t14_otype:arr_i:28_j:3,33.51323,0.0,hdslay1_t14,28,3,hdslay1,arr,,,,,,
oname:hdslay1_t14_otype:arr_i:28_j:4,33.47787,0.0,hdslay1_t14,28,4,hdslay1,arr,,,,,,
oname:hdslay1_t14_otype:arr_i:28_j:5,33.43834,0.0,hdslay1_t14,28,5,hdslay1,arr,,,,,,
oname:hdslay1_t14_otype:arr_i:28_j:6,33.40297,0.0,hdslay1_t14,28,6,hdslay1,arr,,,,,,
oname:hdslay1_t14_otype:arr_i:28_j:7,33.42166,0.0,hdslay1_t14,28,7,hdslay1,arr,,,,,,
oname:hdslay1_t14_otype:arr_i:28_j:8,33.44141,0.0,hdslay1_t14,28,8,hdslay1,arr,,,,,,
oname:hdslay1_t14_otype:arr_i:28_j:9,33.46122,0.0,hdslay1_t14,28,9,hdslay1,arr,,,,,,
oname:hdslay1_t14_otype:arr_i:29_j:0,33.55518,0.0,hdslay1_t14,29,0,hdslay1,arr,,,,,,
oname:hdslay1_t14_otype:arr_i:29_j:1,33.54635,0.0,hdslay1_t14,29,1,hdslay1,arr,,,,,,
oname:hdslay1_t14_otype:arr_i:29_j:10,33.47106,0.0,hdslay1_t14,29,10,hdslay1,arr,,,,,,
oname:hdslay1_t14_otype:arr_i:29_j:11,33.49425,0.0,hdslay1_t14,29,11,hdslay1,arr,,,,,,
oname:hdslay1_t14_otype:arr_i:29_j:12,33.51527,0.0,hdslay1_t14,29,12,hdslay1,arr,,,,,,
oname:hdslay1_t14_otype:arr_i:29_j:13,33.54115,0.0,hdslay1_t14,29,13,hdslay1,arr,,,,,,
oname:hdslay1_t14_otype:arr_i:29_j:14,33.57104,0.0,hdslay1_t14,29,14,hdslay1,arr,,,,,,
oname:hdslay1_t14_otype:arr_i:29_j:15,33.59866,0.0,hdslay1_t14,29,15,hdslay1,arr,,,,,,
oname:hdslay1_t14_otype:arr_i:29_j:16,33.5977,0.0,hdslay1_t14,29,16,hdslay1,arr,,,,,,
oname:hdslay1_t14_otype:arr_i:29_j:17,33.60027,0.0,hdslay1_t14,29,17,hdslay1,arr,,,,,,
oname:hdslay1_t14_otype:arr_i:29_j:18,33.60503,0.0,hdslay1_t14,29,18,hdslay1,arr,,,,,,
oname:hdslay1_t14_otype:arr_i:29_j:19,33.60756,0.0,hdslay1_t14,29,19,hdslay1,arr,,,,,,
oname:hdslay1_t14_otype:arr_i:29_j:2,33.5263,0.0,hdslay1_t14,29,2,hdslay1,arr,,,,,,
oname:hdslay1_t14_otype:arr_i:29_j:3,33.49816,0.0,hdslay1_t14,29,3,hdslay1,arr,,,,,,
oname:hdslay1_t14_otype:arr_i:29_j:4,33.46061,0.0,hdslay1_t14,29,4,hdslay1,arr,,,,,,
oname:hdslay1_t14_otype:arr_i:29_j:5,33.40052,0.0,hdslay1_t14,29,5,hdslay1,arr,,,,,,
oname:hdslay1_t14_otype:arr_i:29_j:6,33.30352,0.0,hdslay1_t14,29,6,hdslay1,arr,,,,,,
oname:hdslay1_t14_otype:arr_i:29_j:7,33.38623,0.0,hdslay1_t14,29,7,hdslay1,arr,,,,,,
oname:hdslay1_t14_otype:arr_i:29_j:8,33.42431,0.0,hdslay1_t14,29,8,hdslay1,arr,,,,,,
oname:hdslay1_t14_otype:arr_i:29_j:9,33.44834,0.0,hdslay1_t14,29,9,hdslay1,arr,,,,,,
oname:hdslay1_t14_otype:arr_i:2_j:0,34.83113,0.0,hdslay1_t14,2,0,hdslay1,arr,,,,,,
oname:hdslay1_t14_otype:arr_i:2_j:1,34.82434,0.0,hdslay1_t14,2,1,hdslay1,arr,,,,,,
oname:hdslay1_t14_otype:arr_i:2_j:10,34.30936,0.0,hdslay1_t14,2,10,hdslay1,arr,,,,,,
oname:hdslay1_t14_otype:arr_i:2_j:11,34.27117,0.0,hdslay1_t14,2,11,hdslay1,arr,,,,,,
oname:hdslay1_t14_otype:arr_i:2_j:12,34.23511,0.0,hdslay1_t14,2,12,hdslay1,arr,,,,,,
oname:hdslay1_t14_otype:arr_i:2_j:13,34.19784,0.0,hdslay1_t14,2,13,hdslay1,arr,,,,,,
oname:hdslay1_t14_otype:arr_i:2_j:14,34.16309,0.0,hdslay1_t14,2,14,hdslay1,arr,,,,,,
oname:hdslay1_t14_otype:arr_i:2_j:15,34.13501,0.0,hdslay1_t14,2,15,hdslay1,arr,,,,,,
oname:hdslay1_t14_otype:arr_i:2_j:16,34.12351,0.0,hdslay1_t14,2,16,hdslay1,arr,,,,,,
oname:hdslay1_t14_otype:arr_i:2_j:17,34.11178,0.0,hdslay1_t14,2,17,hdslay1,arr,,,,,,
oname:hdslay1_t14_otype:arr_i:2_j:18,34.10256,0.0,hdslay1_t14,2,18,hdslay1,arr,,,,,,
oname:hdslay1_t14_otype:arr_i:2_j:19,34.09904,0.0,hdslay1_t14,2,19,hdslay1,arr,,,,,,
oname:hdslay1_t14_otype:arr_i:2_j:2,34.81225,0.0,hdslay1_t14,2,2,hdslay1,arr,,,,,,
oname:hdslay1_t14_otype:arr_i:2_j:3,34.77932,0.0,hdslay1_t14,2,3,hdslay1,arr,,,,,,
oname:hdslay1_t14_otype:arr_i:2_j:4,34.72808,0.0,hdslay1_t14,2,4,hdslay1,arr,,,,,,
oname:hdslay1_t14_otype:arr_i:2_j:5,34.6622,0.0,hdslay1_t14,2,5,hdslay1,arr,,,,,,
oname:hdslay1_t14_otype:arr_i:2_j:6,34.58123,0.0,hdslay1_t14,2,6,hdslay1,arr,,,,,,
oname:hdslay1_t14_otype:arr_i:2_j:7,34.48498,0.0,hdslay1_t14,2,7,hdslay1,arr,,,,,,
oname:hdslay1_t14_otype:arr_i:2_j:8,34.40816,0.0,hdslay1_t14,2,8,hdslay1,arr,,,,,,
oname:hdslay1_t14_otype:arr_i:2_j:9,34.35263,0.0,hdslay1_t14,2,9,hdslay1,arr,,,,,,
oname:hdslay1_t14_otype:arr_i:30_j:0,33.5423,0.0,hdslay1_t14,30,0,hdslay1,arr,,,,,,
oname:hdslay1_t14_otype:arr_i:30_j:1,33.53288,0.0,hdslay1_t14,30,1,hdslay1,arr,,,,,,
oname:hdslay1_t14_otype:arr_i:30_j:10,33.45947,0.0,hdslay1_t14,30,10,hdslay1,arr,,,,,,
oname:hdslay1_t14_otype:arr_i:30_j:11,33.4778,0.0,hdslay1_t14,30,11,hdslay1,arr,,,,,,
oname:hdslay1_t14_otype:arr_i:30_j:12,33.49745,0.0,hdslay1_t14,30,12,hdslay1,arr,,,,,,
oname:hdslay1_t14_otype:arr_i:30_j:13,33.52155,0.0,hdslay1_t14,30,13,hdslay1,arr,,,,,,
oname:hdslay1_t14_otype:arr_i:30_j:14,33.54816,0.0,hdslay1_t14,30,14,hdslay1,arr,,,,,,
oname:hdslay1_t14_otype:arr_i:30_j:15,33.57067,0.0,hdslay1_t14,30,15,hdslay1,arr,,,,,,
oname:hdslay1_t14_otype:arr_i:30_j:16,33.57631,0.0,hdslay1_t14,30,16,hdslay1,arr,,,,,,
oname:hdslay1_t14_otype:arr_i:30_j:17,33.58056,0.0,hdslay1_t14,30,17,hdslay1,arr,,,,,,
oname:hdslay1_t14_otype:arr_i:30_j:18,33.58529,0.0,hdslay1_t14,30,18,hdslay1,arr,,,,,,
oname:hdslay1_t14_otype:arr_i:30_j:19,33.58636,0.0,hdslay1_t14,30,19,hdslay1,arr,,,,,,
oname:hdslay1_t14_otype:arr_i:30_j:2,33.51655,0.0,hdslay1_t14,30,2,hdslay1,arr,,,,,,
oname:hdslay1_t14_otype:arr_i:30_j:3,33.49367,0.0,hdslay1_t14,30,3,hdslay1,arr,,,,,,
oname:hdslay1_t14_otype:arr_i:30_j:4,33.45985,0.0,hdslay1_t14,30,4,hdslay1,arr,,,,,,
oname:hdslay1_t14_otype:arr_i:30_j:5,33.41824,0.0,hdslay1_t14,30,5,hdslay1,arr,,,,,,
oname:hdslay1_t14_otype:arr_i:30_j:6,33.38192,0.0,hdslay1_t14,30,6,hdslay1,arr,,,,,,
oname:hdslay1_t14_otype:arr_i:30_j:7,33.40291,0.0,hdslay1_t14,30,7,hdslay1,arr,,,,,,
oname:hdslay1_t14_otype:arr_i:30_j:8,33.42263,0.0,hdslay1_t14,30,8,hdslay1,arr,,,,,,
oname:hdslay1_t14_otype:arr_i:30_j:9,33.44017,0.0,hdslay1_t14,30,9,hdslay1,arr,,,,,,
oname:hdslay1_t14_otype:arr_i:31_j:0,33.53377,0.0,hdslay1_t14,31,0,hdslay1,arr,,,,,,
oname:hdslay1_t14_otype:arr_i:31_j:1,33.52237,0.0,hdslay1_t14,31,1,hdslay1,arr,,,,,,
oname:hdslay1_t14_otype:arr_i:31_j:10,33.44554,0.0,hdslay1_t14,31,10,hdslay1,arr,,,,,,
oname:hdslay1_t14_otype:arr_i:31_j:11,33.46186,0.0,hdslay1_t14,31,11,hdslay1,arr,,,,,,
oname:hdslay1_t14_otype:arr_i:31_j:12,33.47703,0.0,hdslay1_t14,31,12,hdslay1,arr,,,,,,
oname:hdslay1_t14_otype:arr_i:31_j:13,33.49914,0.0,hdslay1_t14,31,13,hdslay1,arr,,,,,,
oname:hdslay1_t14_otype:arr_i:31_j:14,33.52738,0.0,hdslay1_t14,31,14,hdslay1,arr,,,,,,
oname:hdslay1_t14_otype:arr_i:31_j:15,33.55069,0.0,hdslay1_t14,31,15,hdslay1,arr,,,,,,
oname:hdslay1_t14_otype:arr_i:31_j:16,33.5584,0.0,hdslay1_t14,31,16,hdslay1,arr,,,,,,
oname:hdslay1_t14_otype:arr_i:31_j:17,33.56366,0.0,hdslay1_t14,31,17,hdslay1,arr,,,,,,
oname:hdslay1_t14_otype:arr_i:31_j:18,33.56771,0.0,hdslay1_t14,31,18,hdslay1,arr,,,,,,
oname:hdslay1_t14_otype:arr_i:31_j:19,33.56966,0.0,hdslay1_t14,31,19,hdslay1,arr,,,,,,
oname:hdslay1_t14_otype:arr_i:31_j:2,33.50981,0.0,hdslay1_t14,31,2,hdslay1,arr,,,,,,
oname:hdslay1_t14_otype:arr_i:31_j:3,33.48977,0.0,hdslay1_t14,31,3,hdslay1,arr,,,,,,
oname:hdslay1_t14_otype:arr_i:31_j:4,33.46017,0.0,hdslay1_t14,31,4,hdslay1,arr,,,,,,
oname:hdslay1_t14_otype:arr_i:31_j:5,33.43038,0.0,hdslay1_t14,31,5,hdslay1,arr,,,,,,
oname:hdslay1_t14_otype:arr_i:31_j:6,33.4121,0.0,hdslay1_t14,31,6,hdslay1,arr,,,,,,
oname:hdslay1_t14_otype:arr_i:31_j:7,33.41282,0.0,hdslay1_t14,31,7,hdslay1,arr,,,,,,
oname:hdslay1_t14_otype:arr_i:31_j:8,33.41958,0.0,hdslay1_t14,31,8,hdslay1,arr,,,,,,
oname:hdslay1_t14_otype:arr_i:31_j:9,33.42941,0.0,hdslay1_t14,31,9,hdslay1,arr,,,,,,
oname:hdslay1_t14_otype:arr_i:32_j:0,1e+30,0.0,hdslay1_t14,32,0,hdslay1,arr,,,,,,
oname:hdslay1_t14_otype:arr_i:32_j:1,33.51447,0.0,hdslay1_t14,32,1,hdslay1,arr,,,,,,
oname:hdslay1_t14_otype:arr_i:32_j:10,33.42544,0.0,hdslay1_t14,32,10,hdslay1,arr,,,,,,
oname:hdslay1_t14_otype:arr_i:32_j:11,33.43909,0.0,hdslay1_t14,32,11,hdslay1,arr,,,,,,
oname:hdslay1_t14_otype:arr_i:32_j:12,33.45345,0.0,hdslay1_t14,32,12,hdslay1,arr,,,,,,
oname:hdslay1_t14_otype:arr_i:32_j:13,33.47774,0.0,hdslay1_t14,32,13,hdslay1,arr,,,,,,
oname:hdslay1_t14_otype:arr_i:32_j:14,33.5079,0.0,hdslay1_t14,32,14,hdslay1,arr,,,,,,
oname:hdslay1_t14_otype:arr_i:32_j:15,33.53764,0.0,hdslay1_t14,32,15,hdslay1,arr,,,,,,
oname:hdslay1_t14_otype:arr_i:32_j:16,33.54579,0.0,hdslay1_t14,32,16,hdslay1,arr,,,,,,
oname:hdslay1_t14_otype:arr_i:32_j:17,33.55086,0.0,hdslay1_t14,32,17,hdslay1,arr,,,,,,
oname:hdslay1_t14_otype:arr_i:32_j:18,33.55504,0.0,hdslay1_t14,32,18,hdslay1,arr,,,,,,
oname:hdslay1_t14_otype:arr_i:32_j:19,33.5574,0.0,hdslay1_t14,32,19,hdslay1,arr,,,,,,
oname:hdslay1_t14_otype:arr_i:32_j:2,33.50233,0.0,hdslay1_t14,32,2,hdslay1,arr,,,,,,
oname:hdslay1_t14_otype:arr_i:32_j:3,33.48116,0.0,hdslay1_t14,32,3,hdslay1,arr,,,,,,
oname:hdslay1_t14_otype:arr_i:32_j:4,33.45451,0.0,hdslay1_t14,32,4,hdslay1,arr,,,,,,
oname:hdslay1_t14_otype:arr_i:32_j:5,33.43193,0.0,hdslay1_t14,32,5,hdslay1,arr,,,,,,
oname:hdslay1_t14_otype:arr_i:32_j:6,33.41764,0.0,hdslay1_t14,32,6,hdslay1,arr,,,,,,
oname:hdslay1_t14_otype:arr_i:32_j:7,33.41208,0.0,hdslay1_t14,32,7,hdslay1,arr,,,,,,
oname:hdslay1_t14_otype:arr_i:32_j:8,33.41232,0.0,hdslay1_t14,32,8,hdslay1,arr,,,,,,
oname:hdslay1_t14_otype:arr_i:32_j:9,33.41633,0.0,hdslay1_t14,32,9,hdslay1,arr,,,,,,
oname:hdslay1_t14_otype:arr_i:33_j:0,1e+30,0.0,hdslay1_t14,33,0,hdslay1,arr,,,,,,
oname:hdslay1_t14_otype:arr_i:33_j:1,1e+30,0.0,hdslay1_t14,33,1,hdslay1,arr,,,,,,
oname:hdslay1_t14_otype:arr_i:33_j:10,33.4004,0.0,hdslay1_t14,33,10,hdslay1,arr,,,,,,
oname:hdslay1_t14_otype:arr_i:33_j:11,33.39878,0.0,hdslay1_t14,33,11,hdslay1,arr,,,,,,
oname:hdslay1_t14_otype:arr_i:33_j:12,33.40252,0.0,hdslay1_t14,33,12,hdslay1,arr,,,,,,
oname:hdslay1_t14_otype:arr_i:33_j:13,33.45025,0.0,hdslay1_t14,33,13,hdslay1,arr,,,,,,
oname:hdslay1_t14_otype:arr_i:33_j:14,33.48894,0.0,hdslay1_t14,33,14,hdslay1,arr,,,,,,
oname:hdslay1_t14_otype:arr_i:33_j:15,33.52424,0.0,hdslay1_t14,33,15,hdslay1,arr,,,,,,
oname:hdslay1_t14_otype:arr_i:33_j:16,33.5343,0.0,hdslay1_t14,33,16,hdslay1,arr,,,,,,
oname:hdslay1_t14_otype:arr_i:33_j:17,33.54133,0.0,hdslay1_t14,33,17,hdslay1,arr,,,,,,
oname:hdslay1_t14_otype:arr_i:33_j:18,33.54646,0.0,hdslay1_t14,33,18,hdslay1,arr,,,,,,
oname:hdslay1_t14_otype:arr_i:33_j:19,33.54976,0.0,hdslay1_t14,33,19,hdslay1,arr,,,,,,
oname:hdslay1_t14_otype:arr_i:33_j:2,33.4911,0.0,hdslay1_t14,33,2,hdslay1,arr,,,,,,
oname:hdslay1_t14_otype:arr_i:33_j:3,33.46944,0.0,hdslay1_t14,33,3,hdslay1,arr,,,,,,
oname:hdslay1_t14_otype:arr_i:33_j:4,33.4419,0.0,hdslay1_t14,33,4,hdslay1,arr,,,,,,
oname:hdslay1_t14_otype:arr_i:33_j:5,33.42343,0.0,hdslay1_t14,33,5,hdslay1,arr,,,,,,
oname:hdslay1_t14_otype:arr_i:33_j:6,33.41107,0.0,hdslay1_t14,33,6,hdslay1,arr,,,,,,
oname:hdslay1_t14_otype:arr_i:33_j:7,33.40372,0.0,hdslay1_t14,33,7,hdslay1,arr,,,,,,
oname:hdslay1_t14_otype:arr_i:33_j:8,33.40026,0.0,hdslay1_t14,33,8,hdslay1,arr,,,,,,
oname:hdslay1_t14_otype:arr_i:33_j:9,33.3994,0.0,hdslay1_t14,33,9,hdslay1,arr,,,,,,
oname:hdslay1_t14_otype:arr_i:34_j:0,1e+30,0.0,hdslay1_t14,34,0,hdslay1,arr,,,,,,
oname:hdslay1_t14_otype:arr_i:34_j:1,1e+30,0.0,hdslay1_t14,34,1,hdslay1,arr,,,,,,
oname:hdslay1_t14_otype:arr_i:34_j:10,33.3729,0.0,hdslay1_t14,34,10,hdslay1,arr,,,,,,
oname:hdslay1_t14_otype:arr_i:34_j:11,33.34589,0.0,hdslay1_t14,34,11,hdslay1,arr,,,,,,
oname:hdslay1_t14_otype:arr_i:34_j:12,33.26059,0.0,hdslay1_t14,34,12,hdslay1,arr,,,,,,
oname:hdslay1_t14_otype:arr_i:34_j:13,33.4117,0.0,hdslay1_t14,34,13,hdslay1,arr,,,,,,
oname:hdslay1_t14_otype:arr_i:34_j:14,33.47223,0.0,hdslay1_t14,34,14,hdslay1,arr,,,,,,
oname:hdslay1_t14_otype:arr_i:34_j:15,33.51009,0.0,hdslay1_t14,34,15,hdslay1,arr,,,,,,
oname:hdslay1_t14_otype:arr_i:34_j:16,33.52089,0.0,hdslay1_t14,34,16,hdslay1,arr,,,,,,
oname:hdslay1_t14_otype:arr_i:34_j:17,33.53038,0.0,hdslay1_t14,34,17,hdslay1,arr,,,,,,
oname:hdslay1_t14_otype:arr_i:34_j:18,33.53829,0.0,hdslay1_t14,34,18,hdslay1,arr,,,,,,
oname:hdslay1_t14_otype:arr_i:34_j:19,33.54518,0.0,hdslay1_t14,34,19,hdslay1,arr,,,,,,
oname:hdslay1_t14_otype:arr_i:34_j:2,1e+30,0.0,hdslay1_t14,34,2,hdslay1,arr,,,,,,
oname:hdslay1_t14_otype:arr_i:34_j:3,33.44897,0.0,hdslay1_t14,34,3,hdslay1,arr,,,,,,
oname:hdslay1_t14_otype:arr_i:34_j:4,33.42111,0.0,hdslay1_t14,34,4,hdslay1,arr,,,,,,
oname:hdslay1_t14_otype:arr_i:34_j:5,33.40761,0.0,hdslay1_t14,34,5,hdslay1,arr,,,,,,
oname:hdslay1_t14_otype:arr_i:34_j:6,33.3951,0.0,hdslay1_t14,34,6,hdslay1,arr,,,,,,
oname:hdslay1_t14_otype:arr_i:34_j:7,33.38785,0.0,hdslay1_t14,34,7,hdslay1,arr,,,,,,
oname:hdslay1_t14_otype:arr_i:34_j:8,33.38456,0.0,hdslay1_t14,34,8,hdslay1,arr,,,,,,
oname:hdslay1_t14_otype:arr_i:34_j:9,33.38108,0.0,hdslay1_t14,34,9,hdslay1,arr,,,,,,
oname:hdslay1_t14_otype:arr_i:35_j:0,1e+30,0.0,hdslay1_t14,35,0,hdslay1,arr,,,,,,
oname:hdslay1_t14_otype:arr_i:35_j:1,1e+30,0.0,hdslay1_t14,35,1,hdslay1,arr,,,,,,
oname:hdslay1_t14_otype:arr_i:35_j:10,33.35545,0.0,hdslay1_t14,35,10,hdslay1,arr,,,,,,
oname:hdslay1_t14_otype:arr_i:35_j:11,33.35091,0.0,hdslay1_t14,35,11,hdslay1,arr,,,,,,
oname:hdslay1_t14_otype:arr_i:35_j:12,33.35235,0.0,hdslay1_t14,35,12,hdslay1,arr,,,,,,
oname:hdslay1_t14_otype:arr_i:35_j:13,33.41727,0.0,hdslay1_t14,35,13,hdslay1,arr,,,,,,
oname:hdslay1_t14_otype:arr_i:35_j:14,33.4677,0.0,hdslay1_t14,35,14,hdslay1,arr,,,,,,
oname:hdslay1_t14_otype:arr_i:35_j:15,33.49902,0.0,hdslay1_t14,35,15,hdslay1,arr,,,,,,
oname:hdslay1_t14_otype:arr_i:35_j:16,33.50799,0.0,hdslay1_t14,35,16,hdslay1,arr,,,,,,
oname:hdslay1_t14_otype:arr_i:35_j:17,33.51707,0.0,hdslay1_t14,35,17,hdslay1,arr,,,,,,
oname:hdslay1_t14_otype:arr_i:35_j:18,33.52468,0.0,hdslay1_t14,35,18,hdslay1,arr,,,,,,
oname:hdslay1_t14_otype:arr_i:35_j:19,1e+30,0.0,hdslay1_t14,35,19,hdslay1,arr,,,,,,
oname:hdslay1_t14_otype:arr_i:35_j:2,1e+30,0.0,hdslay1_t14,35,2,hdslay1,arr,,,,,,
oname:hdslay1_t14_otype:arr_i:35_j:3,1e+30,0.0,hdslay1_t14,35,3,hdslay1,arr,,,,,,
oname:hdslay1_t14_otype:arr_i:35_j:4,33.39691,0.0,hdslay1_t14,35,4,hdslay1,arr,,,,,,
oname:hdslay1_t14_otype:arr_i:35_j:5,33.38546,0.0,hdslay1_t14,35,5,hdslay1,arr,,,,,,
oname:hdslay1_t14_otype:arr_i:35_j:6,33.3729,0.0,hdslay1_t14,35,6,hdslay1,arr,,,,,,
oname:hdslay1_t14_otype:arr_i:35_j:7,33.36549,0.0,hdslay1_t14,35,7,hdslay1,arr,,,,,,
oname:hdslay1_t14_otype:arr_i:35_j:8,33.36372,0.0,hdslay1_t14,35,8,hdslay1,arr,,,,,,
oname:hdslay1_t14_otype:arr_i:35_j:9,33.36108,0.0,hdslay1_t14,35,9,hdslay1,arr,,,,,,
oname:hdslay1_t14_otype:arr_i:36_j:0,1e+30,0.0,hdslay1_t14,36,0,hdslay1,arr,,,,,,
oname:hdslay1_t14_otype:arr_i:36_j:1,1e+30,0.0,hdslay1_t14,36,1,hdslay1,arr,,,,,,
oname:hdslay1_t14_otype:arr_i:36_j:10,33.33957,0.0,hdslay1_t14,36,10,hdslay1,arr,,,,,,
oname:hdslay1_t14_otype:arr_i:36_j:11,33.34908,0.0,hdslay1_t14,36,11,hdslay1,arr,,,,,,
oname:hdslay1_t14_otype:arr_i:36_j:12,33.37178,0.0,hdslay1_t14,36,12,hdslay1,arr,,,,,,
oname:hdslay1_t14_otype:arr_i:36_j:13,33.41847,0.0,hdslay1_t14,36,13,hdslay1,arr,,,,,,
oname:hdslay1_t14_otype:arr_i:36_j:14,33.46019,0.0,hdslay1_t14,36,14,hdslay1,arr,,,,,,
oname:hdslay1_t14_otype:arr_i:36_j:15,33.48923,0.0,hdslay1_t14,36,15,hdslay1,arr,,,,,,
oname:hdslay1_t14_otype:arr_i:36_j:16,33.49715,0.0,hdslay1_t14,36,16,hdslay1,arr,,,,,,
oname:hdslay1_t14_otype:arr_i:36_j:17,33.50639,0.0,hdslay1_t14,36,17,hdslay1,arr,,,,,,
oname:hdslay1_t14_otype:arr_i:36_j:18,33.51613,0.0,hdslay1_t14,36,18,hdslay1,arr,,,,,,
oname:hdslay1_t14_otype:arr_i:36_j:19,1e+30,0.0,hdslay1_t14,36,19,hdslay1,arr,,,,,,
oname:hdslay1_t14_otype:arr_i:36_j:2,1e+30,0.0,hdslay1_t14,36,2,hdslay1,arr,,,,,,
oname:hdslay1_t14_otype:arr_i:36_j:3,1e+30,0.0,hdslay1_t14,36,3,hdslay1,arr,,,,,,
oname:hdslay1_t14_otype:arr_i:36_j:4,33.3813,0.0,hdslay1_t14,36,4,hdslay1,arr,,,,,,
oname:hdslay1_t14_otype:arr_i:36_j:5,33.35923,0.0,hdslay1_t14,36,5,hdslay1,arr,,,,,,
oname:hdslay1_t14_otype:arr_i:36_j:6,33.34639,0.0,hdslay1_t14,36,6,hdslay1,arr,,,,,,
oname:hdslay1_t14_otype:arr_i:36_j:7,33.33998,0.0,hdslay1_t14,36,7,hdslay1,arr,,,,,,
oname:hdslay1_t14_otype:arr_i:36_j:8,33.33807,0.0,hdslay1_t14,36,8,hdslay1,arr,,,,,,
oname:hdslay1_t14_otype:arr_i:36_j:9,33.33945,0.0,hdslay1_t14,36,9,hdslay1,arr,,,,,,
oname:hdslay1_t14_otype:arr_i:37_j:0,1e+30,0.0,hdslay1_t14,37,0,hdslay1,arr,,,,,,
oname:hdslay1_t14_otype:arr_i:37_j:1,1e+30,0.0,hdslay1_t14,37,1,hdslay1,arr,,,,,,
oname:hdslay1_t14_otype:arr_i:37_j:10,33.31914,0.0,hdslay1_t14,37,10,hdslay1,arr,,,,,,
oname:hdslay1_t14_otype:arr_i:37_j:11,33.33393,0.0,hdslay1_t14,37,11,hdslay1,arr,,,,,,
oname:hdslay1_t14_otype:arr_i:37_j:12,33.36509,0.0,hdslay1_t14,37,12,hdslay1,arr,,,,,,
oname:hdslay1_t14_otype:arr_i:37_j:13,33.40753,0.0,hdslay1_t14,37,13,hdslay1,arr,,,,,,
oname:hdslay1_t14_otype:arr_i:37_j:14,33.44779,0.0,hdslay1_t14,37,14,hdslay1,arr,,,,,,
oname:hdslay1_t14_otype:arr_i:37_j:15,33.47905,0.0,hdslay1_t14,37,15,hdslay1,arr,,,,,,
oname:hdslay1_t14_otype:arr_i:37_j:16,33.48847,0.0,hdslay1_t14,37,16,hdslay1,arr,,,,,,
oname:hdslay1_t14_otype:arr_i:37_j:17,33.49671,0.0,hdslay1_t14,37,17,hdslay1,arr,,,,,,
oname:hdslay1_t14_otype:arr_i:37_j:18,1e+30,0.0,hdslay1_t14,37,18,hdslay1,arr,,,,,,
oname:hdslay1_t14_otype:arr_i:37_j:19,1e+30,0.0,hdslay1_t14,37,19,hdslay1,arr,,,,,,
oname:hdslay1_t14_otype:arr_i:37_j:2,1e+30,0.0,hdslay1_t14,37,2,hdslay1,arr,,,,,,
oname:hdslay1_t14_otype:arr_i:37_j:3,1e+30,0.0,hdslay1_t14,37,3,hdslay1,arr,,,,,,
oname:hdslay1_t14_otype:arr_i:37_j:4,1e+30,0.0,hdslay1_t14,37,4,hdslay1,arr,,,,,,
oname:hdslay1_t14_otype:arr_i:37_j:5,33.31647,0.0,hdslay1_t14,37,5,hdslay1,arr,,,,,,
oname:hdslay1_t14_otype:arr_i:37_j:6,33.31543,0.0,hdslay1_t14,37,6,hdslay1,arr,,,,,,
oname:hdslay1_t14_otype:arr_i:37_j:7,33.31357,0.0,hdslay1_t14,37,7,hdslay1,arr,,,,,,
oname:hdslay1_t14_otype:arr_i:37_j:8,33.31155,0.0,hdslay1_t14,37,8,hdslay1,arr,,,,,,
oname:hdslay1_t14_otype:arr_i:37_j:9,33.31439,0.0,hdslay1_t14,37,9,hdslay1,arr,,,,,,
oname:hdslay1_t14_otype:arr_i:38_j:0,1e+30,0.0,hdslay1_t14,38,0,hdslay1,arr,,,,,,
oname:hdslay1_t14_otype:arr_i:38_j:1,1e+30,0.0,hdslay1_t14,38,1,hdslay1,arr,,,,,,
oname:hdslay1_t14_otype:arr_i:38_j:10,33.28154,0.0,hdslay1_t14,38,10,hdslay1,arr,,,,,,
oname:hdslay1_t14_otype:arr_i:38_j:11,33.29489,0.0,hdslay1_t14,38,11,hdslay1,arr,,,,,,
oname:hdslay1_t14_otype:arr_i:38_j:12,33.33061,0.0,hdslay1_t14,38,12,hdslay1,arr,,,,,,
oname:hdslay1_t14_otype:arr_i:38_j:13,33.3782,0.0,hdslay1_t14,38,13,hdslay1,arr,,,,,,
oname:hdslay1_t14_otype:arr_i:38_j:14,33.42786,0.0,hdslay1_t14,38,14,hdslay1,arr,,,,,,
oname:hdslay1_t14_otype:arr_i:38_j:15,33.47645,0.0,hdslay1_t14,38,15,hdslay1,arr,,,,,,
oname:hdslay1_t14_otype:arr_i:38_j:16,33.48389,0.0,hdslay1_t14,38,16,hdslay1,arr,,,,,,
oname:hdslay1_t14_otype:arr_i:38_j:17,1e+30,0.0,hdslay1_t14,38,17,hdslay1,arr,,,,,,
oname:hdslay1_t14_otype:arr_i:38_j:18,1e+30,0.0,hdslay1_t14,38,18,hdslay1,arr,,,,,,
oname:hdslay1_t14_otype:arr_i:38_j:19,1e+30,0.0,hdslay1_t14,38,19,hdslay1,arr,,,,,,
oname:hdslay1_t14_otype:arr_i:38_j:2,1e+30,0.0,hdslay1_t14,38,2,hdslay1,arr,,,,,,
oname:hdslay1_t14_otype:arr_i:38_j:3,1e+30,0.0,hdslay1_t14,38,3,hdslay1,arr,,,,,,
oname:hdslay1_t14_otype:arr_i:38_j:4,1e+30,0.0,hdslay1_t14,38,4,hdslay1,arr,,,,,,
oname:hdslay1_t14_otype:arr_i:38_j:5,33.27619,0.0,hdslay1_t14,38,5,hdslay1,arr,,,,,,
oname:hdslay1_t14_otype:arr_i:38_j:6,33.27805,0.0,hdslay1_t14,38,6,hdslay1,arr,,,,,,
oname:hdslay1_t14_otype:arr_i:38_j:7,33.27464,0.0,hdslay1_t14,38,7,hdslay1,arr,,,,,,
oname:hdslay1_t14_otype:arr_i:38_j:8,33.27592,0.0,hdslay1_t14,38,8,hdslay1,arr,,,,,,
oname:hdslay1_t14_otype:arr_i:38_j:9,33.27824,0.0,hdslay1_t14,38,9,hdslay1,arr,,,,,,
oname:hdslay1_t14_otype:arr_i:39_j:0,1e+30,0.0,hdslay1_t14,39,0,hdslay1,arr,,,,,,
oname:hdslay1_t14_otype:arr_i:39_j:1,1e+30,0.0,hdslay1_t14,39,1,hdslay1,arr,,,,,,
oname:hdslay1_t14_otype:arr_i:39_j:10,33.21126,0.0,hdslay1_t14,39,10,hdslay1,arr,,,,,,
oname:hdslay1_t14_otype:arr_i:39_j:11,33.23522,0.0,hdslay1_t14,39,11,hdslay1,arr,,,,,,
oname:hdslay1_t14_otype:arr_i:39_j:12,33.27183,0.0,hdslay1_t14,39,12,hdslay1,arr,,,,,,
oname:hdslay1_t14_otype:arr_i:39_j:13,33.32353,0.0,hdslay1_t14,39,13,hdslay1,arr,,,,,,
oname:hdslay1_t14_otype:arr_i:39_j:14,33.38296,0.0,hdslay1_t14,39,14,hdslay1,arr,,,,,,
oname:hdslay1_t14_otype:arr_i:39_j:15,33.45984,0.0,hdslay1_t14,39,15,hdslay1,arr,,,,,,
oname:hdslay1_t14_otype:arr_i:39_j:16,1e+30,0.0,hdslay1_t14,39,16,hdslay1,arr,,,,,,
oname:hdslay1_t14_otype:arr_i:39_j:17,1e+30,0.0,hdslay1_t14,39,17,hdslay1,arr,,,,,,
oname:hdslay1_t14_otype:arr_i:39_j:18,1e+30,0.0,hdslay1_t14,39,18,hdslay1,arr,,,,,,
oname:hdslay1_t14_otype:arr_i:39_j:19,1e+30,0.0,hdslay1_t14,39,19,hdslay1,arr,,,,,,
oname:hdslay1_t14_otype:arr_i:39_j:2,1e+30,0.0,hdslay1_t14,39,2,hdslay1,arr,,,,,,
oname:hdslay1_t14_otype:arr_i:39_j:3,1e+30,0.0,hdslay1_t14,39,3,hdslay1,arr,,,,,,
oname:hdslay1_t14_otype:arr_i:39_j:4,1e+30,0.0,hdslay1_t14,39,4,hdslay1,arr,,,,,,
oname:hdslay1_t14_otype:arr_i:39_j:5,33.22469,0.0,hdslay1_t14,39,5,hdslay1,arr,,,,,,
oname:hdslay1_t14_otype:arr_i:39_j:6,33.22188,0.0,hdslay1_t14,39,6,hdslay1,arr,,,,,,
oname:hdslay1_t14_otype:arr_i:39_j:7,33.2229,0.0,hdslay1_t14,39,7,hdslay1,arr,,,,,,
oname:hdslay1_t14_otype:arr_i:39_j:8,33.22121,0.0,hdslay1_t14,39,8,hdslay1,arr,,,,,,
oname:hdslay1_t14_otype:arr_i:39_j:9,33.21744,0.0,hdslay1_t14,39,9,hdslay1,arr,,,,,,
oname:hdslay1_t14_otype:arr_i:3_j:0,34.81824,0.0,hdslay1_t14,3,0,hdslay1,arr,,,,,,
oname:hdslay1_t14_otype:arr_i:3_j:1,34.81418,0.0,hdslay1_t14,3,1,hdslay1,arr,,,,,,
oname:hdslay1_t14_otype:arr_i:3_j:10,34.30732,0.0,hdslay1_t14,3,10,hdslay1,arr,,,,,,
oname:hdslay1_t14_otype:arr_i:3_j:11,34.26674,0.0,hdslay1_t14,3,11,hdslay1,arr,,,,,,
oname:hdslay1_t14_otype:arr_i:3_j:12,34.22662,0.0,hdslay1_t14,3,12,hdslay1,arr,,,,,,
oname:hdslay1_t14_otype:arr_i:3_j:13,34.18291,0.0,hdslay1_t14,3,13,hdslay1,arr,,,,,,
oname:hdslay1_t14_otype:arr_i:3_j:14,34.14738,0.0,hdslay1_t14,3,14,hdslay1,arr,,,,,,
oname:hdslay1_t14_otype:arr_i:3_j:15,34.11773,0.0,hdslay1_t14,3,15,hdslay1,arr,,,,,,
oname:hdslay1_t14_otype:arr_i:3_j:16,34.10335,0.0,hdslay1_t14,3,16,hdslay1,arr,,,,,,
oname:hdslay1_t14_otype:arr_i:3_j:17,34.08995,0.0,hdslay1_t14,3,17,hdslay1,arr,,,,,,
oname:hdslay1_t14_otype:arr_i:3_j:18,34.08105,0.0,hdslay1_t14,3,18,hdslay1,arr,,,,,,
oname:hdslay1_t14_otype:arr_i:3_j:19,34.0772,0.0,hdslay1_t14,3,19,hdslay1,arr,,,,,,
oname:hdslay1_t14_otype:arr_i:3_j:2,34.80635,0.0,hdslay1_t14,3,2,hdslay1,arr,,,,,,
oname:hdslay1_t14_otype:arr_i:3_j:3,34.78009,0.0,hdslay1_t14,3,3,hdslay1,arr,,,,,,
oname:hdslay1_t14_otype:arr_i:3_j:4,34.73379,0.0,hdslay1_t14,3,4,hdslay1,arr,,,,,,
oname:hdslay1_t14_otype:arr_i:3_j:5,34.67007,0.0,hdslay1_t14,3,5,hdslay1,arr,,,,,,
oname:hdslay1_t14_otype:arr_i:3_j:6,34.58569,0.0,hdslay1_t14,3,6,hdslay1,arr,,,,,,
oname:hdslay1_t14_otype:arr_i:3_j:7,34.49671,0.0,hdslay1_t14,3,7,hdslay1,arr,,,,,,
oname:hdslay1_t14_otype:arr_i:3_j:8,34.41833,0.0,hdslay1_t14,3,8,hdslay1,arr,,,,,,
oname:hdslay1_t14_otype:arr_i:3_j:9,34.35721,0.0,hdslay1_t14,3,9,hdslay1,arr,,,,,,
oname:hdslay1_t14_otype:arr_i:4_j:0,34.79717,0.0,hdslay1_t14,4,0,hdslay1,arr,,,,,,
oname:hdslay1_t14_otype:arr_i:4_j:1,34.79506,0.0,hdslay1_t14,4,1,hdslay1,arr,,,,,,
oname:hdslay1_t14_otype:arr_i:4_j:10,34.30415,0.0,hdslay1_t14,4,10,hdslay1,arr,,,,,,
oname:hdslay1_t14_otype:arr_i:4_j:11,34.25938,0.0,hdslay1_t14,4,11,hdslay1,arr,,,,,,
oname:hdslay1_t14_otype:arr_i:4_j:12,34.20815,0.0,hdslay1_t14,4,12,hdslay1,arr,,,,,,
oname:hdslay1_t14_otype:arr_i:4_j:13,34.16088,0.0,hdslay1_t14,4,13,hdslay1,arr,,,,,,
oname:hdslay1_t14_otype:arr_i:4_j:14,34.12442,0.0,hdslay1_t14,4,14,hdslay1,arr,,,,,,
oname:hdslay1_t14_otype:arr_i:4_j:15,34.09494,0.0,hdslay1_t14,4,15,hdslay1,arr,,,,,,
oname:hdslay1_t14_otype:arr_i:4_j:16,34.07734,0.0,hdslay1_t14,4,16,hdslay1,arr,,,,,,
oname:hdslay1_t14_otype:arr_i:4_j:17,34.06484,0.0,hdslay1_t14,4,17,hdslay1,arr,,,,,,
oname:hdslay1_t14_otype:arr_i:4_j:18,34.05941,0.0,hdslay1_t14,4,18,hdslay1,arr,,,,,,
oname:hdslay1_t14_otype:arr_i:4_j:19,34.0582,0.0,hdslay1_t14,4,19,hdslay1,arr,,,,,,
oname:hdslay1_t14_otype:arr_i:4_j:2,34.78975,0.0,hdslay1_t14,4,2,hdslay1,arr,,,,,,
oname:hdslay1_t14_otype:arr_i:4_j:3,34.76946,0.0,hdslay1_t14,4,3,hdslay1,arr,,,,,,
oname:hdslay1_t14_otype:arr_i:4_j:4,34.73371,0.0,hdslay1_t14,4,4,hdslay1,arr,,,,,,
oname:hdslay1_t14_otype:arr_i:4_j:5,34.67723,0.0,hdslay1_t14,4,5,hdslay1,arr,,,,,,
oname:hdslay1_t14_otype:arr_i:4_j:6,34.60671,0.0,hdslay1_t14,4,6,hdslay1,arr,,,,,,
oname:hdslay1_t14_otype:arr_i:4_j:7,34.51497,0.0,hdslay1_t14,4,7,hdslay1,arr,,,,,,
oname:hdslay1_t14_otype:arr_i:4_j:8,34.42807,0.0,hdslay1_t14,4,8,hdslay1,arr,,,,,,
oname:hdslay1_t14_otype:arr_i:4_j:9,34.35978,0.0,hdslay1_t14,4,9,hdslay1,arr,,,,,,
oname:hdslay1_t14_otype:arr_i:5_j:0,34.77617,0.0,hdslay1_t14,5,0,hdslay1,arr,,,,,,
oname:hdslay1_t14_otype:arr_i:5_j:1,34.77544,0.0,hdslay1_t14,5,1,hdslay1,arr,,,,,,
oname:hdslay1_t14_otype:arr_i:5_j:10,34.29301,0.0,hdslay1_t14,5,10,hdslay1,arr,,,,,,
oname:hdslay1_t14_otype:arr_i:5_j:11,34.2407,0.0,hdslay1_t14,5,11,hdslay1,arr,,,,,,
oname:hdslay1_t14_otype:arr_i:5_j:12,34.18372,0.0,hdslay1_t14,5,12,hdslay1,arr,,,,,,
oname:hdslay1_t14_otype:arr_i:5_j:13,34.13209,0.0,hdslay1_t14,5,13,hdslay1,arr,,,,,,
oname:hdslay1_t14_otype:arr_i:5_j:14,34.09154,0.0,hdslay1_t14,5,14,hdslay1,arr,,,,,,
oname:hdslay1_t14_otype:arr_i:5_j:15,34.0639,0.0,hdslay1_t14,5,15,hdslay1,arr,,,,,,
oname:hdslay1_t14_otype:arr_i:5_j:16,34.04898,0.0,hdslay1_t14,5,16,hdslay1,arr,,,,,,
oname:hdslay1_t14_otype:arr_i:5_j:17,34.03764,0.0,hdslay1_t14,5,17,hdslay1,arr,,,,,,
oname:hdslay1_t14_otype:arr_i:5_j:18,34.03516,0.0,hdslay1_t14,5,18,hdslay1,arr,,,,,,
oname:hdslay1_t14_otype:arr_i:5_j:19,34.03663,0.0,hdslay1_t14,5,19,hdslay1,arr,,,,,,
oname:hdslay1_t14_otype:arr_i:5_j:2,34.76948,0.0,hdslay1_t14,5,2,hdslay1,arr,,,,,,
oname:hdslay1_t14_otype:arr_i:5_j:3,34.7531,0.0,hdslay1_t14,5,3,hdslay1,arr,,,,,,
oname:hdslay1_t14_otype:arr_i:5_j:4,34.72632,0.0,hdslay1_t14,5,4,hdslay1,arr,,,,,,
oname:hdslay1_t14_otype:arr_i:5_j:5,34.67785,0.0,hdslay1_t14,5,5,hdslay1,arr,,,,,,
oname:hdslay1_t14_otype:arr_i:5_j:6,34.60866,0.0,hdslay1_t14,5,6,hdslay1,arr,,,,,,
oname:hdslay1_t14_otype:arr_i:5_j:7,34.52781,0.0,hdslay1_t14,5,7,hdslay1,arr,,,,,,
oname:hdslay1_t14_otype:arr_i:5_j:8,34.44246,0.0,hdslay1_t14,5,8,hdslay1,arr,,,,,,
oname:hdslay1_t14_otype:arr_i:5_j:9,34.35649,0.0,hdslay1_t14,5,9,hdslay1,arr,,,,,,
oname:hdslay1_t14_otype:arr_i:6_j:0,34.7623,0.0,hdslay1_t14,6,0,hdslay1,arr,,,,,,
oname:hdslay1_t14_otype:arr_i:6_j:1,34.7613,0.0,hdslay1_t14,6,1,hdslay1,arr,,,,,,
oname:hdslay1_t14_otype:arr_i:6_j:10,34.26208,0.0,hdslay1_t14,6,10,hdslay1,arr,,,,,,
oname:hdslay1_t14_otype:arr_i:6_j:11,34.20583,0.0,hdslay1_t14,6,11,hdslay1,arr,,,,,,
oname:hdslay1_t14_otype:arr_i:6_j:12,34.14167,0.0,hdslay1_t14,6,12,hdslay1,arr,,,,,,
oname:hdslay1_t14_otype:arr_i:6_j:13,34.08399,0.0,hdslay1_t14,6,13,hdslay1,arr,,,,,,
oname:hdslay1_t14_otype:arr_i:6_j:14,34.0471,0.0,hdslay1_t14,6,14,hdslay1,arr,,,,,,
oname:hdslay1_t14_otype:arr_i:6_j:15,34.02359,0.0,hdslay1_t14,6,15,hdslay1,arr,,,,,,
oname:hdslay1_t14_otype:arr_i:6_j:16,34.01461,0.0,hdslay1_t14,6,16,hdslay1,arr,,,,,,
oname:hdslay1_t14_otype:arr_i:6_j:17,34.00627,0.0,hdslay1_t14,6,17,hdslay1,arr,,,,,,
oname:hdslay1_t14_otype:arr_i:6_j:18,34.0038,0.0,hdslay1_t14,6,18,hdslay1,arr,,,,,,
oname:hdslay1_t14_otype:arr_i:6_j:19,34.00232,0.0,hdslay1_t14,6,19,hdslay1,arr,,,,,,
oname:hdslay1_t14_otype:arr_i:6_j:2,34.75684,0.0,hdslay1_t14,6,2,hdslay1,arr,,,,,,
oname:hdslay1_t14_otype:arr_i:6_j:3,34.74557,0.0,hdslay1_t14,6,3,hdslay1,arr,,,,,,
oname:hdslay1_t14_otype:arr_i:6_j:4,34.72318,0.0,hdslay1_t14,6,4,hdslay1,arr,,,,,,
oname:hdslay1_t14_otype:arr_i:6_j:5,34.67265,0.0,hdslay1_t14,6,5,hdslay1,arr,,,,,,
oname:hdslay1_t14_otype:arr_i:6_j:6,34.59709,0.0,hdslay1_t14,6,6,hdslay1,arr,,,,,,
oname:hdslay1_t14_otype:arr_i:6_j:7,34.51433,0.0,hdslay1_t14,6,7,hdslay1,arr,,,,,,
oname:hdslay1_t14_otype:arr_i:6_j:8,34.42514,0.0,hdslay1_t14,6,8,hdslay1,arr,,,,,,
oname:hdslay1_t14_otype:arr_i:6_j:9,34.33133,0.0,hdslay1_t14,6,9,hdslay1,arr,,,,,,
oname:hdslay1_t14_otype:arr_i:7_j:0,34.75147,0.0,hdslay1_t14,7,0,hdslay1,arr,,,,,,
oname:hdslay1_t14_otype:arr_i:7_j:1,34.75125,0.0,hdslay1_t14,7,1,hdslay1,arr,,,,,,
oname:hdslay1_t14_otype:arr_i:7_j:10,34.20502,0.0,hdslay1_t14,7,10,hdslay1,arr,,,,,,
oname:hdslay1_t14_otype:arr_i:7_j:11,34.14736,0.0,hdslay1_t14,7,11,hdslay1,arr,,,,,,
oname:hdslay1_t14_otype:arr_i:7_j:12,34.07624,0.0,hdslay1_t14,7,12,hdslay1,arr,,,,,,
oname:hdslay1_t14_otype:arr_i:7_j:13,34.02035,0.0,hdslay1_t14,7,13,hdslay1,arr,,,,,,
oname:hdslay1_t14_otype:arr_i:7_j:14,33.98972,0.0,hdslay1_t14,7,14,hdslay1,arr,,,,,,
oname:hdslay1_t14_otype:arr_i:7_j:15,33.97275,0.0,hdslay1_t14,7,15,hdslay1,arr,,,,,,
oname:hdslay1_t14_otype:arr_i:7_j:16,33.96231,0.0,hdslay1_t14,7,16,hdslay1,arr,,,,,,
oname:hdslay1_t14_otype:arr_i:7_j:17,33.96564,0.0,hdslay1_t14,7,17,hdslay1,arr,,,,,,
oname:hdslay1_t14_otype:arr_i:7_j:18,33.96456,0.0,hdslay1_t14,7,18,hdslay1,arr,,,,,,
oname:hdslay1_t14_otype:arr_i:7_j:19,33.96229,0.0,hdslay1_t14,7,19,hdslay1,arr,,,,,,
oname:hdslay1_t14_otype:arr_i:7_j:2,34.7489,0.0,hdslay1_t14,7,2,hdslay1,arr,,,,,,
oname:hdslay1_t14_otype:arr_i:7_j:3,34.7425,0.0,hdslay1_t14,7,3,hdslay1,arr,,,,,,
oname:hdslay1_t14_otype:arr_i:7_j:4,34.71912,0.0,hdslay1_t14,7,4,hdslay1,arr,,,,,,
oname:hdslay1_t14_otype:arr_i:7_j:5,34.6659,0.0,hdslay1_t14,7,5,hdslay1,arr,,,,,,
oname:hdslay1_t14_otype:arr_i:7_j:6,34.59312,0.0,hdslay1_t14,7,6,hdslay1,arr,,,,,,
oname:hdslay1_t14_otype:arr_i:7_j:7,34.48774,0.0,hdslay1_t14,7,7,hdslay1,arr,,,,,,
oname:hdslay1_t14_otype:arr_i:7_j:8,34.36681,0.0,hdslay1_t14,7,8,hdslay1,arr,,,,,,
oname:hdslay1_t14_otype:arr_i:7_j:9,34.26821,0.0,hdslay1_t14,7,9,hdslay1,arr,,,,,,
oname:hdslay1_t14_otype:arr_i:8_j:0,34.74062,0.0,hdslay1_t14,8,0,hdslay1,arr,,,,,,
oname:hdslay1_t14_otype:arr_i:8_j:1,34.74081,0.0,hdslay1_t14,8,1,hdslay1,arr,,,,,,
oname:hdslay1_t14_otype:arr_i:8_j:10,34.12078,0.0,hdslay1_t14,8,10,hdslay1,arr,,,,,,
oname:hdslay1_t14_otype:arr_i:8_j:11,34.05674,0.0,hdslay1_t14,8,11,hdslay1,arr,,,,,,
oname:hdslay1_t14_otype:arr_i:8_j:12,33.98747,0.0,hdslay1_t14,8,12,hdslay1,arr,,,,,,
oname:hdslay1_t14_otype:arr_i:8_j:13,33.94661,0.0,hdslay1_t14,8,13,hdslay1,arr,,,,,,
oname:hdslay1_t14_otype:arr_i:8_j:14,33.92479,0.0,hdslay1_t14,8,14,hdslay1,arr,,,,,,
oname:hdslay1_t14_otype:arr_i:8_j:15,33.91474,0.0,hdslay1_t14,8,15,hdslay1,arr,,,,,,
oname:hdslay1_t14_otype:arr_i:8_j:16,33.89972,0.0,hdslay1_t14,8,16,hdslay1,arr,,,,,,
oname:hdslay1_t14_otype:arr_i:8_j:17,33.91346,0.0,hdslay1_t14,8,17,hdslay1,arr,,,,,,
oname:hdslay1_t14_otype:arr_i:8_j:18,33.92444,0.0,hdslay1_t14,8,18,hdslay1,arr,,,,,,
oname:hdslay1_t14_otype:arr_i:8_j:19,33.92702,0.0,hdslay1_t14,8,19,hdslay1,arr,,,,,,
oname:hdslay1_t14_otype:arr_i:8_j:2,34.7415,0.0,hdslay1_t14,8,2,hdslay1,arr,,,,,,
oname:hdslay1_t14_otype:arr_i:8_j:3,34.74033,0.0,hdslay1_t14,8,3,hdslay1,arr,,,,,,
oname:hdslay1_t14_otype:arr_i:8_j:4,1e+30,0.0,hdslay1_t14,8,4,hdslay1,arr,,,,,,
oname:hdslay1_t14_otype:arr_i:8_j:5,1e+30,0.0,hdslay1_t14,8,5,hdslay1,arr,,,,,,
oname:hdslay1_t14_otype:arr_i:8_j:6,1e+30,0.0,hdslay1_t14,8,6,hdslay1,arr,,,,,,
oname:hdslay1_t14_otype:arr_i:8_j:7,34.38751,0.0,hdslay1_t14,8,7,hdslay1,arr,,,,,,
oname:hdslay1_t14_otype:arr_i:8_j:8,34.25712,0.0,hdslay1_t14,8,8,hdslay1,arr,,,,,,
oname:hdslay1_t14_otype:arr_i:8_j:9,34.18071,0.0,hdslay1_t14,8,9,hdslay1,arr,,,,,,
oname:hdslay1_t14_otype:arr_i:9_j:0,34.72636,0.0,hdslay1_t14,9,0,hdslay1,arr,,,,,,
oname:hdslay1_t14_otype:arr_i:9_j:1,34.7239,0.0,hdslay1_t14,9,1,hdslay1,arr,,,,,,
oname:hdslay1_t14_otype:arr_i:9_j:10,34.0265,0.0,hdslay1_t14,9,10,hdslay1,arr,,,,,,
oname:hdslay1_t14_otype:arr_i:9_j:11,33.96285,0.0,hdslay1_t14,9,11,hdslay1,arr,,,,,,
oname:hdslay1_t14_otype:arr_i:9_j:12,33.90611,0.0,hdslay1_t14,9,12,hdslay1,arr,,,,,,
oname:hdslay1_t14_otype:arr_i:9_j:13,33.87951,0.0,hdslay1_t14,9,13,hdslay1,arr,,,,,,
oname:hdslay1_t14_otype:arr_i:9_j:14,33.87217,0.0,hdslay1_t14,9,14,hdslay1,arr,,,,,,
oname:hdslay1_t14_otype:arr_i:9_j:15,33.86823,0.0,hdslay1_t14,9,15,hdslay1,arr,,,,,,
oname:hdslay1_t14_otype:arr_i:9_j:16,33.81864,0.0,hdslay1_t14,9,16,hdslay1,arr,,,,,,
oname:hdslay1_t14_otype:arr_i:9_j:17,33.87193,0.0,hdslay1_t14,9,17,hdslay1,arr,,,,,,
oname:hdslay1_t14_otype:arr_i:9_j:18,33.89301,0.0,hdslay1_t14,9,18,hdslay1,arr,,,,,,
oname:hdslay1_t14_otype:arr_i:9_j:19,33.90146,0.0,hdslay1_t14,9,19,hdslay1,arr,,,,,,
oname:hdslay1_t14_otype:arr_i:9_j:2,34.72466,0.0,hdslay1_t14,9,2,hdslay1,arr,,,,,,
oname:hdslay1_t14_otype:arr_i:9_j:3,34.7211,0.0,hdslay1_t14,9,3,hdslay1,arr,,,,,,
oname:hdslay1_t14_otype:arr_i:9_j:4,1e+30,0.0,hdslay1_t14,9,4,hdslay1,arr,,,,,,
oname:hdslay1_t14_otype:arr_i:9_j:5,1e+30,0.0,hdslay1_t14,9,5,hdslay1,arr,,,,,,
oname:hdslay1_t14_otype:arr_i:9_j:6,1e+30,0.0,hdslay1_t14,9,6,hdslay1,arr,,,,,,
oname:hdslay1_t14_otype:arr_i:9_j:7,1e+30,0.0,hdslay1_t14,9,7,hdslay1,arr,,,,,,
oname:hdslay1_t14_otype:arr_i:9_j:8,34.10615,0.0,hdslay1_t14,9,8,hdslay1,arr,,,,,,
oname:hdslay1_t14_otype:arr_i:9_j:9,34.07158,0.0,hdslay1_t14,9,9,hdslay1,arr,,,,,,
oname:hdslay1_t15_otype:arr_i:0_j:0,34.91933,0.0,hdslay1_t15,0,0,hdslay1,arr,,,,,,
oname:hdslay1_t15_otype:arr_i:0_j:1,34.9091,0.0,hdslay1_t15,0,1,hdslay1,arr,,,,,,
oname:hdslay1_t15_otype:arr_i:0_j:10,34.34718,0.0,hdslay1_t15,0,10,hdslay1,arr,,,,,,
oname:hdslay1_t15_otype:arr_i:0_j:11,34.30387,0.0,hdslay1_t15,0,11,hdslay1,arr,,,,,,
oname:hdslay1_t15_otype:arr_i:0_j:12,34.26951,0.0,hdslay1_t15,0,12,hdslay1,arr,,,,,,
oname:hdslay1_t15_otype:arr_i:0_j:13,34.23636,0.0,hdslay1_t15,0,13,hdslay1,arr,,,,,,
oname:hdslay1_t15_otype:arr_i:0_j:14,34.20346,0.0,hdslay1_t15,0,14,hdslay1,arr,,,,,,
oname:hdslay1_t15_otype:arr_i:0_j:15,34.16664,0.0,hdslay1_t15,0,15,hdslay1,arr,,,,,,
oname:hdslay1_t15_otype:arr_i:0_j:16,34.15822,0.0,hdslay1_t15,0,16,hdslay1,arr,,,,,,
oname:hdslay1_t15_otype:arr_i:0_j:17,34.1509,0.0,hdslay1_t15,0,17,hdslay1,arr,,,,,,
oname:hdslay1_t15_otype:arr_i:0_j:18,34.14512,0.0,hdslay1_t15,0,18,hdslay1,arr,,,,,,
oname:hdslay1_t15_otype:arr_i:0_j:19,34.14226,0.0,hdslay1_t15,0,19,hdslay1,arr,,,,,,
oname:hdslay1_t15_otype:arr_i:0_j:2,34.88397,0.0,hdslay1_t15,0,2,hdslay1,arr,,,,,,
oname:hdslay1_t15_otype:arr_i:0_j:3,34.85193,0.0,hdslay1_t15,0,3,hdslay1,arr,,,,,,
oname:hdslay1_t15_otype:arr_i:0_j:4,34.79695,0.0,hdslay1_t15,0,4,hdslay1,arr,,,,,,
oname:hdslay1_t15_otype:arr_i:0_j:5,34.71323,0.0,hdslay1_t15,0,5,hdslay1,arr,,,,,,
oname:hdslay1_t15_otype:arr_i:0_j:6,34.61202,0.0,hdslay1_t15,0,6,hdslay1,arr,,,,,,
oname:hdslay1_t15_otype:arr_i:0_j:7,34.52466,0.0,hdslay1_t15,0,7,hdslay1,arr,,,,,,
oname:hdslay1_t15_otype:arr_i:0_j:8,34.45164,0.0,hdslay1_t15,0,8,hdslay1,arr,,,,,,
oname:hdslay1_t15_otype:arr_i:0_j:9,34.39375,0.0,hdslay1_t15,0,9,hdslay1,arr,,,,,,
oname:hdslay1_t15_otype:arr_i:10_j:0,34.75369,0.0,hdslay1_t15,10,0,hdslay1,arr,,,,,,
oname:hdslay1_t15_otype:arr_i:10_j:1,34.74999,0.0,hdslay1_t15,10,1,hdslay1,arr,,,,,,
oname:hdslay1_t15_otype:arr_i:10_j:10,33.97678,0.0,hdslay1_t15,10,10,hdslay1,arr,,,,,,
oname:hdslay1_t15_otype:arr_i:10_j:11,33.92027,0.0,hdslay1_t15,10,11,hdslay1,arr,,,,,,
oname:hdslay1_t15_otype:arr_i:10_j:12,33.86906,0.0,hdslay1_t15,10,12,hdslay1,arr,,,,,,
oname:hdslay1_t15_otype:arr_i:10_j:13,33.83849,0.0,hdslay1_t15,10,13,hdslay1,arr,,,,,,
oname:hdslay1_t15_otype:arr_i:10_j:14,33.86005,0.0,hdslay1_t15,10,14,hdslay1,arr,,,,,,
oname:hdslay1_t15_otype:arr_i:10_j:15,33.87304,0.0,hdslay1_t15,10,15,hdslay1,arr,,,,,,
oname:hdslay1_t15_otype:arr_i:10_j:16,33.87381,0.0,hdslay1_t15,10,16,hdslay1,arr,,,,,,
oname:hdslay1_t15_otype:arr_i:10_j:17,33.89076,0.0,hdslay1_t15,10,17,hdslay1,arr,,,,,,
oname:hdslay1_t15_otype:arr_i:10_j:18,33.9037,0.0,hdslay1_t15,10,18,hdslay1,arr,,,,,,
oname:hdslay1_t15_otype:arr_i:10_j:19,33.91041,0.0,hdslay1_t15,10,19,hdslay1,arr,,,,,,
oname:hdslay1_t15_otype:arr_i:10_j:2,34.74738,0.0,hdslay1_t15,10,2,hdslay1,arr,,,,,,
oname:hdslay1_t15_otype:arr_i:10_j:3,34.74236,0.0,hdslay1_t15,10,3,hdslay1,arr,,,,,,
oname:hdslay1_t15_otype:arr_i:10_j:4,1e+30,0.0,hdslay1_t15,10,4,hdslay1,arr,,,,,,
oname:hdslay1_t15_otype:arr_i:10_j:5,1e+30,0.0,hdslay1_t15,10,5,hdslay1,arr,,,,,,
oname:hdslay1_t15_otype:arr_i:10_j:6,1e+30,0.0,hdslay1_t15,10,6,hdslay1,arr,,,,,,
oname:hdslay1_t15_otype:arr_i:10_j:7,1e+30,0.0,hdslay1_t15,10,7,hdslay1,arr,,,,,,
oname:hdslay1_t15_otype:arr_i:10_j:8,34.03243,0.0,hdslay1_t15,10,8,hdslay1,arr,,,,,,
oname:hdslay1_t15_otype:arr_i:10_j:9,34.0108,0.0,hdslay1_t15,10,9,hdslay1,arr,,,,,,
oname:hdslay1_t15_otype:arr_i:11_j:0,34.69763,0.0,hdslay1_t15,11,0,hdslay1,arr,,,,,,
oname:hdslay1_t15_otype:arr_i:11_j:1,34.69482,0.0,hdslay1_t15,11,1,hdslay1,arr,,,,,,
oname:hdslay1_t15_otype:arr_i:11_j:10,33.9245,0.0,hdslay1_t15,11,10,hdslay1,arr,,,,,,
oname:hdslay1_t15_otype:arr_i:11_j:11,33.87916,0.0,hdslay1_t15,11,11,hdslay1,arr,,,,,,
oname:hdslay1_t15_otype:arr_i:11_j:12,33.82458,0.0,hdslay1_t15,11,12,hdslay1,arr,,,,,,
oname:hdslay1_t15_otype:arr_i:11_j:13,33.73549,0.0,hdslay1_t15,11,13,hdslay1,arr,,,,,,
oname:hdslay1_t15_otype:arr_i:11_j:14,33.83188,0.0,hdslay1_t15,11,14,hdslay1,arr,,,,,,
oname:hdslay1_t15_otype:arr_i:11_j:15,33.86697,0.0,hdslay1_t15,11,15,hdslay1,arr,,,,,,
oname:hdslay1_t15_otype:arr_i:11_j:16,33.87892,0.0,hdslay1_t15,11,16,hdslay1,arr,,,,,,
oname:hdslay1_t15_otype:arr_i:11_j:17,33.89178,0.0,hdslay1_t15,11,17,hdslay1,arr,,,,,,
oname:hdslay1_t15_otype:arr_i:11_j:18,33.90195,0.0,hdslay1_t15,11,18,hdslay1,arr,,,,,,
oname:hdslay1_t15_otype:arr_i:11_j:19,33.90694,0.0,hdslay1_t15,11,19,hdslay1,arr,,,,,,
oname:hdslay1_t15_otype:arr_i:11_j:2,34.69112,0.0,hdslay1_t15,11,2,hdslay1,arr,,,,,,
oname:hdslay1_t15_otype:arr_i:11_j:3,34.69247,0.0,hdslay1_t15,11,3,hdslay1,arr,,,,,,
oname:hdslay1_t15_otype:arr_i:11_j:4,1e+30,0.0,hdslay1_t15,11,4,hdslay1,arr,,,,,,
oname:hdslay1_t15_otype:arr_i:11_j:5,1e+30,0.0,hdslay1_t15,11,5,hdslay1,arr,,,,,,
oname:hdslay1_t15_otype:arr_i:11_j:6,1e+30,0.0,hdslay1_t15,11,6,hdslay1,arr,,,,,,
oname:hdslay1_t15_otype:arr_i:11_j:7,1e+30,0.0,hdslay1_t15,11,7,hdslay1,arr,,,,,,
oname:hdslay1_t15_otype:arr_i:11_j:8,33.96732,0.0,hdslay1_t15,11,8,hdslay1,arr,,,,,,
oname:hdslay1_t15_otype:arr_i:11_j:9,33.95347,0.0,hdslay1_t15,11,9,hdslay1,arr,,,,,,
oname:hdslay1_t15_otype:arr_i:12_j:0,34.63821,0.0,hdslay1_t15,12,0,hdslay1,arr,,,,,,
oname:hdslay1_t15_otype:arr_i:12_j:1,34.63436,0.0,hdslay1_t15,12,1,hdslay1,arr,,,,,,
oname:hdslay1_t15_otype:arr_i:12_j:10,33.89977,0.0,hdslay1_t15,12,10,hdslay1,arr,,,,,,
oname:hdslay1_t15_otype:arr_i:12_j:11,33.86978,0.0,hdslay1_t15,12,11,hdslay1,arr,,,,,,
oname:hdslay1_t15_otype:arr_i:12_j:12,33.8362,0.0,hdslay1_t15,12,12,hdslay1,arr,,,,,,
oname:hdslay1_t15_otype:arr_i:12_j:13,33.8123,0.0,hdslay1_t15,12,13,hdslay1,arr,,,,,,
oname:hdslay1_t15_otype:arr_i:12_j:14,33.84376,0.0,hdslay1_t15,12,14,hdslay1,arr,,,,,,
oname:hdslay1_t15_otype:arr_i:12_j:15,33.87039,0.0,hdslay1_t15,12,15,hdslay1,arr,,,,,,
oname:hdslay1_t15_otype:arr_i:12_j:16,33.88243,0.0,hdslay1_t15,12,16,hdslay1,arr,,,,,,
oname:hdslay1_t15_otype:arr_i:12_j:17,33.89291,0.0,hdslay1_t15,12,17,hdslay1,arr,,,,,,
oname:hdslay1_t15_otype:arr_i:12_j:18,33.9019,0.0,hdslay1_t15,12,18,hdslay1,arr,,,,,,
oname:hdslay1_t15_otype:arr_i:12_j:19,33.90618,0.0,hdslay1_t15,12,19,hdslay1,arr,,,,,,
oname:hdslay1_t15_otype:arr_i:12_j:2,34.6327,0.0,hdslay1_t15,12,2,hdslay1,arr,,,,,,
oname:hdslay1_t15_otype:arr_i:12_j:3,34.63083,0.0,hdslay1_t15,12,3,hdslay1,arr,,,,,,
oname:hdslay1_t15_otype:arr_i:12_j:4,1e+30,0.0,hdslay1_t15,12,4,hdslay1,arr,,,,,,
oname:hdslay1_t15_otype:arr_i:12_j:5,1e+30,0.0,hdslay1_t15,12,5,hdslay1,arr,,,,,,
oname:hdslay1_t15_otype:arr_i:12_j:6,1e+30,0.0,hdslay1_t15,12,6,hdslay1,arr,,,,,,
oname:hdslay1_t15_otype:arr_i:12_j:7,1e+30,0.0,hdslay1_t15,12,7,hdslay1,arr,,,,,,
oname:hdslay1_t15_otype:arr_i:12_j:8,33.93087,0.0,hdslay1_t15,12,8,hdslay1,arr,,,,,,
oname:hdslay1_t15_otype:arr_i:12_j:9,33.9181,0.0,hdslay1_t15,12,9,hdslay1,arr,,,,,,
oname:hdslay1_t15_otype:arr_i:13_j:0,34.57436,0.0,hdslay1_t15,13,0,hdslay1,arr,,,,,,
oname:hdslay1_t15_otype:arr_i:13_j:1,34.57455,0.0,hdslay1_t15,13,1,hdslay1,arr,,,,,,
oname:hdslay1_t15_otype:arr_i:13_j:10,33.88411,0.0,hdslay1_t15,13,10,hdslay1,arr,,,,,,
oname:hdslay1_t15_otype:arr_i:13_j:11,33.86647,0.0,hdslay1_t15,13,11,hdslay1,arr,,,,,,
oname:hdslay1_t15_otype:arr_i:13_j:12,33.84696,0.0,hdslay1_t15,13,12,hdslay1,arr,,,,,,
oname:hdslay1_t15_otype:arr_i:13_j:13,33.83985,0.0,hdslay1_t15,13,13,hdslay1,arr,,,,,,
oname:hdslay1_t15_otype:arr_i:13_j:14,33.85532,0.0,hdslay1_t15,13,14,hdslay1,arr,,,,,,
oname:hdslay1_t15_otype:arr_i:13_j:15,33.8746,0.0,hdslay1_t15,13,15,hdslay1,arr,,,,,,
oname:hdslay1_t15_otype:arr_i:13_j:16,33.88376,0.0,hdslay1_t15,13,16,hdslay1,arr,,,,,,
oname:hdslay1_t15_otype:arr_i:13_j:17,33.89258,0.0,hdslay1_t15,13,17,hdslay1,arr,,,,,,
oname:hdslay1_t15_otype:arr_i:13_j:18,33.90089,0.0,hdslay1_t15,13,18,hdslay1,arr,,,,,,
oname:hdslay1_t15_otype:arr_i:13_j:19,33.90595,0.0,hdslay1_t15,13,19,hdslay1,arr,,,,,,
oname:hdslay1_t15_otype:arr_i:13_j:2,34.57141,0.0,hdslay1_t15,13,2,hdslay1,arr,,,,,,
oname:hdslay1_t15_otype:arr_i:13_j:3,34.56506,0.0,hdslay1_t15,13,3,hdslay1,arr,,,,,,
oname:hdslay1_t15_otype:arr_i:13_j:4,1e+30,0.0,hdslay1_t15,13,4,hdslay1,arr,,,,,,
oname:hdslay1_t15_otype:arr_i:13_j:5,1e+30,0.0,hdslay1_t15,13,5,hdslay1,arr,,,,,,
oname:hdslay1_t15_otype:arr_i:13_j:6,1e+30,0.0,hdslay1_t15,13,6,hdslay1,arr,,,,,,
oname:hdslay1_t15_otype:arr_i:13_j:7,1e+30,0.0,hdslay1_t15,13,7,hdslay1,arr,,,,,,
oname:hdslay1_t15_otype:arr_i:13_j:8,33.89933,0.0,hdslay1_t15,13,8,hdslay1,arr,,,,,,
oname:hdslay1_t15_otype:arr_i:13_j:9,33.89192,0.0,hdslay1_t15,13,9,hdslay1,arr,,,,,,
oname:hdslay1_t15_otype:arr_i:14_j:0,34.49117,0.0,hdslay1_t15,14,0,hdslay1,arr,,,,,,
oname:hdslay1_t15_otype:arr_i:14_j:1,34.49759,0.0,hdslay1_t15,14,1,hdslay1,arr,,,,,,
oname:hdslay1_t15_otype:arr_i:14_j:10,33.86594,0.0,hdslay1_t15,14,10,hdslay1,arr,,,,,,
oname:hdslay1_t15_otype:arr_i:14_j:11,33.85446,0.0,hdslay1_t15,14,11,hdslay1,arr,,,,,,
oname:hdslay1_t15_otype:arr_i:14_j:12,33.84517,0.0,hdslay1_t15,14,12,hdslay1,arr,,,,,,
oname:hdslay1_t15_otype:arr_i:14_j:13,33.84489,0.0,hdslay1_t15,14,13,hdslay1,arr,,,,,,
oname:hdslay1_t15_otype:arr_i:14_j:14,33.85712,0.0,hdslay1_t15,14,14,hdslay1,arr,,,,,,
oname:hdslay1_t15_otype:arr_i:14_j:15,33.87266,0.0,hdslay1_t15,14,15,hdslay1,arr,,,,,,
oname:hdslay1_t15_otype:arr_i:14_j:16,33.8821,0.0,hdslay1_t15,14,16,hdslay1,arr,,,,,,
oname:hdslay1_t15_otype:arr_i:14_j:17,33.88973,0.0,hdslay1_t15,14,17,hdslay1,arr,,,,,,
oname:hdslay1_t15_otype:arr_i:14_j:18,33.89729,0.0,hdslay1_t15,14,18,hdslay1,arr,,,,,,
oname:hdslay1_t15_otype:arr_i:14_j:19,33.90291,0.0,hdslay1_t15,14,19,hdslay1,arr,,,,,,
oname:hdslay1_t15_otype:arr_i:14_j:2,34.49476,0.0,hdslay1_t15,14,2,hdslay1,arr,,,,,,
oname:hdslay1_t15_otype:arr_i:14_j:3,34.49031,0.0,hdslay1_t15,14,3,hdslay1,arr,,,,,,
oname:hdslay1_t15_otype:arr_i:14_j:4,1e+30,0.0,hdslay1_t15,14,4,hdslay1,arr,,,,,,
oname:hdslay1_t15_otype:arr_i:14_j:5,1e+30,0.0,hdslay1_t15,14,5,hdslay1,arr,,,,,,
oname:hdslay1_t15_otype:arr_i:14_j:6,1e+30,0.0,hdslay1_t15,14,6,hdslay1,arr,,,,,,
oname:hdslay1_t15_otype:arr_i:14_j:7,1e+30,0.0,hdslay1_t15,14,7,hdslay1,arr,,,,,,
oname:hdslay1_t15_otype:arr_i:14_j:8,33.86786,0.0,hdslay1_t15,14,8,hdslay1,arr,,,,,,
oname:hdslay1_t15_otype:arr_i:14_j:9,33.86892,0.0,hdslay1_t15,14,9,hdslay1,arr,,,,,,
oname:hdslay1_t15_otype:arr_i:15_j:0,34.41784,0.0,hdslay1_t15,15,0,hdslay1,arr,,,,,,
oname:hdslay1_t15_otype:arr_i:15_j:1,34.42153,0.0,hdslay1_t15,15,1,hdslay1,arr,,,,,,
oname:hdslay1_t15_otype:arr_i:15_j:10,33.83556,0.0,hdslay1_t15,15,10,hdslay1,arr,,,,,,
oname:hdslay1_t15_otype:arr_i:15_j:11,33.82834,0.0,hdslay1_t15,15,11,hdslay1,arr,,,,,,
oname:hdslay1_t15_otype:arr_i:15_j:12,33.82863,0.0,hdslay1_t15,15,12,hdslay1,arr,,,,,,
oname:hdslay1_t15_otype:arr_i:15_j:13,33.83444,0.0,hdslay1_t15,15,13,hdslay1,arr,,,,,,
oname:hdslay1_t15_otype:arr_i:15_j:14,33.84968,0.0,hdslay1_t15,15,14,hdslay1,arr,,,,,,
oname:hdslay1_t15_otype:arr_i:15_j:15,33.86582,0.0,hdslay1_t15,15,15,hdslay1,arr,,,,,,
oname:hdslay1_t15_otype:arr_i:15_j:16,33.87708,0.0,hdslay1_t15,15,16,hdslay1,arr,,,,,,
oname:hdslay1_t15_otype:arr_i:15_j:17,33.88612,0.0,hdslay1_t15,15,17,hdslay1,arr,,,,,,
oname:hdslay1_t15_otype:arr_i:15_j:18,33.89339,0.0,hdslay1_t15,15,18,hdslay1,arr,,,,,,
oname:hdslay1_t15_otype:arr_i:15_j:19,33.89906,0.0,hdslay1_t15,15,19,hdslay1,arr,,,,,,
oname:hdslay1_t15_otype:arr_i:15_j:2,34.4111,0.0,hdslay1_t15,15,2,hdslay1,arr,,,,,,
oname:hdslay1_t15_otype:arr_i:15_j:3,34.40292,0.0,hdslay1_t15,15,3,hdslay1,arr,,,,,,
oname:hdslay1_t15_otype:arr_i:15_j:4,1e+30,0.0,hdslay1_t15,15,4,hdslay1,arr,,,,,,
oname:hdslay1_t15_otype:arr_i:15_j:5,1e+30,0.0,hdslay1_t15,15,5,hdslay1,arr,,,,,,
oname:hdslay1_t15_otype:arr_i:15_j:6,1e+30,0.0,hdslay1_t15,15,6,hdslay1,arr,,,,,,
oname:hdslay1_t15_otype:arr_i:15_j:7,1e+30,0.0,hdslay1_t15,15,7,hdslay1,arr,,,,,,
oname:hdslay1_t15_otype:arr_i:15_j:8,33.83767,0.0,hdslay1_t15,15,8,hdslay1,arr,,,,,,
oname:hdslay1_t15_otype:arr_i:15_j:9,33.83685,0.0,hdslay1_t15,15,9,hdslay1,arr,,,,,,
oname:hdslay1_t15_otype:arr_i:16_j:0,34.34961,0.0,hdslay1_t15,16,0,hdslay1,arr,,,,,,
oname:hdslay1_t15_otype:arr_i:16_j:1,34.34171,0.0,hdslay1_t15,16,1,hdslay1,arr,,,,,,
oname:hdslay1_t15_otype:arr_i:16_j:10,33.79012,0.0,hdslay1_t15,16,10,hdslay1,arr,,,,,,
oname:hdslay1_t15_otype:arr_i:16_j:11,33.79022,0.0,hdslay1_t15,16,11,hdslay1,arr,,,,,,
oname:hdslay1_t15_otype:arr_i:16_j:12,33.79716,0.0,hdslay1_t15,16,12,hdslay1,arr,,,,,,
oname:hdslay1_t15_otype:arr_i:16_j:13,33.81222,0.0,hdslay1_t15,16,13,hdslay1,arr,,,,,,
oname:hdslay1_t15_otype:arr_i:16_j:14,33.82997,0.0,hdslay1_t15,16,14,hdslay1,arr,,,,,,
oname:hdslay1_t15_otype:arr_i:16_j:15,33.85193,0.0,hdslay1_t15,16,15,hdslay1,arr,,,,,,
oname:hdslay1_t15_otype:arr_i:16_j:16,33.86589,0.0,hdslay1_t15,16,16,hdslay1,arr,,,,,,
oname:hdslay1_t15_otype:arr_i:16_j:17,33.8772,0.0,hdslay1_t15,16,17,hdslay1,arr,,,,,,
oname:hdslay1_t15_otype:arr_i:16_j:18,33.88612,0.0,hdslay1_t15,16,18,hdslay1,arr,,,,,,
oname:hdslay1_t15_otype:arr_i:16_j:19,33.89256,0.0,hdslay1_t15,16,19,hdslay1,arr,,,,,,
oname:hdslay1_t15_otype:arr_i:16_j:2,34.32856,0.0,hdslay1_t15,16,2,hdslay1,arr,,,,,,
oname:hdslay1_t15_otype:arr_i:16_j:3,34.32512,0.0,hdslay1_t15,16,3,hdslay1,arr,,,,,,
oname:hdslay1_t15_otype:arr_i:16_j:4,1e+30,0.0,hdslay1_t15,16,4,hdslay1,arr,,,,,,
oname:hdslay1_t15_otype:arr_i:16_j:5,1e+30,0.0,hdslay1_t15,16,5,hdslay1,arr,,,,,,
oname:hdslay1_t15_otype:arr_i:16_j:6,1e+30,0.0,hdslay1_t15,16,6,hdslay1,arr,,,,,,
oname:hdslay1_t15_otype:arr_i:16_j:7,1e+30,0.0,hdslay1_t15,16,7,hdslay1,arr,,,,,,
oname:hdslay1_t15_otype:arr_i:16_j:8,33.79323,0.0,hdslay1_t15,16,8,hdslay1,arr,,,,,,
oname:hdslay1_t15_otype:arr_i:16_j:9,33.79383,0.0,hdslay1_t15,16,9,hdslay1,arr,,,,,,
oname:hdslay1_t15_otype:arr_i:17_j:0,34.2681,0.0,hdslay1_t15,17,0,hdslay1,arr,,,,,,
oname:hdslay1_t15_otype:arr_i:17_j:1,34.26113,0.0,hdslay1_t15,17,1,hdslay1,arr,,,,,,
oname:hdslay1_t15_otype:arr_i:17_j:10,33.73923,0.0,hdslay1_t15,17,10,hdslay1,arr,,,,,,
oname:hdslay1_t15_otype:arr_i:17_j:11,33.74184,0.0,hdslay1_t15,17,11,hdslay1,arr,,,,,,
oname:hdslay1_t15_otype:arr_i:17_j:12,33.7465,0.0,hdslay1_t15,17,12,hdslay1,arr,,,,,,
oname:hdslay1_t15_otype:arr_i:17_j:13,33.76605,0.0,hdslay1_t15,17,13,hdslay1,arr,,,,,,
oname:hdslay1_t15_otype:arr_i:17_j:14,33.78732,0.0,hdslay1_t15,17,14,hdslay1,arr,,,,,,
oname:hdslay1_t15_otype:arr_i:17_j:15,33.82273,0.0,hdslay1_t15,17,15,hdslay1,arr,,,,,,
oname:hdslay1_t15_otype:arr_i:17_j:16,33.84286,0.0,hdslay1_t15,17,16,hdslay1,arr,,,,,,
oname:hdslay1_t15_otype:arr_i:17_j:17,33.85883,0.0,hdslay1_t15,17,17,hdslay1,arr,,,,,,
oname:hdslay1_t15_otype:arr_i:17_j:18,33.87192,0.0,hdslay1_t15,17,18,hdslay1,arr,,,,,,
oname:hdslay1_t15_otype:arr_i:17_j:19,33.87901,0.0,hdslay1_t15,17,19,hdslay1,arr,,,,,,
oname:hdslay1_t15_otype:arr_i:17_j:2,34.26173,0.0,hdslay1_t15,17,2,hdslay1,arr,,,,,,
oname:hdslay1_t15_otype:arr_i:17_j:3,34.26905,0.0,hdslay1_t15,17,3,hdslay1,arr,,,,,,
oname:hdslay1_t15_otype:arr_i:17_j:4,1e+30,0.0,hdslay1_t15,17,4,hdslay1,arr,,,,,,
oname:hdslay1_t15_otype:arr_i:17_j:5,1e+30,0.0,hdslay1_t15,17,5,hdslay1,arr,,,,,,
oname:hdslay1_t15_otype:arr_i:17_j:6,1e+30,0.0,hdslay1_t15,17,6,hdslay1,arr,,,,,,
oname:hdslay1_t15_otype:arr_i:17_j:7,1e+30,0.0,hdslay1_t15,17,7,hdslay1,arr,,,,,,
oname:hdslay1_t15_otype:arr_i:17_j:8,33.74556,0.0,hdslay1_t15,17,8,hdslay1,arr,,,,,,
oname:hdslay1_t15_otype:arr_i:17_j:9,33.74447,0.0,hdslay1_t15,17,9,hdslay1,arr,,,,,,
oname:hdslay1_t15_otype:arr_i:18_j:0,34.17601,0.0,hdslay1_t15,18,0,hdslay1,arr,,,,,,
oname:hdslay1_t15_otype:arr_i:18_j:1,34.17865,0.0,hdslay1_t15,18,1,hdslay1,arr,,,,,,
oname:hdslay1_t15_otype:arr_i:18_j:10,33.69867,0.0,hdslay1_t15,18,10,hdslay1,arr,,,,,,
oname:hdslay1_t15_otype:arr_i:18_j:11,33.69521,0.0,hdslay1_t15,18,11,hdslay1,arr,,,,,,
oname:hdslay1_t15_otype:arr_i:18_j:12,33.69494,0.0,hdslay1_t15,18,12,hdslay1,arr,,,,,,
oname:hdslay1_t15_otype:arr_i:18_j:13,33.70139,0.0,hdslay1_t15,18,13,hdslay1,arr,,,,,,
oname:hdslay1_t15_otype:arr_i:18_j:14,33.71364,0.0,hdslay1_t15,18,14,hdslay1,arr,,,,,,
oname:hdslay1_t15_otype:arr_i:18_j:15,33.77368,0.0,hdslay1_t15,18,15,hdslay1,arr,,,,,,
oname:hdslay1_t15_otype:arr_i:18_j:16,33.8048,0.0,hdslay1_t15,18,16,hdslay1,arr,,,,,,
oname:hdslay1_t15_otype:arr_i:18_j:17,33.8302,0.0,hdslay1_t15,18,17,hdslay1,arr,,,,,,
oname:hdslay1_t15_otype:arr_i:18_j:18,33.84993,0.0,hdslay1_t15,18,18,hdslay1,arr,,,,,,
oname:hdslay1_t15_otype:arr_i:18_j:19,33.858,0.0,hdslay1_t15,18,19,hdslay1,arr,,,,,,
oname:hdslay1_t15_otype:arr_i:18_j:2,34.18729,0.0,hdslay1_t15,18,2,hdslay1,arr,,,,,,
oname:hdslay1_t15_otype:arr_i:18_j:3,34.20146,0.0,hdslay1_t15,18,3,hdslay1,arr,,,,,,
oname:hdslay1_t15_otype:arr_i:18_j:4,1e+30,0.0,hdslay1_t15,18,4,hdslay1,arr,,,,,,
oname:hdslay1_t15_otype:arr_i:18_j:5,1e+30,0.0,hdslay1_t15,18,5,hdslay1,arr,,,,,,
oname:hdslay1_t15_otype:arr_i:18_j:6,1e+30,0.0,hdslay1_t15,18,6,hdslay1,arr,,,,,,
oname:hdslay1_t15_otype:arr_i:18_j:7,1e+30,0.0,hdslay1_t15,18,7,hdslay1,arr,,,,,,
oname:hdslay1_t15_otype:arr_i:18_j:8,33.70379,0.0,hdslay1_t15,18,8,hdslay1,arr,,,,,,
oname:hdslay1_t15_otype:arr_i:18_j:9,33.70071,0.0,hdslay1_t15,18,9,hdslay1,arr,,,,,,
oname:hdslay1_t15_otype:arr_i:19_j:0,34.08732,0.0,hdslay1_t15,19,0,hdslay1,arr,,,,,,
oname:hdslay1_t15_otype:arr_i:19_j:1,34.0869,0.0,hdslay1_t15,19,1,hdslay1,arr,,,,,,
oname:hdslay1_t15_otype:arr_i:19_j:10,33.66258,0.0,hdslay1_t15,19,10,hdslay1,arr,,,,,,
oname:hdslay1_t15_otype:arr_i:19_j:11,33.65359,0.0,hdslay1_t15,19,11,hdslay1,arr,,,,,,
oname:hdslay1_t15_otype:arr_i:19_j:12,33.64755,0.0,hdslay1_t15,19,12,hdslay1,arr,,,,,,
oname:hdslay1_t15_otype:arr_i:19_j:13,33.62824,0.0,hdslay1_t15,19,13,hdslay1,arr,,,,,,
oname:hdslay1_t15_otype:arr_i:19_j:14,33.60082,0.0,hdslay1_t15,19,14,hdslay1,arr,,,,,,
oname:hdslay1_t15_otype:arr_i:19_j:15,33.71333,0.0,hdslay1_t15,19,15,hdslay1,arr,,,,,,
oname:hdslay1_t15_otype:arr_i:19_j:16,33.76275,0.0,hdslay1_t15,19,16,hdslay1,arr,,,,,,
oname:hdslay1_t15_otype:arr_i:19_j:17,33.79323,0.0,hdslay1_t15,19,17,hdslay1,arr,,,,,,
oname:hdslay1_t15_otype:arr_i:19_j:18,33.81238,0.0,hdslay1_t15,19,18,hdslay1,arr,,,,,,
oname:hdslay1_t15_otype:arr_i:19_j:19,33.82565,0.0,hdslay1_t15,19,19,hdslay1,arr,,,,,,
oname:hdslay1_t15_otype:arr_i:19_j:2,34.09436,0.0,hdslay1_t15,19,2,hdslay1,arr,,,,,,
oname:hdslay1_t15_otype:arr_i:19_j:3,34.10716,0.0,hdslay1_t15,19,3,hdslay1,arr,,,,,,
oname:hdslay1_t15_otype:arr_i:19_j:4,1e+30,0.0,hdslay1_t15,19,4,hdslay1,arr,,,,,,
oname:hdslay1_t15_otype:arr_i:19_j:5,1e+30,0.0,hdslay1_t15,19,5,hdslay1,arr,,,,,,
oname:hdslay1_t15_otype:arr_i:19_j:6,1e+30,0.0,hdslay1_t15,19,6,hdslay1,arr,,,,,,
oname:hdslay1_t15_otype:arr_i:19_j:7,1e+30,0.0,hdslay1_t15,19,7,hdslay1,arr,,,,,,
oname:hdslay1_t15_otype:arr_i:19_j:8,33.66875,0.0,hdslay1_t15,19,8,hdslay1,arr,,,,,,
oname:hdslay1_t15_otype:arr_i:19_j:9,33.66651,0.0,hdslay1_t15,19,9,hdslay1,arr,,,,,,
oname:hdslay1_t15_otype:arr_i:1_j:0,34.91371,0.0,hdslay1_t15,1,0,hdslay1,arr,,,,,,
oname:hdslay1_t15_otype:arr_i:1_j:1,34.90454,0.0,hdslay1_t15,1,1,hdslay1,arr,,,,,,
oname:hdslay1_t15_otype:arr_i:1_j:10,34.34559,0.0,hdslay1_t15,1,10,hdslay1,arr,,,,,,
oname:hdslay1_t15_otype:arr_i:1_j:11,34.30335,0.0,hdslay1_t15,1,11,hdslay1,arr,,,,,,
oname:hdslay1_t15_otype:arr_i:1_j:12,34.26708,0.0,hdslay1_t15,1,12,hdslay1,arr,,,,,,
oname:hdslay1_t15_otype:arr_i:1_j:13,34.23377,0.0,hdslay1_t15,1,13,hdslay1,arr,,,,,,
oname:hdslay1_t15_otype:arr_i:1_j:14,34.19914,0.0,hdslay1_t15,1,14,hdslay1,arr,,,,,,
oname:hdslay1_t15_otype:arr_i:1_j:15,34.16381,0.0,hdslay1_t15,1,15,hdslay1,arr,,,,,,
oname:hdslay1_t15_otype:arr_i:1_j:16,34.15371,0.0,hdslay1_t15,1,16,hdslay1,arr,,,,,,
oname:hdslay1_t15_otype:arr_i:1_j:17,34.14456,0.0,hdslay1_t15,1,17,hdslay1,arr,,,,,,
oname:hdslay1_t15_otype:arr_i:1_j:18,34.13837,0.0,hdslay1_t15,1,18,hdslay1,arr,,,,,,
oname:hdslay1_t15_otype:arr_i:1_j:19,34.1343,0.0,hdslay1_t15,1,19,hdslay1,arr,,,,,,
oname:hdslay1_t15_otype:arr_i:1_j:2,34.88263,0.0,hdslay1_t15,1,2,hdslay1,arr,,,,,,
oname:hdslay1_t15_otype:arr_i:1_j:3,34.84768,0.0,hdslay1_t15,1,3,hdslay1,arr,,,,,,
oname:hdslay1_t15_otype:arr_i:1_j:4,34.7945,0.0,hdslay1_t15,1,4,hdslay1,arr,,,,,,
oname:hdslay1_t15_otype:arr_i:1_j:5,34.72317,0.0,hdslay1_t15,1,5,hdslay1,arr,,,,,,
oname:hdslay1_t15_otype:arr_i:1_j:6,34.63033,0.0,hdslay1_t15,1,6,hdslay1,arr,,,,,,
oname:hdslay1_t15_otype:arr_i:1_j:7,34.52961,0.0,hdslay1_t15,1,7,hdslay1,arr,,,,,,
oname:hdslay1_t15_otype:arr_i:1_j:8,34.44921,0.0,hdslay1_t15,1,8,hdslay1,arr,,,,,,
oname:hdslay1_t15_otype:arr_i:1_j:9,34.39151,0.0,hdslay1_t15,1,9,hdslay1,arr,,,,,,
oname:hdslay1_t15_otype:arr_i:20_j:0,34.00197,0.0,hdslay1_t15,20,0,hdslay1,arr,,,,,,
oname:hdslay1_t15_otype:arr_i:20_j:1,34.00457,0.0,hdslay1_t15,20,1,hdslay1,arr,,,,,,
oname:hdslay1_t15_otype:arr_i:20_j:10,33.63698,0.0,hdslay1_t15,20,10,hdslay1,arr,,,,,,
oname:hdslay1_t15_otype:arr_i:20_j:11,33.63113,0.0,hdslay1_t15,20,11,hdslay1,arr,,,,,,
oname:hdslay1_t15_otype:arr_i:20_j:12,33.61891,0.0,hdslay1_t15,20,12,hdslay1,arr,,,,,,
oname:hdslay1_t15_otype:arr_i:20_j:13,33.56405,0.0,hdslay1_t15,20,13,hdslay1,arr,,,,,,
oname:hdslay1_t15_otype:arr_i:20_j:14,33.3745,0.0,hdslay1_t15,20,14,hdslay1,arr,,,,,,
oname:hdslay1_t15_otype:arr_i:20_j:15,33.62961,0.0,hdslay1_t15,20,15,hdslay1,arr,,,,,,
oname:hdslay1_t15_otype:arr_i:20_j:16,33.72203,0.0,hdslay1_t15,20,16,hdslay1,arr,,,,,,
oname:hdslay1_t15_otype:arr_i:20_j:17,33.76205,0.0,hdslay1_t15,20,17,hdslay1,arr,,,,,,
oname:hdslay1_t15_otype:arr_i:20_j:18,33.77864,0.0,hdslay1_t15,20,18,hdslay1,arr,,,,,,
oname:hdslay1_t15_otype:arr_i:20_j:19,33.79119,0.0,hdslay1_t15,20,19,hdslay1,arr,,,,,,
oname:hdslay1_t15_otype:arr_i:20_j:2,34.00085,0.0,hdslay1_t15,20,2,hdslay1,arr,,,,,,
oname:hdslay1_t15_otype:arr_i:20_j:3,33.99497,0.0,hdslay1_t15,20,3,hdslay1,arr,,,,,,
oname:hdslay1_t15_otype:arr_i:20_j:4,1e+30,0.0,hdslay1_t15,20,4,hdslay1,arr,,,,,,
oname:hdslay1_t15_otype:arr_i:20_j:5,1e+30,0.0,hdslay1_t15,20,5,hdslay1,arr,,,,,,
oname:hdslay1_t15_otype:arr_i:20_j:6,1e+30,0.0,hdslay1_t15,20,6,hdslay1,arr,,,,,,
oname:hdslay1_t15_otype:arr_i:20_j:7,1e+30,0.0,hdslay1_t15,20,7,hdslay1,arr,,,,,,
oname:hdslay1_t15_otype:arr_i:20_j:8,33.64037,0.0,hdslay1_t15,20,8,hdslay1,arr,,,,,,
oname:hdslay1_t15_otype:arr_i:20_j:9,33.6407,0.0,hdslay1_t15,20,9,hdslay1,arr,,,,,,
oname:hdslay1_t15_otype:arr_i:21_j:0,33.92387,0.0,hdslay1_t15,21,0,hdslay1,arr,,,,,,
oname:hdslay1_t15_otype:arr_i:21_j:1,33.9264,0.0,hdslay1_t15,21,1,hdslay1,arr,,,,,,
oname:hdslay1_t15_otype:arr_i:21_j:10,33.62135,0.0,hdslay1_t15,21,10,hdslay1,arr,,,,,,
oname:hdslay1_t15_otype:arr_i:21_j:11,33.62148,0.0,hdslay1_t15,21,11,hdslay1,arr,,,,,,
oname:hdslay1_t15_otype:arr_i:21_j:12,33.61516,0.0,hdslay1_t15,21,12,hdslay1,arr,,,,,,
oname:hdslay1_t15_otype:arr_i:21_j:13,33.59508,0.0,hdslay1_t15,21,13,hdslay1,arr,,,,,,
oname:hdslay1_t15_otype:arr_i:21_j:14,33.57328,0.0,hdslay1_t15,21,14,hdslay1,arr,,,,,,
oname:hdslay1_t15_otype:arr_i:21_j:15,33.65554,0.0,hdslay1_t15,21,15,hdslay1,arr,,,,,,
oname:hdslay1_t15_otype:arr_i:21_j:16,33.70653,0.0,hdslay1_t15,21,16,hdslay1,arr,,,,,,
oname:hdslay1_t15_otype:arr_i:21_j:17,33.74292,0.0,hdslay1_t15,21,17,hdslay1,arr,,,,,,
oname:hdslay1_t15_otype:arr_i:21_j:18,33.76105,0.0,hdslay1_t15,21,18,hdslay1,arr,,,,,,
oname:hdslay1_t15_otype:arr_i:21_j:19,33.7683,0.0,hdslay1_t15,21,19,hdslay1,arr,,,,,,
oname:hdslay1_t15_otype:arr_i:21_j:2,33.91024,0.0,hdslay1_t15,21,2,hdslay1,arr,,,,,,
oname:hdslay1_t15_otype:arr_i:21_j:3,33.88133,0.0,hdslay1_t15,21,3,hdslay1,arr,,,,,,
oname:hdslay1_t15_otype:arr_i:21_j:4,1e+30,0.0,hdslay1_t15,21,4,hdslay1,arr,,,,,,
oname:hdslay1_t15_otype:arr_i:21_j:5,1e+30,0.0,hdslay1_t15,21,5,hdslay1,arr,,,,,,
oname:hdslay1_t15_otype:arr_i:21_j:6,33.58096,0.0,hdslay1_t15,21,6,hdslay1,arr,,,,,,
oname:hdslay1_t15_otype:arr_i:21_j:7,33.59359,0.0,hdslay1_t15,21,7,hdslay1,arr,,,,,,
oname:hdslay1_t15_otype:arr_i:21_j:8,33.61294,0.0,hdslay1_t15,21,8,hdslay1,arr,,,,,,
oname:hdslay1_t15_otype:arr_i:21_j:9,33.62059,0.0,hdslay1_t15,21,9,hdslay1,arr,,,,,,
oname:hdslay1_t15_otype:arr_i:22_j:0,33.84677,0.0,hdslay1_t15,22,0,hdslay1,arr,,,,,,
oname:hdslay1_t15_otype:arr_i:22_j:1,33.82967,0.0,hdslay1_t15,22,1,hdslay1,arr,,,,,,
oname:hdslay1_t15_otype:arr_i:22_j:10,33.60826,0.0,hdslay1_t15,22,10,hdslay1,arr,,,,,,
oname:hdslay1_t15_otype:arr_i:22_j:11,33.61312,0.0,hdslay1_t15,22,11,hdslay1,arr,,,,,,
oname:hdslay1_t15_otype:arr_i:22_j:12,33.61583,0.0,hdslay1_t15,22,12,hdslay1,arr,,,,,,
oname:hdslay1_t15_otype:arr_i:22_j:13,33.61934,0.0,hdslay1_t15,22,13,hdslay1,arr,,,,,,
oname:hdslay1_t15_otype:arr_i:22_j:14,33.63169,0.0,hdslay1_t15,22,14,hdslay1,arr,,,,,,
oname:hdslay1_t15_otype:arr_i:22_j:15,33.67331,0.0,hdslay1_t15,22,15,hdslay1,arr,,,,,,
oname:hdslay1_t15_otype:arr_i:22_j:16,33.70152,0.0,hdslay1_t15,22,16,hdslay1,arr,,,,,,
oname:hdslay1_t15_otype:arr_i:22_j:17,33.72839,0.0,hdslay1_t15,22,17,hdslay1,arr,,,,,,
oname:hdslay1_t15_otype:arr_i:22_j:18,33.74395,0.0,hdslay1_t15,22,18,hdslay1,arr,,,,,,
oname:hdslay1_t15_otype:arr_i:22_j:19,33.74973,0.0,hdslay1_t15,22,19,hdslay1,arr,,,,,,
oname:hdslay1_t15_otype:arr_i:22_j:2,33.80478,0.0,hdslay1_t15,22,2,hdslay1,arr,,,,,,
oname:hdslay1_t15_otype:arr_i:22_j:3,33.73775,0.0,hdslay1_t15,22,3,hdslay1,arr,,,,,,
oname:hdslay1_t15_otype:arr_i:22_j:4,33.62543,0.0,hdslay1_t15,22,4,hdslay1,arr,,,,,,
oname:hdslay1_t15_otype:arr_i:22_j:5,1e+30,0.0,hdslay1_t15,22,5,hdslay1,arr,,,,,,
oname:hdslay1_t15_otype:arr_i:22_j:6,33.56666,0.0,hdslay1_t15,22,6,hdslay1,arr,,,,,,
oname:hdslay1_t15_otype:arr_i:22_j:7,33.57851,0.0,hdslay1_t15,22,7,hdslay1,arr,,,,,,
oname:hdslay1_t15_otype:arr_i:22_j:8,33.59322,0.0,hdslay1_t15,22,8,hdslay1,arr,,,,,,
oname:hdslay1_t15_otype:arr_i:22_j:9,33.60333,0.0,hdslay1_t15,22,9,hdslay1,arr,,,,,,
oname:hdslay1_t15_otype:arr_i:23_j:0,33.7588,0.0,hdslay1_t15,23,0,hdslay1,arr,,,,,,
oname:hdslay1_t15_otype:arr_i:23_j:1,33.73477,0.0,hdslay1_t15,23,1,hdslay1,arr,,,,,,
oname:hdslay1_t15_otype:arr_i:23_j:10,33.58957,0.0,hdslay1_t15,23,10,hdslay1,arr,,,,,,
oname:hdslay1_t15_otype:arr_i:23_j:11,33.60049,0.0,hdslay1_t15,23,11,hdslay1,arr,,,,,,
oname:hdslay1_t15_otype:arr_i:23_j:12,33.61446,0.0,hdslay1_t15,23,12,hdslay1,arr,,,,,,
oname:hdslay1_t15_otype:arr_i:23_j:13,33.63185,0.0,hdslay1_t15,23,13,hdslay1,arr,,,,,,
oname:hdslay1_t15_otype:arr_i:23_j:14,33.65321,0.0,hdslay1_t15,23,14,hdslay1,arr,,,,,,
oname:hdslay1_t15_otype:arr_i:23_j:15,33.68558,0.0,hdslay1_t15,23,15,hdslay1,arr,,,,,,
oname:hdslay1_t15_otype:arr_i:23_j:16,33.7015,0.0,hdslay1_t15,23,16,hdslay1,arr,,,,,,
oname:hdslay1_t15_otype:arr_i:23_j:17,33.71903,0.0,hdslay1_t15,23,17,hdslay1,arr,,,,,,
oname:hdslay1_t15_otype:arr_i:23_j:18,33.7307,0.0,hdslay1_t15,23,18,hdslay1,arr,,,,,,
oname:hdslay1_t15_otype:arr_i:23_j:19,33.73424,0.0,hdslay1_t15,23,19,hdslay1,arr,,,,,,
oname:hdslay1_t15_otype:arr_i:23_j:2,33.69692,0.0,hdslay1_t15,23,2,hdslay1,arr,,,,,,
oname:hdslay1_t15_otype:arr_i:23_j:3,33.62049,0.0,hdslay1_t15,23,3,hdslay1,arr,,,,,,
oname:hdslay1_t15_otype:arr_i:23_j:4,33.53595,0.0,hdslay1_t15,23,4,hdslay1,arr,,,,,,
oname:hdslay1_t15_otype:arr_i:23_j:5,33.52143,0.0,hdslay1_t15,23,5,hdslay1,arr,,,,,,
oname:hdslay1_t15_otype:arr_i:23_j:6,33.54115,0.0,hdslay1_t15,23,6,hdslay1,arr,,,,,,
oname:hdslay1_t15_otype:arr_i:23_j:7,33.55668,0.0,hdslay1_t15,23,7,hdslay1,arr,,,,,,
oname:hdslay1_t15_otype:arr_i:23_j:8,33.57102,0.0,hdslay1_t15,23,8,hdslay1,arr,,,,,,
oname:hdslay1_t15_otype:arr_i:23_j:9,33.58186,0.0,hdslay1_t15,23,9,hdslay1,arr,,,,,,
oname:hdslay1_t15_otype:arr_i:24_j:0,33.68368,0.0,hdslay1_t15,24,0,hdslay1,arr,,,,,,
oname:hdslay1_t15_otype:arr_i:24_j:1,33.66582,0.0,hdslay1_t15,24,1,hdslay1,arr,,,,,,
oname:hdslay1_t15_otype:arr_i:24_j:10,33.56208,0.0,hdslay1_t15,24,10,hdslay1,arr,,,,,,
oname:hdslay1_t15_otype:arr_i:24_j:11,33.58062,0.0,hdslay1_t15,24,11,hdslay1,arr,,,,,,
oname:hdslay1_t15_otype:arr_i:24_j:12,33.60488,0.0,hdslay1_t15,24,12,hdslay1,arr,,,,,,
oname:hdslay1_t15_otype:arr_i:24_j:13,33.63207,0.0,hdslay1_t15,24,13,hdslay1,arr,,,,,,
oname:hdslay1_t15_otype:arr_i:24_j:14,33.65874,0.0,hdslay1_t15,24,14,hdslay1,arr,,,,,,
oname:hdslay1_t15_otype:arr_i:24_j:15,33.68947,0.0,hdslay1_t15,24,15,hdslay1,arr,,,,,,
oname:hdslay1_t15_otype:arr_i:24_j:16,33.69698,0.0,hdslay1_t15,24,16,hdslay1,arr,,,,,,
oname:hdslay1_t15_otype:arr_i:24_j:17,33.70654,0.0,hdslay1_t15,24,17,hdslay1,arr,,,,,,
oname:hdslay1_t15_otype:arr_i:24_j:18,33.71618,0.0,hdslay1_t15,24,18,hdslay1,arr,,,,,,
oname:hdslay1_t15_otype:arr_i:24_j:19,33.72128,0.0,hdslay1_t15,24,19,hdslay1,arr,,,,,,
oname:hdslay1_t15_otype:arr_i:24_j:2,33.62417,0.0,hdslay1_t15,24,2,hdslay1,arr,,,,,,
oname:hdslay1_t15_otype:arr_i:24_j:3,33.55092,0.0,hdslay1_t15,24,3,hdslay1,arr,,,,,,
oname:hdslay1_t15_otype:arr_i:24_j:4,33.41956,0.0,hdslay1_t15,24,4,hdslay1,arr,,,,,,
oname:hdslay1_t15_otype:arr_i:24_j:5,33.48851,0.0,hdslay1_t15,24,5,hdslay1,arr,,,,,,
oname:hdslay1_t15_otype:arr_i:24_j:6,33.51752,0.0,hdslay1_t15,24,6,hdslay1,arr,,,,,,
oname:hdslay1_t15_otype:arr_i:24_j:7,33.53527,0.0,hdslay1_t15,24,7,hdslay1,arr,,,,,,
oname:hdslay1_t15_otype:arr_i:24_j:8,33.54927,0.0,hdslay1_t15,24,8,hdslay1,arr,,,,,,
oname:hdslay1_t15_otype:arr_i:24_j:9,33.55607,0.0,hdslay1_t15,24,9,hdslay1,arr,,,,,,
oname:hdslay1_t15_otype:arr_i:25_j:0,33.64037,0.0,hdslay1_t15,25,0,hdslay1,arr,,,,,,
oname:hdslay1_t15_otype:arr_i:25_j:1,33.62879,0.0,hdslay1_t15,25,1,hdslay1,arr,,,,,,
oname:hdslay1_t15_otype:arr_i:25_j:10,33.52608,0.0,hdslay1_t15,25,10,hdslay1,arr,,,,,,
oname:hdslay1_t15_otype:arr_i:25_j:11,33.55527,0.0,hdslay1_t15,25,11,hdslay1,arr,,,,,,
oname:hdslay1_t15_otype:arr_i:25_j:12,33.58864,0.0,hdslay1_t15,25,12,hdslay1,arr,,,,,,
oname:hdslay1_t15_otype:arr_i:25_j:13,33.61972,0.0,hdslay1_t15,25,13,hdslay1,arr,,,,,,
oname:hdslay1_t15_otype:arr_i:25_j:14,33.64976,0.0,hdslay1_t15,25,14,hdslay1,arr,,,,,,
oname:hdslay1_t15_otype:arr_i:25_j:15,33.6812,0.0,hdslay1_t15,25,15,hdslay1,arr,,,,,,
oname:hdslay1_t15_otype:arr_i:25_j:16,33.68669,0.0,hdslay1_t15,25,16,hdslay1,arr,,,,,,
oname:hdslay1_t15_otype:arr_i:25_j:17,33.6938,0.0,hdslay1_t15,25,17,hdslay1,arr,,,,,,
oname:hdslay1_t15_otype:arr_i:25_j:18,33.69985,0.0,hdslay1_t15,25,18,hdslay1,arr,,,,,,
oname:hdslay1_t15_otype:arr_i:25_j:19,33.70542,0.0,hdslay1_t15,25,19,hdslay1,arr,,,,,,
oname:hdslay1_t15_otype:arr_i:25_j:2,33.60043,0.0,hdslay1_t15,25,2,hdslay1,arr,,,,,,
oname:hdslay1_t15_otype:arr_i:25_j:3,33.55061,0.0,hdslay1_t15,25,3,hdslay1,arr,,,,,,
oname:hdslay1_t15_otype:arr_i:25_j:4,33.49464,0.0,hdslay1_t15,25,4,hdslay1,arr,,,,,,
oname:hdslay1_t15_otype:arr_i:25_j:5,33.49724,0.0,hdslay1_t15,25,5,hdslay1,arr,,,,,,
oname:hdslay1_t15_otype:arr_i:25_j:6,33.50473,0.0,hdslay1_t15,25,6,hdslay1,arr,,,,,,
oname:hdslay1_t15_otype:arr_i:25_j:7,33.51434,0.0,hdslay1_t15,25,7,hdslay1,arr,,,,,,
oname:hdslay1_t15_otype:arr_i:25_j:8,33.52392,0.0,hdslay1_t15,25,8,hdslay1,arr,,,,,,
oname:hdslay1_t15_otype:arr_i:25_j:9,33.52484,0.0,hdslay1_t15,25,9,hdslay1,arr,,,,,,
oname:hdslay1_t15_otype:arr_i:26_j:0,33.61762,0.0,hdslay1_t15,26,0,hdslay1,arr,,,,,,
oname:hdslay1_t15_otype:arr_i:26_j:1,33.60749,0.0,hdslay1_t15,26,1,hdslay1,arr,,,,,,
oname:hdslay1_t15_otype:arr_i:26_j:10,33.45959,0.0,hdslay1_t15,26,10,hdslay1,arr,,,,,,
oname:hdslay1_t15_otype:arr_i:26_j:11,33.52938,0.0,hdslay1_t15,26,11,hdslay1,arr,,,,,,
oname:hdslay1_t15_otype:arr_i:26_j:12,33.57029,0.0,hdslay1_t15,26,12,hdslay1,arr,,,,,,
oname:hdslay1_t15_otype:arr_i:26_j:13,33.60298,0.0,hdslay1_t15,26,13,hdslay1,arr,,,,,,
oname:hdslay1_t15_otype:arr_i:26_j:14,33.63082,0.0,hdslay1_t15,26,14,hdslay1,arr,,,,,,
oname:hdslay1_t15_otype:arr_i:26_j:15,33.66333,0.0,hdslay1_t15,26,15,hdslay1,arr,,,,,,
oname:hdslay1_t15_otype:arr_i:26_j:16,33.66514,0.0,hdslay1_t15,26,16,hdslay1,arr,,,,,,
oname:hdslay1_t15_otype:arr_i:26_j:17,33.67178,0.0,hdslay1_t15,26,17,hdslay1,arr,,,,,,
oname:hdslay1_t15_otype:arr_i:26_j:18,33.68113,0.0,hdslay1_t15,26,18,hdslay1,arr,,,,,,
oname:hdslay1_t15_otype:arr_i:26_j:19,33.68513,0.0,hdslay1_t15,26,19,hdslay1,arr,,,,,,
oname:hdslay1_t15_otype:arr_i:26_j:2,33.58331,0.0,hdslay1_t15,26,2,hdslay1,arr,,,,,,
oname:hdslay1_t15_otype:arr_i:26_j:3,33.5517,0.0,hdslay1_t15,26,3,hdslay1,arr,,,,,,
oname:hdslay1_t15_otype:arr_i:26_j:4,33.51831,0.0,hdslay1_t15,26,4,hdslay1,arr,,,,,,
oname:hdslay1_t15_otype:arr_i:26_j:5,33.49894,0.0,hdslay1_t15,26,5,hdslay1,arr,,,,,,
oname:hdslay1_t15_otype:arr_i:26_j:6,33.49107,0.0,hdslay1_t15,26,6,hdslay1,arr,,,,,,
oname:hdslay1_t15_otype:arr_i:26_j:7,33.49221,0.0,hdslay1_t15,26,7,hdslay1,arr,,,,,,
oname:hdslay1_t15_otype:arr_i:26_j:8,33.49541,0.0,hdslay1_t15,26,8,hdslay1,arr,,,,,,
oname:hdslay1_t15_otype:arr_i:26_j:9,33.49006,0.0,hdslay1_t15,26,9,hdslay1,arr,,,,,,
oname:hdslay1_t15_otype:arr_i:27_j:0,33.60115,0.0,hdslay1_t15,27,0,hdslay1,arr,,,,,,
oname:hdslay1_t15_otype:arr_i:27_j:1,33.59194,0.0,hdslay1_t15,27,1,hdslay1,arr,,,,,,
oname:hdslay1_t15_otype:arr_i:27_j:10,33.49579,0.0,hdslay1_t15,27,10,hdslay1,arr,,,,,,
oname:hdslay1_t15_otype:arr_i:27_j:11,33.52943,0.0,hdslay1_t15,27,11,hdslay1,arr,,,,,,
oname:hdslay1_t15_otype:arr_i:27_j:12,33.55644,0.0,hdslay1_t15,27,12,hdslay1,arr,,,,,,
oname:hdslay1_t15_otype:arr_i:27_j:13,33.58846,0.0,hdslay1_t15,27,13,hdslay1,arr,,,,,,
oname:hdslay1_t15_otype:arr_i:27_j:14,33.61666,0.0,hdslay1_t15,27,14,hdslay1,arr,,,,,,
oname:hdslay1_t15_otype:arr_i:27_j:15,33.6356,0.0,hdslay1_t15,27,15,hdslay1,arr,,,,,,
oname:hdslay1_t15_otype:arr_i:27_j:16,33.64069,0.0,hdslay1_t15,27,16,hdslay1,arr,,,,,,
oname:hdslay1_t15_otype:arr_i:27_j:17,33.64812,0.0,hdslay1_t15,27,17,hdslay1,arr,,,,,,
oname:hdslay1_t15_otype:arr_i:27_j:18,33.65705,0.0,hdslay1_t15,27,18,hdslay1,arr,,,,,,
oname:hdslay1_t15_otype:arr_i:27_j:19,33.66318,0.0,hdslay1_t15,27,19,hdslay1,arr,,,,,,
oname:hdslay1_t15_otype:arr_i:27_j:2,33.57139,0.0,hdslay1_t15,27,2,hdslay1,arr,,,,,,
oname:hdslay1_t15_otype:arr_i:27_j:3,33.54572,0.0,hdslay1_t15,27,3,hdslay1,arr,,,,,,
oname:hdslay1_t15_otype:arr_i:27_j:4,33.51587,0.0,hdslay1_t15,27,4,hdslay1,arr,,,,,,
oname:hdslay1_t15_otype:arr_i:27_j:5,33.48691,0.0,hdslay1_t15,27,5,hdslay1,arr,,,,,,
oname:hdslay1_t15_otype:arr_i:27_j:6,33.47076,0.0,hdslay1_t15,27,6,hdslay1,arr,,,,,,
oname:hdslay1_t15_otype:arr_i:27_j:7,33.47106,0.0,hdslay1_t15,27,7,hdslay1,arr,,,,,,
oname:hdslay1_t15_otype:arr_i:27_j:8,33.47797,0.0,hdslay1_t15,27,8,hdslay1,arr,,,,,,
oname:hdslay1_t15_otype:arr_i:27_j:9,33.48656,0.0,hdslay1_t15,27,9,hdslay1,arr,,,,,,
oname:hdslay1_t15_otype:arr_i:28_j:0,33.58894,0.0,hdslay1_t15,28,0,hdslay1,arr,,,,,,
oname:hdslay1_t15_otype:arr_i:28_j:1,33.58018,0.0,hdslay1_t15,28,1,hdslay1,arr,,,,,,
oname:hdslay1_t15_otype:arr_i:28_j:10,33.49775,0.0,hdslay1_t15,28,10,hdslay1,arr,,,,,,
oname:hdslay1_t15_otype:arr_i:28_j:11,33.52085,0.0,hdslay1_t15,28,11,hdslay1,arr,,,,,,
oname:hdslay1_t15_otype:arr_i:28_j:12,33.54616,0.0,hdslay1_t15,28,12,hdslay1,arr,,,,,,
oname:hdslay1_t15_otype:arr_i:28_j:13,33.57553,0.0,hdslay1_t15,28,13,hdslay1,arr,,,,,,
oname:hdslay1_t15_otype:arr_i:28_j:14,33.60367,0.0,hdslay1_t15,28,14,hdslay1,arr,,,,,,
oname:hdslay1_t15_otype:arr_i:28_j:15,33.62349,0.0,hdslay1_t15,28,15,hdslay1,arr,,,,,,
oname:hdslay1_t15_otype:arr_i:28_j:16,33.62628,0.0,hdslay1_t15,28,16,hdslay1,arr,,,,,,
oname:hdslay1_t15_otype:arr_i:28_j:17,33.63167,0.0,hdslay1_t15,28,17,hdslay1,arr,,,,,,
oname:hdslay1_t15_otype:arr_i:28_j:18,33.63655,0.0,hdslay1_t15,28,18,hdslay1,arr,,,,,,
oname:hdslay1_t15_otype:arr_i:28_j:19,33.64114,0.0,hdslay1_t15,28,19,hdslay1,arr,,,,,,
oname:hdslay1_t15_otype:arr_i:28_j:2,33.56176,0.0,hdslay1_t15,28,2,hdslay1,arr,,,,,,
oname:hdslay1_t15_otype:arr_i:28_j:3,33.53495,0.0,hdslay1_t15,28,3,hdslay1,arr,,,,,,
oname:hdslay1_t15_otype:arr_i:28_j:4,33.4992,0.0,hdslay1_t15,28,4,hdslay1,arr,,,,,,
oname:hdslay1_t15_otype:arr_i:28_j:5,33.45911,0.0,hdslay1_t15,28,5,hdslay1,arr,,,,,,
oname:hdslay1_t15_otype:arr_i:28_j:6,33.42312,0.0,hdslay1_t15,28,6,hdslay1,arr,,,,,,
oname:hdslay1_t15_otype:arr_i:28_j:7,33.44118,0.0,hdslay1_t15,28,7,hdslay1,arr,,,,,,
oname:hdslay1_t15_otype:arr_i:28_j:8,33.46037,0.0,hdslay1_t15,28,8,hdslay1,arr,,,,,,
oname:hdslay1_t15_otype:arr_i:28_j:9,33.47944,0.0,hdslay1_t15,28,9,hdslay1,arr,,,,,,
oname:hdslay1_t15_otype:arr_i:29_j:0,33.57698,0.0,hdslay1_t15,29,0,hdslay1,arr,,,,,,
oname:hdslay1_t15_otype:arr_i:29_j:1,33.56812,0.0,hdslay1_t15,29,1,hdslay1,arr,,,,,,
oname:hdslay1_t15_otype:arr_i:29_j:10,33.48786,0.0,hdslay1_t15,29,10,hdslay1,arr,,,,,,
oname:hdslay1_t15_otype:arr_i:29_j:11,33.51018,0.0,hdslay1_t15,29,11,hdslay1,arr,,,,,,
oname:hdslay1_t15_otype:arr_i:29_j:12,33.53037,0.0,hdslay1_t15,29,12,hdslay1,arr,,,,,,
oname:hdslay1_t15_otype:arr_i:29_j:13,33.55535,0.0,hdslay1_t15,29,13,hdslay1,arr,,,,,,
oname:hdslay1_t15_otype:arr_i:29_j:14,33.58407,0.0,hdslay1_t15,29,14,hdslay1,arr,,,,,,
oname:hdslay1_t15_otype:arr_i:29_j:15,33.61043,0.0,hdslay1_t15,29,15,hdslay1,arr,,,,,,
oname:hdslay1_t15_otype:arr_i:29_j:16,33.61029,0.0,hdslay1_t15,29,16,hdslay1,arr,,,,,,
oname:hdslay1_t15_otype:arr_i:29_j:17,33.61346,0.0,hdslay1_t15,29,17,hdslay1,arr,,,,,,
oname:hdslay1_t15_otype:arr_i:29_j:18,33.61876,0.0,hdslay1_t15,29,18,hdslay1,arr,,,,,,
oname:hdslay1_t15_otype:arr_i:29_j:19,33.62162,0.0,hdslay1_t15,29,19,hdslay1,arr,,,,,,
oname:hdslay1_t15_otype:arr_i:29_j:2,33.54801,0.0,hdslay1_t15,29,2,hdslay1,arr,,,,,,
oname:hdslay1_t15_otype:arr_i:29_j:3,33.51966,0.0,hdslay1_t15,29,3,hdslay1,arr,,,,,,
oname:hdslay1_t15_otype:arr_i:29_j:4,33.48167,0.0,hdslay1_t15,29,4,hdslay1,arr,,,,,,
oname:hdslay1_t15_otype:arr_i:29_j:5,33.42089,0.0,hdslay1_t15,29,5,hdslay1,arr,,,,,,
oname:hdslay1_t15_otype:arr_i:29_j:6,33.32321,0.0,hdslay1_t15,29,6,hdslay1,arr,,,,,,
oname:hdslay1_t15_otype:arr_i:29_j:7,33.40521,0.0,hdslay1_t15,29,7,hdslay1,arr,,,,,,
oname:hdslay1_t15_otype:arr_i:29_j:8,33.44261,0.0,hdslay1_t15,29,8,hdslay1,arr,,,,,,
oname:hdslay1_t15_otype:arr_i:29_j:9,33.46588,0.0,hdslay1_t15,29,9,hdslay1,arr,,,,,,
oname:hdslay1_t15_otype:arr_i:2_j:0,34.90569,0.0,hdslay1_t15,2,0,hdslay1,arr,,,,,,
oname:hdslay1_t15_otype:arr_i:2_j:1,34.89818,0.0,hdslay1_t15,2,1,hdslay1,arr,,,,,,
oname:hdslay1_t15_otype:arr_i:2_j:10,34.3457,0.0,hdslay1_t15,2,10,hdslay1,arr,,,,,,
oname:hdslay1_t15_otype:arr_i:2_j:11,34.30431,0.0,hdslay1_t15,2,11,hdslay1,arr,,,,,,
oname:hdslay1_t15_otype:arr_i:2_j:12,34.26501,0.0,hdslay1_t15,2,12,hdslay1,arr,,,,,,
oname:hdslay1_t15_otype:arr_i:2_j:13,34.22425,0.0,hdslay1_t15,2,13,hdslay1,arr,,,,,,
oname:hdslay1_t15_otype:arr_i:2_j:14,34.18605,0.0,hdslay1_t15,2,14,hdslay1,arr,,,,,,
oname:hdslay1_t15_otype:arr_i:2_j:15,34.1548,0.0,hdslay1_t15,2,15,hdslay1,arr,,,,,,
oname:hdslay1_t15_otype:arr_i:2_j:16,34.1433,0.0,hdslay1_t15,2,16,hdslay1,arr,,,,,,
oname:hdslay1_t15_otype:arr_i:2_j:17,34.1318,0.0,hdslay1_t15,2,17,hdslay1,arr,,,,,,
oname:hdslay1_t15_otype:arr_i:2_j:18,34.12289,0.0,hdslay1_t15,2,18,hdslay1,arr,,,,,,
oname:hdslay1_t15_otype:arr_i:2_j:19,34.11952,0.0,hdslay1_t15,2,19,hdslay1,arr,,,,,,
oname:hdslay1_t15_otype:arr_i:2_j:2,34.88519,0.0,hdslay1_t15,2,2,hdslay1,arr,,,,,,
oname:hdslay1_t15_otype:arr_i:2_j:3,34.85027,0.0,hdslay1_t15,2,3,hdslay1,arr,,,,,,
oname:hdslay1_t15_otype:arr_i:2_j:4,34.79562,0.0,hdslay1_t15,2,4,hdslay1,arr,,,,,,
oname:hdslay1_t15_otype:arr_i:2_j:5,34.72512,0.0,hdslay1_t15,2,5,hdslay1,arr,,,,,,
oname:hdslay1_t15_otype:arr_i:2_j:6,34.6383,0.0,hdslay1_t15,2,6,hdslay1,arr,,,,,,
oname:hdslay1_t15_otype:arr_i:2_j:7,34.53497,0.0,hdslay1_t15,2,7,hdslay1,arr,,,,,,
oname:hdslay1_t15_otype:arr_i:2_j:8,34.45232,0.0,hdslay1_t15,2,8,hdslay1,arr,,,,,,
oname:hdslay1_t15_otype:arr_i:2_j:9,34.39246,0.0,hdslay1_t15,2,9,hdslay1,arr,,,,,,
oname:hdslay1_t15_otype:arr_i:30_j:0,33.56396,0.0,hdslay1_t15,30,0,hdslay1,arr,,,,,,
oname:hdslay1_t15_otype:arr_i:30_j:1,33.55449,0.0,hdslay1_t15,30,1,hdslay1,arr,,,,,,
oname:hdslay1_t15_otype:arr_i:30_j:10,33.47558,0.0,hdslay1_t15,30,10,hdslay1,arr,,,,,,
oname:hdslay1_t15_otype:arr_i:30_j:11,33.49312,0.0,hdslay1_t15,30,11,hdslay1,arr,,,,,,
oname:hdslay1_t15_otype:arr_i:30_j:12,33.512,0.0,hdslay1_t15,30,12,hdslay1,arr,,,,,,
oname:hdslay1_t15_otype:arr_i:30_j:13,33.53519,0.0,hdslay1_t15,30,13,hdslay1,arr,,,,,,
oname:hdslay1_t15_otype:arr_i:30_j:14,33.56081,0.0,hdslay1_t15,30,14,hdslay1,arr,,,,,,
oname:hdslay1_t15_otype:arr_i:30_j:15,33.58255,0.0,hdslay1_t15,30,15,hdslay1,arr,,,,,,
oname:hdslay1_t15_otype:arr_i:30_j:16,33.58852,0.0,hdslay1_t15,30,16,hdslay1,arr,,,,,,
oname:hdslay1_t15_otype:arr_i:30_j:17,33.59313,0.0,hdslay1_t15,30,17,hdslay1,arr,,,,,,
oname:hdslay1_t15_otype:arr_i:30_j:18,33.59824,0.0,hdslay1_t15,30,18,hdslay1,arr,,,,,,
oname:hdslay1_t15_otype:arr_i:30_j:19,33.59948,0.0,hdslay1_t15,30,19,hdslay1,arr,,,,,,
oname:hdslay1_t15_otype:arr_i:30_j:2,33.53807,0.0,hdslay1_t15,30,2,hdslay1,arr,,,,,,
oname:hdslay1_t15_otype:arr_i:30_j:3,33.5149,0.0,hdslay1_t15,30,3,hdslay1,arr,,,,,,
oname:hdslay1_t15_otype:arr_i:30_j:4,33.48052,0.0,hdslay1_t15,30,4,hdslay1,arr,,,,,,
oname:hdslay1_t15_otype:arr_i:30_j:5,33.4381,0.0,hdslay1_t15,30,5,hdslay1,arr,,,,,,
oname:hdslay1_t15_otype:arr_i:30_j:6,33.40098,0.0,hdslay1_t15,30,6,hdslay1,arr,,,,,,
oname:hdslay1_t15_otype:arr_i:30_j:7,33.42111,0.0,hdslay1_t15,30,7,hdslay1,arr,,,,,,
oname:hdslay1_t15_otype:arr_i:30_j:8,33.44013,0.0,hdslay1_t15,30,8,hdslay1,arr,,,,,,
oname:hdslay1_t15_otype:arr_i:30_j:9,33.457,0.0,hdslay1_t15,30,9,hdslay1,arr,,,,,,
oname:hdslay1_t15_otype:arr_i:31_j:0,33.55533,0.0,hdslay1_t15,31,0,hdslay1,arr,,,,,,
oname:hdslay1_t15_otype:arr_i:31_j:1,33.5438,0.0,hdslay1_t15,31,1,hdslay1,arr,,,,,,
oname:hdslay1_t15_otype:arr_i:31_j:10,33.46109,0.0,hdslay1_t15,31,10,hdslay1,arr,,,,,,
oname:hdslay1_t15_otype:arr_i:31_j:11,33.47656,0.0,hdslay1_t15,31,11,hdslay1,arr,,,,,,
oname:hdslay1_t15_otype:arr_i:31_j:12,33.49097,0.0,hdslay1_t15,31,12,hdslay1,arr,,,,,,
oname:hdslay1_t15_otype:arr_i:31_j:13,33.51222,0.0,hdslay1_t15,31,13,hdslay1,arr,,,,,,
oname:hdslay1_t15_otype:arr_i:31_j:14,33.53961,0.0,hdslay1_t15,31,14,hdslay1,arr,,,,,,
oname:hdslay1_t15_otype:arr_i:31_j:15,33.56231,0.0,hdslay1_t15,31,15,hdslay1,arr,,,,,,
oname:hdslay1_t15_otype:arr_i:31_j:16,33.5702,0.0,hdslay1_t15,31,16,hdslay1,arr,,,,,,
oname:hdslay1_t15_otype:arr_i:31_j:17,33.57571,0.0,hdslay1_t15,31,17,hdslay1,arr,,,,,,
oname:hdslay1_t15_otype:arr_i:31_j:18,33.58001,0.0,hdslay1_t15,31,18,hdslay1,arr,,,,,,
oname:hdslay1_t15_otype:arr_i:31_j:19,33.5821,0.0,hdslay1_t15,31,19,hdslay1,arr,,,,,,
oname:hdslay1_t15_otype:arr_i:31_j:2,33.53106,0.0,hdslay1_t15,31,2,hdslay1,arr,,,,,,
oname:hdslay1_t15_otype:arr_i:31_j:3,33.51057,0.0,hdslay1_t15,31,3,hdslay1,arr,,,,,,
oname:hdslay1_t15_otype:arr_i:31_j:4,33.48017,0.0,hdslay1_t15,31,4,hdslay1,arr,,,,,,
oname:hdslay1_t15_otype:arr_i:31_j:5,33.44944,0.0,hdslay1_t15,31,5,hdslay1,arr,,,,,,
oname:hdslay1_t15_otype:arr_i:31_j:6,33.4303,0.0,hdslay1_t15,31,6,hdslay1,arr,,,,,,
oname:hdslay1_t15_otype:arr_i:31_j:7,33.43025,0.0,hdslay1_t15,31,7,hdslay1,arr,,,,,,
oname:hdslay1_t15_otype:arr_i:31_j:8,33.43645,0.0,hdslay1_t15,31,8,hdslay1,arr,,,,,,
oname:hdslay1_t15_otype:arr_i:31_j:9,33.44567,0.0,hdslay1_t15,31,9,hdslay1,arr,,,,,,
oname:hdslay1_t15_otype:arr_i:32_j:0,1e+30,0.0,hdslay1_t15,32,0,hdslay1,arr,,,,,,
oname:hdslay1_t15_otype:arr_i:32_j:1,33.53575,0.0,hdslay1_t15,32,1,hdslay1,arr,,,,,,
oname:hdslay1_t15_otype:arr_i:32_j:10,33.44037,0.0,hdslay1_t15,32,10,hdslay1,arr,,,,,,
oname:hdslay1_t15_otype:arr_i:32_j:11,33.45319,0.0,hdslay1_t15,32,11,hdslay1,arr,,,,,,
oname:hdslay1_t15_otype:arr_i:32_j:12,33.46677,0.0,hdslay1_t15,32,12,hdslay1,arr,,,,,,
oname:hdslay1_t15_otype:arr_i:32_j:13,33.49028,0.0,hdslay1_t15,32,13,hdslay1,arr,,,,,,
oname:hdslay1_t15_otype:arr_i:32_j:14,33.51972,0.0,hdslay1_t15,32,14,hdslay1,arr,,,,,,
oname:hdslay1_t15_otype:arr_i:32_j:15,33.54877,0.0,hdslay1_t15,32,15,hdslay1,arr,,,,,,
oname:hdslay1_t15_otype:arr_i:32_j:16,33.55721,0.0,hdslay1_t15,32,16,hdslay1,arr,,,,,,
oname:hdslay1_t15_otype:arr_i:32_j:17,33.5625,0.0,hdslay1_t15,32,17,hdslay1,arr,,,,,,
oname:hdslay1_t15_otype:arr_i:32_j:18,33.56688,0.0,hdslay1_t15,32,18,hdslay1,arr,,,,,,
oname:hdslay1_t15_otype:arr_i:32_j:19,33.56936,0.0,hdslay1_t15,32,19,hdslay1,arr,,,,,,
oname:hdslay1_t15_otype:arr_i:32_j:2,33.52326,0.0,hdslay1_t15,32,2,hdslay1,arr,,,,,,
oname:hdslay1_t15_otype:arr_i:32_j:3,33.50137,0.0,hdslay1_t15,32,3,hdslay1,arr,,,,,,
oname:hdslay1_t15_otype:arr_i:32_j:4,33.47374,0.0,hdslay1_t15,32,4,hdslay1,arr,,,,,,
oname:hdslay1_t15_otype:arr_i:32_j:5,33.45025,0.0,hdslay1_t15,32,5,hdslay1,arr,,,,,,
oname:hdslay1_t15_otype:arr_i:32_j:6,33.43519,0.0,hdslay1_t15,32,6,hdslay1,arr,,,,,,
oname:hdslay1_t15_otype:arr_i:32_j:7,33.42894,0.0,hdslay1_t15,32,7,hdslay1,arr,,,,,,
oname:hdslay1_t15_otype:arr_i:32_j:8,33.42856,0.0,hdslay1_t15,32,8,hdslay1,arr,,,,,,
oname:hdslay1_t15_otype:arr_i:32_j:9,33.43196,0.0,hdslay1_t15,32,9,hdslay1,arr,,,,,,
oname:hdslay1_t15_otype:arr_i:33_j:0,1e+30,0.0,hdslay1_t15,33,0,hdslay1,arr,,,,,,
oname:hdslay1_t15_otype:arr_i:33_j:1,1e+30,0.0,hdslay1_t15,33,1,hdslay1,arr,,,,,,
oname:hdslay1_t15_otype:arr_i:33_j:10,33.41474,0.0,hdslay1_t15,33,10,hdslay1,arr,,,,,,
oname:hdslay1_t15_otype:arr_i:33_j:11,33.41231,0.0,hdslay1_t15,33,11,hdslay1,arr,,,,,,
oname:hdslay1_t15_otype:arr_i:33_j:12,33.4153,0.0,hdslay1_t15,33,12,hdslay1,arr,,,,,,
oname:hdslay1_t15_otype:arr_i:33_j:13,33.46231,0.0,hdslay1_t15,33,13,hdslay1,arr,,,,,,
oname:hdslay1_t15_otype:arr_i:33_j:14,33.50034,0.0,hdslay1_t15,33,14,hdslay1,arr,,,,,,
oname:hdslay1_t15_otype:arr_i:33_j:15,33.5349,0.0,hdslay1_t15,33,15,hdslay1,arr,,,,,,
oname:hdslay1_t15_otype:arr_i:33_j:16,33.54533,0.0,hdslay1_t15,33,16,hdslay1,arr,,,,,,
oname:hdslay1_t15_otype:arr_i:33_j:17,33.55264,0.0,hdslay1_t15,33,17,hdslay1,arr,,,,,,
oname:hdslay1_t15_otype:arr_i:33_j:18,33.55799,0.0,hdslay1_t15,33,18,hdslay1,arr,,,,,,
oname:hdslay1_t15_otype:arr_i:33_j:19,33.56144,0.0,hdslay1_t15,33,19,hdslay1,arr,,,,,,
oname:hdslay1_t15_otype:arr_i:33_j:2,33.51157,0.0,hdslay1_t15,33,2,hdslay1,arr,,,,,,
oname:hdslay1_t15_otype:arr_i:33_j:3,33.489,0.0,hdslay1_t15,33,3,hdslay1,arr,,,,,,
oname:hdslay1_t15_otype:arr_i:33_j:4,33.46026,0.0,hdslay1_t15,33,4,hdslay1,arr,,,,,,
oname:hdslay1_t15_otype:arr_i:33_j:5,33.44096,0.0,hdslay1_t15,33,5,hdslay1,arr,,,,,,
oname:hdslay1_t15_otype:arr_i:33_j:6,33.42788,0.0,hdslay1_t15,33,6,hdslay1,arr,,,,,,
oname:hdslay1_t15_otype:arr_i:33_j:7,33.41984,0.0,hdslay1_t15,33,7,hdslay1,arr,,,,,,
oname:hdslay1_t15_otype:arr_i:33_j:8,33.41573,0.0,hdslay1_t15,33,8,hdslay1,arr,,,,,,
oname:hdslay1_t15_otype:arr_i:33_j:9,33.41434,0.0,hdslay1_t15,33,9,hdslay1,arr,,,,,,
oname:hdslay1_t15_otype:arr_i:34_j:0,1e+30,0.0,hdslay1_t15,34,0,hdslay1,arr,,,,,,
oname:hdslay1_t15_otype:arr_i:34_j:1,1e+30,0.0,hdslay1_t15,34,1,hdslay1,arr,,,,,,
oname:hdslay1_t15_otype:arr_i:34_j:10,33.38653,0.0,hdslay1_t15,34,10,hdslay1,arr,,,,,,
oname:hdslay1_t15_otype:arr_i:34_j:11,33.35871,0.0,hdslay1_t15,34,11,hdslay1,arr,,,,,,
oname:hdslay1_t15_otype:arr_i:34_j:12,33.27283,0.0,hdslay1_t15,34,12,hdslay1,arr,,,,,,
oname:hdslay1_t15_otype:arr_i:34_j:13,33.42322,0.0,hdslay1_t15,34,13,hdslay1,arr,,,,,,
oname:hdslay1_t15_otype:arr_i:34_j:14,33.48307,0.0,hdslay1_t15,34,14,hdslay1,arr,,,,,,
oname:hdslay1_t15_otype:arr_i:34_j:15,33.52023,0.0,hdslay1_t15,34,15,hdslay1,arr,,,,,,
oname:hdslay1_t15_otype:arr_i:34_j:16,33.53145,0.0,hdslay1_t15,34,16,hdslay1,arr,,,,,,
oname:hdslay1_t15_otype:arr_i:34_j:17,33.54131,0.0,hdslay1_t15,34,17,hdslay1,arr,,,,,,
oname:hdslay1_t15_otype:arr_i:34_j:18,33.54954,0.0,hdslay1_t15,34,18,hdslay1,arr,,,,,,
oname:hdslay1_t15_otype:arr_i:34_j:19,33.55669,0.0,hdslay1_t15,34,19,hdslay1,arr,,,,,,
oname:hdslay1_t15_otype:arr_i:34_j:2,1e+30,0.0,hdslay1_t15,34,2,hdslay1,arr,,,,,,
oname:hdslay1_t15_otype:arr_i:34_j:3,33.46748,0.0,hdslay1_t15,34,3,hdslay1,arr,,,,,,
oname:hdslay1_t15_otype:arr_i:34_j:4,33.43831,0.0,hdslay1_t15,34,4,hdslay1,arr,,,,,,
oname:hdslay1_t15_otype:arr_i:34_j:5,33.42418,0.0,hdslay1_t15,34,5,hdslay1,arr,,,,,,
oname:hdslay1_t15_otype:arr_i:34_j:6,33.41095,0.0,hdslay1_t15,34,6,hdslay1,arr,,,,,,
oname:hdslay1_t15_otype:arr_i:34_j:7,33.40308,0.0,hdslay1_t15,34,7,hdslay1,arr,,,,,,
oname:hdslay1_t15_otype:arr_i:34_j:8,33.39928,0.0,hdslay1_t15,34,8,hdslay1,arr,,,,,,
oname:hdslay1_t15_otype:arr_i:34_j:9,33.39533,0.0,hdslay1_t15,34,9,hdslay1,arr,,,,,,
oname:hdslay1_t15_otype:arr_i:35_j:0,1e+30,0.0,hdslay1_t15,35,0,hdslay1,arr,,,,,,
oname:hdslay1_t15_otype:arr_i:35_j:1,1e+30,0.0,hdslay1_t15,35,1,hdslay1,arr,,,,,,
oname:hdslay1_t15_otype:arr_i:35_j:10,33.36822,0.0,hdslay1_t15,35,10,hdslay1,arr,,,,,,
oname:hdslay1_t15_otype:arr_i:35_j:11,33.36311,0.0,hdslay1_t15,35,11,hdslay1,arr,,,,,,
oname:hdslay1_t15_otype:arr_i:35_j:12,33.36402,0.0,hdslay1_t15,35,12,hdslay1,arr,,,,,,
oname:hdslay1_t15_otype:arr_i:35_j:13,33.42823,0.0,hdslay1_t15,35,13,hdslay1,arr,,,,,,
oname:hdslay1_t15_otype:arr_i:35_j:14,33.478,0.0,hdslay1_t15,35,14,hdslay1,arr,,,,,,
oname:hdslay1_t15_otype:arr_i:35_j:15,33.5088,0.0,hdslay1_t15,35,15,hdslay1,arr,,,,,,
oname:hdslay1_t15_otype:arr_i:35_j:16,33.5181,0.0,hdslay1_t15,35,16,hdslay1,arr,,,,,,
oname:hdslay1_t15_otype:arr_i:35_j:17,33.52751,0.0,hdslay1_t15,35,17,hdslay1,arr,,,,,,
oname:hdslay1_t15_otype:arr_i:35_j:18,33.53541,0.0,hdslay1_t15,35,18,hdslay1,arr,,,,,,
oname:hdslay1_t15_otype:arr_i:35_j:19,1e+30,0.0,hdslay1_t15,35,19,hdslay1,arr,,,,,,
oname:hdslay1_t15_otype:arr_i:35_j:2,1e+30,0.0,hdslay1_t15,35,2,hdslay1,arr,,,,,,
oname:hdslay1_t15_otype:arr_i:35_j:3,1e+30,0.0,hdslay1_t15,35,3,hdslay1,arr,,,,,,
oname:hdslay1_t15_otype:arr_i:35_j:4,33.4129,0.0,hdslay1_t15,35,4,hdslay1,arr,,,,,,
oname:hdslay1_t15_otype:arr_i:35_j:5,33.40092,0.0,hdslay1_t15,35,5,hdslay1,arr,,,,,,
oname:hdslay1_t15_otype:arr_i:35_j:6,33.38771,0.0,hdslay1_t15,35,6,hdslay1,arr,,,,,,
oname:hdslay1_t15_otype:arr_i:35_j:7,33.37976,0.0,hdslay1_t15,35,7,hdslay1,arr,,,,,,
oname:hdslay1_t15_otype:arr_i:35_j:8,33.37758,0.0,hdslay1_t15,35,8,hdslay1,arr,,,,,,
oname:hdslay1_t15_otype:arr_i:35_j:9,33.3745,0.0,hdslay1_t15,35,9,hdslay1,arr,,,,,,
oname:hdslay1_t15_otype:arr_i:36_j:0,1e+30,0.0,hdslay1_t15,36,0,hdslay1,arr,,,,,,
oname:hdslay1_t15_otype:arr_i:36_j:1,1e+30,0.0,hdslay1_t15,36,1,hdslay1,arr,,,,,,
oname:hdslay1_t15_otype:arr_i:36_j:10,33.35164,0.0,hdslay1_t15,36,10,hdslay1,arr,,,,,,
oname:hdslay1_t15_otype:arr_i:36_j:11,33.36076,0.0,hdslay1_t15,36,11,hdslay1,arr,,,,,,
oname:hdslay1_t15_otype:arr_i:36_j:12,33.38282,0.0,hdslay1_t15,36,12,hdslay1,arr,,,,,,
oname:hdslay1_t15_otype:arr_i:36_j:13,33.42883,0.0,hdslay1_t15,36,13,hdslay1,arr,,,,,,
oname:hdslay1_t15_otype:arr_i:36_j:14,33.47002,0.0,hdslay1_t15,36,14,hdslay1,arr,,,,,,
oname:hdslay1_t15_otype:arr_i:36_j:15,33.49868,0.0,hdslay1_t15,36,15,hdslay1,arr,,,,,,
oname:hdslay1_t15_otype:arr_i:36_j:16,33.50686,0.0,hdslay1_t15,36,16,hdslay1,arr,,,,,,
oname:hdslay1_t15_otype:arr_i:36_j:17,33.51645,0.0,hdslay1_t15,36,17,hdslay1,arr,,,,,,
oname:hdslay1_t15_otype:arr_i:36_j:18,33.52656,0.0,hdslay1_t15,36,18,hdslay1,arr,,,,,,
oname:hdslay1_t15_otype:arr_i:36_j:19,1e+30,0.0,hdslay1_t15,36,19,hdslay1,arr,,,,,,
oname:hdslay1_t15_otype:arr_i:36_j:2,1e+30,0.0,hdslay1_t15,36,2,hdslay1,arr,,,,,,
oname:hdslay1_t15_otype:arr_i:36_j:3,1e+30,0.0,hdslay1_t15,36,3,hdslay1,arr,,,,,,
oname:hdslay1_t15_otype:arr_i:36_j:4,33.39658,0.0,hdslay1_t15,36,4,hdslay1,arr,,,,,,
oname:hdslay1_t15_otype:arr_i:36_j:5,33.37361,0.0,hdslay1_t15,36,5,hdslay1,arr,,,,,,
oname:hdslay1_t15_otype:arr_i:36_j:6,33.36015,0.0,hdslay1_t15,36,6,hdslay1,arr,,,,,,
oname:hdslay1_t15_otype:arr_i:36_j:7,33.35333,0.0,hdslay1_t15,36,7,hdslay1,arr,,,,,,
oname:hdslay1_t15_otype:arr_i:36_j:8,33.35102,0.0,hdslay1_t15,36,8,hdslay1,arr,,,,,,
oname:hdslay1_t15_otype:arr_i:36_j:9,33.35201,0.0,hdslay1_t15,36,9,hdslay1,arr,,,,,,
oname:hdslay1_t15_otype:arr_i:37_j:0,1e+30,0.0,hdslay1_t15,37,0,hdslay1,arr,,,,,,
oname:hdslay1_t15_otype:arr_i:37_j:1,1e+30,0.0,hdslay1_t15,37,1,hdslay1,arr,,,,,,
oname:hdslay1_t15_otype:arr_i:37_j:10,33.33059,0.0,hdslay1_t15,37,10,hdslay1,arr,,,,,,
oname:hdslay1_t15_otype:arr_i:37_j:11,33.34489,0.0,hdslay1_t15,37,11,hdslay1,arr,,,,,,
oname:hdslay1_t15_otype:arr_i:37_j:12,33.37544,0.0,hdslay1_t15,37,12,hdslay1,arr,,,,,,
oname:hdslay1_t15_otype:arr_i:37_j:13,33.41736,0.0,hdslay1_t15,37,13,hdslay1,arr,,,,,,
oname:hdslay1_t15_otype:arr_i:37_j:14,33.45721,0.0,hdslay1_t15,37,14,hdslay1,arr,,,,,,
oname:hdslay1_t15_otype:arr_i:37_j:15,33.48821,0.0,hdslay1_t15,37,15,hdslay1,arr,,,,,,
oname:hdslay1_t15_otype:arr_i:37_j:16,33.49785,0.0,hdslay1_t15,37,16,hdslay1,arr,,,,,,
oname:hdslay1_t15_otype:arr_i:37_j:17,33.50639,0.0,hdslay1_t15,37,17,hdslay1,arr,,,,,,
oname:hdslay1_t15_otype:arr_i:37_j:18,1e+30,0.0,hdslay1_t15,37,18,hdslay1,arr,,,,,,
oname:hdslay1_t15_otype:arr_i:37_j:19,1e+30,0.0,hdslay1_t15,37,19,hdslay1,arr,,,,,,
oname:hdslay1_t15_otype:arr_i:37_j:2,1e+30,0.0,hdslay1_t15,37,2,hdslay1,arr,,,,,,
oname:hdslay1_t15_otype:arr_i:37_j:3,1e+30,0.0,hdslay1_t15,37,3,hdslay1,arr,,,,,,
oname:hdslay1_t15_otype:arr_i:37_j:4,1e+30,0.0,hdslay1_t15,37,4,hdslay1,arr,,,,,,
oname:hdslay1_t15_otype:arr_i:37_j:5,33.32945,0.0,hdslay1_t15,37,5,hdslay1,arr,,,,,,
oname:hdslay1_t15_otype:arr_i:37_j:6,33.32822,0.0,hdslay1_t15,37,6,hdslay1,arr,,,,,,
oname:hdslay1_t15_otype:arr_i:37_j:7,33.32612,0.0,hdslay1_t15,37,7,hdslay1,arr,,,,,,
oname:hdslay1_t15_otype:arr_i:37_j:8,33.32376,0.0,hdslay1_t15,37,8,hdslay1,arr,,,,,,
oname:hdslay1_t15_otype:arr_i:37_j:9,33.32625,0.0,hdslay1_t15,37,9,hdslay1,arr,,,,,,
oname:hdslay1_t15_otype:arr_i:38_j:0,1e+30,0.0,hdslay1_t15,38,0,hdslay1,arr,,,,,,
oname:hdslay1_t15_otype:arr_i:38_j:1,1e+30,0.0,hdslay1_t15,38,1,hdslay1,arr,,,,,,
oname:hdslay1_t15_otype:arr_i:38_j:10,33.29216,0.0,hdslay1_t15,38,10,hdslay1,arr,,,,,,
oname:hdslay1_t15_otype:arr_i:38_j:11,33.30499,0.0,hdslay1_t15,38,11,hdslay1,arr,,,,,,
oname:hdslay1_t15_otype:arr_i:38_j:12,33.34029,0.0,hdslay1_t15,38,12,hdslay1,arr,,,,,,
oname:hdslay1_t15_otype:arr_i:38_j:13,33.38751,0.0,hdslay1_t15,38,13,hdslay1,arr,,,,,,
oname:hdslay1_t15_otype:arr_i:38_j:14,33.43686,0.0,hdslay1_t15,38,14,hdslay1,arr,,,,,,
oname:hdslay1_t15_otype:arr_i:38_j:15,33.48502,0.0,hdslay1_t15,38,15,hdslay1,arr,,,,,,
oname:hdslay1_t15_otype:arr_i:38_j:16,33.49294,0.0,hdslay1_t15,38,16,hdslay1,arr,,,,,,
oname:hdslay1_t15_otype:arr_i:38_j:17,1e+30,0.0,hdslay1_t15,38,17,hdslay1,arr,,,,,,
oname:hdslay1_t15_otype:arr_i:38_j:18,1e+30,0.0,hdslay1_t15,38,18,hdslay1,arr,,,,,,
oname:hdslay1_t15_otype:arr_i:38_j:19,1e+30,0.0,hdslay1_t15,38,19,hdslay1,arr,,,,,,
oname:hdslay1_t15_otype:arr_i:38_j:2,1e+30,0.0,hdslay1_t15,38,2,hdslay1,arr,,,,,,
oname:hdslay1_t15_otype:arr_i:38_j:3,1e+30,0.0,hdslay1_t15,38,3,hdslay1,arr,,,,,,
oname:hdslay1_t15_otype:arr_i:38_j:4,1e+30,0.0,hdslay1_t15,38,4,hdslay1,arr,,,,,,
oname:hdslay1_t15_otype:arr_i:38_j:5,33.28816,0.0,hdslay1_t15,38,5,hdslay1,arr,,,,,,
oname:hdslay1_t15_otype:arr_i:38_j:6,33.28996,0.0,hdslay1_t15,38,6,hdslay1,arr,,,,,,
oname:hdslay1_t15_otype:arr_i:38_j:7,33.28631,0.0,hdslay1_t15,38,7,hdslay1,arr,,,,,,
oname:hdslay1_t15_otype:arr_i:38_j:8,33.28734,0.0,hdslay1_t15,38,8,hdslay1,arr,,,,,,
oname:hdslay1_t15_otype:arr_i:38_j:9,33.2893,0.0,hdslay1_t15,38,9,hdslay1,arr,,,,,,
oname:hdslay1_t15_otype:arr_i:39_j:0,1e+30,0.0,hdslay1_t15,39,0,hdslay1,arr,,,,,,
oname:hdslay1_t15_otype:arr_i:39_j:1,1e+30,0.0,hdslay1_t15,39,1,hdslay1,arr,,,,,,
oname:hdslay1_t15_otype:arr_i:39_j:10,33.22071,0.0,hdslay1_t15,39,10,hdslay1,arr,,,,,,
oname:hdslay1_t15_otype:arr_i:39_j:11,33.24436,0.0,hdslay1_t15,39,11,hdslay1,arr,,,,,,
oname:hdslay1_t15_otype:arr_i:39_j:12,33.28069,0.0,hdslay1_t15,39,12,hdslay1,arr,,,,,,
oname:hdslay1_t15_otype:arr_i:39_j:13,33.33222,0.0,hdslay1_t15,39,13,hdslay1,arr,,,,,,
oname:hdslay1_t15_otype:arr_i:39_j:14,33.3914,0.0,hdslay1_t15,39,14,hdslay1,arr,,,,,,
oname:hdslay1_t15_otype:arr_i:39_j:15,33.46803,0.0,hdslay1_t15,39,15,hdslay1,arr,,,,,,
oname:hdslay1_t15_otype:arr_i:39_j:16,1e+30,0.0,hdslay1_t15,39,16,hdslay1,arr,,,,,,
oname:hdslay1_t15_otype:arr_i:39_j:17,1e+30,0.0,hdslay1_t15,39,17,hdslay1,arr,,,,,,
oname:hdslay1_t15_otype:arr_i:39_j:18,1e+30,0.0,hdslay1_t15,39,18,hdslay1,arr,,,,,,
oname:hdslay1_t15_otype:arr_i:39_j:19,1e+30,0.0,hdslay1_t15,39,19,hdslay1,arr,,,,,,
oname:hdslay1_t15_otype:arr_i:39_j:2,1e+30,0.0,hdslay1_t15,39,2,hdslay1,arr,,,,,,
oname:hdslay1_t15_otype:arr_i:39_j:3,1e+30,0.0,hdslay1_t15,39,3,hdslay1,arr,,,,,,
oname:hdslay1_t15_otype:arr_i:39_j:4,1e+30,0.0,hdslay1_t15,39,4,hdslay1,arr,,,,,,
oname:hdslay1_t15_otype:arr_i:39_j:5,33.23571,0.0,hdslay1_t15,39,5,hdslay1,arr,,,,,,
oname:hdslay1_t15_otype:arr_i:39_j:6,33.23275,0.0,hdslay1_t15,39,6,hdslay1,arr,,,,,,
oname:hdslay1_t15_otype:arr_i:39_j:7,33.23363,0.0,hdslay1_t15,39,7,hdslay1,arr,,,,,,
oname:hdslay1_t15_otype:arr_i:39_j:8,33.2317,0.0,hdslay1_t15,39,8,hdslay1,arr,,,,,,
oname:hdslay1_t15_otype:arr_i:39_j:9,33.22749,0.0,hdslay1_t15,39,9,hdslay1,arr,,,,,,
oname:hdslay1_t15_otype:arr_i:3_j:0,34.89043,0.0,hdslay1_t15,3,0,hdslay1,arr,,,,,,
oname:hdslay1_t15_otype:arr_i:3_j:1,34.88595,0.0,hdslay1_t15,3,1,hdslay1,arr,,,,,,
oname:hdslay1_t15_otype:arr_i:3_j:10,34.34405,0.0,hdslay1_t15,3,10,hdslay1,arr,,,,,,
oname:hdslay1_t15_otype:arr_i:3_j:11,34.30017,0.0,hdslay1_t15,3,11,hdslay1,arr,,,,,,
oname:hdslay1_t15_otype:arr_i:3_j:12,34.25665,0.0,hdslay1_t15,3,12,hdslay1,arr,,,,,,
oname:hdslay1_t15_otype:arr_i:3_j:13,34.20914,0.0,hdslay1_t15,3,13,hdslay1,arr,,,,,,
oname:hdslay1_t15_otype:arr_i:3_j:14,34.17022,0.0,hdslay1_t15,3,14,hdslay1,arr,,,,,,
oname:hdslay1_t15_otype:arr_i:3_j:15,34.13744,0.0,hdslay1_t15,3,15,hdslay1,arr,,,,,,
oname:hdslay1_t15_otype:arr_i:3_j:16,34.12315,0.0,hdslay1_t15,3,16,hdslay1,arr,,,,,,
oname:hdslay1_t15_otype:arr_i:3_j:17,34.10997,0.0,hdslay1_t15,3,17,hdslay1,arr,,,,,,
oname:hdslay1_t15_otype:arr_i:3_j:18,34.10134,0.0,hdslay1_t15,3,18,hdslay1,arr,,,,,,
oname:hdslay1_t15_otype:arr_i:3_j:19,34.0976,0.0,hdslay1_t15,3,19,hdslay1,arr,,,,,,
oname:hdslay1_t15_otype:arr_i:3_j:2,34.87766,0.0,hdslay1_t15,3,2,hdslay1,arr,,,,,,
oname:hdslay1_t15_otype:arr_i:3_j:3,34.85008,0.0,hdslay1_t15,3,3,hdslay1,arr,,,,,,
oname:hdslay1_t15_otype:arr_i:3_j:4,34.80112,0.0,hdslay1_t15,3,4,hdslay1,arr,,,,,,
oname:hdslay1_t15_otype:arr_i:3_j:5,34.73332,0.0,hdslay1_t15,3,5,hdslay1,arr,,,,,,
oname:hdslay1_t15_otype:arr_i:3_j:6,34.64321,0.0,hdslay1_t15,3,6,hdslay1,arr,,,,,,
oname:hdslay1_t15_otype:arr_i:3_j:7,34.54782,0.0,hdslay1_t15,3,7,hdslay1,arr,,,,,,
oname:hdslay1_t15_otype:arr_i:3_j:8,34.46365,0.0,hdslay1_t15,3,8,hdslay1,arr,,,,,,
oname:hdslay1_t15_otype:arr_i:3_j:9,34.39782,0.0,hdslay1_t15,3,9,hdslay1,arr,,,,,,
oname:hdslay1_t15_otype:arr_i:4_j:0,34.86605,0.0,hdslay1_t15,4,0,hdslay1,arr,,,,,,
oname:hdslay1_t15_otype:arr_i:4_j:1,34.86401,0.0,hdslay1_t15,4,1,hdslay1,arr,,,,,,
oname:hdslay1_t15_otype:arr_i:4_j:10,34.34155,0.0,hdslay1_t15,4,10,hdslay1,arr,,,,,,
oname:hdslay1_t15_otype:arr_i:4_j:11,34.29328,0.0,hdslay1_t15,4,11,hdslay1,arr,,,,,,
oname:hdslay1_t15_otype:arr_i:4_j:12,34.238,0.0,hdslay1_t15,4,12,hdslay1,arr,,,,,,
oname:hdslay1_t15_otype:arr_i:4_j:13,34.18676,0.0,hdslay1_t15,4,13,hdslay1,arr,,,,,,
oname:hdslay1_t15_otype:arr_i:4_j:14,34.14701,0.0,hdslay1_t15,4,14,hdslay1,arr,,,,,,
oname:hdslay1_t15_otype:arr_i:4_j:15,34.11473,0.0,hdslay1_t15,4,15,hdslay1,arr,,,,,,
oname:hdslay1_t15_otype:arr_i:4_j:16,34.09715,0.0,hdslay1_t15,4,16,hdslay1,arr,,,,,,
oname:hdslay1_t15_otype:arr_i:4_j:17,34.08483,0.0,hdslay1_t15,4,17,hdslay1,arr,,,,,,
oname:hdslay1_t15_otype:arr_i:4_j:18,34.07965,0.0,hdslay1_t15,4,18,hdslay1,arr,,,,,,
oname:hdslay1_t15_otype:arr_i:4_j:19,34.07856,0.0,hdslay1_t15,4,19,hdslay1,arr,,,,,,
oname:hdslay1_t15_otype:arr_i:4_j:2,34.85854,0.0,hdslay1_t15,4,2,hdslay1,arr,,,,,,
oname:hdslay1_t15_otype:arr_i:4_j:3,34.83746,0.0,hdslay1_t15,4,3,hdslay1,arr,,,,,,
oname:hdslay1_t15_otype:arr_i:4_j:4,34.80007,0.0,hdslay1_t15,4,4,hdslay1,arr,,,,,,
oname:hdslay1_t15_otype:arr_i:4_j:5,34.74067,0.0,hdslay1_t15,4,5,hdslay1,arr,,,,,,
oname:hdslay1_t15_otype:arr_i:4_j:6,34.66572,0.0,hdslay1_t15,4,6,hdslay1,arr,,,,,,
oname:hdslay1_t15_otype:arr_i:4_j:7,34.56778,0.0,hdslay1_t15,4,7,hdslay1,arr,,,,,,
oname:hdslay1_t15_otype:arr_i:4_j:8,34.47465,0.0,hdslay1_t15,4,8,hdslay1,arr,,,,,,
oname:hdslay1_t15_otype:arr_i:4_j:9,34.40133,0.0,hdslay1_t15,4,9,hdslay1,arr,,,,,,
oname:hdslay1_t15_otype:arr_i:5_j:0,34.84235,0.0,hdslay1_t15,5,0,hdslay1,arr,,,,,,
oname:hdslay1_t15_otype:arr_i:5_j:1,34.84184,0.0,hdslay1_t15,5,1,hdslay1,arr,,,,,,
oname:hdslay1_t15_otype:arr_i:5_j:10,34.33074,0.0,hdslay1_t15,5,10,hdslay1,arr,,,,,,
oname:hdslay1_t15_otype:arr_i:5_j:11,34.27462,0.0,hdslay1_t15,5,11,hdslay1,arr,,,,,,
oname:hdslay1_t15_otype:arr_i:5_j:12,34.21346,0.0,hdslay1_t15,5,12,hdslay1,arr,,,,,,
oname:hdslay1_t15_otype:arr_i:5_j:13,34.15777,0.0,hdslay1_t15,5,13,hdslay1,arr,,,,,,
oname:hdslay1_t15_otype:arr_i:5_j:14,34.11378,0.0,hdslay1_t15,5,14,hdslay1,arr,,,,,,
oname:hdslay1_t15_otype:arr_i:5_j:15,34.08328,0.0,hdslay1_t15,5,15,hdslay1,arr,,,,,,
oname:hdslay1_t15_otype:arr_i:5_j:16,34.06869,0.0,hdslay1_t15,5,16,hdslay1,arr,,,,,,
oname:hdslay1_t15_otype:arr_i:5_j:17,34.05762,0.0,hdslay1_t15,5,17,hdslay1,arr,,,,,,
oname:hdslay1_t15_otype:arr_i:5_j:18,34.05541,0.0,hdslay1_t15,5,18,hdslay1,arr,,,,,,
oname:hdslay1_t15_otype:arr_i:5_j:19,34.05704,0.0,hdslay1_t15,5,19,hdslay1,arr,,,,,,
oname:hdslay1_t15_otype:arr_i:5_j:2,34.83587,0.0,hdslay1_t15,5,2,hdslay1,arr,,,,,,
oname:hdslay1_t15_otype:arr_i:5_j:3,34.81904,0.0,hdslay1_t15,5,3,hdslay1,arr,,,,,,
oname:hdslay1_t15_otype:arr_i:5_j:4,34.79147,0.0,hdslay1_t15,5,4,hdslay1,arr,,,,,,
oname:hdslay1_t15_otype:arr_i:5_j:5,34.74081,0.0,hdslay1_t15,5,5,hdslay1,arr,,,,,,
oname:hdslay1_t15_otype:arr_i:5_j:6,34.66774,0.0,hdslay1_t15,5,6,hdslay1,arr,,,,,,
oname:hdslay1_t15_otype:arr_i:5_j:7,34.58194,0.0,hdslay1_t15,5,7,hdslay1,arr,,,,,,
oname:hdslay1_t15_otype:arr_i:5_j:8,34.49084,0.0,hdslay1_t15,5,8,hdslay1,arr,,,,,,
oname:hdslay1_t15_otype:arr_i:5_j:9,34.39881,0.0,hdslay1_t15,5,9,hdslay1,arr,,,,,,
oname:hdslay1_t15_otype:arr_i:6_j:0,34.82656,0.0,hdslay1_t15,6,0,hdslay1,arr,,,,,,
oname:hdslay1_t15_otype:arr_i:6_j:1,34.82568,0.0,hdslay1_t15,6,1,hdslay1,arr,,,,,,
oname:hdslay1_t15_otype:arr_i:6_j:10,34.29947,0.0,hdslay1_t15,6,10,hdslay1,arr,,,,,,
oname:hdslay1_t15_otype:arr_i:6_j:11,34.23918,0.0,hdslay1_t15,6,11,hdslay1,arr,,,,,,
oname:hdslay1_t15_otype:arr_i:6_j:12,34.17055,0.0,hdslay1_t15,6,12,hdslay1,arr,,,,,,
oname:hdslay1_t15_otype:arr_i:6_j:13,34.10879,0.0,hdslay1_t15,6,13,hdslay1,arr,,,,,,
oname:hdslay1_t15_otype:arr_i:6_j:14,34.06884,0.0,hdslay1_t15,6,14,hdslay1,arr,,,,,,
oname:hdslay1_t15_otype:arr_i:6_j:15,34.04267,0.0,hdslay1_t15,6,15,hdslay1,arr,,,,,,
oname:hdslay1_t15_otype:arr_i:6_j:16,34.03428,0.0,hdslay1_t15,6,16,hdslay1,arr,,,,,,
oname:hdslay1_t15_otype:arr_i:6_j:17,34.02635,0.0,hdslay1_t15,6,17,hdslay1,arr,,,,,,
oname:hdslay1_t15_otype:arr_i:6_j:18,34.02421,0.0,hdslay1_t15,6,18,hdslay1,arr,,,,,,
oname:hdslay1_t15_otype:arr_i:6_j:19,34.02296,0.0,hdslay1_t15,6,19,hdslay1,arr,,,,,,
oname:hdslay1_t15_otype:arr_i:6_j:2,34.82124,0.0,hdslay1_t15,6,2,hdslay1,arr,,,,,,
oname:hdslay1_t15_otype:arr_i:6_j:3,34.80995,0.0,hdslay1_t15,6,3,hdslay1,arr,,,,,,
oname:hdslay1_t15_otype:arr_i:6_j:4,34.78734,0.0,hdslay1_t15,6,4,hdslay1,arr,,,,,,
oname:hdslay1_t15_otype:arr_i:6_j:5,34.73486,0.0,hdslay1_t15,6,5,hdslay1,arr,,,,,,
oname:hdslay1_t15_otype:arr_i:6_j:6,34.65549,0.0,hdslay1_t15,6,6,hdslay1,arr,,,,,,
oname:hdslay1_t15_otype:arr_i:6_j:7,34.56799,0.0,hdslay1_t15,6,7,hdslay1,arr,,,,,,
oname:hdslay1_t15_otype:arr_i:6_j:8,34.47334,0.0,hdslay1_t15,6,8,hdslay1,arr,,,,,,
oname:hdslay1_t15_otype:arr_i:6_j:9,34.37347,0.0,hdslay1_t15,6,9,hdslay1,arr,,,,,,
oname:hdslay1_t15_otype:arr_i:7_j:0,34.81403,0.0,hdslay1_t15,7,0,hdslay1,arr,,,,,,
oname:hdslay1_t15_otype:arr_i:7_j:1,34.814,0.0,hdslay1_t15,7,1,hdslay1,arr,,,,,,
oname:hdslay1_t15_otype:arr_i:7_j:10,34.24062,0.0,hdslay1_t15,7,10,hdslay1,arr,,,,,,
oname:hdslay1_t15_otype:arr_i:7_j:11,34.1792,0.0,hdslay1_t15,7,11,hdslay1,arr,,,,,,
oname:hdslay1_t15_otype:arr_i:7_j:12,34.1036,0.0,hdslay1_t15,7,12,hdslay1,arr,,,,,,
oname:hdslay1_t15_otype:arr_i:7_j:13,34.04405,0.0,hdslay1_t15,7,13,hdslay1,arr,,,,,,
oname:hdslay1_t15_otype:arr_i:7_j:14,34.01089,0.0,hdslay1_t15,7,14,hdslay1,arr,,,,,,
oname:hdslay1_t15_otype:arr_i:7_j:15,33.99185,0.0,hdslay1_t15,7,15,hdslay1,arr,,,,,,
oname:hdslay1_t15_otype:arr_i:7_j:16,33.9821,0.0,hdslay1_t15,7,16,hdslay1,arr,,,,,,
oname:hdslay1_t15_otype:arr_i:7_j:17,33.98597,0.0,hdslay1_t15,7,17,hdslay1,arr,,,,,,
oname:hdslay1_t15_otype:arr_i:7_j:18,33.98532,0.0,hdslay1_t15,7,18,hdslay1,arr,,,,,,
oname:hdslay1_t15_otype:arr_i:7_j:19,33.98331,0.0,hdslay1_t15,7,19,hdslay1,arr,,,,,,
oname:hdslay1_t15_otype:arr_i:7_j:2,34.81179,0.0,hdslay1_t15,7,2,hdslay1,arr,,,,,,
oname:hdslay1_t15_otype:arr_i:7_j:3,34.80559,0.0,hdslay1_t15,7,3,hdslay1,arr,,,,,,
oname:hdslay1_t15_otype:arr_i:7_j:4,34.78243,0.0,hdslay1_t15,7,4,hdslay1,arr,,,,,,
oname:hdslay1_t15_otype:arr_i:7_j:5,34.72748,0.0,hdslay1_t15,7,5,hdslay1,arr,,,,,,
oname:hdslay1_t15_otype:arr_i:7_j:6,34.65134,0.0,hdslay1_t15,7,6,hdslay1,arr,,,,,,
oname:hdslay1_t15_otype:arr_i:7_j:7,34.54021,0.0,hdslay1_t15,7,7,hdslay1,arr,,,,,,
oname:hdslay1_t15_otype:arr_i:7_j:8,34.41237,0.0,hdslay1_t15,7,8,hdslay1,arr,,,,,,
oname:hdslay1_t15_otype:arr_i:7_j:9,34.3078,0.0,hdslay1_t15,7,9,hdslay1,arr,,,,,,
oname:hdslay1_t15_otype:arr_i:8_j:0,34.80147,0.0,hdslay1_t15,8,0,hdslay1,arr,,,,,,
oname:hdslay1_t15_otype:arr_i:8_j:1,34.80175,0.0,hdslay1_t15,8,1,hdslay1,arr,,,,,,
oname:hdslay1_t15_otype:arr_i:8_j:10,34.15314,0.0,hdslay1_t15,8,10,hdslay1,arr,,,,,,
oname:hdslay1_t15_otype:arr_i:8_j:11,34.08566,0.0,hdslay1_t15,8,11,hdslay1,arr,,,,,,
oname:hdslay1_t15_otype:arr_i:8_j:12,34.01269,0.0,hdslay1_t15,8,12,hdslay1,arr,,,,,,
oname:hdslay1_t15_otype:arr_i:8_j:13,33.96912,0.0,hdslay1_t15,8,13,hdslay1,arr,,,,,,
oname:hdslay1_t15_otype:arr_i:8_j:14,33.94546,0.0,hdslay1_t15,8,14,hdslay1,arr,,,,,,
oname:hdslay1_t15_otype:arr_i:8_j:15,33.93377,0.0,hdslay1_t15,8,15,hdslay1,arr,,,,,,
oname:hdslay1_t15_otype:arr_i:8_j:16,33.91964,0.0,hdslay1_t15,8,16,hdslay1,arr,,,,,,
oname:hdslay1_t15_otype:arr_i:8_j:17,33.93406,0.0,hdslay1_t15,8,17,hdslay1,arr,,,,,,
oname:hdslay1_t15_otype:arr_i:8_j:18,33.94556,0.0,hdslay1_t15,8,18,hdslay1,arr,,,,,,
oname:hdslay1_t15_otype:arr_i:8_j:19,33.94841,0.0,hdslay1_t15,8,19,hdslay1,arr,,,,,,
oname:hdslay1_t15_otype:arr_i:8_j:2,34.80278,0.0,hdslay1_t15,8,2,hdslay1,arr,,,,,,
oname:hdslay1_t15_otype:arr_i:8_j:3,34.80172,0.0,hdslay1_t15,8,3,hdslay1,arr,,,,,,
oname:hdslay1_t15_otype:arr_i:8_j:4,1e+30,0.0,hdslay1_t15,8,4,hdslay1,arr,,,,,,
oname:hdslay1_t15_otype:arr_i:8_j:5,1e+30,0.0,hdslay1_t15,8,5,hdslay1,arr,,,,,,
oname:hdslay1_t15_otype:arr_i:8_j:6,1e+30,0.0,hdslay1_t15,8,6,hdslay1,arr,,,,,,
oname:hdslay1_t15_otype:arr_i:8_j:7,34.43456,0.0,hdslay1_t15,8,7,hdslay1,arr,,,,,,
oname:hdslay1_t15_otype:arr_i:8_j:8,34.29702,0.0,hdslay1_t15,8,8,hdslay1,arr,,,,,,
oname:hdslay1_t15_otype:arr_i:8_j:9,34.21639,0.0,hdslay1_t15,8,9,hdslay1,arr,,,,,,
oname:hdslay1_t15_otype:arr_i:9_j:0,34.78508,0.0,hdslay1_t15,9,0,hdslay1,arr,,,,,,
oname:hdslay1_t15_otype:arr_i:9_j:1,34.7823,0.0,hdslay1_t15,9,1,hdslay1,arr,,,,,,
oname:hdslay1_t15_otype:arr_i:9_j:10,34.05511,0.0,hdslay1_t15,9,10,hdslay1,arr,,,,,,
oname:hdslay1_t15_otype:arr_i:9_j:11,33.98881,0.0,hdslay1_t15,9,11,hdslay1,arr,,,,,,
oname:hdslay1_t15_otype:arr_i:9_j:12,33.92967,0.0,hdslay1_t15,9,12,hdslay1,arr,,,,,,
oname:hdslay1_t15_otype:arr_i:9_j:13,33.90128,0.0,hdslay1_t15,9,13,hdslay1,arr,,,,,,
oname:hdslay1_t15_otype:arr_i:9_j:14,33.89251,0.0,hdslay1_t15,9,14,hdslay1,arr,,,,,,
oname:hdslay1_t15_otype:arr_i:9_j:15,33.88742,0.0,hdslay1_t15,9,15,hdslay1,arr,,,,,,
oname:hdslay1_t15_otype:arr_i:9_j:16,33.83878,0.0,hdslay1_t15,9,16,hdslay1,arr,,,,,,
oname:hdslay1_t15_otype:arr_i:9_j:17,33.89282,0.0,hdslay1_t15,9,17,hdslay1,arr,,,,,,
oname:hdslay1_t15_otype:arr_i:9_j:18,33.91444,0.0,hdslay1_t15,9,18,hdslay1,arr,,,,,,
oname:hdslay1_t15_otype:arr_i:9_j:19,33.92319,0.0,hdslay1_t15,9,19,hdslay1,arr,,,,,,
oname:hdslay1_t15_otype:arr_i:9_j:2,34.7832,0.0,hdslay1_t15,9,2,hdslay1,arr,,,,,,
oname:hdslay1_t15_otype:arr_i:9_j:3,34.77915,0.0,hdslay1_t15,9,3,hdslay1,arr,,,,,,
oname:hdslay1_t15_otype:arr_i:9_j:4,1e+30,0.0,hdslay1_t15,9,4,hdslay1,arr,,,,,,
oname:hdslay1_t15_otype:arr_i:9_j:5,1e+30,0.0,hdslay1_t15,9,5,hdslay1,arr,,,,,,
oname:hdslay1_t15_otype:arr_i:9_j:6,1e+30,0.0,hdslay1_t15,9,6,hdslay1,arr,,,,,,
oname:hdslay1_t15_otype:arr_i:9_j:7,1e+30,0.0,hdslay1_t15,9,7,hdslay1,arr,,,,,,
oname:hdslay1_t15_otype:arr_i:9_j:8,34.13875,0.0,hdslay1_t15,9,8,hdslay1,arr,,,,,,
oname:hdslay1_t15_otype:arr_i:9_j:9,34.10247,0.0,hdslay1_t15,9,9,hdslay1,arr,,,,,,
oname:hdslay1_t16_otype:arr_i:0_j:0,35.0327,0.0,hdslay1_t16,0,0,hdslay1,arr,,,,,,
oname:hdslay1_t16_otype:arr_i:0_j:1,35.02156,0.0,hdslay1_t16,0,1,hdslay1,arr,,,,,,
oname:hdslay1_t16_otype:arr_i:0_j:10,34.40049,0.0,hdslay1_t16,0,10,hdslay1,arr,,,,,,
oname:hdslay1_t16_otype:arr_i:0_j:11,34.35212,0.0,hdslay1_t16,0,11,hdslay1,arr,,,,,,
oname:hdslay1_t16_otype:arr_i:0_j:12,34.31344,0.0,hdslay1_t16,0,12,hdslay1,arr,,,,,,
oname:hdslay1_t16_otype:arr_i:0_j:13,34.27572,0.0,hdslay1_t16,0,13,hdslay1,arr,,,,,,
oname:hdslay1_t16_otype:arr_i:0_j:14,34.23779,0.0,hdslay1_t16,0,14,hdslay1,arr,,,,,,
oname:hdslay1_t16_otype:arr_i:0_j:15,34.19438,0.0,hdslay1_t16,0,15,hdslay1,arr,,,,,,
oname:hdslay1_t16_otype:arr_i:0_j:16,34.18722,0.0,hdslay1_t16,0,16,hdslay1,arr,,,,,,
oname:hdslay1_t16_otype:arr_i:0_j:17,34.18109,0.0,hdslay1_t16,0,17,hdslay1,arr,,,,,,
oname:hdslay1_t16_otype:arr_i:0_j:18,34.1762,0.0,hdslay1_t16,0,18,hdslay1,arr,,,,,,
oname:hdslay1_t16_otype:arr_i:0_j:19,34.17373,0.0,hdslay1_t16,0,19,hdslay1,arr,,,,,,
oname:hdslay1_t16_otype:arr_i:0_j:2,34.9938,0.0,hdslay1_t16,0,2,hdslay1,arr,,,,,,
oname:hdslay1_t16_otype:arr_i:0_j:3,34.95837,0.0,hdslay1_t16,0,3,hdslay1,arr,,,,,,
oname:hdslay1_t16_otype:arr_i:0_j:4,34.89746,0.0,hdslay1_t16,0,4,hdslay1,arr,,,,,,
oname:hdslay1_t16_otype:arr_i:0_j:5,34.80507,0.0,hdslay1_t16,0,5,hdslay1,arr,,,,,,
oname:hdslay1_t16_otype:arr_i:0_j:6,34.69327,0.0,hdslay1_t16,0,6,hdslay1,arr,,,,,,
oname:hdslay1_t16_otype:arr_i:0_j:7,34.59685,0.0,hdslay1_t16,0,7,hdslay1,arr,,,,,,
oname:hdslay1_t16_otype:arr_i:0_j:8,34.51618,0.0,hdslay1_t16,0,8,hdslay1,arr,,,,,,
oname:hdslay1_t16_otype:arr_i:0_j:9,34.45215,0.0,hdslay1_t16,0,9,hdslay1,arr,,,,,,
oname:hdslay1_t16_otype:arr_i:10_j:0,34.84852,0.0,hdslay1_t16,10,0,hdslay1,arr,,,,,,
oname:hdslay1_t16_otype:arr_i:10_j:1,34.84439,0.0,hdslay1_t16,10,1,hdslay1,arr,,,,,,
oname:hdslay1_t16_otype:arr_i:10_j:10,34.01934,0.0,hdslay1_t16,10,10,hdslay1,arr,,,,,,
oname:hdslay1_t16_otype:arr_i:10_j:11,33.95935,0.0,hdslay1_t16,10,11,hdslay1,arr,,,,,,
oname:hdslay1_t16_otype:arr_i:10_j:12,33.90506,0.0,hdslay1_t16,10,12,hdslay1,arr,,,,,,
oname:hdslay1_t16_otype:arr_i:10_j:13,33.87196,0.0,hdslay1_t16,10,13,hdslay1,arr,,,,,,
oname:hdslay1_t16_otype:arr_i:10_j:14,33.89141,0.0,hdslay1_t16,10,14,hdslay1,arr,,,,,,
oname:hdslay1_t16_otype:arr_i:10_j:15,33.90272,0.0,hdslay1_t16,10,15,hdslay1,arr,,,,,,
oname:hdslay1_t16_otype:arr_i:10_j:16,33.90452,0.0,hdslay1_t16,10,16,hdslay1,arr,,,,,,
oname:hdslay1_t16_otype:arr_i:10_j:17,33.92248,0.0,hdslay1_t16,10,17,hdslay1,arr,,,,,,
oname:hdslay1_t16_otype:arr_i:10_j:18,33.93622,0.0,hdslay1_t16,10,18,hdslay1,arr,,,,,,
oname:hdslay1_t16_otype:arr_i:10_j:19,33.94333,0.0,hdslay1_t16,10,19,hdslay1,arr,,,,,,
oname:hdslay1_t16_otype:arr_i:10_j:2,34.84137,0.0,hdslay1_t16,10,2,hdslay1,arr,,,,,,
oname:hdslay1_t16_otype:arr_i:10_j:3,34.83575,0.0,hdslay1_t16,10,3,hdslay1,arr,,,,,,
oname:hdslay1_t16_otype:arr_i:10_j:4,1e+30,0.0,hdslay1_t16,10,4,hdslay1,arr,,,,,,
oname:hdslay1_t16_otype:arr_i:10_j:5,1e+30,0.0,hdslay1_t16,10,5,hdslay1,arr,,,,,,
oname:hdslay1_t16_otype:arr_i:10_j:6,1e+30,0.0,hdslay1_t16,10,6,hdslay1,arr,,,,,,
oname:hdslay1_t16_otype:arr_i:10_j:7,1e+30,0.0,hdslay1_t16,10,7,hdslay1,arr,,,,,,
oname:hdslay1_t16_otype:arr_i:10_j:8,34.07963,0.0,hdslay1_t16,10,8,hdslay1,arr,,,,,,
oname:hdslay1_t16_otype:arr_i:10_j:9,34.05625,0.0,hdslay1_t16,10,9,hdslay1,arr,,,,,,
oname:hdslay1_t16_otype:arr_i:11_j:0,34.78723,0.0,hdslay1_t16,11,0,hdslay1,arr,,,,,,
oname:hdslay1_t16_otype:arr_i:11_j:1,34.78404,0.0,hdslay1_t16,11,1,hdslay1,arr,,,,,,
oname:hdslay1_t16_otype:arr_i:11_j:10,33.9658,0.0,hdslay1_t16,11,10,hdslay1,arr,,,,,,
oname:hdslay1_t16_otype:arr_i:11_j:11,33.91757,0.0,hdslay1_t16,11,11,hdslay1,arr,,,,,,
oname:hdslay1_t16_otype:arr_i:11_j:12,33.8605,0.0,hdslay1_t16,11,12,hdslay1,arr,,,,,,
oname:hdslay1_t16_otype:arr_i:11_j:13,33.76931,0.0,hdslay1_t16,11,13,hdslay1,arr,,,,,,
oname:hdslay1_t16_otype:arr_i:11_j:14,33.86334,0.0,hdslay1_t16,11,14,hdslay1,arr,,,,,,
oname:hdslay1_t16_otype:arr_i:11_j:15,33.8963,0.0,hdslay1_t16,11,15,hdslay1,arr,,,,,,
oname:hdslay1_t16_otype:arr_i:11_j:16,33.90987,0.0,hdslay1_t16,11,16,hdslay1,arr,,,,,,
oname:hdslay1_t16_otype:arr_i:11_j:17,33.92403,0.0,hdslay1_t16,11,17,hdslay1,arr,,,,,,
oname:hdslay1_t16_otype:arr_i:11_j:18,33.93511,0.0,hdslay1_t16,11,18,hdslay1,arr,,,,,,
oname:hdslay1_t16_otype:arr_i:11_j:19,33.9405,0.0,hdslay1_t16,11,19,hdslay1,arr,,,,,,
oname:hdslay1_t16_otype:arr_i:11_j:2,34.77966,0.0,hdslay1_t16,11,2,hdslay1,arr,,,,,,
oname:hdslay1_t16_otype:arr_i:11_j:3,34.78088,0.0,hdslay1_t16,11,3,hdslay1,arr,,,,,,
oname:hdslay1_t16_otype:arr_i:11_j:4,1e+30,0.0,hdslay1_t16,11,4,hdslay1,arr,,,,,,
oname:hdslay1_t16_otype:arr_i:11_j:5,1e+30,0.0,hdslay1_t16,11,5,hdslay1,arr,,,,,,
oname:hdslay1_t16_otype:arr_i:11_j:6,1e+30,0.0,hdslay1_t16,11,6,hdslay1,arr,,,,,,
oname:hdslay1_t16_otype:arr_i:11_j:7,1e+30,0.0,hdslay1_t16,11,7,hdslay1,arr,,,,,,
oname:hdslay1_t16_otype:arr_i:11_j:8,34.01196,0.0,hdslay1_t16,11,8,hdslay1,arr,,,,,,
oname:hdslay1_t16_otype:arr_i:11_j:9,33.997,0.0,hdslay1_t16,11,9,hdslay1,arr,,,,,,
oname:hdslay1_t16_otype:arr_i:12_j:0,34.7226,0.0,hdslay1_t16,12,0,hdslay1,arr,,,,,,
oname:hdslay1_t16_otype:arr_i:12_j:1,34.71823,0.0,hdslay1_t16,12,1,hdslay1,arr,,,,,,
oname:hdslay1_t16_otype:arr_i:12_j:10,33.94095,0.0,hdslay1_t16,12,10,hdslay1,arr,,,,,,
oname:hdslay1_t16_otype:arr_i:12_j:11,33.90845,0.0,hdslay1_t16,12,11,hdslay1,arr,,,,,,
oname:hdslay1_t16_otype:arr_i:12_j:12,33.87251,0.0,hdslay1_t16,12,12,hdslay1,arr,,,,,,
oname:hdslay1_t16_otype:arr_i:12_j:13,33.84656,0.0,hdslay1_t16,12,13,hdslay1,arr,,,,,,
oname:hdslay1_t16_otype:arr_i:12_j:14,33.87555,0.0,hdslay1_t16,12,14,hdslay1,arr,,,,,,
oname:hdslay1_t16_otype:arr_i:12_j:15,33.90002,0.0,hdslay1_t16,12,15,hdslay1,arr,,,,,,
oname:hdslay1_t16_otype:arr_i:12_j:16,33.91392,0.0,hdslay1_t16,12,16,hdslay1,arr,,,,,,
oname:hdslay1_t16_otype:arr_i:12_j:17,33.92577,0.0,hdslay1_t16,12,17,hdslay1,arr,,,,,,
oname:hdslay1_t16_otype:arr_i:12_j:18,33.93583,0.0,hdslay1_t16,12,18,hdslay1,arr,,,,,,
oname:hdslay1_t16_otype:arr_i:12_j:19,33.94055,0.0,hdslay1_t16,12,19,hdslay1,arr,,,,,,
oname:hdslay1_t16_otype:arr_i:12_j:2,34.71596,0.0,hdslay1_t16,12,2,hdslay1,arr,,,,,,
oname:hdslay1_t16_otype:arr_i:12_j:3,34.71343,0.0,hdslay1_t16,12,3,hdslay1,arr,,,,,,
oname:hdslay1_t16_otype:arr_i:12_j:4,1e+30,0.0,hdslay1_t16,12,4,hdslay1,arr,,,,,,
oname:hdslay1_t16_otype:arr_i:12_j:5,1e+30,0.0,hdslay1_t16,12,5,hdslay1,arr,,,,,,
oname:hdslay1_t16_otype:arr_i:12_j:6,1e+30,0.0,hdslay1_t16,12,6,hdslay1,arr,,,,,,
oname:hdslay1_t16_otype:arr_i:12_j:7,1e+30,0.0,hdslay1_t16,12,7,hdslay1,arr,,,,,,
oname:hdslay1_t16_otype:arr_i:12_j:8,33.97466,0.0,hdslay1_t16,12,8,hdslay1,arr,,,,,,
oname:hdslay1_t16_otype:arr_i:12_j:9,33.96095,0.0,hdslay1_t16,12,9,hdslay1,arr,,,,,,
oname:hdslay1_t16_otype:arr_i:13_j:0,34.65391,0.0,hdslay1_t16,13,0,hdslay1,arr,,,,,,
oname:hdslay1_t16_otype:arr_i:13_j:1,34.65358,0.0,hdslay1_t16,13,1,hdslay1,arr,,,,,,
oname:hdslay1_t16_otype:arr_i:13_j:10,33.92542,0.0,hdslay1_t16,13,10,hdslay1,arr,,,,,,
oname:hdslay1_t16_otype:arr_i:13_j:11,33.90571,0.0,hdslay1_t16,13,11,hdslay1,arr,,,,,,
oname:hdslay1_t16_otype:arr_i:13_j:12,33.88389,0.0,hdslay1_t16,13,12,hdslay1,arr,,,,,,
oname:hdslay1_t16_otype:arr_i:13_j:13,33.87451,0.0,hdslay1_t16,13,13,hdslay1,arr,,,,,,
oname:hdslay1_t16_otype:arr_i:13_j:14,33.88754,0.0,hdslay1_t16,13,14,hdslay1,arr,,,,,,
oname:hdslay1_t16_otype:arr_i:13_j:15,33.90443,0.0,hdslay1_t16,13,15,hdslay1,arr,,,,,,
oname:hdslay1_t16_otype:arr_i:13_j:16,33.91577,0.0,hdslay1_t16,13,16,hdslay1,arr,,,,,,
oname:hdslay1_t16_otype:arr_i:13_j:17,33.92603,0.0,hdslay1_t16,13,17,hdslay1,arr,,,,,,
oname:hdslay1_t16_otype:arr_i:13_j:18,33.93558,0.0,hdslay1_t16,13,18,hdslay1,arr,,,,,,
oname:hdslay1_t16_otype:arr_i:13_j:19,33.94125,0.0,hdslay1_t16,13,19,hdslay1,arr,,,,,,
oname:hdslay1_t16_otype:arr_i:13_j:2,34.64938,0.0,hdslay1_t16,13,2,hdslay1,arr,,,,,,
oname:hdslay1_t16_otype:arr_i:13_j:3,34.64182,0.0,hdslay1_t16,13,3,hdslay1,arr,,,,,,
oname:hdslay1_t16_otype:arr_i:13_j:4,1e+30,0.0,hdslay1_t16,13,4,hdslay1,arr,,,,,,
oname:hdslay1_t16_otype:arr_i:13_j:5,1e+30,0.0,hdslay1_t16,13,5,hdslay1,arr,,,,,,
oname:hdslay1_t16_otype:arr_i:13_j:6,1e+30,0.0,hdslay1_t16,13,6,hdslay1,arr,,,,,,
oname:hdslay1_t16_otype:arr_i:13_j:7,1e+30,0.0,hdslay1_t16,13,7,hdslay1,arr,,,,,,
oname:hdslay1_t16_otype:arr_i:13_j:8,33.9426,0.0,hdslay1_t16,13,8,hdslay1,arr,,,,,,
oname:hdslay1_t16_otype:arr_i:13_j:9,33.93444,0.0,hdslay1_t16,13,9,hdslay1,arr,,,,,,
oname:hdslay1_t16_otype:arr_i:14_j:0,34.56502,0.0,hdslay1_t16,14,0,hdslay1,arr,,,,,,
oname:hdslay1_t16_otype:arr_i:14_j:1,34.57118,0.0,hdslay1_t16,14,1,hdslay1,arr,,,,,,
oname:hdslay1_t16_otype:arr_i:14_j:10,33.90736,0.0,hdslay1_t16,14,10,hdslay1,arr,,,,,,
oname:hdslay1_t16_otype:arr_i:14_j:11,33.89418,0.0,hdslay1_t16,14,11,hdslay1,arr,,,,,,
oname:hdslay1_t16_otype:arr_i:14_j:12,33.88259,0.0,hdslay1_t16,14,12,hdslay1,arr,,,,,,
oname:hdslay1_t16_otype:arr_i:14_j:13,33.88006,0.0,hdslay1_t16,14,13,hdslay1,arr,,,,,,
oname:hdslay1_t16_otype:arr_i:14_j:14,33.89009,0.0,hdslay1_t16,14,14,hdslay1,arr,,,,,,
oname:hdslay1_t16_otype:arr_i:14_j:15,33.90323,0.0,hdslay1_t16,14,15,hdslay1,arr,,,,,,
oname:hdslay1_t16_otype:arr_i:14_j:16,33.91472,0.0,hdslay1_t16,14,16,hdslay1,arr,,,,,,
oname:hdslay1_t16_otype:arr_i:14_j:17,33.92379,0.0,hdslay1_t16,14,17,hdslay1,arr,,,,,,
oname:hdslay1_t16_otype:arr_i:14_j:18,33.93261,0.0,hdslay1_t16,14,18,hdslay1,arr,,,,,,
oname:hdslay1_t16_otype:arr_i:14_j:19,33.93905,0.0,hdslay1_t16,14,19,hdslay1,arr,,,,,,
oname:hdslay1_t16_otype:arr_i:14_j:2,34.5675,0.0,hdslay1_t16,14,2,hdslay1,arr,,,,,,
oname:hdslay1_t16_otype:arr_i:14_j:3,34.56201,0.0,hdslay1_t16,14,3,hdslay1,arr,,,,,,
oname:hdslay1_t16_otype:arr_i:14_j:4,1e+30,0.0,hdslay1_t16,14,4,hdslay1,arr,,,,,,
oname:hdslay1_t16_otype:arr_i:14_j:5,1e+30,0.0,hdslay1_t16,14,5,hdslay1,arr,,,,,,
oname:hdslay1_t16_otype:arr_i:14_j:6,1e+30,0.0,hdslay1_t16,14,6,hdslay1,arr,,,,,,
oname:hdslay1_t16_otype:arr_i:14_j:7,1e+30,0.0,hdslay1_t16,14,7,hdslay1,arr,,,,,,
oname:hdslay1_t16_otype:arr_i:14_j:8,33.91026,0.0,hdslay1_t16,14,8,hdslay1,arr,,,,,,
oname:hdslay1_t16_otype:arr_i:14_j:9,33.91112,0.0,hdslay1_t16,14,9,hdslay1,arr,,,,,,
oname:hdslay1_t16_otype:arr_i:15_j:0,34.48763,0.0,hdslay1_t16,15,0,hdslay1,arr,,,,,,
oname:hdslay1_t16_otype:arr_i:15_j:1,34.49098,0.0,hdslay1_t16,15,1,hdslay1,arr,,,,,,
oname:hdslay1_t16_otype:arr_i:15_j:10,33.87651,0.0,hdslay1_t16,15,10,hdslay1,arr,,,,,,
oname:hdslay1_t16_otype:arr_i:15_j:11,33.86774,0.0,hdslay1_t16,15,11,hdslay1,arr,,,,,,
oname:hdslay1_t16_otype:arr_i:15_j:12,33.86618,0.0,hdslay1_t16,15,12,hdslay1,arr,,,,,,
oname:hdslay1_t16_otype:arr_i:15_j:13,33.87019,0.0,hdslay1_t16,15,13,hdslay1,arr,,,,,,
oname:hdslay1_t16_otype:arr_i:15_j:14,33.88341,0.0,hdslay1_t16,15,14,hdslay1,arr,,,,,,
oname:hdslay1_t16_otype:arr_i:15_j:15,33.89706,0.0,hdslay1_t16,15,15,hdslay1,arr,,,,,,
oname:hdslay1_t16_otype:arr_i:15_j:16,33.91053,0.0,hdslay1_t16,15,16,hdslay1,arr,,,,,,
oname:hdslay1_t16_otype:arr_i:15_j:17,33.9212,0.0,hdslay1_t16,15,17,hdslay1,arr,,,,,,
oname:hdslay1_t16_otype:arr_i:15_j:18,33.92974,0.0,hdslay1_t16,15,18,hdslay1,arr,,,,,,
oname:hdslay1_t16_otype:arr_i:15_j:19,33.93644,0.0,hdslay1_t16,15,19,hdslay1,arr,,,,,,
oname:hdslay1_t16_otype:arr_i:15_j:2,34.47942,0.0,hdslay1_t16,15,2,hdslay1,arr,,,,,,
oname:hdslay1_t16_otype:arr_i:15_j:3,34.47036,0.0,hdslay1_t16,15,3,hdslay1,arr,,,,,,
oname:hdslay1_t16_otype:arr_i:15_j:4,1e+30,0.0,hdslay1_t16,15,4,hdslay1,arr,,,,,,
oname:hdslay1_t16_otype:arr_i:15_j:5,1e+30,0.0,hdslay1_t16,15,5,hdslay1,arr,,,,,,
oname:hdslay1_t16_otype:arr_i:15_j:6,1e+30,0.0,hdslay1_t16,15,6,hdslay1,arr,,,,,,
oname:hdslay1_t16_otype:arr_i:15_j:7,1e+30,0.0,hdslay1_t16,15,7,hdslay1,arr,,,,,,
oname:hdslay1_t16_otype:arr_i:15_j:8,33.87957,0.0,hdslay1_t16,15,8,hdslay1,arr,,,,,,
oname:hdslay1_t16_otype:arr_i:15_j:9,33.87849,0.0,hdslay1_t16,15,9,hdslay1,arr,,,,,,
oname:hdslay1_t16_otype:arr_i:16_j:0,34.41635,0.0,hdslay1_t16,16,0,hdslay1,arr,,,,,,
oname:hdslay1_t16_otype:arr_i:16_j:1,34.40818,0.0,hdslay1_t16,16,1,hdslay1,arr,,,,,,
oname:hdslay1_t16_otype:arr_i:16_j:10,33.83051,0.0,hdslay1_t16,16,10,hdslay1,arr,,,,,,
oname:hdslay1_t16_otype:arr_i:16_j:11,33.82955,0.0,hdslay1_t16,16,11,hdslay1,arr,,,,,,
oname:hdslay1_t16_otype:arr_i:16_j:12,33.83504,0.0,hdslay1_t16,16,12,hdslay1,arr,,,,,,
oname:hdslay1_t16_otype:arr_i:16_j:13,33.84882,0.0,hdslay1_t16,16,13,hdslay1,arr,,,,,,
oname:hdslay1_t16_otype:arr_i:16_j:14,33.86496,0.0,hdslay1_t16,16,14,hdslay1,arr,,,,,,
oname:hdslay1_t16_otype:arr_i:16_j:15,33.88445,0.0,hdslay1_t16,16,15,hdslay1,arr,,,,,,
oname:hdslay1_t16_otype:arr_i:16_j:16,33.90076,0.0,hdslay1_t16,16,16,hdslay1,arr,,,,,,
oname:hdslay1_t16_otype:arr_i:16_j:17,33.91401,0.0,hdslay1_t16,16,17,hdslay1,arr,,,,,,
oname:hdslay1_t16_otype:arr_i:16_j:18,33.92434,0.0,hdslay1_t16,16,18,hdslay1,arr,,,,,,
oname:hdslay1_t16_otype:arr_i:16_j:19,33.93169,0.0,hdslay1_t16,16,19,hdslay1,arr,,,,,,
oname:hdslay1_t16_otype:arr_i:16_j:2,34.3941,0.0,hdslay1_t16,16,2,hdslay1,arr,,,,,,
oname:hdslay1_t16_otype:arr_i:16_j:3,34.39004,0.0,hdslay1_t16,16,3,hdslay1,arr,,,,,,
oname:hdslay1_t16_otype:arr_i:16_j:4,1e+30,0.0,hdslay1_t16,16,4,hdslay1,arr,,,,,,
oname:hdslay1_t16_otype:arr_i:16_j:5,1e+30,0.0,hdslay1_t16,16,5,hdslay1,arr,,,,,,
oname:hdslay1_t16_otype:arr_i:16_j:6,1e+30,0.0,hdslay1_t16,16,6,hdslay1,arr,,,,,,
oname:hdslay1_t16_otype:arr_i:16_j:7,1e+30,0.0,hdslay1_t16,16,7,hdslay1,arr,,,,,,
oname:hdslay1_t16_otype:arr_i:16_j:8,33.83434,0.0,hdslay1_t16,16,8,hdslay1,arr,,,,,,
oname:hdslay1_t16_otype:arr_i:16_j:9,33.83479,0.0,hdslay1_t16,16,9,hdslay1,arr,,,,,,
oname:hdslay1_t16_otype:arr_i:17_j:0,34.33249,0.0,hdslay1_t16,17,0,hdslay1,arr,,,,,,
oname:hdslay1_t16_otype:arr_i:17_j:1,34.32535,0.0,hdslay1_t16,17,1,hdslay1,arr,,,,,,
oname:hdslay1_t16_otype:arr_i:17_j:10,33.77907,0.0,hdslay1_t16,17,10,hdslay1,arr,,,,,,
oname:hdslay1_t16_otype:arr_i:17_j:11,33.78105,0.0,hdslay1_t16,17,11,hdslay1,arr,,,,,,
oname:hdslay1_t16_otype:arr_i:17_j:12,33.78487,0.0,hdslay1_t16,17,12,hdslay1,arr,,,,,,
oname:hdslay1_t16_otype:arr_i:17_j:13,33.80327,0.0,hdslay1_t16,17,13,hdslay1,arr,,,,,,
oname:hdslay1_t16_otype:arr_i:17_j:14,33.82268,0.0,hdslay1_t16,17,14,hdslay1,arr,,,,,,
oname:hdslay1_t16_otype:arr_i:17_j:15,33.85484,0.0,hdslay1_t16,17,15,hdslay1,arr,,,,,,
oname:hdslay1_t16_otype:arr_i:17_j:16,33.87864,0.0,hdslay1_t16,17,16,hdslay1,arr,,,,,,
oname:hdslay1_t16_otype:arr_i:17_j:17,33.89704,0.0,hdslay1_t16,17,17,hdslay1,arr,,,,,,
oname:hdslay1_t16_otype:arr_i:17_j:18,33.91164,0.0,hdslay1_t16,17,18,hdslay1,arr,,,,,,
oname:hdslay1_t16_otype:arr_i:17_j:19,33.91979,0.0,hdslay1_t16,17,19,hdslay1,arr,,,,,,
oname:hdslay1_t16_otype:arr_i:17_j:2,34.32558,0.0,hdslay1_t16,17,2,hdslay1,arr,,,,,,
oname:hdslay1_t16_otype:arr_i:17_j:3,34.33263,0.0,hdslay1_t16,17,3,hdslay1,arr,,,,,,
oname:hdslay1_t16_otype:arr_i:17_j:4,1e+30,0.0,hdslay1_t16,17,4,hdslay1,arr,,,,,,
oname:hdslay1_t16_otype:arr_i:17_j:5,1e+30,0.0,hdslay1_t16,17,5,hdslay1,arr,,,,,,
oname:hdslay1_t16_otype:arr_i:17_j:6,1e+30,0.0,hdslay1_t16,17,6,hdslay1,arr,,,,,,
oname:hdslay1_t16_otype:arr_i:17_j:7,1e+30,0.0,hdslay1_t16,17,7,hdslay1,arr,,,,,,
oname:hdslay1_t16_otype:arr_i:17_j:8,33.78619,0.0,hdslay1_t16,17,8,hdslay1,arr,,,,,,
oname:hdslay1_t16_otype:arr_i:17_j:9,33.78489,0.0,hdslay1_t16,17,9,hdslay1,arr,,,,,,
oname:hdslay1_t16_otype:arr_i:18_j:0,34.23805,0.0,hdslay1_t16,18,0,hdslay1,arr,,,,,,
oname:hdslay1_t16_otype:arr_i:18_j:1,34.24082,0.0,hdslay1_t16,18,1,hdslay1,arr,,,,,,
oname:hdslay1_t16_otype:arr_i:18_j:10,33.7386,0.0,hdslay1_t16,18,10,hdslay1,arr,,,,,,
oname:hdslay1_t16_otype:arr_i:18_j:11,33.73452,0.0,hdslay1_t16,18,11,hdslay1,arr,,,,,,
oname:hdslay1_t16_otype:arr_i:18_j:12,33.73352,0.0,hdslay1_t16,18,12,hdslay1,arr,,,,,,
oname:hdslay1_t16_otype:arr_i:18_j:13,33.73868,0.0,hdslay1_t16,18,13,hdslay1,arr,,,,,,
oname:hdslay1_t16_otype:arr_i:18_j:14,33.74814,0.0,hdslay1_t16,18,14,hdslay1,arr,,,,,,
oname:hdslay1_t16_otype:arr_i:18_j:15,33.80348,0.0,hdslay1_t16,18,15,hdslay1,arr,,,,,,
oname:hdslay1_t16_otype:arr_i:18_j:16,33.83985,0.0,hdslay1_t16,18,16,hdslay1,arr,,,,,,
oname:hdslay1_t16_otype:arr_i:18_j:17,33.86842,0.0,hdslay1_t16,18,17,hdslay1,arr,,,,,,
oname:hdslay1_t16_otype:arr_i:18_j:18,33.89028,0.0,hdslay1_t16,18,18,hdslay1,arr,,,,,,
oname:hdslay1_t16_otype:arr_i:18_j:19,33.89933,0.0,hdslay1_t16,18,19,hdslay1,arr,,,,,,
oname:hdslay1_t16_otype:arr_i:18_j:2,34.2493,0.0,hdslay1_t16,18,2,hdslay1,arr,,,,,,
oname:hdslay1_t16_otype:arr_i:18_j:3,34.26328,0.0,hdslay1_t16,18,3,hdslay1,arr,,,,,,
oname:hdslay1_t16_otype:arr_i:18_j:4,1e+30,0.0,hdslay1_t16,18,4,hdslay1,arr,,,,,,
oname:hdslay1_t16_otype:arr_i:18_j:5,1e+30,0.0,hdslay1_t16,18,5,hdslay1,arr,,,,,,
oname:hdslay1_t16_otype:arr_i:18_j:6,1e+30,0.0,hdslay1_t16,18,6,hdslay1,arr,,,,,,
oname:hdslay1_t16_otype:arr_i:18_j:7,1e+30,0.0,hdslay1_t16,18,7,hdslay1,arr,,,,,,
oname:hdslay1_t16_otype:arr_i:18_j:8,33.74428,0.0,hdslay1_t16,18,8,hdslay1,arr,,,,,,
oname:hdslay1_t16_otype:arr_i:18_j:9,33.74101,0.0,hdslay1_t16,18,9,hdslay1,arr,,,,,,
oname:hdslay1_t16_otype:arr_i:19_j:0,34.14768,0.0,hdslay1_t16,19,0,hdslay1,arr,,,,,,
oname:hdslay1_t16_otype:arr_i:19_j:1,34.1472,0.0,hdslay1_t16,19,1,hdslay1,arr,,,,,,
oname:hdslay1_t16_otype:arr_i:19_j:10,33.70233,0.0,hdslay1_t16,19,10,hdslay1,arr,,,,,,
oname:hdslay1_t16_otype:arr_i:19_j:11,33.69268,0.0,hdslay1_t16,19,11,hdslay1,arr,,,,,,
oname:hdslay1_t16_otype:arr_i:19_j:12,33.6859,0.0,hdslay1_t16,19,12,hdslay1,arr,,,,,,
oname:hdslay1_t16_otype:arr_i:19_j:13,33.66489,0.0,hdslay1_t16,19,13,hdslay1,arr,,,,,,
oname:hdslay1_t16_otype:arr_i:19_j:14,33.63424,0.0,hdslay1_t16,19,14,hdslay1,arr,,,,,,
oname:hdslay1_t16_otype:arr_i:19_j:15,33.74132,0.0,hdslay1_t16,19,15,hdslay1,arr,,,,,,
oname:hdslay1_t16_otype:arr_i:19_j:16,33.79656,0.0,hdslay1_t16,19,16,hdslay1,arr,,,,,,
oname:hdslay1_t16_otype:arr_i:19_j:17,33.83058,0.0,hdslay1_t16,19,17,hdslay1,arr,,,,,,
oname:hdslay1_t16_otype:arr_i:19_j:18,33.85179,0.0,hdslay1_t16,19,18,hdslay1,arr,,,,,,
oname:hdslay1_t16_otype:arr_i:19_j:19,33.86621,0.0,hdslay1_t16,19,19,hdslay1,arr,,,,,,
oname:hdslay1_t16_otype:arr_i:19_j:2,34.15447,0.0,hdslay1_t16,19,2,hdslay1,arr,,,,,,
oname:hdslay1_t16_otype:arr_i:19_j:3,34.16684,0.0,hdslay1_t16,19,3,hdslay1,arr,,,,,,
oname:hdslay1_t16_otype:arr_i:19_j:4,1e+30,0.0,hdslay1_t16,19,4,hdslay1,arr,,,,,,
oname:hdslay1_t16_otype:arr_i:19_j:5,1e+30,0.0,hdslay1_t16,19,5,hdslay1,arr,,,,,,
oname:hdslay1_t16_otype:arr_i:19_j:6,1e+30,0.0,hdslay1_t16,19,6,hdslay1,arr,,,,,,
oname:hdslay1_t16_otype:arr_i:19_j:7,1e+30,0.0,hdslay1_t16,19,7,hdslay1,arr,,,,,,
oname:hdslay1_t16_otype:arr_i:19_j:8,33.70919,0.0,hdslay1_t16,19,8,hdslay1,arr,,,,,,
oname:hdslay1_t16_otype:arr_i:19_j:9,33.70678,0.0,hdslay1_t16,19,9,hdslay1,arr,,,,,,
oname:hdslay1_t16_otype:arr_i:1_j:0,35.02626,0.0,hdslay1_t16,1,0,hdslay1,arr,,,,,,
oname:hdslay1_t16_otype:arr_i:1_j:1,35.01635,0.0,hdslay1_t16,1,1,hdslay1,arr,,,,,,
oname:hdslay1_t16_otype:arr_i:1_j:10,34.39913,0.0,hdslay1_t16,1,10,hdslay1,arr,,,,,,
oname:hdslay1_t16_otype:arr_i:1_j:11,34.35196,0.0,hdslay1_t16,1,11,hdslay1,arr,,,,,,
oname:hdslay1_t16_otype:arr_i:1_j:12,34.31111,0.0,hdslay1_t16,1,12,hdslay1,arr,,,,,,
oname:hdslay1_t16_otype:arr_i:1_j:13,34.27335,0.0,hdslay1_t16,1,13,hdslay1,arr,,,,,,
oname:hdslay1_t16_otype:arr_i:1_j:14,34.23373,0.0,hdslay1_t16,1,14,hdslay1,arr,,,,,,
oname:hdslay1_t16_otype:arr_i:1_j:15,34.19281,0.0,hdslay1_t16,1,15,hdslay1,arr,,,,,,
oname:hdslay1_t16_otype:arr_i:1_j:16,34.18305,0.0,hdslay1_t16,1,16,hdslay1,arr,,,,,,
oname:hdslay1_t16_otype:arr_i:1_j:17,34.17459,0.0,hdslay1_t16,1,17,hdslay1,arr,,,,,,
oname:hdslay1_t16_otype:arr_i:1_j:18,34.16925,0.0,hdslay1_t16,1,18,hdslay1,arr,,,,,,
oname:hdslay1_t16_otype:arr_i:1_j:19,34.16545,0.0,hdslay1_t16,1,19,hdslay1,arr,,,,,,
oname:hdslay1_t16_otype:arr_i:1_j:2,34.9923,0.0,hdslay1_t16,1,2,hdslay1,arr,,,,,,
oname:hdslay1_t16_otype:arr_i:1_j:3,34.95369,0.0,hdslay1_t16,1,3,hdslay1,arr,,,,,,
oname:hdslay1_t16_otype:arr_i:1_j:4,34.89488,0.0,hdslay1_t16,1,4,hdslay1,arr,,,,,,
oname:hdslay1_t16_otype:arr_i:1_j:5,34.81614,0.0,hdslay1_t16,1,5,hdslay1,arr,,,,,,
oname:hdslay1_t16_otype:arr_i:1_j:6,34.71363,0.0,hdslay1_t16,1,6,hdslay1,arr,,,,,,
oname:hdslay1_t16_otype:arr_i:1_j:7,34.60261,0.0,hdslay1_t16,1,7,hdslay1,arr,,,,,,
oname:hdslay1_t16_otype:arr_i:1_j:8,34.51385,0.0,hdslay1_t16,1,8,hdslay1,arr,,,,,,
oname:hdslay1_t16_otype:arr_i:1_j:9,34.45008,0.0,hdslay1_t16,1,9,hdslay1,arr,,,,,,
oname:hdslay1_t16_otype:arr_i:20_j:0,34.06053,0.0,hdslay1_t16,20,0,hdslay1,arr,,,,,,
oname:hdslay1_t16_otype:arr_i:20_j:1,34.06316,0.0,hdslay1_t16,20,1,hdslay1,arr,,,,,,
oname:hdslay1_t16_otype:arr_i:20_j:10,33.67656,0.0,hdslay1_t16,20,10,hdslay1,arr,,,,,,
oname:hdslay1_t16_otype:arr_i:20_j:11,33.67,0.0,hdslay1_t16,20,11,hdslay1,arr,,,,,,
oname:hdslay1_t16_otype:arr_i:20_j:12,33.65697,0.0,hdslay1_t16,20,12,hdslay1,arr,,,,,,
oname:hdslay1_t16_otype:arr_i:20_j:13,33.60034,0.0,hdslay1_t16,20,13,hdslay1,arr,,,,,,
oname:hdslay1_t16_otype:arr_i:20_j:14,33.40788,0.0,hdslay1_t16,20,14,hdslay1,arr,,,,,,
oname:hdslay1_t16_otype:arr_i:20_j:15,33.65814,0.0,hdslay1_t16,20,15,hdslay1,arr,,,,,,
oname:hdslay1_t16_otype:arr_i:20_j:16,33.75525,0.0,hdslay1_t16,20,16,hdslay1,arr,,,,,,
oname:hdslay1_t16_otype:arr_i:20_j:17,33.79832,0.0,hdslay1_t16,20,17,hdslay1,arr,,,,,,
oname:hdslay1_t16_otype:arr_i:20_j:18,33.81647,0.0,hdslay1_t16,20,18,hdslay1,arr,,,,,,
oname:hdslay1_t16_otype:arr_i:20_j:19,33.8302,0.0,hdslay1_t16,20,19,hdslay1,arr,,,,,,
oname:hdslay1_t16_otype:arr_i:20_j:2,34.05912,0.0,hdslay1_t16,20,2,hdslay1,arr,,,,,,
oname:hdslay1_t16_otype:arr_i:20_j:3,34.05268,0.0,hdslay1_t16,20,3,hdslay1,arr,,,,,,
oname:hdslay1_t16_otype:arr_i:20_j:4,1e+30,0.0,hdslay1_t16,20,4,hdslay1,arr,,,,,,
oname:hdslay1_t16_otype:arr_i:20_j:5,1e+30,0.0,hdslay1_t16,20,5,hdslay1,arr,,,,,,
oname:hdslay1_t16_otype:arr_i:20_j:6,1e+30,0.0,hdslay1_t16,20,6,hdslay1,arr,,,,,,
oname:hdslay1_t16_otype:arr_i:20_j:7,1e+30,0.0,hdslay1_t16,20,7,hdslay1,arr,,,,,,
oname:hdslay1_t16_otype:arr_i:20_j:8,33.68093,0.0,hdslay1_t16,20,8,hdslay1,arr,,,,,,
oname:hdslay1_t16_otype:arr_i:20_j:9,33.68091,0.0,hdslay1_t16,20,9,hdslay1,arr,,,,,,
oname:hdslay1_t16_otype:arr_i:21_j:0,33.98084,0.0,hdslay1_t16,21,0,hdslay1,arr,,,,,,
oname:hdslay1_t16_otype:arr_i:21_j:1,33.9834,0.0,hdslay1_t16,21,1,hdslay1,arr,,,,,,
oname:hdslay1_t16_otype:arr_i:21_j:10,33.66086,0.0,hdslay1_t16,21,10,hdslay1,arr,,,,,,
oname:hdslay1_t16_otype:arr_i:21_j:11,33.66023,0.0,hdslay1_t16,21,11,hdslay1,arr,,,,,,
oname:hdslay1_t16_otype:arr_i:21_j:12,33.6529,0.0,hdslay1_t16,21,12,hdslay1,arr,,,,,,
oname:hdslay1_t16_otype:arr_i:21_j:13,33.63078,0.0,hdslay1_t16,21,13,hdslay1,arr,,,,,,
oname:hdslay1_t16_otype:arr_i:21_j:14,33.6062,0.0,hdslay1_t16,21,14,hdslay1,arr,,,,,,
oname:hdslay1_t16_otype:arr_i:21_j:15,33.68471,0.0,hdslay1_t16,21,15,hdslay1,arr,,,,,,
oname:hdslay1_t16_otype:arr_i:21_j:16,33.73918,0.0,hdslay1_t16,21,16,hdslay1,arr,,,,,,
oname:hdslay1_t16_otype:arr_i:21_j:17,33.77826,0.0,hdslay1_t16,21,17,hdslay1,arr,,,,,,
oname:hdslay1_t16_otype:arr_i:21_j:18,33.79796,0.0,hdslay1_t16,21,18,hdslay1,arr,,,,,,
oname:hdslay1_t16_otype:arr_i:21_j:19,33.80591,0.0,hdslay1_t16,21,19,hdslay1,arr,,,,,,
oname:hdslay1_t16_otype:arr_i:21_j:2,33.96661,0.0,hdslay1_t16,21,2,hdslay1,arr,,,,,,
oname:hdslay1_t16_otype:arr_i:21_j:3,33.93681,0.0,hdslay1_t16,21,3,hdslay1,arr,,,,,,
oname:hdslay1_t16_otype:arr_i:21_j:4,1e+30,0.0,hdslay1_t16,21,4,hdslay1,arr,,,,,,
oname:hdslay1_t16_otype:arr_i:21_j:5,1e+30,0.0,hdslay1_t16,21,5,hdslay1,arr,,,,,,
oname:hdslay1_t16_otype:arr_i:21_j:6,33.62308,0.0,hdslay1_t16,21,6,hdslay1,arr,,,,,,
oname:hdslay1_t16_otype:arr_i:21_j:7,33.63519,0.0,hdslay1_t16,21,7,hdslay1,arr,,,,,,
oname:hdslay1_t16_otype:arr_i:21_j:8,33.65381,0.0,hdslay1_t16,21,8,hdslay1,arr,,,,,,
oname:hdslay1_t16_otype:arr_i:21_j:9,33.66083,0.0,hdslay1_t16,21,9,hdslay1,arr,,,,,,
oname:hdslay1_t16_otype:arr_i:22_j:0,33.90236,0.0,hdslay1_t16,22,0,hdslay1,arr,,,,,,
oname:hdslay1_t16_otype:arr_i:22_j:1,33.88471,0.0,hdslay1_t16,22,1,hdslay1,arr,,,,,,
oname:hdslay1_t16_otype:arr_i:22_j:10,33.6478,0.0,hdslay1_t16,22,10,hdslay1,arr,,,,,,
oname:hdslay1_t16_otype:arr_i:22_j:11,33.65176,0.0,hdslay1_t16,22,11,hdslay1,arr,,,,,,
oname:hdslay1_t16_otype:arr_i:22_j:12,33.65318,0.0,hdslay1_t16,22,12,hdslay1,arr,,,,,,
oname:hdslay1_t16_otype:arr_i:22_j:13,33.65445,0.0,hdslay1_t16,22,13,hdslay1,arr,,,,,,
oname:hdslay1_t16_otype:arr_i:22_j:14,33.66421,0.0,hdslay1_t16,22,14,hdslay1,arr,,,,,,
oname:hdslay1_t16_otype:arr_i:22_j:15,33.70338,0.0,hdslay1_t16,22,15,hdslay1,arr,,,,,,
oname:hdslay1_t16_otype:arr_i:22_j:16,33.7335,0.0,hdslay1_t16,22,16,hdslay1,arr,,,,,,
oname:hdslay1_t16_otype:arr_i:22_j:17,33.76275,0.0,hdslay1_t16,22,17,hdslay1,arr,,,,,,
oname:hdslay1_t16_otype:arr_i:22_j:18,33.77969,0.0,hdslay1_t16,22,18,hdslay1,arr,,,,,,
oname:hdslay1_t16_otype:arr_i:22_j:19,33.78595,0.0,hdslay1_t16,22,19,hdslay1,arr,,,,,,
oname:hdslay1_t16_otype:arr_i:22_j:2,33.85889,0.0,hdslay1_t16,22,2,hdslay1,arr,,,,,,
oname:hdslay1_t16_otype:arr_i:22_j:3,33.79019,0.0,hdslay1_t16,22,3,hdslay1,arr,,,,,,
oname:hdslay1_t16_otype:arr_i:22_j:4,33.67558,0.0,hdslay1_t16,22,4,hdslay1,arr,,,,,,
oname:hdslay1_t16_otype:arr_i:22_j:5,1e+30,0.0,hdslay1_t16,22,5,hdslay1,arr,,,,,,
oname:hdslay1_t16_otype:arr_i:22_j:6,33.60929,0.0,hdslay1_t16,22,6,hdslay1,arr,,,,,,
oname:hdslay1_t16_otype:arr_i:22_j:7,33.62046,0.0,hdslay1_t16,22,7,hdslay1,arr,,,,,,
oname:hdslay1_t16_otype:arr_i:22_j:8,33.63439,0.0,hdslay1_t16,22,8,hdslay1,arr,,,,,,
oname:hdslay1_t16_otype:arr_i:22_j:9,33.64368,0.0,hdslay1_t16,22,9,hdslay1,arr,,,,,,
oname:hdslay1_t16_otype:arr_i:23_j:0,33.81267,0.0,hdslay1_t16,23,0,hdslay1,arr,,,,,,
oname:hdslay1_t16_otype:arr_i:23_j:1,33.78782,0.0,hdslay1_t16,23,1,hdslay1,arr,,,,,,
oname:hdslay1_t16_otype:arr_i:23_j:10,33.6291,0.0,hdslay1_t16,23,10,hdslay1,arr,,,,,,
oname:hdslay1_t16_otype:arr_i:23_j:11,33.63893,0.0,hdslay1_t16,23,11,hdslay1,arr,,,,,,
oname:hdslay1_t16_otype:arr_i:23_j:12,33.65143,0.0,hdslay1_t16,23,12,hdslay1,arr,,,,,,
oname:hdslay1_t16_otype:arr_i:23_j:13,33.66648,0.0,hdslay1_t16,23,13,hdslay1,arr,,,,,,
oname:hdslay1_t16_otype:arr_i:23_j:14,33.68506,0.0,hdslay1_t16,23,14,hdslay1,arr,,,,,,
oname:hdslay1_t16_otype:arr_i:23_j:15,33.71442,0.0,hdslay1_t16,23,15,hdslay1,arr,,,,,,
oname:hdslay1_t16_otype:arr_i:23_j:16,33.73255,0.0,hdslay1_t16,23,16,hdslay1,arr,,,,,,
oname:hdslay1_t16_otype:arr_i:23_j:17,33.75225,0.0,hdslay1_t16,23,17,hdslay1,arr,,,,,,
oname:hdslay1_t16_otype:arr_i:23_j:18,33.76529,0.0,hdslay1_t16,23,18,hdslay1,arr,,,,,,
oname:hdslay1_t16_otype:arr_i:23_j:19,33.76924,0.0,hdslay1_t16,23,19,hdslay1,arr,,,,,,
oname:hdslay1_t16_otype:arr_i:23_j:2,33.74906,0.0,hdslay1_t16,23,2,hdslay1,arr,,,,,,
oname:hdslay1_t16_otype:arr_i:23_j:3,33.6709,0.0,hdslay1_t16,23,3,hdslay1,arr,,,,,,
oname:hdslay1_t16_otype:arr_i:23_j:4,33.5846,0.0,hdslay1_t16,23,4,hdslay1,arr,,,,,,
oname:hdslay1_t16_otype:arr_i:23_j:5,33.56763,0.0,hdslay1_t16,23,5,hdslay1,arr,,,,,,
oname:hdslay1_t16_otype:arr_i:23_j:6,33.58499,0.0,hdslay1_t16,23,6,hdslay1,arr,,,,,,
oname:hdslay1_t16_otype:arr_i:23_j:7,33.59925,0.0,hdslay1_t16,23,7,hdslay1,arr,,,,,,
oname:hdslay1_t16_otype:arr_i:23_j:8,33.6126,0.0,hdslay1_t16,23,8,hdslay1,arr,,,,,,
oname:hdslay1_t16_otype:arr_i:23_j:9,33.62244,0.0,hdslay1_t16,23,9,hdslay1,arr,,,,,,
oname:hdslay1_t16_otype:arr_i:24_j:0,33.73601,0.0,hdslay1_t16,24,0,hdslay1,arr,,,,,,
oname:hdslay1_t16_otype:arr_i:24_j:1,33.7176,0.0,hdslay1_t16,24,1,hdslay1,arr,,,,,,
oname:hdslay1_t16_otype:arr_i:24_j:10,33.60131,0.0,hdslay1_t16,24,10,hdslay1,arr,,,,,,
oname:hdslay1_t16_otype:arr_i:24_j:11,33.61858,0.0,hdslay1_t16,24,11,hdslay1,arr,,,,,,
oname:hdslay1_t16_otype:arr_i:24_j:12,33.64137,0.0,hdslay1_t16,24,12,hdslay1,arr,,,,,,
oname:hdslay1_t16_otype:arr_i:24_j:13,33.66623,0.0,hdslay1_t16,24,13,hdslay1,arr,,,,,,
oname:hdslay1_t16_otype:arr_i:24_j:14,33.68986,0.0,hdslay1_t16,24,14,hdslay1,arr,,,,,,
oname:hdslay1_t16_otype:arr_i:24_j:15,33.71684,0.0,hdslay1_t16,24,15,hdslay1,arr,,,,,,
oname:hdslay1_t16_otype:arr_i:24_j:16,33.72679,0.0,hdslay1_t16,24,16,hdslay1,arr,,,,,,
oname:hdslay1_t16_otype:arr_i:24_j:17,33.73822,0.0,hdslay1_t16,24,17,hdslay1,arr,,,,,,
oname:hdslay1_t16_otype:arr_i:24_j:18,33.74941,0.0,hdslay1_t16,24,18,hdslay1,arr,,,,,,
oname:hdslay1_t16_otype:arr_i:24_j:19,33.75522,0.0,hdslay1_t16,24,19,hdslay1,arr,,,,,,
oname:hdslay1_t16_otype:arr_i:24_j:2,33.67517,0.0,hdslay1_t16,24,2,hdslay1,arr,,,,,,
oname:hdslay1_t16_otype:arr_i:24_j:3,33.60071,0.0,hdslay1_t16,24,3,hdslay1,arr,,,,,,
oname:hdslay1_t16_otype:arr_i:24_j:4,33.46792,0.0,hdslay1_t16,24,4,hdslay1,arr,,,,,,
oname:hdslay1_t16_otype:arr_i:24_j:5,33.53489,0.0,hdslay1_t16,24,5,hdslay1,arr,,,,,,
oname:hdslay1_t16_otype:arr_i:24_j:6,33.5621,0.0,hdslay1_t16,24,6,hdslay1,arr,,,,,,
oname:hdslay1_t16_otype:arr_i:24_j:7,33.57836,0.0,hdslay1_t16,24,7,hdslay1,arr,,,,,,
oname:hdslay1_t16_otype:arr_i:24_j:8,33.59109,0.0,hdslay1_t16,24,8,hdslay1,arr,,,,,,
oname:hdslay1_t16_otype:arr_i:24_j:9,33.59663,0.0,hdslay1_t16,24,9,hdslay1,arr,,,,,,
oname:hdslay1_t16_otype:arr_i:25_j:0,33.69177,0.0,hdslay1_t16,25,0,hdslay1,arr,,,,,,
oname:hdslay1_t16_otype:arr_i:25_j:1,33.67996,0.0,hdslay1_t16,25,1,hdslay1,arr,,,,,,
oname:hdslay1_t16_otype:arr_i:25_j:10,33.56476,0.0,hdslay1_t16,25,10,hdslay1,arr,,,,,,
oname:hdslay1_t16_otype:arr_i:25_j:11,33.59251,0.0,hdslay1_t16,25,11,hdslay1,arr,,,,,,
oname:hdslay1_t16_otype:arr_i:25_j:12,33.62421,0.0,hdslay1_t16,25,12,hdslay1,arr,,,,,,
oname:hdslay1_t16_otype:arr_i:25_j:13,33.65314,0.0,hdslay1_t16,25,13,hdslay1,arr,,,,,,
oname:hdslay1_t16_otype:arr_i:25_j:14,33.6801,0.0,hdslay1_t16,25,14,hdslay1,arr,,,,,,
oname:hdslay1_t16_otype:arr_i:25_j:15,33.70747,0.0,hdslay1_t16,25,15,hdslay1,arr,,,,,,
oname:hdslay1_t16_otype:arr_i:25_j:16,33.71545,0.0,hdslay1_t16,25,16,hdslay1,arr,,,,,,
oname:hdslay1_t16_otype:arr_i:25_j:17,33.72445,0.0,hdslay1_t16,25,17,hdslay1,arr,,,,,,
oname:hdslay1_t16_otype:arr_i:25_j:18,33.73178,0.0,hdslay1_t16,25,18,hdslay1,arr,,,,,,
oname:hdslay1_t16_otype:arr_i:25_j:19,33.73825,0.0,hdslay1_t16,25,19,hdslay1,arr,,,,,,
oname:hdslay1_t16_otype:arr_i:25_j:2,33.65106,0.0,hdslay1_t16,25,2,hdslay1,arr,,,,,,
oname:hdslay1_t16_otype:arr_i:25_j:3,33.60026,0.0,hdslay1_t16,25,3,hdslay1,arr,,,,,,
oname:hdslay1_t16_otype:arr_i:25_j:4,33.54288,0.0,hdslay1_t16,25,4,hdslay1,arr,,,,,,
oname:hdslay1_t16_otype:arr_i:25_j:5,33.54386,0.0,hdslay1_t16,25,5,hdslay1,arr,,,,,,
oname:hdslay1_t16_otype:arr_i:25_j:6,33.54971,0.0,hdslay1_t16,25,6,hdslay1,arr,,,,,,
oname:hdslay1_t16_otype:arr_i:25_j:7,33.5577,0.0,hdslay1_t16,25,7,hdslay1,arr,,,,,,
oname:hdslay1_t16_otype:arr_i:25_j:8,33.56562,0.0,hdslay1_t16,25,8,hdslay1,arr,,,,,,
oname:hdslay1_t16_otype:arr_i:25_j:9,33.5649,0.0,hdslay1_t16,25,9,hdslay1,arr,,,,,,
oname:hdslay1_t16_otype:arr_i:26_j:0,33.66853,0.0,hdslay1_t16,26,0,hdslay1,arr,,,,,,
oname:hdslay1_t16_otype:arr_i:26_j:1,33.65825,0.0,hdslay1_t16,26,1,hdslay1,arr,,,,,,
oname:hdslay1_t16_otype:arr_i:26_j:10,33.49772,0.0,hdslay1_t16,26,10,hdslay1,arr,,,,,,
oname:hdslay1_t16_otype:arr_i:26_j:11,33.5655,0.0,hdslay1_t16,26,11,hdslay1,arr,,,,,,
oname:hdslay1_t16_otype:arr_i:26_j:12,33.60444,0.0,hdslay1_t16,26,12,hdslay1,arr,,,,,,
oname:hdslay1_t16_otype:arr_i:26_j:13,33.63492,0.0,hdslay1_t16,26,13,hdslay1,arr,,,,,,
oname:hdslay1_t16_otype:arr_i:26_j:14,33.65977,0.0,hdslay1_t16,26,14,hdslay1,arr,,,,,,
oname:hdslay1_t16_otype:arr_i:26_j:15,33.68799,0.0,hdslay1_t16,26,15,hdslay1,arr,,,,,,
oname:hdslay1_t16_otype:arr_i:26_j:16,33.69232,0.0,hdslay1_t16,26,16,hdslay1,arr,,,,,,
oname:hdslay1_t16_otype:arr_i:26_j:17,33.70069,0.0,hdslay1_t16,26,17,hdslay1,arr,,,,,,
oname:hdslay1_t16_otype:arr_i:26_j:18,33.7116,0.0,hdslay1_t16,26,18,hdslay1,arr,,,,,,
oname:hdslay1_t16_otype:arr_i:26_j:19,33.71632,0.0,hdslay1_t16,26,19,hdslay1,arr,,,,,,
oname:hdslay1_t16_otype:arr_i:26_j:2,33.63366,0.0,hdslay1_t16,26,2,hdslay1,arr,,,,,,
oname:hdslay1_t16_otype:arr_i:26_j:3,33.60135,0.0,hdslay1_t16,26,3,hdslay1,arr,,,,,,
oname:hdslay1_t16_otype:arr_i:26_j:4,33.56681,0.0,hdslay1_t16,26,4,hdslay1,arr,,,,,,
oname:hdslay1_t16_otype:arr_i:26_j:5,33.54559,0.0,hdslay1_t16,26,5,hdslay1,arr,,,,,,
oname:hdslay1_t16_otype:arr_i:26_j:6,33.53603,0.0,hdslay1_t16,26,6,hdslay1,arr,,,,,,
oname:hdslay1_t16_otype:arr_i:26_j:7,33.53567,0.0,hdslay1_t16,26,7,hdslay1,arr,,,,,,
oname:hdslay1_t16_otype:arr_i:26_j:8,33.53695,0.0,hdslay1_t16,26,8,hdslay1,arr,,,,,,
oname:hdslay1_t16_otype:arr_i:26_j:9,33.52957,0.0,hdslay1_t16,26,9,hdslay1,arr,,,,,,
oname:hdslay1_t16_otype:arr_i:27_j:0,33.65171,0.0,hdslay1_t16,27,0,hdslay1,arr,,,,,,
oname:hdslay1_t16_otype:arr_i:27_j:1,33.64237,0.0,hdslay1_t16,27,1,hdslay1,arr,,,,,,
oname:hdslay1_t16_otype:arr_i:27_j:10,33.53265,0.0,hdslay1_t16,27,10,hdslay1,arr,,,,,,
oname:hdslay1_t16_otype:arr_i:27_j:11,33.56415,0.0,hdslay1_t16,27,11,hdslay1,arr,,,,,,
oname:hdslay1_t16_otype:arr_i:27_j:12,33.58938,0.0,hdslay1_t16,27,12,hdslay1,arr,,,,,,
oname:hdslay1_t16_otype:arr_i:27_j:13,33.61877,0.0,hdslay1_t16,27,13,hdslay1,arr,,,,,,
oname:hdslay1_t16_otype:arr_i:27_j:14,33.64379,0.0,hdslay1_t16,27,14,hdslay1,arr,,,,,,
oname:hdslay1_t16_otype:arr_i:27_j:15,33.6601,0.0,hdslay1_t16,27,15,hdslay1,arr,,,,,,
oname:hdslay1_t16_otype:arr_i:27_j:16,33.66636,0.0,hdslay1_t16,27,16,hdslay1,arr,,,,,,
oname:hdslay1_t16_otype:arr_i:27_j:17,33.67519,0.0,hdslay1_t16,27,17,hdslay1,arr,,,,,,
oname:hdslay1_t16_otype:arr_i:27_j:18,33.6856,0.0,hdslay1_t16,27,18,hdslay1,arr,,,,,,
oname:hdslay1_t16_otype:arr_i:27_j:19,33.69258,0.0,hdslay1_t16,27,19,hdslay1,arr,,,,,,
oname:hdslay1_t16_otype:arr_i:27_j:2,33.62153,0.0,hdslay1_t16,27,2,hdslay1,arr,,,,,,
oname:hdslay1_t16_otype:arr_i:27_j:3,33.59526,0.0,hdslay1_t16,27,3,hdslay1,arr,,,,,,
oname:hdslay1_t16_otype:arr_i:27_j:4,33.5642,0.0,hdslay1_t16,27,4,hdslay1,arr,,,,,,
oname:hdslay1_t16_otype:arr_i:27_j:5,33.53333,0.0,hdslay1_t16,27,5,hdslay1,arr,,,,,,
oname:hdslay1_t16_otype:arr_i:27_j:6,33.51535,0.0,hdslay1_t16,27,6,hdslay1,arr,,,,,,
oname:hdslay1_t16_otype:arr_i:27_j:7,33.51409,0.0,hdslay1_t16,27,7,hdslay1,arr,,,,,,
oname:hdslay1_t16_otype:arr_i:27_j:8,33.5192,0.0,hdslay1_t16,27,8,hdslay1,arr,,,,,,
oname:hdslay1_t16_otype:arr_i:27_j:9,33.52567,0.0,hdslay1_t16,27,9,hdslay1,arr,,,,,,
oname:hdslay1_t16_otype:arr_i:28_j:0,33.63922,0.0,hdslay1_t16,28,0,hdslay1,arr,,,,,,
oname:hdslay1_t16_otype:arr_i:28_j:1,33.63027,0.0,hdslay1_t16,28,1,hdslay1,arr,,,,,,
oname:hdslay1_t16_otype:arr_i:28_j:10,33.53356,0.0,hdslay1_t16,28,10,hdslay1,arr,,,,,,
oname:hdslay1_t16_otype:arr_i:28_j:11,33.55483,0.0,hdslay1_t16,28,11,hdslay1,arr,,,,,,
oname:hdslay1_t16_otype:arr_i:28_j:12,33.57782,0.0,hdslay1_t16,28,12,hdslay1,arr,,,,,,
oname:hdslay1_t16_otype:arr_i:28_j:13,33.60455,0.0,hdslay1_t16,28,13,hdslay1,arr,,,,,,
oname:hdslay1_t16_otype:arr_i:28_j:14,33.62991,0.0,hdslay1_t16,28,14,hdslay1,arr,,,,,,
oname:hdslay1_t16_otype:arr_i:28_j:15,33.64746,0.0,hdslay1_t16,28,15,hdslay1,arr,,,,,,
oname:hdslay1_t16_otype:arr_i:28_j:16,33.65117,0.0,hdslay1_t16,28,16,hdslay1,arr,,,,,,
oname:hdslay1_t16_otype:arr_i:28_j:17,33.65771,0.0,hdslay1_t16,28,17,hdslay1,arr,,,,,,
oname:hdslay1_t16_otype:arr_i:28_j:18,33.6636,0.0,hdslay1_t16,28,18,hdslay1,arr,,,,,,
oname:hdslay1_t16_otype:arr_i:28_j:19,33.66881,0.0,hdslay1_t16,28,19,hdslay1,arr,,,,,,
oname:hdslay1_t16_otype:arr_i:28_j:2,33.61162,0.0,hdslay1_t16,28,2,hdslay1,arr,,,,,,
oname:hdslay1_t16_otype:arr_i:28_j:3,33.58421,0.0,hdslay1_t16,28,3,hdslay1,arr,,,,,,
oname:hdslay1_t16_otype:arr_i:28_j:4,33.54699,0.0,hdslay1_t16,28,4,hdslay1,arr,,,,,,
oname:hdslay1_t16_otype:arr_i:28_j:5,33.50503,0.0,hdslay1_t16,28,5,hdslay1,arr,,,,,,
oname:hdslay1_t16_otype:arr_i:28_j:6,33.46709,0.0,hdslay1_t16,28,6,hdslay1,arr,,,,,,
oname:hdslay1_t16_otype:arr_i:28_j:7,33.48324,0.0,hdslay1_t16,28,7,hdslay1,arr,,,,,,
oname:hdslay1_t16_otype:arr_i:28_j:8,33.50075,0.0,hdslay1_t16,28,8,hdslay1,arr,,,,,,
oname:hdslay1_t16_otype:arr_i:28_j:9,33.51754,0.0,hdslay1_t16,28,9,hdslay1,arr,,,,,,
oname:hdslay1_t16_otype:arr_i:29_j:0,33.6267,0.0,hdslay1_t16,29,0,hdslay1,arr,,,,,,
oname:hdslay1_t16_otype:arr_i:29_j:1,33.61761,0.0,hdslay1_t16,29,1,hdslay1,arr,,,,,,
oname:hdslay1_t16_otype:arr_i:29_j:10,33.52269,0.0,hdslay1_t16,29,10,hdslay1,arr,,,,,,
oname:hdslay1_t16_otype:arr_i:29_j:11,33.54276,0.0,hdslay1_t16,29,11,hdslay1,arr,,,,,,
oname:hdslay1_t16_otype:arr_i:29_j:12,33.56085,0.0,hdslay1_t16,29,12,hdslay1,arr,,,,,,
oname:hdslay1_t16_otype:arr_i:29_j:13,33.58364,0.0,hdslay1_t16,29,13,hdslay1,arr,,,,,,
oname:hdslay1_t16_otype:arr_i:29_j:14,33.60964,0.0,hdslay1_t16,29,14,hdslay1,arr,,,,,,
oname:hdslay1_t16_otype:arr_i:29_j:15,33.63318,0.0,hdslay1_t16,29,15,hdslay1,arr,,,,,,
oname:hdslay1_t16_otype:arr_i:29_j:16,33.63442,0.0,hdslay1_t16,29,16,hdslay1,arr,,,,,,
oname:hdslay1_t16_otype:arr_i:29_j:17,33.63851,0.0,hdslay1_t16,29,17,hdslay1,arr,,,,,,
oname:hdslay1_t16_otype:arr_i:29_j:18,33.64467,0.0,hdslay1_t16,29,18,hdslay1,arr,,,,,,
oname:hdslay1_t16_otype:arr_i:29_j:19,33.64797,0.0,hdslay1_t16,29,19,hdslay1,arr,,,,,,
oname:hdslay1_t16_otype:arr_i:29_j:2,33.59712,0.0,hdslay1_t16,29,2,hdslay1,arr,,,,,,
oname:hdslay1_t16_otype:arr_i:29_j:3,33.56806,0.0,hdslay1_t16,29,3,hdslay1,arr,,,,,,
oname:hdslay1_t16_otype:arr_i:29_j:4,33.52872,0.0,hdslay1_t16,29,4,hdslay1,arr,,,,,,
oname:hdslay1_t16_otype:arr_i:29_j:5,33.46585,0.0,hdslay1_t16,29,5,hdslay1,arr,,,,,,
oname:hdslay1_t16_otype:arr_i:29_j:6,33.36622,0.0,hdslay1_t16,29,6,hdslay1,arr,,,,,,
oname:hdslay1_t16_otype:arr_i:29_j:7,33.44622,0.0,hdslay1_t16,29,7,hdslay1,arr,,,,,,
oname:hdslay1_t16_otype:arr_i:29_j:8,33.48169,0.0,hdslay1_t16,29,8,hdslay1,arr,,,,,,
oname:hdslay1_t16_otype:arr_i:29_j:9,33.50284,0.0,hdslay1_t16,29,9,hdslay1,arr,,,,,,
oname:hdslay1_t16_otype:arr_i:2_j:0,35.01715,0.0,hdslay1_t16,2,0,hdslay1,arr,,,,,,
oname:hdslay1_t16_otype:arr_i:2_j:1,35.00922,0.0,hdslay1_t16,2,1,hdslay1,arr,,,,,,
oname:hdslay1_t16_otype:arr_i:2_j:10,34.40001,0.0,hdslay1_t16,2,10,hdslay1,arr,,,,,,
oname:hdslay1_t16_otype:arr_i:2_j:11,34.35385,0.0,hdslay1_t16,2,11,hdslay1,arr,,,,,,
oname:hdslay1_t16_otype:arr_i:2_j:12,34.30967,0.0,hdslay1_t16,2,12,hdslay1,arr,,,,,,
oname:hdslay1_t16_otype:arr_i:2_j:13,34.26368,0.0,hdslay1_t16,2,13,hdslay1,arr,,,,,,
oname:hdslay1_t16_otype:arr_i:2_j:14,34.22031,0.0,hdslay1_t16,2,14,hdslay1,arr,,,,,,
oname:hdslay1_t16_otype:arr_i:2_j:15,34.18434,0.0,hdslay1_t16,2,15,hdslay1,arr,,,,,,
oname:hdslay1_t16_otype:arr_i:2_j:16,34.17284,0.0,hdslay1_t16,2,16,hdslay1,arr,,,,,,
oname:hdslay1_t16_otype:arr_i:2_j:17,34.1617,0.0,hdslay1_t16,2,17,hdslay1,arr,,,,,,
oname:hdslay1_t16_otype:arr_i:2_j:18,34.15341,0.0,hdslay1_t16,2,18,hdslay1,arr,,,,,,
oname:hdslay1_t16_otype:arr_i:2_j:19,34.15029,0.0,hdslay1_t16,2,19,hdslay1,arr,,,,,,
oname:hdslay1_t16_otype:arr_i:2_j:2,34.99529,0.0,hdslay1_t16,2,2,hdslay1,arr,,,,,,
oname:hdslay1_t16_otype:arr_i:2_j:3,34.95662,0.0,hdslay1_t16,2,3,hdslay1,arr,,,,,,
oname:hdslay1_t16_otype:arr_i:2_j:4,34.89625,0.0,hdslay1_t16,2,4,hdslay1,arr,,,,,,
oname:hdslay1_t16_otype:arr_i:2_j:5,34.81857,0.0,hdslay1_t16,2,5,hdslay1,arr,,,,,,
oname:hdslay1_t16_otype:arr_i:2_j:6,34.72305,0.0,hdslay1_t16,2,6,hdslay1,arr,,,,,,
oname:hdslay1_t16_otype:arr_i:2_j:7,34.60916,0.0,hdslay1_t16,2,7,hdslay1,arr,,,,,,
oname:hdslay1_t16_otype:arr_i:2_j:8,34.51802,0.0,hdslay1_t16,2,8,hdslay1,arr,,,,,,
oname:hdslay1_t16_otype:arr_i:2_j:9,34.45183,0.0,hdslay1_t16,2,9,hdslay1,arr,,,,,,
oname:hdslay1_t16_otype:arr_i:30_j:0,33.61288,0.0,hdslay1_t16,30,0,hdslay1,arr,,,,,,
oname:hdslay1_t16_otype:arr_i:30_j:1,33.60315,0.0,hdslay1_t16,30,1,hdslay1,arr,,,,,,
oname:hdslay1_t16_otype:arr_i:30_j:10,33.50922,0.0,hdslay1_t16,30,10,hdslay1,arr,,,,,,
oname:hdslay1_t16_otype:arr_i:30_j:11,33.52466,0.0,hdslay1_t16,30,11,hdslay1,arr,,,,,,
oname:hdslay1_t16_otype:arr_i:30_j:12,33.54158,0.0,hdslay1_t16,30,12,hdslay1,arr,,,,,,
oname:hdslay1_t16_otype:arr_i:30_j:13,33.56258,0.0,hdslay1_t16,30,13,hdslay1,arr,,,,,,
oname:hdslay1_t16_otype:arr_i:30_j:14,33.58584,0.0,hdslay1_t16,30,14,hdslay1,arr,,,,,,
oname:hdslay1_t16_otype:arr_i:30_j:15,33.60577,0.0,hdslay1_t16,30,15,hdslay1,arr,,,,,,
oname:hdslay1_t16_otype:arr_i:30_j:16,33.61217,0.0,hdslay1_t16,30,16,hdslay1,arr,,,,,,
oname:hdslay1_t16_otype:arr_i:30_j:17,33.61729,0.0,hdslay1_t16,30,17,hdslay1,arr,,,,,,
oname:hdslay1_t16_otype:arr_i:30_j:18,33.62298,0.0,hdslay1_t16,30,18,hdslay1,arr,,,,,,
oname:hdslay1_t16_otype:arr_i:30_j:19,33.62442,0.0,hdslay1_t16,30,19,hdslay1,arr,,,,,,
oname:hdslay1_t16_otype:arr_i:30_j:2,33.58648,0.0,hdslay1_t16,30,2,hdslay1,arr,,,,,,
oname:hdslay1_t16_otype:arr_i:30_j:3,33.56251,0.0,hdslay1_t16,30,3,hdslay1,arr,,,,,,
oname:hdslay1_t16_otype:arr_i:30_j:4,33.52661,0.0,hdslay1_t16,30,4,hdslay1,arr,,,,,,
oname:hdslay1_t16_otype:arr_i:30_j:5,33.48206,0.0,hdslay1_t16,30,5,hdslay1,arr,,,,,,
oname:hdslay1_t16_otype:arr_i:30_j:6,33.44273,0.0,hdslay1_t16,30,6,hdslay1,arr,,,,,,
oname:hdslay1_t16_otype:arr_i:30_j:7,33.46048,0.0,hdslay1_t16,30,7,hdslay1,arr,,,,,,
oname:hdslay1_t16_otype:arr_i:30_j:8,33.4776,0.0,hdslay1_t16,30,8,hdslay1,arr,,,,,,
oname:hdslay1_t16_otype:arr_i:30_j:9,33.49259,0.0,hdslay1_t16,30,9,hdslay1,arr,,,,,,
oname:hdslay1_t16_otype:arr_i:31_j:0,33.60375,0.0,hdslay1_t16,31,0,hdslay1,arr,,,,,,
oname:hdslay1_t16_otype:arr_i:31_j:1,33.59185,0.0,hdslay1_t16,31,1,hdslay1,arr,,,,,,
oname:hdslay1_t16_otype:arr_i:31_j:10,33.49375,0.0,hdslay1_t16,31,10,hdslay1,arr,,,,,,
oname:hdslay1_t16_otype:arr_i:31_j:11,33.50699,0.0,hdslay1_t16,31,11,hdslay1,arr,,,,,,
oname:hdslay1_t16_otype:arr_i:31_j:12,33.51954,0.0,hdslay1_t16,31,12,hdslay1,arr,,,,,,
oname:hdslay1_t16_otype:arr_i:31_j:13,33.5387,0.0,hdslay1_t16,31,13,hdslay1,arr,,,,,,
oname:hdslay1_t16_otype:arr_i:31_j:14,33.56403,0.0,hdslay1_t16,31,14,hdslay1,arr,,,,,,
oname:hdslay1_t16_otype:arr_i:31_j:15,33.58524,0.0,hdslay1_t16,31,15,hdslay1,arr,,,,,,
oname:hdslay1_t16_otype:arr_i:31_j:16,33.59332,0.0,hdslay1_t16,31,16,hdslay1,arr,,,,,,
oname:hdslay1_t16_otype:arr_i:31_j:17,33.59915,0.0,hdslay1_t16,31,17,hdslay1,arr,,,,,,
oname:hdslay1_t16_otype:arr_i:31_j:18,33.60382,0.0,hdslay1_t16,31,18,hdslay1,arr,,,,,,
oname:hdslay1_t16_otype:arr_i:31_j:19,33.60611,0.0,hdslay1_t16,31,19,hdslay1,arr,,,,,,
oname:hdslay1_t16_otype:arr_i:31_j:2,33.57868,0.0,hdslay1_t16,31,2,hdslay1,arr,,,,,,
oname:hdslay1_t16_otype:arr_i:31_j:3,33.55703,0.0,hdslay1_t16,31,3,hdslay1,arr,,,,,,
oname:hdslay1_t16_otype:arr_i:31_j:4,33.5247,0.0,hdslay1_t16,31,4,hdslay1,arr,,,,,,
oname:hdslay1_t16_otype:arr_i:31_j:5,33.49162,0.0,hdslay1_t16,31,5,hdslay1,arr,,,,,,
oname:hdslay1_t16_otype:arr_i:31_j:6,33.47019,0.0,hdslay1_t16,31,6,hdslay1,arr,,,,,,
oname:hdslay1_t16_otype:arr_i:31_j:7,33.46803,0.0,hdslay1_t16,31,7,hdslay1,arr,,,,,,
oname:hdslay1_t16_otype:arr_i:31_j:8,33.47268,0.0,hdslay1_t16,31,8,hdslay1,arr,,,,,,
oname:hdslay1_t16_otype:arr_i:31_j:9,33.48028,0.0,hdslay1_t16,31,9,hdslay1,arr,,,,,,
oname:hdslay1_t16_otype:arr_i:32_j:0,1e+30,0.0,hdslay1_t16,32,0,hdslay1,arr,,,,,,
oname:hdslay1_t16_otype:arr_i:32_j:1,33.58329,0.0,hdslay1_t16,32,1,hdslay1,arr,,,,,,
oname:hdslay1_t16_otype:arr_i:32_j:10,33.47194,0.0,hdslay1_t16,32,10,hdslay1,arr,,,,,,
oname:hdslay1_t16_otype:arr_i:32_j:11,33.48259,0.0,hdslay1_t16,32,11,hdslay1,arr,,,,,,
oname:hdslay1_t16_otype:arr_i:32_j:12,33.49422,0.0,hdslay1_t16,32,12,hdslay1,arr,,,,,,
oname:hdslay1_t16_otype:arr_i:32_j:13,33.51587,0.0,hdslay1_t16,32,13,hdslay1,arr,,,,,,
oname:hdslay1_t16_otype:arr_i:32_j:14,33.54356,0.0,hdslay1_t16,32,14,hdslay1,arr,,,,,,
oname:hdslay1_t16_otype:arr_i:32_j:15,33.57094,0.0,hdslay1_t16,32,15,hdslay1,arr,,,,,,
oname:hdslay1_t16_otype:arr_i:32_j:16,33.57977,0.0,hdslay1_t16,32,16,hdslay1,arr,,,,,,
oname:hdslay1_t16_otype:arr_i:32_j:17,33.58536,0.0,hdslay1_t16,32,17,hdslay1,arr,,,,,,
oname:hdslay1_t16_otype:arr_i:32_j:18,33.59003,0.0,hdslay1_t16,32,18,hdslay1,arr,,,,,,
oname:hdslay1_t16_otype:arr_i:32_j:19,33.59271,0.0,hdslay1_t16,32,19,hdslay1,arr,,,,,,
oname:hdslay1_t16_otype:arr_i:32_j:2,33.57012,0.0,hdslay1_t16,32,2,hdslay1,arr,,,,,,
oname:hdslay1_t16_otype:arr_i:32_j:3,33.54646,0.0,hdslay1_t16,32,3,hdslay1,arr,,,,,,
oname:hdslay1_t16_otype:arr_i:32_j:4,33.51655,0.0,hdslay1_t16,32,4,hdslay1,arr,,,,,,
oname:hdslay1_t16_otype:arr_i:32_j:5,33.49083,0.0,hdslay1_t16,32,5,hdslay1,arr,,,,,,
oname:hdslay1_t16_otype:arr_i:32_j:6,33.47373,0.0,hdslay1_t16,32,6,hdslay1,arr,,,,,,
oname:hdslay1_t16_otype:arr_i:32_j:7,33.46561,0.0,hdslay1_t16,32,7,hdslay1,arr,,,,,,
oname:hdslay1_t16_otype:arr_i:32_j:8,33.46359,0.0,hdslay1_t16,32,8,hdslay1,arr,,,,,,
oname:hdslay1_t16_otype:arr_i:32_j:9,33.46542,0.0,hdslay1_t16,32,9,hdslay1,arr,,,,,,
oname:hdslay1_t16_otype:arr_i:33_j:0,1e+30,0.0,hdslay1_t16,33,0,hdslay1,arr,,,,,,
oname:hdslay1_t16_otype:arr_i:33_j:1,1e+30,0.0,hdslay1_t16,33,1,hdslay1,arr,,,,,,
oname:hdslay1_t16_otype:arr_i:33_j:10,33.44536,0.0,hdslay1_t16,33,10,hdslay1,arr,,,,,,
oname:hdslay1_t16_otype:arr_i:33_j:11,33.44085,0.0,hdslay1_t16,33,11,hdslay1,arr,,,,,,
oname:hdslay1_t16_otype:arr_i:33_j:12,33.44186,0.0,hdslay1_t16,33,12,hdslay1,arr,,,,,,
oname:hdslay1_t16_otype:arr_i:33_j:13,33.48714,0.0,hdslay1_t16,33,13,hdslay1,arr,,,,,,
oname:hdslay1_t16_otype:arr_i:33_j:14,33.52357,0.0,hdslay1_t16,33,14,hdslay1,arr,,,,,,
oname:hdslay1_t16_otype:arr_i:33_j:15,33.55633,0.0,hdslay1_t16,33,15,hdslay1,arr,,,,,,
oname:hdslay1_t16_otype:arr_i:33_j:16,33.56734,0.0,hdslay1_t16,33,16,hdslay1,arr,,,,,,
oname:hdslay1_t16_otype:arr_i:33_j:17,33.57505,0.0,hdslay1_t16,33,17,hdslay1,arr,,,,,,
oname:hdslay1_t16_otype:arr_i:33_j:18,33.58071,0.0,hdslay1_t16,33,18,hdslay1,arr,,,,,,
oname:hdslay1_t16_otype:arr_i:33_j:19,33.58439,0.0,hdslay1_t16,33,19,hdslay1,arr,,,,,,
oname:hdslay1_t16_otype:arr_i:33_j:2,33.55721,0.0,hdslay1_t16,33,2,hdslay1,arr,,,,,,
oname:hdslay1_t16_otype:arr_i:33_j:3,33.53247,0.0,hdslay1_t16,33,3,hdslay1,arr,,,,,,
oname:hdslay1_t16_otype:arr_i:33_j:4,33.50111,0.0,hdslay1_t16,33,4,hdslay1,arr,,,,,,
oname:hdslay1_t16_otype:arr_i:33_j:5,33.47982,0.0,hdslay1_t16,33,5,hdslay1,arr,,,,,,
oname:hdslay1_t16_otype:arr_i:33_j:6,33.46489,0.0,hdslay1_t16,33,6,hdslay1,arr,,,,,,
oname:hdslay1_t16_otype:arr_i:33_j:7,33.45506,0.0,hdslay1_t16,33,7,hdslay1,arr,,,,,,
oname:hdslay1_t16_otype:arr_i:33_j:8,33.44928,0.0,hdslay1_t16,33,8,hdslay1,arr,,,,,,
oname:hdslay1_t16_otype:arr_i:33_j:9,33.44652,0.0,hdslay1_t16,33,9,hdslay1,arr,,,,,,
oname:hdslay1_t16_otype:arr_i:34_j:0,1e+30,0.0,hdslay1_t16,34,0,hdslay1,arr,,,,,,
oname:hdslay1_t16_otype:arr_i:34_j:1,1e+30,0.0,hdslay1_t16,34,1,hdslay1,arr,,,,,,
oname:hdslay1_t16_otype:arr_i:34_j:10,33.4159,0.0,hdslay1_t16,34,10,hdslay1,arr,,,,,,
oname:hdslay1_t16_otype:arr_i:34_j:11,33.38611,0.0,hdslay1_t16,34,11,hdslay1,arr,,,,,,
oname:hdslay1_t16_otype:arr_i:34_j:12,33.29863,0.0,hdslay1_t16,34,12,hdslay1,arr,,,,,,
oname:hdslay1_t16_otype:arr_i:34_j:13,33.4472,0.0,hdslay1_t16,34,13,hdslay1,arr,,,,,,
oname:hdslay1_t16_otype:arr_i:34_j:14,33.5054,0.0,hdslay1_t16,34,14,hdslay1,arr,,,,,,
oname:hdslay1_t16_otype:arr_i:34_j:15,33.54087,0.0,hdslay1_t16,34,15,hdslay1,arr,,,,,,
oname:hdslay1_t16_otype:arr_i:34_j:16,33.5528,0.0,hdslay1_t16,34,16,hdslay1,arr,,,,,,
oname:hdslay1_t16_otype:arr_i:34_j:17,33.56323,0.0,hdslay1_t16,34,17,hdslay1,arr,,,,,,
oname:hdslay1_t16_otype:arr_i:34_j:18,33.57189,0.0,hdslay1_t16,34,18,hdslay1,arr,,,,,,
oname:hdslay1_t16_otype:arr_i:34_j:19,33.57942,0.0,hdslay1_t16,34,19,hdslay1,arr,,,,,,
oname:hdslay1_t16_otype:arr_i:34_j:2,1e+30,0.0,hdslay1_t16,34,2,hdslay1,arr,,,,,,
oname:hdslay1_t16_otype:arr_i:34_j:3,33.50876,0.0,hdslay1_t16,34,3,hdslay1,arr,,,,,,
oname:hdslay1_t16_otype:arr_i:34_j:4,33.47665,0.0,hdslay1_t16,34,4,hdslay1,arr,,,,,,
oname:hdslay1_t16_otype:arr_i:34_j:5,33.46099,0.0,hdslay1_t16,34,5,hdslay1,arr,,,,,,
oname:hdslay1_t16_otype:arr_i:34_j:6,33.44602,0.0,hdslay1_t16,34,6,hdslay1,arr,,,,,,
oname:hdslay1_t16_otype:arr_i:34_j:7,33.43656,0.0,hdslay1_t16,34,7,hdslay1,arr,,,,,,
oname:hdslay1_t16_otype:arr_i:34_j:8,33.43144,0.0,hdslay1_t16,34,8,hdslay1,arr,,,,,,
oname:hdslay1_t16_otype:arr_i:34_j:9,33.42626,0.0,hdslay1_t16,34,9,hdslay1,arr,,,,,,
oname:hdslay1_t16_otype:arr_i:35_j:0,1e+30,0.0,hdslay1_t16,35,0,hdslay1,arr,,,,,,
oname:hdslay1_t16_otype:arr_i:35_j:1,1e+30,0.0,hdslay1_t16,35,1,hdslay1,arr,,,,,,
oname:hdslay1_t16_otype:arr_i:35_j:10,33.39602,0.0,hdslay1_t16,35,10,hdslay1,arr,,,,,,
oname:hdslay1_t16_otype:arr_i:35_j:11,33.38946,0.0,hdslay1_t16,35,11,hdslay1,arr,,,,,,
oname:hdslay1_t16_otype:arr_i:35_j:12,33.38895,0.0,hdslay1_t16,35,12,hdslay1,arr,,,,,,
oname:hdslay1_t16_otype:arr_i:35_j:13,33.45132,0.0,hdslay1_t16,35,13,hdslay1,arr,,,,,,
oname:hdslay1_t16_otype:arr_i:35_j:14,33.49937,0.0,hdslay1_t16,35,14,hdslay1,arr,,,,,,
oname:hdslay1_t16_otype:arr_i:35_j:15,33.5289,0.0,hdslay1_t16,35,15,hdslay1,arr,,,,,,
oname:hdslay1_t16_otype:arr_i:35_j:16,33.53878,0.0,hdslay1_t16,35,16,hdslay1,arr,,,,,,
oname:hdslay1_t16_otype:arr_i:35_j:17,33.54877,0.0,hdslay1_t16,35,17,hdslay1,arr,,,,,,
oname:hdslay1_t16_otype:arr_i:35_j:18,33.55711,0.0,hdslay1_t16,35,18,hdslay1,arr,,,,,,
oname:hdslay1_t16_otype:arr_i:35_j:19,1e+30,0.0,hdslay1_t16,35,19,hdslay1,arr,,,,,,
oname:hdslay1_t16_otype:arr_i:35_j:2,1e+30,0.0,hdslay1_t16,35,2,hdslay1,arr,,,,,,
oname:hdslay1_t16_otype:arr_i:35_j:3,1e+30,0.0,hdslay1_t16,35,3,hdslay1,arr,,,,,,
oname:hdslay1_t16_otype:arr_i:35_j:4,33.44866,0.0,hdslay1_t16,35,4,hdslay1,arr,,,,,,
oname:hdslay1_t16_otype:arr_i:35_j:5,33.43545,0.0,hdslay1_t16,35,5,hdslay1,arr,,,,,,
oname:hdslay1_t16_otype:arr_i:35_j:6,33.42071,0.0,hdslay1_t16,35,6,hdslay1,arr,,,,,,
oname:hdslay1_t16_otype:arr_i:35_j:7,33.4114,0.0,hdslay1_t16,35,7,hdslay1,arr,,,,,,
oname:hdslay1_t16_otype:arr_i:35_j:8,33.40809,0.0,hdslay1_t16,35,8,hdslay1,arr,,,,,,
oname:hdslay1_t16_otype:arr_i:35_j:9,33.40388,0.0,hdslay1_t16,35,9,hdslay1,arr,,,,,,
oname:hdslay1_t16_otype:arr_i:36_j:0,1e+30,0.0,hdslay1_t16,36,0,hdslay1,arr,,,,,,
oname:hdslay1_t16_otype:arr_i:36_j:1,1e+30,0.0,hdslay1_t16,36,1,hdslay1,arr,,,,,,
oname:hdslay1_t16_otype:arr_i:36_j:10,33.37816,0.0,hdslay1_t16,36,10,hdslay1,arr,,,,,,
oname:hdslay1_t16_otype:arr_i:36_j:11,33.38621,0.0,hdslay1_t16,36,11,hdslay1,arr,,,,,,
oname:hdslay1_t16_otype:arr_i:36_j:12,33.40659,0.0,hdslay1_t16,36,12,hdslay1,arr,,,,,,
oname:hdslay1_t16_otype:arr_i:36_j:13,33.45084,0.0,hdslay1_t16,36,13,hdslay1,arr,,,,,,
oname:hdslay1_t16_otype:arr_i:36_j:14,33.49056,0.0,hdslay1_t16,36,14,hdslay1,arr,,,,,,
oname:hdslay1_t16_otype:arr_i:36_j:15,33.51818,0.0,hdslay1_t16,36,15,hdslay1,arr,,,,,,
oname:hdslay1_t16_otype:arr_i:36_j:16,33.52688,0.0,hdslay1_t16,36,16,hdslay1,arr,,,,,,
oname:hdslay1_t16_otype:arr_i:36_j:17,33.53711,0.0,hdslay1_t16,36,17,hdslay1,arr,,,,,,
oname:hdslay1_t16_otype:arr_i:36_j:18,33.54789,0.0,hdslay1_t16,36,18,hdslay1,arr,,,,,,
oname:hdslay1_t16_otype:arr_i:36_j:19,1e+30,0.0,hdslay1_t16,36,19,hdslay1,arr,,,,,,
oname:hdslay1_t16_otype:arr_i:36_j:2,1e+30,0.0,hdslay1_t16,36,2,hdslay1,arr,,,,,,
oname:hdslay1_t16_otype:arr_i:36_j:3,1e+30,0.0,hdslay1_t16,36,3,hdslay1,arr,,,,,,
oname:hdslay1_t16_otype:arr_i:36_j:4,33.43082,0.0,hdslay1_t16,36,4,hdslay1,arr,,,,,,
oname:hdslay1_t16_otype:arr_i:36_j:5,33.40592,0.0,hdslay1_t16,36,5,hdslay1,arr,,,,,,
oname:hdslay1_t16_otype:arr_i:36_j:6,33.39101,0.0,hdslay1_t16,36,6,hdslay1,arr,,,,,,
oname:hdslay1_t16_otype:arr_i:36_j:7,33.38316,0.0,hdslay1_t16,36,7,hdslay1,arr,,,,,,
oname:hdslay1_t16_otype:arr_i:36_j:8,33.3798,0.0,hdslay1_t16,36,8,hdslay1,arr,,,,,,
oname:hdslay1_t16_otype:arr_i:36_j:9,33.37972,0.0,hdslay1_t16,36,9,hdslay1,arr,,,,,,
oname:hdslay1_t16_otype:arr_i:37_j:0,1e+30,0.0,hdslay1_t16,37,0,hdslay1,arr,,,,,,
oname:hdslay1_t16_otype:arr_i:37_j:1,1e+30,0.0,hdslay1_t16,37,1,hdslay1,arr,,,,,,
oname:hdslay1_t16_otype:arr_i:37_j:10,33.35587,0.0,hdslay1_t16,37,10,hdslay1,arr,,,,,,
oname:hdslay1_t16_otype:arr_i:37_j:11,33.36892,0.0,hdslay1_t16,37,11,hdslay1,arr,,,,,,
oname:hdslay1_t16_otype:arr_i:37_j:12,33.39786,0.0,hdslay1_t16,37,12,hdslay1,arr,,,,,,
oname:hdslay1_t16_otype:arr_i:37_j:13,33.43832,0.0,hdslay1_t16,37,13,hdslay1,arr,,,,,,
oname:hdslay1_t16_otype:arr_i:37_j:14,33.47699,0.0,hdslay1_t16,37,14,hdslay1,arr,,,,,,
oname:hdslay1_t16_otype:arr_i:37_j:15,33.50719,0.0,hdslay1_t16,37,15,hdslay1,arr,,,,,,
oname:hdslay1_t16_otype:arr_i:37_j:16,33.51725,0.0,hdslay1_t16,37,16,hdslay1,arr,,,,,,
oname:hdslay1_t16_otype:arr_i:37_j:17,33.52639,0.0,hdslay1_t16,37,17,hdslay1,arr,,,,,,
oname:hdslay1_t16_otype:arr_i:37_j:18,1e+30,0.0,hdslay1_t16,37,18,hdslay1,arr,,,,,,
oname:hdslay1_t16_otype:arr_i:37_j:19,1e+30,0.0,hdslay1_t16,37,19,hdslay1,arr,,,,,,
oname:hdslay1_t16_otype:arr_i:37_j:2,1e+30,0.0,hdslay1_t16,37,2,hdslay1,arr,,,,,,
oname:hdslay1_t16_otype:arr_i:37_j:3,1e+30,0.0,hdslay1_t16,37,3,hdslay1,arr,,,,,,
oname:hdslay1_t16_otype:arr_i:37_j:4,1e+30,0.0,hdslay1_t16,37,4,hdslay1,arr,,,,,,
oname:hdslay1_t16_otype:arr_i:37_j:5,33.35892,0.0,hdslay1_t16,37,5,hdslay1,arr,,,,,,
oname:hdslay1_t16_otype:arr_i:37_j:6,33.35713,0.0,hdslay1_t16,37,6,hdslay1,arr,,,,,,
oname:hdslay1_t16_otype:arr_i:37_j:7,33.35437,0.0,hdslay1_t16,37,7,hdslay1,arr,,,,,,
oname:hdslay1_t16_otype:arr_i:37_j:8,33.35108,0.0,hdslay1_t16,37,8,hdslay1,arr,,,,,,
oname:hdslay1_t16_otype:arr_i:37_j:9,33.35261,0.0,hdslay1_t16,37,9,hdslay1,arr,,,,,,
oname:hdslay1_t16_otype:arr_i:38_j:0,1e+30,0.0,hdslay1_t16,38,0,hdslay1,arr,,,,,,
oname:hdslay1_t16_otype:arr_i:38_j:1,1e+30,0.0,hdslay1_t16,38,1,hdslay1,arr,,,,,,
oname:hdslay1_t16_otype:arr_i:38_j:10,33.31574,0.0,hdslay1_t16,38,10,hdslay1,arr,,,,,,
oname:hdslay1_t16_otype:arr_i:38_j:11,33.32728,0.0,hdslay1_t16,38,11,hdslay1,arr,,,,,,
oname:hdslay1_t16_otype:arr_i:38_j:12,33.36136,0.0,hdslay1_t16,38,12,hdslay1,arr,,,,,,
oname:hdslay1_t16_otype:arr_i:38_j:13,33.40755,0.0,hdslay1_t16,38,13,hdslay1,arr,,,,,,
oname:hdslay1_t16_otype:arr_i:38_j:14,33.45586,0.0,hdslay1_t16,38,14,hdslay1,arr,,,,,,
oname:hdslay1_t16_otype:arr_i:38_j:15,33.50273,0.0,hdslay1_t16,38,15,hdslay1,arr,,,,,,
oname:hdslay1_t16_otype:arr_i:38_j:16,33.51168,0.0,hdslay1_t16,38,16,hdslay1,arr,,,,,,
oname:hdslay1_t16_otype:arr_i:38_j:17,1e+30,0.0,hdslay1_t16,38,17,hdslay1,arr,,,,,,
oname:hdslay1_t16_otype:arr_i:38_j:18,1e+30,0.0,hdslay1_t16,38,18,hdslay1,arr,,,,,,
oname:hdslay1_t16_otype:arr_i:38_j:19,1e+30,0.0,hdslay1_t16,38,19,hdslay1,arr,,,,,,
oname:hdslay1_t16_otype:arr_i:38_j:2,1e+30,0.0,hdslay1_t16,38,2,hdslay1,arr,,,,,,
oname:hdslay1_t16_otype:arr_i:38_j:3,1e+30,0.0,hdslay1_t16,38,3,hdslay1,arr,,,,,,
oname:hdslay1_t16_otype:arr_i:38_j:4,1e+30,0.0,hdslay1_t16,38,4,hdslay1,arr,,,,,,
oname:hdslay1_t16_otype:arr_i:38_j:5,33.31556,0.0,hdslay1_t16,38,5,hdslay1,arr,,,,,,
oname:hdslay1_t16_otype:arr_i:38_j:6,33.3171,0.0,hdslay1_t16,38,6,hdslay1,arr,,,,,,
oname:hdslay1_t16_otype:arr_i:38_j:7,33.31276,0.0,hdslay1_t16,38,7,hdslay1,arr,,,,,,
oname:hdslay1_t16_otype:arr_i:38_j:8,33.31306,0.0,hdslay1_t16,38,8,hdslay1,arr,,,,,,
oname:hdslay1_t16_otype:arr_i:38_j:9,33.31406,0.0,hdslay1_t16,38,9,hdslay1,arr,,,,,,
oname:hdslay1_t16_otype:arr_i:39_j:0,1e+30,0.0,hdslay1_t16,39,0,hdslay1,arr,,,,,,
oname:hdslay1_t16_otype:arr_i:39_j:1,1e+30,0.0,hdslay1_t16,39,1,hdslay1,arr,,,,,,
oname:hdslay1_t16_otype:arr_i:39_j:10,33.24181,0.0,hdslay1_t16,39,10,hdslay1,arr,,,,,,
oname:hdslay1_t16_otype:arr_i:39_j:11,33.26459,0.0,hdslay1_t16,39,11,hdslay1,arr,,,,,,
oname:hdslay1_t16_otype:arr_i:39_j:12,33.30009,0.0,hdslay1_t16,39,12,hdslay1,arr,,,,,,
oname:hdslay1_t16_otype:arr_i:39_j:13,33.35101,0.0,hdslay1_t16,39,13,hdslay1,arr,,,,,,
oname:hdslay1_t16_otype:arr_i:39_j:14,33.40931,0.0,hdslay1_t16,39,14,hdslay1,arr,,,,,,
oname:hdslay1_t16_otype:arr_i:39_j:15,33.48494,0.0,hdslay1_t16,39,15,hdslay1,arr,,,,,,
oname:hdslay1_t16_otype:arr_i:39_j:16,1e+30,0.0,hdslay1_t16,39,16,hdslay1,arr,,,,,,
oname:hdslay1_t16_otype:arr_i:39_j:17,1e+30,0.0,hdslay1_t16,39,17,hdslay1,arr,,,,,,
oname:hdslay1_t16_otype:arr_i:39_j:18,1e+30,0.0,hdslay1_t16,39,18,hdslay1,arr,,,,,,
oname:hdslay1_t16_otype:arr_i:39_j:19,1e+30,0.0,hdslay1_t16,39,19,hdslay1,arr,,,,,,
oname:hdslay1_t16_otype:arr_i:39_j:2,1e+30,0.0,hdslay1_t16,39,2,hdslay1,arr,,,,,,
oname:hdslay1_t16_otype:arr_i:39_j:3,1e+30,0.0,hdslay1_t16,39,3,hdslay1,arr,,,,,,
oname:hdslay1_t16_otype:arr_i:39_j:4,1e+30,0.0,hdslay1_t16,39,4,hdslay1,arr,,,,,,
oname:hdslay1_t16_otype:arr_i:39_j:5,33.26108,0.0,hdslay1_t16,39,5,hdslay1,arr,,,,,,
oname:hdslay1_t16_otype:arr_i:39_j:6,33.25765,0.0,hdslay1_t16,39,6,hdslay1,arr,,,,,,
oname:hdslay1_t16_otype:arr_i:39_j:7,33.25811,0.0,hdslay1_t16,39,7,hdslay1,arr,,,,,,
oname:hdslay1_t16_otype:arr_i:39_j:8,33.25549,0.0,hdslay1_t16,39,8,hdslay1,arr,,,,,,
oname:hdslay1_t16_otype:arr_i:39_j:9,33.25017,0.0,hdslay1_t16,39,9,hdslay1,arr,,,,,,
oname:hdslay1_t16_otype:arr_i:3_j:0,35.00013,0.0,hdslay1_t16,3,0,hdslay1,arr,,,,,,
oname:hdslay1_t16_otype:arr_i:3_j:1,34.99559,0.0,hdslay1_t16,3,1,hdslay1,arr,,,,,,
oname:hdslay1_t16_otype:arr_i:3_j:10,34.39943,0.0,hdslay1_t16,3,10,hdslay1,arr,,,,,,
oname:hdslay1_t16_otype:arr_i:3_j:11,34.35043,0.0,hdslay1_t16,3,11,hdslay1,arr,,,,,,
oname:hdslay1_t16_otype:arr_i:3_j:12,34.30171,0.0,hdslay1_t16,3,12,hdslay1,arr,,,,,,
oname:hdslay1_t16_otype:arr_i:3_j:13,34.24841,0.0,hdslay1_t16,3,13,hdslay1,arr,,,,,,
oname:hdslay1_t16_otype:arr_i:3_j:14,34.20434,0.0,hdslay1_t16,3,14,hdslay1,arr,,,,,,
oname:hdslay1_t16_otype:arr_i:3_j:15,34.16686,0.0,hdslay1_t16,3,15,hdslay1,arr,,,,,,
oname:hdslay1_t16_otype:arr_i:3_j:16,34.15262,0.0,hdslay1_t16,3,16,hdslay1,arr,,,,,,
oname:hdslay1_t16_otype:arr_i:3_j:17,34.13976,0.0,hdslay1_t16,3,17,hdslay1,arr,,,,,,
oname:hdslay1_t16_otype:arr_i:3_j:18,34.13164,0.0,hdslay1_t16,3,18,hdslay1,arr,,,,,,
oname:hdslay1_t16_otype:arr_i:3_j:19,34.12806,0.0,hdslay1_t16,3,19,hdslay1,arr,,,,,,
oname:hdslay1_t16_otype:arr_i:3_j:2,34.98686,0.0,hdslay1_t16,3,2,hdslay1,arr,,,,,,
oname:hdslay1_t16_otype:arr_i:3_j:3,34.95657,0.0,hdslay1_t16,3,3,hdslay1,arr,,,,,,
oname:hdslay1_t16_otype:arr_i:3_j:4,34.90254,0.0,hdslay1_t16,3,4,hdslay1,arr,,,,,,
oname:hdslay1_t16_otype:arr_i:3_j:5,34.82806,0.0,hdslay1_t16,3,5,hdslay1,arr,,,,,,
oname:hdslay1_t16_otype:arr_i:3_j:6,34.72911,0.0,hdslay1_t16,3,6,hdslay1,arr,,,,,,
oname:hdslay1_t16_otype:arr_i:3_j:7,34.62424,0.0,hdslay1_t16,3,7,hdslay1,arr,,,,,,
oname:hdslay1_t16_otype:arr_i:3_j:8,34.53156,0.0,hdslay1_t16,3,8,hdslay1,arr,,,,,,
oname:hdslay1_t16_otype:arr_i:3_j:9,34.45894,0.0,hdslay1_t16,3,9,hdslay1,arr,,,,,,
oname:hdslay1_t16_otype:arr_i:4_j:0,34.97303,0.0,hdslay1_t16,4,0,hdslay1,arr,,,,,,
oname:hdslay1_t16_otype:arr_i:4_j:1,34.97104,0.0,hdslay1_t16,4,1,hdslay1,arr,,,,,,
oname:hdslay1_t16_otype:arr_i:4_j:10,34.39855,0.0,hdslay1_t16,4,10,hdslay1,arr,,,,,,
oname:hdslay1_t16_otype:arr_i:4_j:11,34.34473,0.0,hdslay1_t16,4,11,hdslay1,arr,,,,,,
oname:hdslay1_t16_otype:arr_i:4_j:12,34.28305,0.0,hdslay1_t16,4,12,hdslay1,arr,,,,,,
oname:hdslay1_t16_otype:arr_i:4_j:13,34.22557,0.0,hdslay1_t16,4,13,hdslay1,arr,,,,,,
oname:hdslay1_t16_otype:arr_i:4_j:14,34.18078,0.0,hdslay1_t16,4,14,hdslay1,arr,,,,,,
oname:hdslay1_t16_otype:arr_i:4_j:15,34.14425,0.0,hdslay1_t16,4,15,hdslay1,arr,,,,,,
oname:hdslay1_t16_otype:arr_i:4_j:16,34.12657,0.0,hdslay1_t16,4,16,hdslay1,arr,,,,,,
oname:hdslay1_t16_otype:arr_i:4_j:17,34.11449,0.0,hdslay1_t16,4,17,hdslay1,arr,,,,,,
oname:hdslay1_t16_otype:arr_i:4_j:18,34.10971,0.0,hdslay1_t16,4,18,hdslay1,arr,,,,,,
oname:hdslay1_t16_otype:arr_i:4_j:19,34.10885,0.0,hdslay1_t16,4,19,hdslay1,arr,,,,,,
oname:hdslay1_t16_otype:arr_i:4_j:2,34.96538,0.0,hdslay1_t16,4,2,hdslay1,arr,,,,,,
oname:hdslay1_t16_otype:arr_i:4_j:3,34.9424,0.0,hdslay1_t16,4,3,hdslay1,arr,,,,,,
oname:hdslay1_t16_otype:arr_i:4_j:4,34.90165,0.0,hdslay1_t16,4,4,hdslay1,arr,,,,,,
oname:hdslay1_t16_otype:arr_i:4_j:5,34.8364,0.0,hdslay1_t16,4,5,hdslay1,arr,,,,,,
oname:hdslay1_t16_otype:arr_i:4_j:6,34.75482,0.0,hdslay1_t16,4,6,hdslay1,arr,,,,,,
oname:hdslay1_t16_otype:arr_i:4_j:7,34.64759,0.0,hdslay1_t16,4,7,hdslay1,arr,,,,,,
oname:hdslay1_t16_otype:arr_i:4_j:8,34.54525,0.0,hdslay1_t16,4,8,hdslay1,arr,,,,,,
oname:hdslay1_t16_otype:arr_i:4_j:9,34.46461,0.0,hdslay1_t16,4,9,hdslay1,arr,,,,,,
oname:hdslay1_t16_otype:arr_i:5_j:0,34.94649,0.0,hdslay1_t16,5,0,hdslay1,arr,,,,,,
oname:hdslay1_t16_otype:arr_i:5_j:1,34.94613,0.0,hdslay1_t16,5,1,hdslay1,arr,,,,,,
oname:hdslay1_t16_otype:arr_i:5_j:10,34.389,0.0,hdslay1_t16,5,10,hdslay1,arr,,,,,,
oname:hdslay1_t16_otype:arr_i:5_j:11,34.32661,0.0,hdslay1_t16,5,11,hdslay1,arr,,,,,,
oname:hdslay1_t16_otype:arr_i:5_j:12,34.25855,0.0,hdslay1_t16,5,12,hdslay1,arr,,,,,,
oname:hdslay1_t16_otype:arr_i:5_j:13,34.1963,0.0,hdslay1_t16,5,13,hdslay1,arr,,,,,,
oname:hdslay1_t16_otype:arr_i:5_j:14,34.14697,0.0,hdslay1_t16,5,14,hdslay1,arr,,,,,,
oname:hdslay1_t16_otype:arr_i:5_j:15,34.11213,0.0,hdslay1_t16,5,15,hdslay1,arr,,,,,,
oname:hdslay1_t16_otype:arr_i:5_j:16,34.09789,0.0,hdslay1_t16,5,16,hdslay1,arr,,,,,,
oname:hdslay1_t16_otype:arr_i:5_j:17,34.08711,0.0,hdslay1_t16,5,17,hdslay1,arr,,,,,,
oname:hdslay1_t16_otype:arr_i:5_j:18,34.0853,0.0,hdslay1_t16,5,18,hdslay1,arr,,,,,,
oname:hdslay1_t16_otype:arr_i:5_j:19,34.08723,0.0,hdslay1_t16,5,19,hdslay1,arr,,,,,,
oname:hdslay1_t16_otype:arr_i:5_j:2,34.93977,0.0,hdslay1_t16,5,2,hdslay1,arr,,,,,,
oname:hdslay1_t16_otype:arr_i:5_j:3,34.92151,0.0,hdslay1_t16,5,3,hdslay1,arr,,,,,,
oname:hdslay1_t16_otype:arr_i:5_j:4,34.8919,0.0,hdslay1_t16,5,4,hdslay1,arr,,,,,,
oname:hdslay1_t16_otype:arr_i:5_j:5,34.83709,0.0,hdslay1_t16,5,5,hdslay1,arr,,,,,,
oname:hdslay1_t16_otype:arr_i:5_j:6,34.75802,0.0,hdslay1_t16,5,6,hdslay1,arr,,,,,,
oname:hdslay1_t16_otype:arr_i:5_j:7,34.66465,0.0,hdslay1_t16,5,7,hdslay1,arr,,,,,,
oname:hdslay1_t16_otype:arr_i:5_j:8,34.56518,0.0,hdslay1_t16,5,8,hdslay1,arr,,,,,,
oname:hdslay1_t16_otype:arr_i:5_j:9,34.46428,0.0,hdslay1_t16,5,9,hdslay1,arr,,,,,,
oname:hdslay1_t16_otype:arr_i:6_j:0,34.92889,0.0,hdslay1_t16,6,0,hdslay1,arr,,,,,,
oname:hdslay1_t16_otype:arr_i:6_j:1,34.92807,0.0,hdslay1_t16,6,1,hdslay1,arr,,,,,,
oname:hdslay1_t16_otype:arr_i:6_j:10,34.35701,0.0,hdslay1_t16,6,10,hdslay1,arr,,,,,,
oname:hdslay1_t16_otype:arr_i:6_j:11,34.29039,0.0,hdslay1_t16,6,11,hdslay1,arr,,,,,,
oname:hdslay1_t16_otype:arr_i:6_j:12,34.21449,0.0,hdslay1_t16,6,12,hdslay1,arr,,,,,,
oname:hdslay1_t16_otype:arr_i:6_j:13,34.14607,0.0,hdslay1_t16,6,13,hdslay1,arr,,,,,,
oname:hdslay1_t16_otype:arr_i:6_j:14,34.10134,0.0,hdslay1_t16,6,14,hdslay1,arr,,,,,,
oname:hdslay1_t16_otype:arr_i:6_j:15,34.07107,0.0,hdslay1_t16,6,15,hdslay1,arr,,,,,,
oname:hdslay1_t16_otype:arr_i:6_j:16,34.06337,0.0,hdslay1_t16,6,16,hdslay1,arr,,,,,,
oname:hdslay1_t16_otype:arr_i:6_j:17,34.05589,0.0,hdslay1_t16,6,17,hdslay1,arr,,,,,,
oname:hdslay1_t16_otype:arr_i:6_j:18,34.05422,0.0,hdslay1_t16,6,18,hdslay1,arr,,,,,,
oname:hdslay1_t16_otype:arr_i:6_j:19,34.05332,0.0,hdslay1_t16,6,19,hdslay1,arr,,,,,,
oname:hdslay1_t16_otype:arr_i:6_j:2,34.92341,0.0,hdslay1_t16,6,2,hdslay1,arr,,,,,,
oname:hdslay1_t16_otype:arr_i:6_j:3,34.91121,0.0,hdslay1_t16,6,3,hdslay1,arr,,,,,,
oname:hdslay1_t16_otype:arr_i:6_j:4,34.88715,0.0,hdslay1_t16,6,4,hdslay1,arr,,,,,,
oname:hdslay1_t16_otype:arr_i:6_j:5,34.83099,0.0,hdslay1_t16,6,5,hdslay1,arr,,,,,,
oname:hdslay1_t16_otype:arr_i:6_j:6,34.74531,0.0,hdslay1_t16,6,6,hdslay1,arr,,,,,,
oname:hdslay1_t16_otype:arr_i:6_j:7,34.65028,0.0,hdslay1_t16,6,7,hdslay1,arr,,,,,,
oname:hdslay1_t16_otype:arr_i:6_j:8,34.54732,0.0,hdslay1_t16,6,8,hdslay1,arr,,,,,,
oname:hdslay1_t16_otype:arr_i:6_j:9,34.43838,0.0,hdslay1_t16,6,9,hdslay1,arr,,,,,,
oname:hdslay1_t16_otype:arr_i:7_j:0,34.91498,0.0,hdslay1_t16,7,0,hdslay1,arr,,,,,,
oname:hdslay1_t16_otype:arr_i:7_j:1,34.91508,0.0,hdslay1_t16,7,1,hdslay1,arr,,,,,,
oname:hdslay1_t16_otype:arr_i:7_j:10,34.29571,0.0,hdslay1_t16,7,10,hdslay1,arr,,,,,,
oname:hdslay1_t16_otype:arr_i:7_j:11,34.2284,0.0,hdslay1_t16,7,11,hdslay1,arr,,,,,,
oname:hdslay1_t16_otype:arr_i:7_j:12,34.14551,0.0,hdslay1_t16,7,12,hdslay1,arr,,,,,,
oname:hdslay1_t16_otype:arr_i:7_j:13,34.0799,0.0,hdslay1_t16,7,13,hdslay1,arr,,,,,,
oname:hdslay1_t16_otype:arr_i:7_j:14,34.04267,0.0,hdslay1_t16,7,14,hdslay1,arr,,,,,,
oname:hdslay1_t16_otype:arr_i:7_j:15,34.02035,0.0,hdslay1_t16,7,15,hdslay1,arr,,,,,,
oname:hdslay1_t16_otype:arr_i:7_j:16,34.0114,0.0,hdslay1_t16,7,16,hdslay1,arr,,,,,,
oname:hdslay1_t16_otype:arr_i:7_j:17,34.01589,0.0,hdslay1_t16,7,17,hdslay1,arr,,,,,,
oname:hdslay1_t16_otype:arr_i:7_j:18,34.01584,0.0,hdslay1_t16,7,18,hdslay1,arr,,,,,,
oname:hdslay1_t16_otype:arr_i:7_j:19,34.01413,0.0,hdslay1_t16,7,19,hdslay1,arr,,,,,,
oname:hdslay1_t16_otype:arr_i:7_j:2,34.91286,0.0,hdslay1_t16,7,2,hdslay1,arr,,,,,,
oname:hdslay1_t16_otype:arr_i:7_j:3,34.90632,0.0,hdslay1_t16,7,3,hdslay1,arr,,,,,,
oname:hdslay1_t16_otype:arr_i:7_j:4,34.88184,0.0,hdslay1_t16,7,4,hdslay1,arr,,,,,,
oname:hdslay1_t16_otype:arr_i:7_j:5,34.82307,0.0,hdslay1_t16,7,5,hdslay1,arr,,,,,,
oname:hdslay1_t16_otype:arr_i:7_j:6,34.74083,0.0,hdslay1_t16,7,6,hdslay1,arr,,,,,,
oname:hdslay1_t16_otype:arr_i:7_j:7,34.6206,0.0,hdslay1_t16,7,7,hdslay1,arr,,,,,,
oname:hdslay1_t16_otype:arr_i:7_j:8,34.48205,0.0,hdslay1_t16,7,8,hdslay1,arr,,,,,,
oname:hdslay1_t16_otype:arr_i:7_j:9,34.36889,0.0,hdslay1_t16,7,9,hdslay1,arr,,,,,,
oname:hdslay1_t16_otype:arr_i:8_j:0,34.90105,0.0,hdslay1_t16,8,0,hdslay1,arr,,,,,,
oname:hdslay1_t16_otype:arr_i:8_j:1,34.90145,0.0,hdslay1_t16,8,1,hdslay1,arr,,,,,,
oname:hdslay1_t16_otype:arr_i:8_j:10,34.20386,0.0,hdslay1_t16,8,10,hdslay1,arr,,,,,,
oname:hdslay1_t16_otype:arr_i:8_j:11,34.13084,0.0,hdslay1_t16,8,11,hdslay1,arr,,,,,,
oname:hdslay1_t16_otype:arr_i:8_j:12,34.05181,0.0,hdslay1_t16,8,12,hdslay1,arr,,,,,,
oname:hdslay1_t16_otype:arr_i:8_j:13,34.00353,0.0,hdslay1_t16,8,13,hdslay1,arr,,,,,,
oname:hdslay1_t16_otype:arr_i:8_j:14,33.97674,0.0,hdslay1_t16,8,14,hdslay1,arr,,,,,,
oname:hdslay1_t16_otype:arr_i:8_j:15,33.96232,0.0,hdslay1_t16,8,15,hdslay1,arr,,,,,,
oname:hdslay1_t16_otype:arr_i:8_j:16,33.94925,0.0,hdslay1_t16,8,16,hdslay1,arr,,,,,,
oname:hdslay1_t16_otype:arr_i:8_j:17,33.96455,0.0,hdslay1_t16,8,17,hdslay1,arr,,,,,,
oname:hdslay1_t16_otype:arr_i:8_j:18,33.97667,0.0,hdslay1_t16,8,18,hdslay1,arr,,,,,,
oname:hdslay1_t16_otype:arr_i:8_j:19,33.97983,0.0,hdslay1_t16,8,19,hdslay1,arr,,,,,,
oname:hdslay1_t16_otype:arr_i:8_j:2,34.90269,0.0,hdslay1_t16,8,2,hdslay1,arr,,,,,,
oname:hdslay1_t16_otype:arr_i:8_j:3,34.9017,0.0,hdslay1_t16,8,3,hdslay1,arr,,,,,,
oname:hdslay1_t16_otype:arr_i:8_j:4,1e+30,0.0,hdslay1_t16,8,4,hdslay1,arr,,,,,,
oname:hdslay1_t16_otype:arr_i:8_j:5,1e+30,0.0,hdslay1_t16,8,5,hdslay1,arr,,,,,,
oname:hdslay1_t16_otype:arr_i:8_j:6,1e+30,0.0,hdslay1_t16,8,6,hdslay1,arr,,,,,,
oname:hdslay1_t16_otype:arr_i:8_j:7,34.50651,0.0,hdslay1_t16,8,7,hdslay1,arr,,,,,,
oname:hdslay1_t16_otype:arr_i:8_j:8,34.35867,0.0,hdslay1_t16,8,8,hdslay1,arr,,,,,,
oname:hdslay1_t16_otype:arr_i:8_j:9,34.27222,0.0,hdslay1_t16,8,9,hdslay1,arr,,,,,,
oname:hdslay1_t16_otype:arr_i:9_j:0,34.88295,0.0,hdslay1_t16,9,0,hdslay1,arr,,,,,,
oname:hdslay1_t16_otype:arr_i:9_j:1,34.87991,0.0,hdslay1_t16,9,1,hdslay1,arr,,,,,,
oname:hdslay1_t16_otype:arr_i:9_j:10,34.10085,0.0,hdslay1_t16,9,10,hdslay1,arr,,,,,,
oname:hdslay1_t16_otype:arr_i:9_j:11,34.03003,0.0,hdslay1_t16,9,11,hdslay1,arr,,,,,,
oname:hdslay1_t16_otype:arr_i:9_j:12,33.96668,0.0,hdslay1_t16,9,12,hdslay1,arr,,,,,,
oname:hdslay1_t16_otype:arr_i:9_j:13,33.93501,0.0,hdslay1_t16,9,13,hdslay1,arr,,,,,,
oname:hdslay1_t16_otype:arr_i:9_j:14,33.92367,0.0,hdslay1_t16,9,14,hdslay1,arr,,,,,,
oname:hdslay1_t16_otype:arr_i:9_j:15,33.91658,0.0,hdslay1_t16,9,15,hdslay1,arr,,,,,,
oname:hdslay1_t16_otype:arr_i:9_j:16,33.86903,0.0,hdslay1_t16,9,16,hdslay1,arr,,,,,,
oname:hdslay1_t16_otype:arr_i:9_j:17,33.92399,0.0,hdslay1_t16,9,17,hdslay1,arr,,,,,,
oname:hdslay1_t16_otype:arr_i:9_j:18,33.94625,0.0,hdslay1_t16,9,18,hdslay1,arr,,,,,,
oname:hdslay1_t16_otype:arr_i:9_j:19,33.95539,0.0,hdslay1_t16,9,19,hdslay1,arr,,,,,,
oname:hdslay1_t16_otype:arr_i:9_j:2,34.88087,0.0,hdslay1_t16,9,2,hdslay1,arr,,,,,,
oname:hdslay1_t16_otype:arr_i:9_j:3,34.8764,0.0,hdslay1_t16,9,3,hdslay1,arr,,,,,,
oname:hdslay1_t16_otype:arr_i:9_j:4,1e+30,0.0,hdslay1_t16,9,4,hdslay1,arr,,,,,,
oname:hdslay1_t16_otype:arr_i:9_j:5,1e+30,0.0,hdslay1_t16,9,5,hdslay1,arr,,,,,,
oname:hdslay1_t16_otype:arr_i:9_j:6,1e+30,0.0,hdslay1_t16,9,6,hdslay1,arr,,,,,,
oname:hdslay1_t16_otype:arr_i:9_j:7,1e+30,0.0,hdslay1_t16,9,7,hdslay1,arr,,,,,,
oname:hdslay1_t16_otype:arr_i:9_j:8,34.19096,0.0,hdslay1_t16,9,8,hdslay1,arr,,,,,,
oname:hdslay1_t16_otype:arr_i:9_j:9,34.15216,0.0,hdslay1_t16,9,9,hdslay1,arr,,,,,,
oname:hdslay1_t17_otype:arr_i:0_j:0,35.22791,0.0,hdslay1_t17,0,0,hdslay1,arr,,,,,,
oname:hdslay1_t17_otype:arr_i:0_j:1,35.21533,0.0,hdslay1_t17,0,1,hdslay1,arr,,,,,,
oname:hdslay1_t17_otype:arr_i:0_j:10,34.48992,0.0,hdslay1_t17,0,10,hdslay1,arr,,,,,,
oname:hdslay1_t17_otype:arr_i:0_j:11,34.43301,0.0,hdslay1_t17,0,11,hdslay1,arr,,,,,,
oname:hdslay1_t17_otype:arr_i:0_j:12,34.38697,0.0,hdslay1_t17,0,12,hdslay1,arr,,,,,,
oname:hdslay1_t17_otype:arr_i:0_j:13,34.34144,0.0,hdslay1_t17,0,13,hdslay1,arr,,,,,,
oname:hdslay1_t17_otype:arr_i:0_j:14,34.29493,0.0,hdslay1_t17,0,14,hdslay1,arr,,,,,,
oname:hdslay1_t17_otype:arr_i:0_j:15,34.2405,0.0,hdslay1_t17,0,15,hdslay1,arr,,,,,,
oname:hdslay1_t17_otype:arr_i:0_j:16,34.23539,0.0,hdslay1_t17,0,16,hdslay1,arr,,,,,,
oname:hdslay1_t17_otype:arr_i:0_j:17,34.23136,0.0,hdslay1_t17,0,17,hdslay1,arr,,,,,,
oname:hdslay1_t17_otype:arr_i:0_j:18,34.22813,0.0,hdslay1_t17,0,18,hdslay1,arr,,,,,,
oname:hdslay1_t17_otype:arr_i:0_j:19,34.22635,0.0,hdslay1_t17,0,19,hdslay1,arr,,,,,,
oname:hdslay1_t17_otype:arr_i:0_j:2,35.18273,0.0,hdslay1_t17,0,2,hdslay1,arr,,,,,,
oname:hdslay1_t17_otype:arr_i:0_j:3,35.14102,0.0,hdslay1_t17,0,3,hdslay1,arr,,,,,,
oname:hdslay1_t17_otype:arr_i:0_j:4,35.06888,0.0,hdslay1_t17,0,4,hdslay1,arr,,,,,,
oname:hdslay1_t17_otype:arr_i:0_j:5,34.9609,0.0,hdslay1_t17,0,5,hdslay1,arr,,,,,,
oname:hdslay1_t17_otype:arr_i:0_j:6,34.83017,0.0,hdslay1_t17,0,6,hdslay1,arr,,,,,,
oname:hdslay1_t17_otype:arr_i:0_j:7,34.71807,0.0,hdslay1_t17,0,7,hdslay1,arr,,,,,,
oname:hdslay1_t17_otype:arr_i:0_j:8,34.62433,0.0,hdslay1_t17,0,8,hdslay1,arr,,,,,,
oname:hdslay1_t17_otype:arr_i:0_j:9,34.55,0.0,hdslay1_t17,0,9,hdslay1,arr,,,,,,
oname:hdslay1_t17_otype:arr_i:10_j:0,35.02192,0.0,hdslay1_t17,10,0,hdslay1,arr,,,,,,
oname:hdslay1_t17_otype:arr_i:10_j:1,35.01707,0.0,hdslay1_t17,10,1,hdslay1,arr,,,,,,
oname:hdslay1_t17_otype:arr_i:10_j:10,34.09268,0.0,hdslay1_t17,10,10,hdslay1,arr,,,,,,
oname:hdslay1_t17_otype:arr_i:10_j:11,34.02663,0.0,hdslay1_t17,10,11,hdslay1,arr,,,,,,
oname:hdslay1_t17_otype:arr_i:10_j:12,33.967,0.0,hdslay1_t17,10,12,hdslay1,arr,,,,,,
oname:hdslay1_t17_otype:arr_i:10_j:13,33.92947,0.0,hdslay1_t17,10,13,hdslay1,arr,,,,,,
oname:hdslay1_t17_otype:arr_i:10_j:14,33.9452,0.0,hdslay1_t17,10,14,hdslay1,arr,,,,,,
oname:hdslay1_t17_otype:arr_i:10_j:15,33.95362,0.0,hdslay1_t17,10,15,hdslay1,arr,,,,,,
oname:hdslay1_t17_otype:arr_i:10_j:16,33.95738,0.0,hdslay1_t17,10,16,hdslay1,arr,,,,,,
oname:hdslay1_t17_otype:arr_i:10_j:17,33.97728,0.0,hdslay1_t17,10,17,hdslay1,arr,,,,,,
oname:hdslay1_t17_otype:arr_i:10_j:18,33.99259,0.0,hdslay1_t17,10,18,hdslay1,arr,,,,,,
oname:hdslay1_t17_otype:arr_i:10_j:19,34.00047,0.0,hdslay1_t17,10,19,hdslay1,arr,,,,,,
oname:hdslay1_t17_otype:arr_i:10_j:2,35.01346,0.0,hdslay1_t17,10,2,hdslay1,arr,,,,,,
oname:hdslay1_t17_otype:arr_i:10_j:3,35.00698,0.0,hdslay1_t17,10,3,hdslay1,arr,,,,,,
oname:hdslay1_t17_otype:arr_i:10_j:4,1e+30,0.0,hdslay1_t17,10,4,hdslay1,arr,,,,,,
oname:hdslay1_t17_otype:arr_i:10_j:5,1e+30,0.0,hdslay1_t17,10,5,hdslay1,arr,,,,,,
oname:hdslay1_t17_otype:arr_i:10_j:6,1e+30,0.0,hdslay1_t17,10,6,hdslay1,arr,,,,,,
oname:hdslay1_t17_otype:arr_i:10_j:7,1e+30,0.0,hdslay1_t17,10,7,hdslay1,arr,,,,,,
oname:hdslay1_t17_otype:arr_i:10_j:8,34.1617,0.0,hdslay1_t17,10,8,hdslay1,arr,,,,,,
oname:hdslay1_t17_otype:arr_i:10_j:9,34.13509,0.0,hdslay1_t17,10,9,hdslay1,arr,,,,,,
oname:hdslay1_t17_otype:arr_i:11_j:0,34.95404,0.0,hdslay1_t17,11,0,hdslay1,arr,,,,,,
oname:hdslay1_t17_otype:arr_i:11_j:1,34.95014,0.0,hdslay1_t17,11,1,hdslay1,arr,,,,,,
oname:hdslay1_t17_otype:arr_i:11_j:10,34.03805,0.0,hdslay1_t17,11,10,hdslay1,arr,,,,,,
oname:hdslay1_t17_otype:arr_i:11_j:11,33.98439,0.0,hdslay1_t17,11,11,hdslay1,arr,,,,,,
oname:hdslay1_t17_otype:arr_i:11_j:12,33.92282,0.0,hdslay1_t17,11,12,hdslay1,arr,,,,,,
oname:hdslay1_t17_otype:arr_i:11_j:13,33.82787,0.0,hdslay1_t17,11,13,hdslay1,arr,,,,,,
oname:hdslay1_t17_otype:arr_i:11_j:14,33.91771,0.0,hdslay1_t17,11,14,hdslay1,arr,,,,,,
oname:hdslay1_t17_otype:arr_i:11_j:15,33.94697,0.0,hdslay1_t17,11,15,hdslay1,arr,,,,,,
oname:hdslay1_t17_otype:arr_i:11_j:16,33.96359,0.0,hdslay1_t17,11,16,hdslay1,arr,,,,,,
oname:hdslay1_t17_otype:arr_i:11_j:17,33.98024,0.0,hdslay1_t17,11,17,hdslay1,arr,,,,,,
oname:hdslay1_t17_otype:arr_i:11_j:18,33.99308,0.0,hdslay1_t17,11,18,hdslay1,arr,,,,,,
oname:hdslay1_t17_otype:arr_i:11_j:19,33.99922,0.0,hdslay1_t17,11,19,hdslay1,arr,,,,,,
oname:hdslay1_t17_otype:arr_i:11_j:2,34.94457,0.0,hdslay1_t17,11,2,hdslay1,arr,,,,,,
oname:hdslay1_t17_otype:arr_i:11_j:3,34.94535,0.0,hdslay1_t17,11,3,hdslay1,arr,,,,,,
oname:hdslay1_t17_otype:arr_i:11_j:4,1e+30,0.0,hdslay1_t17,11,4,hdslay1,arr,,,,,,
oname:hdslay1_t17_otype:arr_i:11_j:5,1e+30,0.0,hdslay1_t17,11,5,hdslay1,arr,,,,,,
oname:hdslay1_t17_otype:arr_i:11_j:6,1e+30,0.0,hdslay1_t17,11,6,hdslay1,arr,,,,,,
oname:hdslay1_t17_otype:arr_i:11_j:7,1e+30,0.0,hdslay1_t17,11,7,hdslay1,arr,,,,,,
oname:hdslay1_t17_otype:arr_i:11_j:8,34.09067,0.0,hdslay1_t17,11,8,hdslay1,arr,,,,,,
oname:hdslay1_t17_otype:arr_i:11_j:9,34.07357,0.0,hdslay1_t17,11,9,hdslay1,arr,,,,,,
oname:hdslay1_t17_otype:arr_i:12_j:0,34.88239,0.0,hdslay1_t17,12,0,hdslay1,arr,,,,,,
oname:hdslay1_t17_otype:arr_i:12_j:1,34.87714,0.0,hdslay1_t17,12,1,hdslay1,arr,,,,,,
oname:hdslay1_t17_otype:arr_i:12_j:10,34.01399,0.0,hdslay1_t17,12,10,hdslay1,arr,,,,,,
oname:hdslay1_t17_otype:arr_i:12_j:11,33.97652,0.0,hdslay1_t17,12,11,hdslay1,arr,,,,,,
oname:hdslay1_t17_otype:arr_i:12_j:12,33.93611,0.0,hdslay1_t17,12,12,hdslay1,arr,,,,,,
oname:hdslay1_t17_otype:arr_i:12_j:13,33.90642,0.0,hdslay1_t17,12,13,hdslay1,arr,,,,,,
oname:hdslay1_t17_otype:arr_i:12_j:14,33.931,0.0,hdslay1_t17,12,14,hdslay1,arr,,,,,,
oname:hdslay1_t17_otype:arr_i:12_j:15,33.95162,0.0,hdslay1_t17,12,15,hdslay1,arr,,,,,,
oname:hdslay1_t17_otype:arr_i:12_j:16,33.96902,0.0,hdslay1_t17,12,16,hdslay1,arr,,,,,,
oname:hdslay1_t17_otype:arr_i:12_j:17,33.9835,0.0,hdslay1_t17,12,17,hdslay1,arr,,,,,,
oname:hdslay1_t17_otype:arr_i:12_j:18,33.99566,0.0,hdslay1_t17,12,18,hdslay1,arr,,,,,,
oname:hdslay1_t17_otype:arr_i:12_j:19,34.0012,0.0,hdslay1_t17,12,19,hdslay1,arr,,,,,,
oname:hdslay1_t17_otype:arr_i:12_j:2,34.87358,0.0,hdslay1_t17,12,2,hdslay1,arr,,,,,,
oname:hdslay1_t17_otype:arr_i:12_j:3,34.86959,0.0,hdslay1_t17,12,3,hdslay1,arr,,,,,,
oname:hdslay1_t17_otype:arr_i:12_j:4,1e+30,0.0,hdslay1_t17,12,4,hdslay1,arr,,,,,,
oname:hdslay1_t17_otype:arr_i:12_j:5,1e+30,0.0,hdslay1_t17,12,5,hdslay1,arr,,,,,,
oname:hdslay1_t17_otype:arr_i:12_j:6,1e+30,0.0,hdslay1_t17,12,6,hdslay1,arr,,,,,,
oname:hdslay1_t17_otype:arr_i:12_j:7,1e+30,0.0,hdslay1_t17,12,7,hdslay1,arr,,,,,,
oname:hdslay1_t17_otype:arr_i:12_j:8,34.05284,0.0,hdslay1_t17,12,8,hdslay1,arr,,,,,,
oname:hdslay1_t17_otype:arr_i:12_j:9,34.03731,0.0,hdslay1_t17,12,9,hdslay1,arr,,,,,,
oname:hdslay1_t17_otype:arr_i:13_j:0,34.80712,0.0,hdslay1_t17,13,0,hdslay1,arr,,,,,,
oname:hdslay1_t17_otype:arr_i:13_j:1,34.80553,0.0,hdslay1_t17,13,1,hdslay1,arr,,,,,,
oname:hdslay1_t17_otype:arr_i:13_j:10,33.99946,0.0,hdslay1_t17,13,10,hdslay1,arr,,,,,,
oname:hdslay1_t17_otype:arr_i:13_j:11,33.97562,0.0,hdslay1_t17,13,11,hdslay1,arr,,,,,,
oname:hdslay1_t17_otype:arr_i:13_j:12,33.9494,0.0,hdslay1_t17,13,12,hdslay1,arr,,,,,,
oname:hdslay1_t17_otype:arr_i:13_j:13,33.93579,0.0,hdslay1_t17,13,13,hdslay1,arr,,,,,,
oname:hdslay1_t17_otype:arr_i:13_j:14,33.94433,0.0,hdslay1_t17,13,14,hdslay1,arr,,,,,,
oname:hdslay1_t17_otype:arr_i:13_j:15,33.95687,0.0,hdslay1_t17,13,15,hdslay1,arr,,,,,,
oname:hdslay1_t17_otype:arr_i:13_j:16,33.97225,0.0,hdslay1_t17,13,16,hdslay1,arr,,,,,,
oname:hdslay1_t17_otype:arr_i:13_j:17,33.98519,0.0,hdslay1_t17,13,17,hdslay1,arr,,,,,,
oname:hdslay1_t17_otype:arr_i:13_j:18,33.99715,0.0,hdslay1_t17,13,18,hdslay1,arr,,,,,,
oname:hdslay1_t17_otype:arr_i:13_j:19,34.004,0.0,hdslay1_t17,13,19,hdslay1,arr,,,,,,
oname:hdslay1_t17_otype:arr_i:13_j:2,34.79907,0.0,hdslay1_t17,13,2,hdslay1,arr,,,,,,
oname:hdslay1_t17_otype:arr_i:13_j:3,34.78923,0.0,hdslay1_t17,13,3,hdslay1,arr,,,,,,
oname:hdslay1_t17_otype:arr_i:13_j:4,1e+30,0.0,hdslay1_t17,13,4,hdslay1,arr,,,,,,
oname:hdslay1_t17_otype:arr_i:13_j:5,1e+30,0.0,hdslay1_t17,13,5,hdslay1,arr,,,,,,
oname:hdslay1_t17_otype:arr_i:13_j:6,1e+30,0.0,hdslay1_t17,13,6,hdslay1,arr,,,,,,
oname:hdslay1_t17_otype:arr_i:13_j:7,1e+30,0.0,hdslay1_t17,13,7,hdslay1,arr,,,,,,
oname:hdslay1_t17_otype:arr_i:13_j:8,34.02073,0.0,hdslay1_t17,13,8,hdslay1,arr,,,,,,
oname:hdslay1_t17_otype:arr_i:13_j:9,34.01105,0.0,hdslay1_t17,13,9,hdslay1,arr,,,,,,
oname:hdslay1_t17_otype:arr_i:14_j:0,34.70981,0.0,hdslay1_t17,14,0,hdslay1,arr,,,,,,
oname:hdslay1_t17_otype:arr_i:14_j:1,34.71507,0.0,hdslay1_t17,14,1,hdslay1,arr,,,,,,
oname:hdslay1_t17_otype:arr_i:14_j:10,33.9824,0.0,hdslay1_t17,14,10,hdslay1,arr,,,,,,
oname:hdslay1_t17_otype:arr_i:14_j:11,33.96593,0.0,hdslay1_t17,14,11,hdslay1,arr,,,,,,
oname:hdslay1_t17_otype:arr_i:14_j:12,33.94988,0.0,hdslay1_t17,14,12,hdslay1,arr,,,,,,
oname:hdslay1_t17_otype:arr_i:14_j:13,33.94302,0.0,hdslay1_t17,14,13,hdslay1,arr,,,,,,
oname:hdslay1_t17_otype:arr_i:14_j:14,33.94889,0.0,hdslay1_t17,14,14,hdslay1,arr,,,,,,
oname:hdslay1_t17_otype:arr_i:14_j:15,33.95746,0.0,hdslay1_t17,14,15,hdslay1,arr,,,,,,
oname:hdslay1_t17_otype:arr_i:14_j:16,33.97268,0.0,hdslay1_t17,14,16,hdslay1,arr,,,,,,
oname:hdslay1_t17_otype:arr_i:14_j:17,33.98439,0.0,hdslay1_t17,14,17,hdslay1,arr,,,,,,
oname:hdslay1_t17_otype:arr_i:14_j:18,33.99561,0.0,hdslay1_t17,14,18,hdslay1,arr,,,,,,
oname:hdslay1_t17_otype:arr_i:14_j:19,34.00365,0.0,hdslay1_t17,14,19,hdslay1,arr,,,,,,
oname:hdslay1_t17_otype:arr_i:14_j:2,34.70969,0.0,hdslay1_t17,14,2,hdslay1,arr,,,,,,
oname:hdslay1_t17_otype:arr_i:14_j:3,34.7022,0.0,hdslay1_t17,14,3,hdslay1,arr,,,,,,
oname:hdslay1_t17_otype:arr_i:14_j:4,1e+30,0.0,hdslay1_t17,14,4,hdslay1,arr,,,,,,
oname:hdslay1_t17_otype:arr_i:14_j:5,1e+30,0.0,hdslay1_t17,14,5,hdslay1,arr,,,,,,
oname:hdslay1_t17_otype:arr_i:14_j:6,1e+30,0.0,hdslay1_t17,14,6,hdslay1,arr,,,,,,
oname:hdslay1_t17_otype:arr_i:14_j:7,1e+30,0.0,hdslay1_t17,14,7,hdslay1,arr,,,,,,
oname:hdslay1_t17_otype:arr_i:14_j:8,33.98736,0.0,hdslay1_t17,14,8,hdslay1,arr,,,,,,
oname:hdslay1_t17_otype:arr_i:14_j:9,33.98777,0.0,hdslay1_t17,14,9,hdslay1,arr,,,,,,
oname:hdslay1_t17_otype:arr_i:15_j:0,34.62646,0.0,hdslay1_t17,15,0,hdslay1,arr,,,,,,
oname:hdslay1_t17_otype:arr_i:15_j:1,34.629,0.0,hdslay1_t17,15,1,hdslay1,arr,,,,,,
oname:hdslay1_t17_otype:arr_i:15_j:10,33.95142,0.0,hdslay1_t17,15,10,hdslay1,arr,,,,,,
oname:hdslay1_t17_otype:arr_i:15_j:11,33.93966,0.0,hdslay1_t17,15,11,hdslay1,arr,,,,,,
oname:hdslay1_t17_otype:arr_i:15_j:12,33.9344,0.0,hdslay1_t17,15,12,hdslay1,arr,,,,,,
oname:hdslay1_t17_otype:arr_i:15_j:13,33.935,0.0,hdslay1_t17,15,13,hdslay1,arr,,,,,,
oname:hdslay1_t17_otype:arr_i:15_j:14,33.94433,0.0,hdslay1_t17,15,14,hdslay1,arr,,,,,,
oname:hdslay1_t17_otype:arr_i:15_j:15,33.95308,0.0,hdslay1_t17,15,15,hdslay1,arr,,,,,,
oname:hdslay1_t17_otype:arr_i:15_j:16,33.97053,0.0,hdslay1_t17,15,16,hdslay1,arr,,,,,,
oname:hdslay1_t17_otype:arr_i:15_j:17,33.98414,0.0,hdslay1_t17,15,17,hdslay1,arr,,,,,,
oname:hdslay1_t17_otype:arr_i:15_j:18,33.99507,0.0,hdslay1_t17,15,18,hdslay1,arr,,,,,,
oname:hdslay1_t17_otype:arr_i:15_j:19,34.00382,0.0,hdslay1_t17,15,19,hdslay1,arr,,,,,,
oname:hdslay1_t17_otype:arr_i:15_j:2,34.61545,0.0,hdslay1_t17,15,2,hdslay1,arr,,,,,,
oname:hdslay1_t17_otype:arr_i:15_j:3,34.60482,0.0,hdslay1_t17,15,3,hdslay1,arr,,,,,,
oname:hdslay1_t17_otype:arr_i:15_j:4,1e+30,0.0,hdslay1_t17,15,4,hdslay1,arr,,,,,,
oname:hdslay1_t17_otype:arr_i:15_j:5,1e+30,0.0,hdslay1_t17,15,5,hdslay1,arr,,,,,,
oname:hdslay1_t17_otype:arr_i:15_j:6,1e+30,0.0,hdslay1_t17,15,6,hdslay1,arr,,,,,,
oname:hdslay1_t17_otype:arr_i:15_j:7,1e+30,0.0,hdslay1_t17,15,7,hdslay1,arr,,,,,,
oname:hdslay1_t17_otype:arr_i:15_j:8,33.9564,0.0,hdslay1_t17,15,8,hdslay1,arr,,,,,,
oname:hdslay1_t17_otype:arr_i:15_j:9,33.95477,0.0,hdslay1_t17,15,9,hdslay1,arr,,,,,,
oname:hdslay1_t17_otype:arr_i:16_j:0,34.55084,0.0,hdslay1_t17,16,0,hdslay1,arr,,,,,,
oname:hdslay1_t17_otype:arr_i:16_j:1,34.54233,0.0,hdslay1_t17,16,1,hdslay1,arr,,,,,,
oname:hdslay1_t17_otype:arr_i:16_j:10,33.90533,0.0,hdslay1_t17,16,10,hdslay1,arr,,,,,,
oname:hdslay1_t17_otype:arr_i:16_j:11,33.90226,0.0,hdslay1_t17,16,11,hdslay1,arr,,,,,,
oname:hdslay1_t17_otype:arr_i:16_j:12,33.90481,0.0,hdslay1_t17,16,12,hdslay1,arr,,,,,,
oname:hdslay1_t17_otype:arr_i:16_j:13,33.91614,0.0,hdslay1_t17,16,13,hdslay1,arr,,,,,,
oname:hdslay1_t17_otype:arr_i:16_j:14,33.9291,0.0,hdslay1_t17,16,14,hdslay1,arr,,,,,,
oname:hdslay1_t17_otype:arr_i:16_j:15,33.94356,0.0,hdslay1_t17,16,15,hdslay1,arr,,,,,,
oname:hdslay1_t17_otype:arr_i:16_j:16,33.96423,0.0,hdslay1_t17,16,16,hdslay1,arr,,,,,,
oname:hdslay1_t17_otype:arr_i:16_j:17,33.98108,0.0,hdslay1_t17,16,17,hdslay1,arr,,,,,,
oname:hdslay1_t17_otype:arr_i:16_j:18,33.99392,0.0,hdslay1_t17,16,18,hdslay1,arr,,,,,,
oname:hdslay1_t17_otype:arr_i:16_j:19,34.00298,0.0,hdslay1_t17,16,19,hdslay1,arr,,,,,,
oname:hdslay1_t17_otype:arr_i:16_j:2,34.52675,0.0,hdslay1_t17,16,2,hdslay1,arr,,,,,,
oname:hdslay1_t17_otype:arr_i:16_j:3,34.52145,0.0,hdslay1_t17,16,3,hdslay1,arr,,,,,,
oname:hdslay1_t17_otype:arr_i:16_j:4,1e+30,0.0,hdslay1_t17,16,4,hdslay1,arr,,,,,,
oname:hdslay1_t17_otype:arr_i:16_j:5,1e+30,0.0,hdslay1_t17,16,5,hdslay1,arr,,,,,,
oname:hdslay1_t17_otype:arr_i:16_j:6,1e+30,0.0,hdslay1_t17,16,6,hdslay1,arr,,,,,,
oname:hdslay1_t17_otype:arr_i:16_j:7,1e+30,0.0,hdslay1_t17,16,7,hdslay1,arr,,,,,,
oname:hdslay1_t17_otype:arr_i:16_j:8,33.91052,0.0,hdslay1_t17,16,8,hdslay1,arr,,,,,,
oname:hdslay1_t17_otype:arr_i:16_j:9,33.91065,0.0,hdslay1_t17,16,9,hdslay1,arr,,,,,,
oname:hdslay1_t17_otype:arr_i:17_j:0,34.46402,0.0,hdslay1_t17,17,0,hdslay1,arr,,,,,,
oname:hdslay1_t17_otype:arr_i:17_j:1,34.45674,0.0,hdslay1_t17,17,1,hdslay1,arr,,,,,,
oname:hdslay1_t17_otype:arr_i:17_j:10,33.85383,0.0,hdslay1_t17,17,10,hdslay1,arr,,,,,,
oname:hdslay1_t17_otype:arr_i:17_j:11,33.85452,0.0,hdslay1_t17,17,11,hdslay1,arr,,,,,,
oname:hdslay1_t17_otype:arr_i:17_j:12,33.85673,0.0,hdslay1_t17,17,12,hdslay1,arr,,,,,,
oname:hdslay1_t17_otype:arr_i:17_j:13,33.87272,0.0,hdslay1_t17,17,13,hdslay1,arr,,,,,,
oname:hdslay1_t17_otype:arr_i:17_j:14,33.88845,0.0,hdslay1_t17,17,14,hdslay1,arr,,,,,,
oname:hdslay1_t17_otype:arr_i:17_j:15,33.91398,0.0,hdslay1_t17,17,15,hdslay1,arr,,,,,,
oname:hdslay1_t17_otype:arr_i:17_j:16,33.94478,0.0,hdslay1_t17,17,16,hdslay1,arr,,,,,,
oname:hdslay1_t17_otype:arr_i:17_j:17,33.96774,0.0,hdslay1_t17,17,17,hdslay1,arr,,,,,,
oname:hdslay1_t17_otype:arr_i:17_j:18,33.98503,0.0,hdslay1_t17,17,18,hdslay1,arr,,,,,,
oname:hdslay1_t17_otype:arr_i:17_j:19,33.99516,0.0,hdslay1_t17,17,19,hdslay1,arr,,,,,,
oname:hdslay1_t17_otype:arr_i:17_j:2,34.45619,0.0,hdslay1_t17,17,2,hdslay1,arr,,,,,,
oname:hdslay1_t17_otype:arr_i:17_j:3,34.46253,0.0,hdslay1_t17,17,3,hdslay1,arr,,,,,,
oname:hdslay1_t17_otype:arr_i:17_j:4,1e+30,0.0,hdslay1_t17,17,4,hdslay1,arr,,,,,,
oname:hdslay1_t17_otype:arr_i:17_j:5,1e+30,0.0,hdslay1_t17,17,5,hdslay1,arr,,,,,,
oname:hdslay1_t17_otype:arr_i:17_j:6,1e+30,0.0,hdslay1_t17,17,6,hdslay1,arr,,,,,,
oname:hdslay1_t17_otype:arr_i:17_j:7,1e+30,0.0,hdslay1_t17,17,7,hdslay1,arr,,,,,,
oname:hdslay1_t17_otype:arr_i:17_j:8,33.86249,0.0,hdslay1_t17,17,8,hdslay1,arr,,,,,,
oname:hdslay1_t17_otype:arr_i:17_j:9,33.86076,0.0,hdslay1_t17,17,9,hdslay1,arr,,,,,,
oname:hdslay1_t17_otype:arr_i:18_j:0,34.36609,0.0,hdslay1_t17,18,0,hdslay1,arr,,,,,,
oname:hdslay1_t17_otype:arr_i:18_j:1,34.3691,0.0,hdslay1_t17,18,1,hdslay1,arr,,,,,,
oname:hdslay1_t17_otype:arr_i:18_j:10,33.81452,0.0,hdslay1_t17,18,10,hdslay1,arr,,,,,,
oname:hdslay1_t17_otype:arr_i:18_j:11,33.80922,0.0,hdslay1_t17,18,11,hdslay1,arr,,,,,,
oname:hdslay1_t17_otype:arr_i:18_j:12,33.80678,0.0,hdslay1_t17,18,12,hdslay1,arr,,,,,,
oname:hdslay1_t17_otype:arr_i:18_j:13,33.80922,0.0,hdslay1_t17,18,13,hdslay1,arr,,,,,,
oname:hdslay1_t17_otype:arr_i:18_j:14,33.81284,0.0,hdslay1_t17,18,14,hdslay1,arr,,,,,,
oname:hdslay1_t17_otype:arr_i:18_j:15,33.85854,0.0,hdslay1_t17,18,15,hdslay1,arr,,,,,,
oname:hdslay1_t17_otype:arr_i:18_j:16,33.90517,0.0,hdslay1_t17,18,16,hdslay1,arr,,,,,,
oname:hdslay1_t17_otype:arr_i:18_j:17,33.93987,0.0,hdslay1_t17,18,17,hdslay1,arr,,,,,,
oname:hdslay1_t17_otype:arr_i:18_j:18,33.96561,0.0,hdslay1_t17,18,18,hdslay1,arr,,,,,,
oname:hdslay1_t17_otype:arr_i:18_j:19,33.97643,0.0,hdslay1_t17,18,19,hdslay1,arr,,,,,,
oname:hdslay1_t17_otype:arr_i:18_j:2,34.37716,0.0,hdslay1_t17,18,2,hdslay1,arr,,,,,,
oname:hdslay1_t17_otype:arr_i:18_j:3,34.39061,0.0,hdslay1_t17,18,3,hdslay1,arr,,,,,,
oname:hdslay1_t17_otype:arr_i:18_j:4,1e+30,0.0,hdslay1_t17,18,4,hdslay1,arr,,,,,,
oname:hdslay1_t17_otype:arr_i:18_j:5,1e+30,0.0,hdslay1_t17,18,5,hdslay1,arr,,,,,,
oname:hdslay1_t17_otype:arr_i:18_j:6,1e+30,0.0,hdslay1_t17,18,6,hdslay1,arr,,,,,,
oname:hdslay1_t17_otype:arr_i:18_j:7,1e+30,0.0,hdslay1_t17,18,7,hdslay1,arr,,,,,,
oname:hdslay1_t17_otype:arr_i:18_j:8,33.82128,0.0,hdslay1_t17,18,8,hdslay1,arr,,,,,,
oname:hdslay1_t17_otype:arr_i:18_j:9,33.81769,0.0,hdslay1_t17,18,9,hdslay1,arr,,,,,,
oname:hdslay1_t17_otype:arr_i:19_j:0,34.27305,0.0,hdslay1_t17,19,0,hdslay1,arr,,,,,,
oname:hdslay1_t17_otype:arr_i:19_j:1,34.27245,0.0,hdslay1_t17,19,1,hdslay1,arr,,,,,,
oname:hdslay1_t17_otype:arr_i:19_j:10,33.77865,0.0,hdslay1_t17,19,10,hdslay1,arr,,,,,,
oname:hdslay1_t17_otype:arr_i:19_j:11,33.7677,0.0,hdslay1_t17,19,11,hdslay1,arr,,,,,,
oname:hdslay1_t17_otype:arr_i:19_j:12,33.75933,0.0,hdslay1_t17,19,12,hdslay1,arr,,,,,,
oname:hdslay1_t17_otype:arr_i:19_j:13,33.73468,0.0,hdslay1_t17,19,13,hdslay1,arr,,,,,,
oname:hdslay1_t17_otype:arr_i:19_j:14,33.69722,0.0,hdslay1_t17,19,14,hdslay1,arr,,,,,,
oname:hdslay1_t17_otype:arr_i:19_j:15,33.79309,0.0,hdslay1_t17,19,15,hdslay1,arr,,,,,,
oname:hdslay1_t17_otype:arr_i:19_j:16,33.85977,0.0,hdslay1_t17,19,16,hdslay1,arr,,,,,,
oname:hdslay1_t17_otype:arr_i:19_j:17,33.9008,0.0,hdslay1_t17,19,17,hdslay1,arr,,,,,,
oname:hdslay1_t17_otype:arr_i:19_j:18,33.92582,0.0,hdslay1_t17,19,18,hdslay1,arr,,,,,,
oname:hdslay1_t17_otype:arr_i:19_j:19,33.94231,0.0,hdslay1_t17,19,19,hdslay1,arr,,,,,,
oname:hdslay1_t17_otype:arr_i:19_j:2,34.27926,0.0,hdslay1_t17,19,2,hdslay1,arr,,,,,,
oname:hdslay1_t17_otype:arr_i:19_j:3,34.29068,0.0,hdslay1_t17,19,3,hdslay1,arr,,,,,,
oname:hdslay1_t17_otype:arr_i:19_j:4,1e+30,0.0,hdslay1_t17,19,4,hdslay1,arr,,,,,,
oname:hdslay1_t17_otype:arr_i:19_j:5,1e+30,0.0,hdslay1_t17,19,5,hdslay1,arr,,,,,,
oname:hdslay1_t17_otype:arr_i:19_j:6,1e+30,0.0,hdslay1_t17,19,6,hdslay1,arr,,,,,,
oname:hdslay1_t17_otype:arr_i:19_j:7,1e+30,0.0,hdslay1_t17,19,7,hdslay1,arr,,,,,,
oname:hdslay1_t17_otype:arr_i:19_j:8,33.78692,0.0,hdslay1_t17,19,8,hdslay1,arr,,,,,,
oname:hdslay1_t17_otype:arr_i:19_j:9,33.7842,0.0,hdslay1_t17,19,9,hdslay1,arr,,,,,,
oname:hdslay1_t17_otype:arr_i:1_j:0,35.22011,0.0,hdslay1_t17,1,0,hdslay1,arr,,,,,,
oname:hdslay1_t17_otype:arr_i:1_j:1,35.20921,0.0,hdslay1_t17,1,1,hdslay1,arr,,,,,,
oname:hdslay1_t17_otype:arr_i:1_j:10,34.48919,0.0,hdslay1_t17,1,10,hdslay1,arr,,,,,,
oname:hdslay1_t17_otype:arr_i:1_j:11,34.43363,0.0,hdslay1_t17,1,11,hdslay1,arr,,,,,,
oname:hdslay1_t17_otype:arr_i:1_j:12,34.3849,0.0,hdslay1_t17,1,12,hdslay1,arr,,,,,,
oname:hdslay1_t17_otype:arr_i:1_j:13,34.33948,0.0,hdslay1_t17,1,13,hdslay1,arr,,,,,,
oname:hdslay1_t17_otype:arr_i:1_j:14,34.29135,0.0,hdslay1_t17,1,14,hdslay1,arr,,,,,,
oname:hdslay1_t17_otype:arr_i:1_j:15,34.24096,0.0,hdslay1_t17,1,15,hdslay1,arr,,,,,,
oname:hdslay1_t17_otype:arr_i:1_j:16,34.23171,0.0,hdslay1_t17,1,16,hdslay1,arr,,,,,,
oname:hdslay1_t17_otype:arr_i:1_j:17,34.2244,0.0,hdslay1_t17,1,17,hdslay1,arr,,,,,,
oname:hdslay1_t17_otype:arr_i:1_j:18,34.22063,0.0,hdslay1_t17,1,18,hdslay1,arr,,,,,,
oname:hdslay1_t17_otype:arr_i:1_j:19,34.21729,0.0,hdslay1_t17,1,19,hdslay1,arr,,,,,,
oname:hdslay1_t17_otype:arr_i:1_j:2,35.18137,0.0,hdslay1_t17,1,2,hdslay1,arr,,,,,,
oname:hdslay1_t17_otype:arr_i:1_j:3,35.13591,0.0,hdslay1_t17,1,3,hdslay1,arr,,,,,,
oname:hdslay1_t17_otype:arr_i:1_j:4,35.06653,0.0,hdslay1_t17,1,4,hdslay1,arr,,,,,,
oname:hdslay1_t17_otype:arr_i:1_j:5,34.97426,0.0,hdslay1_t17,1,5,hdslay1,arr,,,,,,
oname:hdslay1_t17_otype:arr_i:1_j:6,34.85436,0.0,hdslay1_t17,1,6,hdslay1,arr,,,,,,
oname:hdslay1_t17_otype:arr_i:1_j:7,34.72554,0.0,hdslay1_t17,1,7,hdslay1,arr,,,,,,
oname:hdslay1_t17_otype:arr_i:1_j:8,34.62251,0.0,hdslay1_t17,1,8,hdslay1,arr,,,,,,
oname:hdslay1_t17_otype:arr_i:1_j:9,34.54855,0.0,hdslay1_t17,1,9,hdslay1,arr,,,,,,
oname:hdslay1_t17_otype:arr_i:20_j:0,34.1826,0.0,hdslay1_t17,20,0,hdslay1,arr,,,,,,
oname:hdslay1_t17_otype:arr_i:20_j:1,34.18526,0.0,hdslay1_t17,20,1,hdslay1,arr,,,,,,
oname:hdslay1_t17_otype:arr_i:20_j:10,33.75306,0.0,hdslay1_t17,20,10,hdslay1,arr,,,,,,
oname:hdslay1_t17_otype:arr_i:20_j:11,33.74499,0.0,hdslay1_t17,20,11,hdslay1,arr,,,,,,
oname:hdslay1_t17_otype:arr_i:20_j:12,33.7302,0.0,hdslay1_t17,20,12,hdslay1,arr,,,,,,
oname:hdslay1_t17_otype:arr_i:20_j:13,33.66978,0.0,hdslay1_t17,20,13,hdslay1,arr,,,,,,
oname:hdslay1_t17_otype:arr_i:20_j:14,33.47113,0.0,hdslay1_t17,20,14,hdslay1,arr,,,,,,
oname:hdslay1_t17_otype:arr_i:20_j:15,33.71124,0.0,hdslay1_t17,20,15,hdslay1,arr,,,,,,
oname:hdslay1_t17_otype:arr_i:20_j:16,33.81754,0.0,hdslay1_t17,20,16,hdslay1,arr,,,,,,
oname:hdslay1_t17_otype:arr_i:20_j:17,33.86661,0.0,hdslay1_t17,20,17,hdslay1,arr,,,,,,
oname:hdslay1_t17_otype:arr_i:20_j:18,33.88776,0.0,hdslay1_t17,20,18,hdslay1,arr,,,,,,
oname:hdslay1_t17_otype:arr_i:20_j:19,33.90375,0.0,hdslay1_t17,20,19,hdslay1,arr,,,,,,
oname:hdslay1_t17_otype:arr_i:20_j:2,34.18058,0.0,hdslay1_t17,20,2,hdslay1,arr,,,,,,
oname:hdslay1_t17_otype:arr_i:20_j:3,34.17299,0.0,hdslay1_t17,20,3,hdslay1,arr,,,,,,
oname:hdslay1_t17_otype:arr_i:20_j:4,1e+30,0.0,hdslay1_t17,20,4,hdslay1,arr,,,,,,
oname:hdslay1_t17_otype:arr_i:20_j:5,1e+30,0.0,hdslay1_t17,20,5,hdslay1,arr,,,,,,
oname:hdslay1_t17_otype:arr_i:20_j:6,1e+30,0.0,hdslay1_t17,20,6,hdslay1,arr,,,,,,
oname:hdslay1_t17_otype:arr_i:20_j:7,1e+30,0.0,hdslay1_t17,20,7,hdslay1,arr,,,,,,
oname:hdslay1_t17_otype:arr_i:20_j:8,33.75961,0.0,hdslay1_t17,20,8,hdslay1,arr,,,,,,
oname:hdslay1_t17_otype:arr_i:20_j:9,33.75877,0.0,hdslay1_t17,20,9,hdslay1,arr,,,,,,
oname:hdslay1_t17_otype:arr_i:21_j:0,34.09977,0.0,hdslay1_t17,21,0,hdslay1,arr,,,,,,
oname:hdslay1_t17_otype:arr_i:21_j:1,34.10238,0.0,hdslay1_t17,21,1,hdslay1,arr,,,,,,
oname:hdslay1_t17_otype:arr_i:21_j:10,33.73757,0.0,hdslay1_t17,21,10,hdslay1,arr,,,,,,
oname:hdslay1_t17_otype:arr_i:21_j:11,33.73521,0.0,hdslay1_t17,21,11,hdslay1,arr,,,,,,
oname:hdslay1_t17_otype:arr_i:21_j:12,33.72571,0.0,hdslay1_t17,21,12,hdslay1,arr,,,,,,
oname:hdslay1_t17_otype:arr_i:21_j:13,33.69926,0.0,hdslay1_t17,21,13,hdslay1,arr,,,,,,
oname:hdslay1_t17_otype:arr_i:21_j:14,33.66883,0.0,hdslay1_t17,21,14,hdslay1,arr,,,,,,
oname:hdslay1_t17_otype:arr_i:21_j:15,33.73941,0.0,hdslay1_t17,21,15,hdslay1,arr,,,,,,
oname:hdslay1_t17_otype:arr_i:21_j:16,33.80075,0.0,hdslay1_t17,21,16,hdslay1,arr,,,,,,
oname:hdslay1_t17_otype:arr_i:21_j:17,33.84499,0.0,hdslay1_t17,21,17,hdslay1,arr,,,,,,
oname:hdslay1_t17_otype:arr_i:21_j:18,33.86772,0.0,hdslay1_t17,21,18,hdslay1,arr,,,,,,
oname:hdslay1_t17_otype:arr_i:21_j:19,33.87699,0.0,hdslay1_t17,21,19,hdslay1,arr,,,,,,
oname:hdslay1_t17_otype:arr_i:21_j:2,34.08426,0.0,hdslay1_t17,21,2,hdslay1,arr,,,,,,
oname:hdslay1_t17_otype:arr_i:21_j:3,34.05254,0.0,hdslay1_t17,21,3,hdslay1,arr,,,,,,
oname:hdslay1_t17_otype:arr_i:21_j:4,1e+30,0.0,hdslay1_t17,21,4,hdslay1,arr,,,,,,
oname:hdslay1_t17_otype:arr_i:21_j:5,1e+30,0.0,hdslay1_t17,21,5,hdslay1,arr,,,,,,
oname:hdslay1_t17_otype:arr_i:21_j:6,33.70658,0.0,hdslay1_t17,21,6,hdslay1,arr,,,,,,
oname:hdslay1_t17_otype:arr_i:21_j:7,33.71725,0.0,hdslay1_t17,21,7,hdslay1,arr,,,,,,
oname:hdslay1_t17_otype:arr_i:21_j:8,33.73381,0.0,hdslay1_t17,21,8,hdslay1,arr,,,,,,
oname:hdslay1_t17_otype:arr_i:21_j:9,33.73922,0.0,hdslay1_t17,21,9,hdslay1,arr,,,,,,
oname:hdslay1_t17_otype:arr_i:22_j:0,34.01852,0.0,hdslay1_t17,22,0,hdslay1,arr,,,,,,
oname:hdslay1_t17_otype:arr_i:22_j:1,33.99964,0.0,hdslay1_t17,22,1,hdslay1,arr,,,,,,
oname:hdslay1_t17_otype:arr_i:22_j:10,33.72492,0.0,hdslay1_t17,22,10,hdslay1,arr,,,,,,
oname:hdslay1_t17_otype:arr_i:22_j:11,33.72684,0.0,hdslay1_t17,22,11,hdslay1,arr,,,,,,
oname:hdslay1_t17_otype:arr_i:22_j:12,33.72546,0.0,hdslay1_t17,22,12,hdslay1,arr,,,,,,
oname:hdslay1_t17_otype:arr_i:22_j:13,33.72198,0.0,hdslay1_t17,22,13,hdslay1,arr,,,,,,
oname:hdslay1_t17_otype:arr_i:22_j:14,33.72621,0.0,hdslay1_t17,22,14,hdslay1,arr,,,,,,
oname:hdslay1_t17_otype:arr_i:22_j:15,33.76015,0.0,hdslay1_t17,22,15,hdslay1,arr,,,,,,
oname:hdslay1_t17_otype:arr_i:22_j:16,33.79401,0.0,hdslay1_t17,22,16,hdslay1,arr,,,,,,
oname:hdslay1_t17_otype:arr_i:22_j:17,33.82793,0.0,hdslay1_t17,22,17,hdslay1,arr,,,,,,
oname:hdslay1_t17_otype:arr_i:22_j:18,33.84745,0.0,hdslay1_t17,22,18,hdslay1,arr,,,,,,
oname:hdslay1_t17_otype:arr_i:22_j:19,33.85455,0.0,hdslay1_t17,22,19,hdslay1,arr,,,,,,
oname:hdslay1_t17_otype:arr_i:22_j:2,33.9717,0.0,hdslay1_t17,22,2,hdslay1,arr,,,,,,
oname:hdslay1_t17_otype:arr_i:22_j:3,33.89923,0.0,hdslay1_t17,22,3,hdslay1,arr,,,,,,
oname:hdslay1_t17_otype:arr_i:22_j:4,33.77938,0.0,hdslay1_t17,22,4,hdslay1,arr,,,,,,
oname:hdslay1_t17_otype:arr_i:22_j:5,1e+30,0.0,hdslay1_t17,22,5,hdslay1,arr,,,,,,
oname:hdslay1_t17_otype:arr_i:22_j:6,33.69425,0.0,hdslay1_t17,22,6,hdslay1,arr,,,,,,
oname:hdslay1_t17_otype:arr_i:22_j:7,33.7036,0.0,hdslay1_t17,22,7,hdslay1,arr,,,,,,
oname:hdslay1_t17_otype:arr_i:22_j:8,33.71546,0.0,hdslay1_t17,22,8,hdslay1,arr,,,,,,
oname:hdslay1_t17_otype:arr_i:22_j:9,33.72272,0.0,hdslay1_t17,22,9,hdslay1,arr,,,,,,
oname:hdslay1_t17_otype:arr_i:23_j:0,33.92515,0.0,hdslay1_t17,23,0,hdslay1,arr,,,,,,
oname:hdslay1_t17_otype:arr_i:23_j:1,33.89846,0.0,hdslay1_t17,23,1,hdslay1,arr,,,,,,
oname:hdslay1_t17_otype:arr_i:23_j:10,33.70664,0.0,hdslay1_t17,23,10,hdslay1,arr,,,,,,
oname:hdslay1_t17_otype:arr_i:23_j:11,33.71401,0.0,hdslay1_t17,23,11,hdslay1,arr,,,,,,
oname:hdslay1_t17_otype:arr_i:23_j:12,33.72328,0.0,hdslay1_t17,23,12,hdslay1,arr,,,,,,
oname:hdslay1_t17_otype:arr_i:23_j:13,33.7333,0.0,hdslay1_t17,23,13,hdslay1,arr,,,,,,
oname:hdslay1_t17_otype:arr_i:23_j:14,33.74589,0.0,hdslay1_t17,23,14,hdslay1,arr,,,,,,
oname:hdslay1_t17_otype:arr_i:23_j:15,33.76878,0.0,hdslay1_t17,23,15,hdslay1,arr,,,,,,
oname:hdslay1_t17_otype:arr_i:23_j:16,33.79134,0.0,hdslay1_t17,23,16,hdslay1,arr,,,,,,
oname:hdslay1_t17_otype:arr_i:23_j:17,33.81534,0.0,hdslay1_t17,23,17,hdslay1,arr,,,,,,
oname:hdslay1_t17_otype:arr_i:23_j:18,33.83102,0.0,hdslay1_t17,23,18,hdslay1,arr,,,,,,
oname:hdslay1_t17_otype:arr_i:23_j:19,33.83569,0.0,hdslay1_t17,23,19,hdslay1,arr,,,,,,
oname:hdslay1_t17_otype:arr_i:23_j:2,33.85757,0.0,hdslay1_t17,23,2,hdslay1,arr,,,,,,
oname:hdslay1_t17_otype:arr_i:23_j:3,33.77538,0.0,hdslay1_t17,23,3,hdslay1,arr,,,,,,
oname:hdslay1_t17_otype:arr_i:23_j:4,33.68481,0.0,hdslay1_t17,23,4,hdslay1,arr,,,,,,
oname:hdslay1_t17_otype:arr_i:23_j:5,33.66181,0.0,hdslay1_t17,23,5,hdslay1,arr,,,,,,
oname:hdslay1_t17_otype:arr_i:23_j:6,33.67321,0.0,hdslay1_t17,23,6,hdslay1,arr,,,,,,
oname:hdslay1_t17_otype:arr_i:23_j:7,33.68422,0.0,hdslay1_t17,23,7,hdslay1,arr,,,,,,
oname:hdslay1_t17_otype:arr_i:23_j:8,33.69503,0.0,hdslay1_t17,23,8,hdslay1,arr,,,,,,
oname:hdslay1_t17_otype:arr_i:23_j:9,33.70242,0.0,hdslay1_t17,23,9,hdslay1,arr,,,,,,
oname:hdslay1_t17_otype:arr_i:24_j:0,33.8451,0.0,hdslay1_t17,24,0,hdslay1,arr,,,,,,
oname:hdslay1_t17_otype:arr_i:24_j:1,33.82542,0.0,hdslay1_t17,24,1,hdslay1,arr,,,,,,
oname:hdslay1_t17_otype:arr_i:24_j:10,33.6786,0.0,hdslay1_t17,24,10,hdslay1,arr,,,,,,
oname:hdslay1_t17_otype:arr_i:24_j:11,33.69301,0.0,hdslay1_t17,24,11,hdslay1,arr,,,,,,
oname:hdslay1_t17_otype:arr_i:24_j:12,33.71257,0.0,hdslay1_t17,24,12,hdslay1,arr,,,,,,
oname:hdslay1_t17_otype:arr_i:24_j:13,33.73238,0.0,hdslay1_t17,24,13,hdslay1,arr,,,,,,
oname:hdslay1_t17_otype:arr_i:24_j:14,33.74938,0.0,hdslay1_t17,24,14,hdslay1,arr,,,,,,
oname:hdslay1_t17_otype:arr_i:24_j:15,33.76823,0.0,hdslay1_t17,24,15,hdslay1,arr,,,,,,
oname:hdslay1_t17_otype:arr_i:24_j:16,33.78313,0.0,hdslay1_t17,24,16,hdslay1,arr,,,,,,
oname:hdslay1_t17_otype:arr_i:24_j:17,33.79833,0.0,hdslay1_t17,24,17,hdslay1,arr,,,,,,
oname:hdslay1_t17_otype:arr_i:24_j:18,33.81261,0.0,hdslay1_t17,24,18,hdslay1,arr,,,,,,
oname:hdslay1_t17_otype:arr_i:24_j:19,33.81974,0.0,hdslay1_t17,24,19,hdslay1,arr,,,,,,
oname:hdslay1_t17_otype:arr_i:24_j:2,33.78112,0.0,hdslay1_t17,24,2,hdslay1,arr,,,,,,
oname:hdslay1_t17_otype:arr_i:24_j:3,33.70378,0.0,hdslay1_t17,24,3,hdslay1,arr,,,,,,
oname:hdslay1_t17_otype:arr_i:24_j:4,33.56742,0.0,hdslay1_t17,24,4,hdslay1,arr,,,,,,
oname:hdslay1_t17_otype:arr_i:24_j:5,33.62958,0.0,hdslay1_t17,24,5,hdslay1,arr,,,,,,
oname:hdslay1_t17_otype:arr_i:24_j:6,33.65233,0.0,hdslay1_t17,24,6,hdslay1,arr,,,,,,
oname:hdslay1_t17_otype:arr_i:24_j:7,33.66487,0.0,hdslay1_t17,24,7,hdslay1,arr,,,,,,
oname:hdslay1_t17_otype:arr_i:24_j:8,33.67444,0.0,hdslay1_t17,24,8,hdslay1,arr,,,,,,
oname:hdslay1_t17_otype:arr_i:24_j:9,33.67699,0.0,hdslay1_t17,24,9,hdslay1,arr,,,,,,
oname:hdslay1_t17_otype:arr_i:25_j:0,33.79881,0.0,hdslay1_t17,25,0,hdslay1,arr,,,,,,
oname:hdslay1_t17_otype:arr_i:25_j:1,33.78643,0.0,hdslay1_t17,25,1,hdslay1,arr,,,,,,
oname:hdslay1_t17_otype:arr_i:25_j:10,33.64114,0.0,hdslay1_t17,25,10,hdslay1,arr,,,,,,
oname:hdslay1_t17_otype:arr_i:25_j:11,33.66567,0.0,hdslay1_t17,25,11,hdslay1,arr,,,,,,
oname:hdslay1_t17_otype:arr_i:25_j:12,33.69368,0.0,hdslay1_t17,25,12,hdslay1,arr,,,,,,
oname:hdslay1_t17_otype:arr_i:25_j:13,33.71789,0.0,hdslay1_t17,25,13,hdslay1,arr,,,,,,
oname:hdslay1_t17_otype:arr_i:25_j:14,33.73809,0.0,hdslay1_t17,25,14,hdslay1,arr,,,,,,
oname:hdslay1_t17_otype:arr_i:25_j:15,33.75655,0.0,hdslay1_t17,25,15,hdslay1,arr,,,,,,
oname:hdslay1_t17_otype:arr_i:25_j:16,33.76968,0.0,hdslay1_t17,25,16,hdslay1,arr,,,,,,
oname:hdslay1_t17_otype:arr_i:25_j:17,33.78254,0.0,hdslay1_t17,25,17,hdslay1,arr,,,,,,
oname:hdslay1_t17_otype:arr_i:25_j:18,33.79247,0.0,hdslay1_t17,25,18,hdslay1,arr,,,,,,
oname:hdslay1_t17_otype:arr_i:25_j:19,33.80079,0.0,hdslay1_t17,25,19,hdslay1,arr,,,,,,
oname:hdslay1_t17_otype:arr_i:25_j:2,33.75621,0.0,hdslay1_t17,25,2,hdslay1,arr,,,,,,
oname:hdslay1_t17_otype:arr_i:25_j:3,33.70304,0.0,hdslay1_t17,25,3,hdslay1,arr,,,,,,
oname:hdslay1_t17_otype:arr_i:25_j:4,33.64219,0.0,hdslay1_t17,25,4,hdslay1,arr,,,,,,
oname:hdslay1_t17_otype:arr_i:25_j:5,33.63926,0.0,hdslay1_t17,25,5,hdslay1,arr,,,,,,
oname:hdslay1_t17_otype:arr_i:25_j:6,33.64113,0.0,hdslay1_t17,25,6,hdslay1,arr,,,,,,
oname:hdslay1_t17_otype:arr_i:25_j:7,33.64516,0.0,hdslay1_t17,25,7,hdslay1,arr,,,,,,
oname:hdslay1_t17_otype:arr_i:25_j:8,33.64907,0.0,hdslay1_t17,25,8,hdslay1,arr,,,,,,
oname:hdslay1_t17_otype:arr_i:25_j:9,33.64451,0.0,hdslay1_t17,25,9,hdslay1,arr,,,,,,
oname:hdslay1_t17_otype:arr_i:26_j:0,33.77449,0.0,hdslay1_t17,26,0,hdslay1,arr,,,,,,
oname:hdslay1_t17_otype:arr_i:26_j:1,33.76383,0.0,hdslay1_t17,26,1,hdslay1,arr,,,,,,
oname:hdslay1_t17_otype:arr_i:26_j:10,33.57321,0.0,hdslay1_t17,26,10,hdslay1,arr,,,,,,
oname:hdslay1_t17_otype:arr_i:26_j:11,33.63648,0.0,hdslay1_t17,26,11,hdslay1,arr,,,,,,
oname:hdslay1_t17_otype:arr_i:26_j:12,33.67104,0.0,hdslay1_t17,26,12,hdslay1,arr,,,,,,
oname:hdslay1_t17_otype:arr_i:26_j:13,33.6966,0.0,hdslay1_t17,26,13,hdslay1,arr,,,,,,
oname:hdslay1_t17_otype:arr_i:26_j:14,33.71485,0.0,hdslay1_t17,26,14,hdslay1,arr,,,,,,
oname:hdslay1_t17_otype:arr_i:26_j:15,33.73362,0.0,hdslay1_t17,26,15,hdslay1,arr,,,,,,
oname:hdslay1_t17_otype:arr_i:26_j:16,33.74319,0.0,hdslay1_t17,26,16,hdslay1,arr,,,,,,
oname:hdslay1_t17_otype:arr_i:26_j:17,33.75521,0.0,hdslay1_t17,26,17,hdslay1,arr,,,,,,
oname:hdslay1_t17_otype:arr_i:26_j:18,33.76935,0.0,hdslay1_t17,26,18,hdslay1,arr,,,,,,
oname:hdslay1_t17_otype:arr_i:26_j:19,33.7756,0.0,hdslay1_t17,26,19,hdslay1,arr,,,,,,
oname:hdslay1_t17_otype:arr_i:26_j:2,33.73821,0.0,hdslay1_t17,26,2,hdslay1,arr,,,,,,
oname:hdslay1_t17_otype:arr_i:26_j:3,33.70419,0.0,hdslay1_t17,26,3,hdslay1,arr,,,,,,
oname:hdslay1_t17_otype:arr_i:26_j:4,33.66684,0.0,hdslay1_t17,26,4,hdslay1,arr,,,,,,
oname:hdslay1_t17_otype:arr_i:26_j:5,33.64121,0.0,hdslay1_t17,26,5,hdslay1,arr,,,,,,
oname:hdslay1_t17_otype:arr_i:26_j:6,33.62767,0.0,hdslay1_t17,26,6,hdslay1,arr,,,,,,
oname:hdslay1_t17_otype:arr_i:26_j:7,33.62371,0.0,hdslay1_t17,26,7,hdslay1,arr,,,,,,
oname:hdslay1_t17_otype:arr_i:26_j:8,33.62042,0.0,hdslay1_t17,26,8,hdslay1,arr,,,,,,
oname:hdslay1_t17_otype:arr_i:26_j:9,33.60829,0.0,hdslay1_t17,26,9,hdslay1,arr,,,,,,
oname:hdslay1_t17_otype:arr_i:27_j:0,33.75691,0.0,hdslay1_t17,27,0,hdslay1,arr,,,,,,
oname:hdslay1_t17_otype:arr_i:27_j:1,33.74721,0.0,hdslay1_t17,27,1,hdslay1,arr,,,,,,
oname:hdslay1_t17_otype:arr_i:27_j:10,33.60559,0.0,hdslay1_t17,27,10,hdslay1,arr,,,,,,
oname:hdslay1_t17_otype:arr_i:27_j:11,33.63223,0.0,hdslay1_t17,27,11,hdslay1,arr,,,,,,
oname:hdslay1_t17_otype:arr_i:27_j:12,33.65345,0.0,hdslay1_t17,27,12,hdslay1,arr,,,,,,
oname:hdslay1_t17_otype:arr_i:27_j:13,33.67695,0.0,hdslay1_t17,27,13,hdslay1,arr,,,,,,
oname:hdslay1_t17_otype:arr_i:27_j:14,33.69485,0.0,hdslay1_t17,27,14,hdslay1,arr,,,,,,
oname:hdslay1_t17_otype:arr_i:27_j:15,33.70531,0.0,hdslay1_t17,27,15,hdslay1,arr,,,,,,
oname:hdslay1_t17_otype:arr_i:27_j:16,33.71401,0.0,hdslay1_t17,27,16,hdslay1,arr,,,,,,
oname:hdslay1_t17_otype:arr_i:27_j:17,33.72579,0.0,hdslay1_t17,27,17,hdslay1,arr,,,,,,
oname:hdslay1_t17_otype:arr_i:27_j:18,33.73934,0.0,hdslay1_t17,27,18,hdslay1,arr,,,,,,
oname:hdslay1_t17_otype:arr_i:27_j:19,33.74815,0.0,hdslay1_t17,27,19,hdslay1,arr,,,,,,
oname:hdslay1_t17_otype:arr_i:27_j:2,33.72563,0.0,hdslay1_t17,27,2,hdslay1,arr,,,,,,
oname:hdslay1_t17_otype:arr_i:27_j:3,33.6979,0.0,hdslay1_t17,27,3,hdslay1,arr,,,,,,
oname:hdslay1_t17_otype:arr_i:27_j:4,33.66395,0.0,hdslay1_t17,27,4,hdslay1,arr,,,,,,
oname:hdslay1_t17_otype:arr_i:27_j:5,33.62856,0.0,hdslay1_t17,27,5,hdslay1,arr,,,,,,
oname:hdslay1_t17_otype:arr_i:27_j:6,33.60627,0.0,hdslay1_t17,27,6,hdslay1,arr,,,,,,
oname:hdslay1_t17_otype:arr_i:27_j:7,33.60139,0.0,hdslay1_t17,27,7,hdslay1,arr,,,,,,
oname:hdslay1_t17_otype:arr_i:27_j:8,33.60227,0.0,hdslay1_t17,27,8,hdslay1,arr,,,,,,
oname:hdslay1_t17_otype:arr_i:27_j:9,33.60378,0.0,hdslay1_t17,27,9,hdslay1,arr,,,,,,
oname:hdslay1_t17_otype:arr_i:28_j:0,33.7438,0.0,hdslay1_t17,28,0,hdslay1,arr,,,,,,
oname:hdslay1_t17_otype:arr_i:28_j:1,33.73439,0.0,hdslay1_t17,28,1,hdslay1,arr,,,,,,
oname:hdslay1_t17_otype:arr_i:28_j:10,33.60438,0.0,hdslay1_t17,28,10,hdslay1,arr,,,,,,
oname:hdslay1_t17_otype:arr_i:28_j:11,33.62142,0.0,hdslay1_t17,28,11,hdslay1,arr,,,,,,
oname:hdslay1_t17_otype:arr_i:28_j:12,33.63916,0.0,hdslay1_t17,28,12,hdslay1,arr,,,,,,
oname:hdslay1_t17_otype:arr_i:28_j:13,33.65991,0.0,hdslay1_t17,28,13,hdslay1,arr,,,,,,
oname:hdslay1_t17_otype:arr_i:28_j:14,33.67897,0.0,hdslay1_t17,28,14,hdslay1,arr,,,,,,
oname:hdslay1_t17_otype:arr_i:28_j:15,33.69141,0.0,hdslay1_t17,28,15,hdslay1,arr,,,,,,
oname:hdslay1_t17_otype:arr_i:28_j:16,33.69709,0.0,hdslay1_t17,28,16,hdslay1,arr,,,,,,
oname:hdslay1_t17_otype:arr_i:28_j:17,33.70611,0.0,hdslay1_t17,28,17,hdslay1,arr,,,,,,
oname:hdslay1_t17_otype:arr_i:28_j:18,33.71416,0.0,hdslay1_t17,28,18,hdslay1,arr,,,,,,
oname:hdslay1_t17_otype:arr_i:28_j:19,33.7207,0.0,hdslay1_t17,28,19,hdslay1,arr,,,,,,
oname:hdslay1_t17_otype:arr_i:28_j:2,33.71517,0.0,hdslay1_t17,28,2,hdslay1,arr,,,,,,
oname:hdslay1_t17_otype:arr_i:28_j:3,33.68631,0.0,hdslay1_t17,28,3,hdslay1,arr,,,,,,
oname:hdslay1_t17_otype:arr_i:28_j:4,33.64564,0.0,hdslay1_t17,28,4,hdslay1,arr,,,,,,
oname:hdslay1_t17_otype:arr_i:28_j:5,33.59929,0.0,hdslay1_t17,28,5,hdslay1,arr,,,,,,
oname:hdslay1_t17_otype:arr_i:28_j:6,33.55678,0.0,hdslay1_t17,28,6,hdslay1,arr,,,,,,
oname:hdslay1_t17_otype:arr_i:28_j:7,33.56851,0.0,hdslay1_t17,28,7,hdslay1,arr,,,,,,
oname:hdslay1_t17_otype:arr_i:28_j:8,33.58214,0.0,hdslay1_t17,28,8,hdslay1,arr,,,,,,
oname:hdslay1_t17_otype:arr_i:28_j:9,33.59365,0.0,hdslay1_t17,28,9,hdslay1,arr,,,,,,
oname:hdslay1_t17_otype:arr_i:29_j:0,33.73006,0.0,hdslay1_t17,29,0,hdslay1,arr,,,,,,
oname:hdslay1_t17_otype:arr_i:29_j:1,33.72043,0.0,hdslay1_t17,29,1,hdslay1,arr,,,,,,
oname:hdslay1_t17_otype:arr_i:29_j:10,33.59146,0.0,hdslay1_t17,29,10,hdslay1,arr,,,,,,
oname:hdslay1_t17_otype:arr_i:29_j:11,33.60635,0.0,hdslay1_t17,29,11,hdslay1,arr,,,,,,
oname:hdslay1_t17_otype:arr_i:29_j:12,33.61963,0.0,hdslay1_t17,29,12,hdslay1,arr,,,,,,
oname:hdslay1_t17_otype:arr_i:29_j:13,33.63743,0.0,hdslay1_t17,29,13,hdslay1,arr,,,,,,
oname:hdslay1_t17_otype:arr_i:29_j:14,33.6572,0.0,hdslay1_t17,29,14,hdslay1,arr,,,,,,
oname:hdslay1_t17_otype:arr_i:29_j:15,33.67436,0.0,hdslay1_t17,29,15,hdslay1,arr,,,,,,
oname:hdslay1_t17_otype:arr_i:29_j:16,33.67862,0.0,hdslay1_t17,29,16,hdslay1,arr,,,,,,
oname:hdslay1_t17_otype:arr_i:29_j:17,33.68472,0.0,hdslay1_t17,29,17,hdslay1,arr,,,,,,
oname:hdslay1_t17_otype:arr_i:29_j:18,33.69273,0.0,hdslay1_t17,29,18,hdslay1,arr,,,,,,
oname:hdslay1_t17_otype:arr_i:29_j:19,33.69701,0.0,hdslay1_t17,29,19,hdslay1,arr,,,,,,
oname:hdslay1_t17_otype:arr_i:29_j:2,33.69903,0.0,hdslay1_t17,29,2,hdslay1,arr,,,,,,
oname:hdslay1_t17_otype:arr_i:29_j:3,33.66831,0.0,hdslay1_t17,29,3,hdslay1,arr,,,,,,
oname:hdslay1_t17_otype:arr_i:29_j:4,33.62578,0.0,hdslay1_t17,29,4,hdslay1,arr,,,,,,
oname:hdslay1_t17_otype:arr_i:29_j:5,33.55807,0.0,hdslay1_t17,29,5,hdslay1,arr,,,,,,
oname:hdslay1_t17_otype:arr_i:29_j:6,33.45389,0.0,hdslay1_t17,29,6,hdslay1,arr,,,,,,
oname:hdslay1_t17_otype:arr_i:29_j:7,33.52929,0.0,hdslay1_t17,29,7,hdslay1,arr,,,,,,
oname:hdslay1_t17_otype:arr_i:29_j:8,33.56031,0.0,hdslay1_t17,29,8,hdslay1,arr,,,,,,
oname:hdslay1_t17_otype:arr_i:29_j:9,33.57657,0.0,hdslay1_t17,29,9,hdslay1,arr,,,,,,
oname:hdslay1_t17_otype:arr_i:2_j:0,35.20968,0.0,hdslay1_t17,2,0,hdslay1,arr,,,,,,
oname:hdslay1_t17_otype:arr_i:2_j:1,35.20159,0.0,hdslay1_t17,2,1,hdslay1,arr,,,,,,
oname:hdslay1_t17_otype:arr_i:2_j:10,34.49181,0.0,hdslay1_t17,2,10,hdslay1,arr,,,,,,
oname:hdslay1_t17_otype:arr_i:2_j:11,34.43741,0.0,hdslay1_t17,2,11,hdslay1,arr,,,,,,
oname:hdslay1_t17_otype:arr_i:2_j:12,34.38473,0.0,hdslay1_t17,2,12,hdslay1,arr,,,,,,
oname:hdslay1_t17_otype:arr_i:2_j:13,34.32964,0.0,hdslay1_t17,2,13,hdslay1,arr,,,,,,
oname:hdslay1_t17_otype:arr_i:2_j:14,34.27736,0.0,hdslay1_t17,2,14,hdslay1,arr,,,,,,
oname:hdslay1_t17_otype:arr_i:2_j:15,34.23333,0.0,hdslay1_t17,2,15,hdslay1,arr,,,,,,
oname:hdslay1_t17_otype:arr_i:2_j:16,34.22168,0.0,hdslay1_t17,2,16,hdslay1,arr,,,,,,
oname:hdslay1_t17_otype:arr_i:2_j:17,34.21104,0.0,hdslay1_t17,2,17,hdslay1,arr,,,,,,
oname:hdslay1_t17_otype:arr_i:2_j:18,34.20386,0.0,hdslay1_t17,2,18,hdslay1,arr,,,,,,
oname:hdslay1_t17_otype:arr_i:2_j:19,34.20118,0.0,hdslay1_t17,2,19,hdslay1,arr,,,,,,
oname:hdslay1_t17_otype:arr_i:2_j:2,35.18636,0.0,hdslay1_t17,2,2,hdslay1,arr,,,,,,
oname:hdslay1_t17_otype:arr_i:2_j:3,35.14026,0.0,hdslay1_t17,2,3,hdslay1,arr,,,,,,
oname:hdslay1_t17_otype:arr_i:2_j:4,35.06902,0.0,hdslay1_t17,2,4,hdslay1,arr,,,,,,
oname:hdslay1_t17_otype:arr_i:2_j:5,34.97818,0.0,hdslay1_t17,2,5,hdslay1,arr,,,,,,
oname:hdslay1_t17_otype:arr_i:2_j:6,34.86724,0.0,hdslay1_t17,2,6,hdslay1,arr,,,,,,
oname:hdslay1_t17_otype:arr_i:2_j:7,34.73488,0.0,hdslay1_t17,2,7,hdslay1,arr,,,,,,
oname:hdslay1_t17_otype:arr_i:2_j:8,34.62921,0.0,hdslay1_t17,2,8,hdslay1,arr,,,,,,
oname:hdslay1_t17_otype:arr_i:2_j:9,34.5522,0.0,hdslay1_t17,2,9,hdslay1,arr,,,,,,
oname:hdslay1_t17_otype:arr_i:30_j:0,33.71448,0.0,hdslay1_t17,30,0,hdslay1,arr,,,,,,
oname:hdslay1_t17_otype:arr_i:30_j:1,33.70415,0.0,hdslay1_t17,30,1,hdslay1,arr,,,,,,
oname:hdslay1_t17_otype:arr_i:30_j:10,33.57546,0.0,hdslay1_t17,30,10,hdslay1,arr,,,,,,
oname:hdslay1_t17_otype:arr_i:30_j:11,33.58605,0.0,hdslay1_t17,30,11,hdslay1,arr,,,,,,
oname:hdslay1_t17_otype:arr_i:30_j:12,33.5984,0.0,hdslay1_t17,30,12,hdslay1,arr,,,,,,
oname:hdslay1_t17_otype:arr_i:30_j:13,33.61434,0.0,hdslay1_t17,30,13,hdslay1,arr,,,,,,
oname:hdslay1_t17_otype:arr_i:30_j:14,33.63217,0.0,hdslay1_t17,30,14,hdslay1,arr,,,,,,
oname:hdslay1_t17_otype:arr_i:30_j:15,33.64792,0.0,hdslay1_t17,30,15,hdslay1,arr,,,,,,
oname:hdslay1_t17_otype:arr_i:30_j:16,33.65527,0.0,hdslay1_t17,30,16,hdslay1,arr,,,,,,
oname:hdslay1_t17_otype:arr_i:30_j:17,33.66151,0.0,hdslay1_t17,30,17,hdslay1,arr,,,,,,
oname:hdslay1_t17_otype:arr_i:30_j:18,33.66846,0.0,hdslay1_t17,30,18,hdslay1,arr,,,,,,
oname:hdslay1_t17_otype:arr_i:30_j:19,33.67032,0.0,hdslay1_t17,30,19,hdslay1,arr,,,,,,
oname:hdslay1_t17_otype:arr_i:30_j:2,33.68689,0.0,hdslay1_t17,30,2,hdslay1,arr,,,,,,
oname:hdslay1_t17_otype:arr_i:30_j:3,33.66108,0.0,hdslay1_t17,30,3,hdslay1,arr,,,,,,
oname:hdslay1_t17_otype:arr_i:30_j:4,33.62164,0.0,hdslay1_t17,30,4,hdslay1,arr,,,,,,
oname:hdslay1_t17_otype:arr_i:30_j:5,33.57218,0.0,hdslay1_t17,30,5,hdslay1,arr,,,,,,
oname:hdslay1_t17_otype:arr_i:30_j:6,33.52775,0.0,hdslay1_t17,30,6,hdslay1,arr,,,,,,
oname:hdslay1_t17_otype:arr_i:30_j:7,33.54004,0.0,hdslay1_t17,30,7,hdslay1,arr,,,,,,
oname:hdslay1_t17_otype:arr_i:30_j:8,33.55276,0.0,hdslay1_t17,30,8,hdslay1,arr,,,,,,
oname:hdslay1_t17_otype:arr_i:30_j:9,33.56342,0.0,hdslay1_t17,30,9,hdslay1,arr,,,,,,
oname:hdslay1_t17_otype:arr_i:31_j:0,33.70426,0.0,hdslay1_t17,31,0,hdslay1,arr,,,,,,
oname:hdslay1_t17_otype:arr_i:31_j:1,33.69152,0.0,hdslay1_t17,31,1,hdslay1,arr,,,,,,
oname:hdslay1_t17_otype:arr_i:31_j:10,33.55793,0.0,hdslay1_t17,31,10,hdslay1,arr,,,,,,
oname:hdslay1_t17_otype:arr_i:31_j:11,33.56594,0.0,hdslay1_t17,31,11,hdslay1,arr,,,,,,
oname:hdslay1_t17_otype:arr_i:31_j:12,33.57412,0.0,hdslay1_t17,31,12,hdslay1,arr,,,,,,
oname:hdslay1_t17_otype:arr_i:31_j:13,33.58842,0.0,hdslay1_t17,31,13,hdslay1,arr,,,,,,
oname:hdslay1_t17_otype:arr_i:31_j:14,33.60894,0.0,hdslay1_t17,31,14,hdslay1,arr,,,,,,
oname:hdslay1_t17_otype:arr_i:31_j:15,33.62667,0.0,hdslay1_t17,31,15,hdslay1,arr,,,,,,
oname:hdslay1_t17_otype:arr_i:31_j:16,33.63514,0.0,hdslay1_t17,31,16,hdslay1,arr,,,,,,
oname:hdslay1_t17_otype:arr_i:31_j:17,33.64169,0.0,hdslay1_t17,31,17,hdslay1,arr,,,,,,
oname:hdslay1_t17_otype:arr_i:31_j:18,33.64721,0.0,hdslay1_t17,31,18,hdslay1,arr,,,,,,
oname:hdslay1_t17_otype:arr_i:31_j:19,33.64994,0.0,hdslay1_t17,31,19,hdslay1,arr,,,,,,
oname:hdslay1_t17_otype:arr_i:31_j:2,33.67743,0.0,hdslay1_t17,31,2,hdslay1,arr,,,,,,
oname:hdslay1_t17_otype:arr_i:31_j:3,33.65313,0.0,hdslay1_t17,31,3,hdslay1,arr,,,,,,
oname:hdslay1_t17_otype:arr_i:31_j:4,33.61638,0.0,hdslay1_t17,31,4,hdslay1,arr,,,,,,
oname:hdslay1_t17_otype:arr_i:31_j:5,33.57792,0.0,hdslay1_t17,31,5,hdslay1,arr,,,,,,
oname:hdslay1_t17_otype:arr_i:31_j:6,33.55121,0.0,hdslay1_t17,31,6,hdslay1,arr,,,,,,
oname:hdslay1_t17_otype:arr_i:31_j:7,33.54417,0.0,hdslay1_t17,31,7,hdslay1,arr,,,,,,
oname:hdslay1_t17_otype:arr_i:31_j:8,33.54524,0.0,hdslay1_t17,31,8,hdslay1,arr,,,,,,
oname:hdslay1_t17_otype:arr_i:31_j:9,33.54904,0.0,hdslay1_t17,31,9,hdslay1,arr,,,,,,
oname:hdslay1_t17_otype:arr_i:32_j:0,1e+30,0.0,hdslay1_t17,32,0,hdslay1,arr,,,,,,
oname:hdslay1_t17_otype:arr_i:32_j:1,33.68188,0.0,hdslay1_t17,32,1,hdslay1,arr,,,,,,
oname:hdslay1_t17_otype:arr_i:32_j:10,33.53382,0.0,hdslay1_t17,32,10,hdslay1,arr,,,,,,
oname:hdslay1_t17_otype:arr_i:32_j:11,33.53931,0.0,hdslay1_t17,32,11,hdslay1,arr,,,,,,
oname:hdslay1_t17_otype:arr_i:32_j:12,33.54629,0.0,hdslay1_t17,32,12,hdslay1,arr,,,,,,
oname:hdslay1_t17_otype:arr_i:32_j:13,33.56354,0.0,hdslay1_t17,32,13,hdslay1,arr,,,,,,
oname:hdslay1_t17_otype:arr_i:32_j:14,33.5871,0.0,hdslay1_t17,32,14,hdslay1,arr,,,,,,
oname:hdslay1_t17_otype:arr_i:32_j:15,33.61055,0.0,hdslay1_t17,32,15,hdslay1,arr,,,,,,
oname:hdslay1_t17_otype:arr_i:32_j:16,33.62028,0.0,hdslay1_t17,32,16,hdslay1,arr,,,,,,
oname:hdslay1_t17_otype:arr_i:32_j:17,33.62654,0.0,hdslay1_t17,32,17,hdslay1,arr,,,,,,
oname:hdslay1_t17_otype:arr_i:32_j:18,33.63191,0.0,hdslay1_t17,32,18,hdslay1,arr,,,,,,
oname:hdslay1_t17_otype:arr_i:32_j:19,33.63505,0.0,hdslay1_t17,32,19,hdslay1,arr,,,,,,
oname:hdslay1_t17_otype:arr_i:32_j:2,33.66719,0.0,hdslay1_t17,32,2,hdslay1,arr,,,,,,
oname:hdslay1_t17_otype:arr_i:32_j:3,33.63954,0.0,hdslay1_t17,32,3,hdslay1,arr,,,,,,
oname:hdslay1_t17_otype:arr_i:32_j:4,33.60448,0.0,hdslay1_t17,32,4,hdslay1,arr,,,,,,
oname:hdslay1_t17_otype:arr_i:32_j:5,33.57368,0.0,hdslay1_t17,32,5,hdslay1,arr,,,,,,
oname:hdslay1_t17_otype:arr_i:32_j:6,33.55188,0.0,hdslay1_t17,32,6,hdslay1,arr,,,,,,
oname:hdslay1_t17_otype:arr_i:32_j:7,33.53941,0.0,hdslay1_t17,32,7,hdslay1,arr,,,,,,
oname:hdslay1_t17_otype:arr_i:32_j:8,33.5336,0.0,hdslay1_t17,32,8,hdslay1,arr,,,,,,
oname:hdslay1_t17_otype:arr_i:32_j:9,33.53174,0.0,hdslay1_t17,32,9,hdslay1,arr,,,,,,
oname:hdslay1_t17_otype:arr_i:33_j:0,1e+30,0.0,hdslay1_t17,33,0,hdslay1,arr,,,,,,
oname:hdslay1_t17_otype:arr_i:33_j:1,1e+30,0.0,hdslay1_t17,33,1,hdslay1,arr,,,,,,
oname:hdslay1_t17_otype:arr_i:33_j:10,33.50528,0.0,hdslay1_t17,33,10,hdslay1,arr,,,,,,
oname:hdslay1_t17_otype:arr_i:33_j:11,33.49575,0.0,hdslay1_t17,33,11,hdslay1,arr,,,,,,
oname:hdslay1_t17_otype:arr_i:33_j:12,33.49198,0.0,hdslay1_t17,33,12,hdslay1,arr,,,,,,
oname:hdslay1_t17_otype:arr_i:33_j:13,33.53308,0.0,hdslay1_t17,33,13,hdslay1,arr,,,,,,
oname:hdslay1_t17_otype:arr_i:33_j:14,33.56566,0.0,hdslay1_t17,33,14,hdslay1,arr,,,,,,
oname:hdslay1_t17_otype:arr_i:33_j:15,33.59412,0.0,hdslay1_t17,33,15,hdslay1,arr,,,,,,
oname:hdslay1_t17_otype:arr_i:33_j:16,33.60649,0.0,hdslay1_t17,33,16,hdslay1,arr,,,,,,
oname:hdslay1_t17_otype:arr_i:33_j:17,33.61517,0.0,hdslay1_t17,33,17,hdslay1,arr,,,,,,
oname:hdslay1_t17_otype:arr_i:33_j:18,33.62158,0.0,hdslay1_t17,33,18,hdslay1,arr,,,,,,
oname:hdslay1_t17_otype:arr_i:33_j:19,33.62581,0.0,hdslay1_t17,33,19,hdslay1,arr,,,,,,
oname:hdslay1_t17_otype:arr_i:33_j:2,33.65161,0.0,hdslay1_t17,33,2,hdslay1,arr,,,,,,
oname:hdslay1_t17_otype:arr_i:33_j:3,33.62203,0.0,hdslay1_t17,33,3,hdslay1,arr,,,,,,
oname:hdslay1_t17_otype:arr_i:33_j:4,33.58479,0.0,hdslay1_t17,33,4,hdslay1,arr,,,,,,
oname:hdslay1_t17_otype:arr_i:33_j:5,33.55897,0.0,hdslay1_t17,33,5,hdslay1,arr,,,,,,
oname:hdslay1_t17_otype:arr_i:33_j:6,33.5398,0.0,hdslay1_t17,33,6,hdslay1,arr,,,,,,
oname:hdslay1_t17_otype:arr_i:33_j:7,33.5258,0.0,hdslay1_t17,33,7,hdslay1,arr,,,,,,
oname:hdslay1_t17_otype:arr_i:33_j:8,33.51615,0.0,hdslay1_t17,33,8,hdslay1,arr,,,,,,
oname:hdslay1_t17_otype:arr_i:33_j:9,33.51017,0.0,hdslay1_t17,33,9,hdslay1,arr,,,,,,
oname:hdslay1_t17_otype:arr_i:34_j:0,1e+30,0.0,hdslay1_t17,34,0,hdslay1,arr,,,,,,
oname:hdslay1_t17_otype:arr_i:34_j:1,1e+30,0.0,hdslay1_t17,34,1,hdslay1,arr,,,,,,
oname:hdslay1_t17_otype:arr_i:34_j:10,33.47318,0.0,hdslay1_t17,34,10,hdslay1,arr,,,,,,
oname:hdslay1_t17_otype:arr_i:34_j:11,33.43861,0.0,hdslay1_t17,34,11,hdslay1,arr,,,,,,
oname:hdslay1_t17_otype:arr_i:34_j:12,33.34709,0.0,hdslay1_t17,34,12,hdslay1,arr,,,,,,
oname:hdslay1_t17_otype:arr_i:34_j:13,33.49116,0.0,hdslay1_t17,34,13,hdslay1,arr,,,,,,
oname:hdslay1_t17_otype:arr_i:34_j:14,33.5453,0.0,hdslay1_t17,34,14,hdslay1,arr,,,,,,
oname:hdslay1_t17_otype:arr_i:34_j:15,33.57665,0.0,hdslay1_t17,34,15,hdslay1,arr,,,,,,
oname:hdslay1_t17_otype:arr_i:34_j:16,33.59031,0.0,hdslay1_t17,34,16,hdslay1,arr,,,,,,
oname:hdslay1_t17_otype:arr_i:34_j:17,33.60214,0.0,hdslay1_t17,34,17,hdslay1,arr,,,,,,
oname:hdslay1_t17_otype:arr_i:34_j:18,33.61187,0.0,hdslay1_t17,34,18,hdslay1,arr,,,,,,
oname:hdslay1_t17_otype:arr_i:34_j:19,33.62033,0.0,hdslay1_t17,34,19,hdslay1,arr,,,,,,
oname:hdslay1_t17_otype:arr_i:34_j:2,1e+30,0.0,hdslay1_t17,34,2,hdslay1,arr,,,,,,
oname:hdslay1_t17_otype:arr_i:34_j:3,33.59354,0.0,hdslay1_t17,34,3,hdslay1,arr,,,,,,
oname:hdslay1_t17_otype:arr_i:34_j:4,33.55488,0.0,hdslay1_t17,34,4,hdslay1,arr,,,,,,
oname:hdslay1_t17_otype:arr_i:34_j:5,33.53574,0.0,hdslay1_t17,34,5,hdslay1,arr,,,,,,
oname:hdslay1_t17_otype:arr_i:34_j:6,33.51678,0.0,hdslay1_t17,34,6,hdslay1,arr,,,,,,
oname:hdslay1_t17_otype:arr_i:34_j:7,33.50364,0.0,hdslay1_t17,34,7,hdslay1,arr,,,,,,
oname:hdslay1_t17_otype:arr_i:34_j:8,33.49537,0.0,hdslay1_t17,34,8,hdslay1,arr,,,,,,
oname:hdslay1_t17_otype:arr_i:34_j:9,33.48731,0.0,hdslay1_t17,34,9,hdslay1,arr,,,,,,
oname:hdslay1_t17_otype:arr_i:35_j:0,1e+30,0.0,hdslay1_t17,35,0,hdslay1,arr,,,,,,
oname:hdslay1_t17_otype:arr_i:35_j:1,1e+30,0.0,hdslay1_t17,35,1,hdslay1,arr,,,,,,
oname:hdslay1_t17_otype:arr_i:35_j:10,33.45002,0.0,hdslay1_t17,35,10,hdslay1,arr,,,,,,
oname:hdslay1_t17_otype:arr_i:35_j:11,33.43977,0.0,hdslay1_t17,35,11,hdslay1,arr,,,,,,
oname:hdslay1_t17_otype:arr_i:35_j:12,33.43561,0.0,hdslay1_t17,35,12,hdslay1,arr,,,,,,
oname:hdslay1_t17_otype:arr_i:35_j:13,33.49329,0.0,hdslay1_t17,35,13,hdslay1,arr,,,,,,
oname:hdslay1_t17_otype:arr_i:35_j:14,33.53697,0.0,hdslay1_t17,35,14,hdslay1,arr,,,,,,
oname:hdslay1_t17_otype:arr_i:35_j:15,33.56327,0.0,hdslay1_t17,35,15,hdslay1,arr,,,,,,
oname:hdslay1_t17_otype:arr_i:35_j:16,33.57459,0.0,hdslay1_t17,35,16,hdslay1,arr,,,,,,
oname:hdslay1_t17_otype:arr_i:35_j:17,33.58602,0.0,hdslay1_t17,35,17,hdslay1,arr,,,,,,
oname:hdslay1_t17_otype:arr_i:35_j:18,33.59547,0.0,hdslay1_t17,35,18,hdslay1,arr,,,,,,
oname:hdslay1_t17_otype:arr_i:35_j:19,1e+30,0.0,hdslay1_t17,35,19,hdslay1,arr,,,,,,
oname:hdslay1_t17_otype:arr_i:35_j:2,1e+30,0.0,hdslay1_t17,35,2,hdslay1,arr,,,,,,
oname:hdslay1_t17_otype:arr_i:35_j:3,1e+30,0.0,hdslay1_t17,35,3,hdslay1,arr,,,,,,
oname:hdslay1_t17_otype:arr_i:35_j:4,33.52125,0.0,hdslay1_t17,35,4,hdslay1,arr,,,,,,
oname:hdslay1_t17_otype:arr_i:35_j:5,33.50531,0.0,hdslay1_t17,35,5,hdslay1,arr,,,,,,
oname:hdslay1_t17_otype:arr_i:35_j:6,33.4871,0.0,hdslay1_t17,35,6,hdslay1,arr,,,,,,
oname:hdslay1_t17_otype:arr_i:35_j:7,33.47462,0.0,hdslay1_t17,35,7,hdslay1,arr,,,,,,
oname:hdslay1_t17_otype:arr_i:35_j:8,33.46859,0.0,hdslay1_t17,35,8,hdslay1,arr,,,,,,
oname:hdslay1_t17_otype:arr_i:35_j:9,33.46167,0.0,hdslay1_t17,35,9,hdslay1,arr,,,,,,
oname:hdslay1_t17_otype:arr_i:36_j:0,1e+30,0.0,hdslay1_t17,36,0,hdslay1,arr,,,,,,
oname:hdslay1_t17_otype:arr_i:36_j:1,1e+30,0.0,hdslay1_t17,36,1,hdslay1,arr,,,,,,
oname:hdslay1_t17_otype:arr_i:36_j:10,33.42953,0.0,hdslay1_t17,36,10,hdslay1,arr,,,,,,
oname:hdslay1_t17_otype:arr_i:36_j:11,33.43475,0.0,hdslay1_t17,36,11,hdslay1,arr,,,,,,
oname:hdslay1_t17_otype:arr_i:36_j:12,33.45077,0.0,hdslay1_t17,36,12,hdslay1,arr,,,,,,
oname:hdslay1_t17_otype:arr_i:36_j:13,33.49033,0.0,hdslay1_t17,36,13,hdslay1,arr,,,,,,
oname:hdslay1_t17_otype:arr_i:36_j:14,33.52616,0.0,hdslay1_t17,36,14,hdslay1,arr,,,,,,
oname:hdslay1_t17_otype:arr_i:36_j:15,33.55101,0.0,hdslay1_t17,36,15,hdslay1,arr,,,,,,
oname:hdslay1_t17_otype:arr_i:36_j:16,33.56098,0.0,hdslay1_t17,36,16,hdslay1,arr,,,,,,
oname:hdslay1_t17_otype:arr_i:36_j:17,33.57286,0.0,hdslay1_t17,36,17,hdslay1,arr,,,,,,
oname:hdslay1_t17_otype:arr_i:36_j:18,33.58532,0.0,hdslay1_t17,36,18,hdslay1,arr,,,,,,
oname:hdslay1_t17_otype:arr_i:36_j:19,1e+30,0.0,hdslay1_t17,36,19,hdslay1,arr,,,,,,
oname:hdslay1_t17_otype:arr_i:36_j:2,1e+30,0.0,hdslay1_t17,36,2,hdslay1,arr,,,,,,
oname:hdslay1_t17_otype:arr_i:36_j:3,1e+30,0.0,hdslay1_t17,36,3,hdslay1,arr,,,,,,
oname:hdslay1_t17_otype:arr_i:36_j:4,33.50016,0.0,hdslay1_t17,36,4,hdslay1,arr,,,,,,
oname:hdslay1_t17_otype:arr_i:36_j:5,33.47106,0.0,hdslay1_t17,36,5,hdslay1,arr,,,,,,
oname:hdslay1_t17_otype:arr_i:36_j:6,33.45287,0.0,hdslay1_t17,36,6,hdslay1,arr,,,,,,
oname:hdslay1_t17_otype:arr_i:36_j:7,33.44263,0.0,hdslay1_t17,36,7,hdslay1,arr,,,,,,
oname:hdslay1_t17_otype:arr_i:36_j:8,33.43675,0.0,hdslay1_t17,36,8,hdslay1,arr,,,,,,
oname:hdslay1_t17_otype:arr_i:36_j:9,33.43402,0.0,hdslay1_t17,36,9,hdslay1,arr,,,,,,
oname:hdslay1_t17_otype:arr_i:37_j:0,1e+30,0.0,hdslay1_t17,37,0,hdslay1,arr,,,,,,
oname:hdslay1_t17_otype:arr_i:37_j:1,1e+30,0.0,hdslay1_t17,37,1,hdslay1,arr,,,,,,
oname:hdslay1_t17_otype:arr_i:37_j:10,33.40473,0.0,hdslay1_t17,37,10,hdslay1,arr,,,,,,
oname:hdslay1_t17_otype:arr_i:37_j:11,33.41452,0.0,hdslay1_t17,37,11,hdslay1,arr,,,,,,
oname:hdslay1_t17_otype:arr_i:37_j:12,33.43911,0.0,hdslay1_t17,37,12,hdslay1,arr,,,,,,
oname:hdslay1_t17_otype:arr_i:37_j:13,33.4755,0.0,hdslay1_t17,37,13,hdslay1,arr,,,,,,
oname:hdslay1_t17_otype:arr_i:37_j:14,33.51079,0.0,hdslay1_t17,37,14,hdslay1,arr,,,,,,
oname:hdslay1_t17_otype:arr_i:37_j:15,33.53864,0.0,hdslay1_t17,37,15,hdslay1,arr,,,,,,
oname:hdslay1_t17_otype:arr_i:37_j:16,33.54975,0.0,hdslay1_t17,37,16,hdslay1,arr,,,,,,
oname:hdslay1_t17_otype:arr_i:37_j:17,33.56044,0.0,hdslay1_t17,37,17,hdslay1,arr,,,,,,
oname:hdslay1_t17_otype:arr_i:37_j:18,1e+30,0.0,hdslay1_t17,37,18,hdslay1,arr,,,,,,
oname:hdslay1_t17_otype:arr_i:37_j:19,1e+30,0.0,hdslay1_t17,37,19,hdslay1,arr,,,,,,
oname:hdslay1_t17_otype:arr_i:37_j:2,1e+30,0.0,hdslay1_t17,37,2,hdslay1,arr,,,,,,
oname:hdslay1_t17_otype:arr_i:37_j:3,1e+30,0.0,hdslay1_t17,37,3,hdslay1,arr,,,,,,
oname:hdslay1_t17_otype:arr_i:37_j:4,1e+30,0.0,hdslay1_t17,37,4,hdslay1,arr,,,,,,
oname:hdslay1_t17_otype:arr_i:37_j:5,33.41807,0.0,hdslay1_t17,37,5,hdslay1,arr,,,,,,
oname:hdslay1_t17_otype:arr_i:37_j:6,33.41496,0.0,hdslay1_t17,37,6,hdslay1,arr,,,,,,
oname:hdslay1_t17_otype:arr_i:37_j:7,33.41056,0.0,hdslay1_t17,37,7,hdslay1,arr,,,,,,
oname:hdslay1_t17_otype:arr_i:37_j:8,33.40506,0.0,hdslay1_t17,37,8,hdslay1,arr,,,,,,
oname:hdslay1_t17_otype:arr_i:37_j:9,33.40418,0.0,hdslay1_t17,37,9,hdslay1,arr,,,,,,
oname:hdslay1_t17_otype:arr_i:38_j:0,1e+30,0.0,hdslay1_t17,38,0,hdslay1,arr,,,,,,
oname:hdslay1_t17_otype:arr_i:38_j:1,1e+30,0.0,hdslay1_t17,38,1,hdslay1,arr,,,,,,
oname:hdslay1_t17_otype:arr_i:38_j:10,33.3612,0.0,hdslay1_t17,38,10,hdslay1,arr,,,,,,
oname:hdslay1_t17_otype:arr_i:38_j:11,33.36936,0.0,hdslay1_t17,38,11,hdslay1,arr,,,,,,
oname:hdslay1_t17_otype:arr_i:38_j:12,33.39996,0.0,hdslay1_t17,38,12,hdslay1,arr,,,,,,
oname:hdslay1_t17_otype:arr_i:38_j:13,33.44285,0.0,hdslay1_t17,38,13,hdslay1,arr,,,,,,
oname:hdslay1_t17_otype:arr_i:38_j:14,33.48782,0.0,hdslay1_t17,38,14,hdslay1,arr,,,,,,
oname:hdslay1_t17_otype:arr_i:38_j:15,33.53062,0.0,hdslay1_t17,38,15,hdslay1,arr,,,,,,
oname:hdslay1_t17_otype:arr_i:38_j:16,33.54238,0.0,hdslay1_t17,38,16,hdslay1,arr,,,,,,
oname:hdslay1_t17_otype:arr_i:38_j:17,1e+30,0.0,hdslay1_t17,38,17,hdslay1,arr,,,,,,
oname:hdslay1_t17_otype:arr_i:38_j:18,1e+30,0.0,hdslay1_t17,38,18,hdslay1,arr,,,,,,
oname:hdslay1_t17_otype:arr_i:38_j:19,1e+30,0.0,hdslay1_t17,38,19,hdslay1,arr,,,,,,
oname:hdslay1_t17_otype:arr_i:38_j:2,1e+30,0.0,hdslay1_t17,38,2,hdslay1,arr,,,,,,
oname:hdslay1_t17_otype:arr_i:38_j:3,1e+30,0.0,hdslay1_t17,38,3,hdslay1,arr,,,,,,
oname:hdslay1_t17_otype:arr_i:38_j:4,1e+30,0.0,hdslay1_t17,38,4,hdslay1,arr,,,,,,
oname:hdslay1_t17_otype:arr_i:38_j:5,33.37048,0.0,hdslay1_t17,38,5,hdslay1,arr,,,,,,
oname:hdslay1_t17_otype:arr_i:38_j:6,33.37135,0.0,hdslay1_t17,38,6,hdslay1,arr,,,,,,
oname:hdslay1_t17_otype:arr_i:38_j:7,33.36537,0.0,hdslay1_t17,38,7,hdslay1,arr,,,,,,
oname:hdslay1_t17_otype:arr_i:38_j:8,33.36382,0.0,hdslay1_t17,38,8,hdslay1,arr,,,,,,
oname:hdslay1_t17_otype:arr_i:38_j:9,33.36243,0.0,hdslay1_t17,38,9,hdslay1,arr,,,,,,
oname:hdslay1_t17_otype:arr_i:39_j:0,1e+30,0.0,hdslay1_t17,39,0,hdslay1,arr,,,,,,
oname:hdslay1_t17_otype:arr_i:39_j:1,1e+30,0.0,hdslay1_t17,39,1,hdslay1,arr,,,,,,
oname:hdslay1_t17_otype:arr_i:39_j:10,33.28236,0.0,hdslay1_t17,39,10,hdslay1,arr,,,,,,
oname:hdslay1_t17_otype:arr_i:39_j:11,33.30264,0.0,hdslay1_t17,39,11,hdslay1,arr,,,,,,
oname:hdslay1_t17_otype:arr_i:39_j:12,33.33548,0.0,hdslay1_t17,39,12,hdslay1,arr,,,,,,
oname:hdslay1_t17_otype:arr_i:39_j:13,33.38405,0.0,hdslay1_t17,39,13,hdslay1,arr,,,,,,
oname:hdslay1_t17_otype:arr_i:39_j:14,33.43906,0.0,hdslay1_t17,39,14,hdslay1,arr,,,,,,
oname:hdslay1_t17_otype:arr_i:39_j:15,33.51051,0.0,hdslay1_t17,39,15,hdslay1,arr,,,,,,
oname:hdslay1_t17_otype:arr_i:39_j:16,1e+30,0.0,hdslay1_t17,39,16,hdslay1,arr,,,,,,
oname:hdslay1_t17_otype:arr_i:39_j:17,1e+30,0.0,hdslay1_t17,39,17,hdslay1,arr,,,,,,
oname:hdslay1_t17_otype:arr_i:39_j:18,1e+30,0.0,hdslay1_t17,39,18,hdslay1,arr,,,,,,
oname:hdslay1_t17_otype:arr_i:39_j:19,1e+30,0.0,hdslay1_t17,39,19,hdslay1,arr,,,,,,
oname:hdslay1_t17_otype:arr_i:39_j:2,1e+30,0.0,hdslay1_t17,39,2,hdslay1,arr,,,,,,
oname:hdslay1_t17_otype:arr_i:39_j:3,1e+30,0.0,hdslay1_t17,39,3,hdslay1,arr,,,,,,
oname:hdslay1_t17_otype:arr_i:39_j:4,1e+30,0.0,hdslay1_t17,39,4,hdslay1,arr,,,,,,
oname:hdslay1_t17_otype:arr_i:39_j:5,33.31192,0.0,hdslay1_t17,39,5,hdslay1,arr,,,,,,
oname:hdslay1_t17_otype:arr_i:39_j:6,33.30739,0.0,hdslay1_t17,39,6,hdslay1,arr,,,,,,
oname:hdslay1_t17_otype:arr_i:39_j:7,33.30676,0.0,hdslay1_t17,39,7,hdslay1,arr,,,,,,
oname:hdslay1_t17_otype:arr_i:39_j:8,33.30247,0.0,hdslay1_t17,39,8,hdslay1,arr,,,,,,
oname:hdslay1_t17_otype:arr_i:39_j:9,33.29449,0.0,hdslay1_t17,39,9,hdslay1,arr,,,,,,
oname:hdslay1_t17_otype:arr_i:3_j:0,35.19116,0.0,hdslay1_t17,3,0,hdslay1,arr,,,,,,
oname:hdslay1_t17_otype:arr_i:3_j:1,35.18707,0.0,hdslay1_t17,3,1,hdslay1,arr,,,,,,
oname:hdslay1_t17_otype:arr_i:3_j:10,34.49369,0.0,hdslay1_t17,3,10,hdslay1,arr,,,,,,
oname:hdslay1_t17_otype:arr_i:3_j:11,34.43562,0.0,hdslay1_t17,3,11,hdslay1,arr,,,,,,
oname:hdslay1_t17_otype:arr_i:3_j:12,34.37767,0.0,hdslay1_t17,3,12,hdslay1,arr,,,,,,
oname:hdslay1_t17_otype:arr_i:3_j:13,34.31422,0.0,hdslay1_t17,3,13,hdslay1,arr,,,,,,
oname:hdslay1_t17_otype:arr_i:3_j:14,34.26117,0.0,hdslay1_t17,3,14,hdslay1,arr,,,,,,
oname:hdslay1_t17_otype:arr_i:3_j:15,34.21555,0.0,hdslay1_t17,3,15,hdslay1,arr,,,,,,
oname:hdslay1_t17_otype:arr_i:3_j:16,34.20116,0.0,hdslay1_t17,3,16,hdslay1,arr,,,,,,
oname:hdslay1_t17_otype:arr_i:3_j:17,34.1887,0.0,hdslay1_t17,3,17,hdslay1,arr,,,,,,
oname:hdslay1_t17_otype:arr_i:3_j:18,34.18152,0.0,hdslay1_t17,3,18,hdslay1,arr,,,,,,
oname:hdslay1_t17_otype:arr_i:3_j:19,34.17821,0.0,hdslay1_t17,3,19,hdslay1,arr,,,,,,
oname:hdslay1_t17_otype:arr_i:3_j:2,35.17778,0.0,hdslay1_t17,3,2,hdslay1,arr,,,,,,
oname:hdslay1_t17_otype:arr_i:3_j:3,35.14205,0.0,hdslay1_t17,3,3,hdslay1,arr,,,,,,
oname:hdslay1_t17_otype:arr_i:3_j:4,35.078,0.0,hdslay1_t17,3,4,hdslay1,arr,,,,,,
oname:hdslay1_t17_otype:arr_i:3_j:5,34.99102,0.0,hdslay1_t17,3,5,hdslay1,arr,,,,,,
oname:hdslay1_t17_otype:arr_i:3_j:6,34.87619,0.0,hdslay1_t17,3,6,hdslay1,arr,,,,,,
oname:hdslay1_t17_otype:arr_i:3_j:7,34.75478,0.0,hdslay1_t17,3,7,hdslay1,arr,,,,,,
oname:hdslay1_t17_otype:arr_i:3_j:8,34.64739,0.0,hdslay1_t17,3,8,hdslay1,arr,,,,,,
oname:hdslay1_t17_otype:arr_i:3_j:9,34.56313,0.0,hdslay1_t17,3,9,hdslay1,arr,,,,,,
oname:hdslay1_t17_otype:arr_i:4_j:0,35.1612,0.0,hdslay1_t17,4,0,hdslay1,arr,,,,,,
oname:hdslay1_t17_otype:arr_i:4_j:1,35.15933,0.0,hdslay1_t17,4,1,hdslay1,arr,,,,,,
oname:hdslay1_t17_otype:arr_i:4_j:10,34.49639,0.0,hdslay1_t17,4,10,hdslay1,arr,,,,,,
oname:hdslay1_t17_otype:arr_i:4_j:11,34.43256,0.0,hdslay1_t17,4,11,hdslay1,arr,,,,,,
oname:hdslay1_t17_otype:arr_i:4_j:12,34.35934,0.0,hdslay1_t17,4,12,hdslay1,arr,,,,,,
oname:hdslay1_t17_otype:arr_i:4_j:13,34.29065,0.0,hdslay1_t17,4,13,hdslay1,arr,,,,,,
oname:hdslay1_t17_otype:arr_i:4_j:14,34.23695,0.0,hdslay1_t17,4,14,hdslay1,arr,,,,,,
oname:hdslay1_t17_otype:arr_i:4_j:15,34.19301,0.0,hdslay1_t17,4,15,hdslay1,arr,,,,,,
oname:hdslay1_t17_otype:arr_i:4_j:16,34.17497,0.0,hdslay1_t17,4,16,hdslay1,arr,,,,,,
oname:hdslay1_t17_otype:arr_i:4_j:17,34.1631,0.0,hdslay1_t17,4,17,hdslay1,arr,,,,,,
oname:hdslay1_t17_otype:arr_i:4_j:18,34.15903,0.0,hdslay1_t17,4,18,hdslay1,arr,,,,,,
oname:hdslay1_t17_otype:arr_i:4_j:19,34.1586,0.0,hdslay1_t17,4,19,hdslay1,arr,,,,,,
oname:hdslay1_t17_otype:arr_i:4_j:2,35.15339,0.0,hdslay1_t17,4,2,hdslay1,arr,,,,,,
oname:hdslay1_t17_otype:arr_i:4_j:3,35.12649,0.0,hdslay1_t17,4,3,hdslay1,arr,,,,,,
oname:hdslay1_t17_otype:arr_i:4_j:4,35.07897,0.0,hdslay1_t17,4,4,hdslay1,arr,,,,,,
oname:hdslay1_t17_otype:arr_i:4_j:5,35.00212,0.0,hdslay1_t17,4,5,hdslay1,arr,,,,,,
oname:hdslay1_t17_otype:arr_i:4_j:6,34.90885,0.0,hdslay1_t17,4,6,hdslay1,arr,,,,,,
oname:hdslay1_t17_otype:arr_i:4_j:7,34.78524,0.0,hdslay1_t17,4,7,hdslay1,arr,,,,,,
oname:hdslay1_t17_otype:arr_i:4_j:8,34.66684,0.0,hdslay1_t17,4,8,hdslay1,arr,,,,,,
oname:hdslay1_t17_otype:arr_i:4_j:9,34.57354,0.0,hdslay1_t17,4,9,hdslay1,arr,,,,,,
oname:hdslay1_t17_otype:arr_i:5_j:0,35.13066,0.0,hdslay1_t17,5,0,hdslay1,arr,,,,,,
oname:hdslay1_t17_otype:arr_i:5_j:1,35.13041,0.0,hdslay1_t17,5,1,hdslay1,arr,,,,,,
oname:hdslay1_t17_otype:arr_i:5_j:10,34.48977,0.0,hdslay1_t17,5,10,hdslay1,arr,,,,,,
oname:hdslay1_t17_otype:arr_i:5_j:11,34.41587,0.0,hdslay1_t17,5,11,hdslay1,arr,,,,,,
oname:hdslay1_t17_otype:arr_i:5_j:12,34.33507,0.0,hdslay1_t17,5,12,hdslay1,arr,,,,,,
oname:hdslay1_t17_otype:arr_i:5_j:13,34.26086,0.0,hdslay1_t17,5,13,hdslay1,arr,,,,,,
oname:hdslay1_t17_otype:arr_i:5_j:14,34.20206,0.0,hdslay1_t17,5,14,hdslay1,arr,,,,,,
oname:hdslay1_t17_otype:arr_i:5_j:15,34.15965,0.0,hdslay1_t17,5,15,hdslay1,arr,,,,,,
oname:hdslay1_t17_otype:arr_i:5_j:16,34.14584,0.0,hdslay1_t17,5,16,hdslay1,arr,,,,,,
oname:hdslay1_t17_otype:arr_i:5_j:17,34.13543,0.0,hdslay1_t17,5,17,hdslay1,arr,,,,,,
oname:hdslay1_t17_otype:arr_i:5_j:18,34.13427,0.0,hdslay1_t17,5,18,hdslay1,arr,,,,,,
oname:hdslay1_t17_otype:arr_i:5_j:19,34.1368,0.0,hdslay1_t17,5,19,hdslay1,arr,,,,,,
oname:hdslay1_t17_otype:arr_i:5_j:2,35.1231,0.0,hdslay1_t17,5,2,hdslay1,arr,,,,,,
oname:hdslay1_t17_otype:arr_i:5_j:3,35.10177,0.0,hdslay1_t17,5,3,hdslay1,arr,,,,,,
oname:hdslay1_t17_otype:arr_i:5_j:4,35.06788,0.0,hdslay1_t17,5,4,hdslay1,arr,,,,,,
oname:hdslay1_t17_otype:arr_i:5_j:5,35.00502,0.0,hdslay1_t17,5,5,hdslay1,arr,,,,,,
oname:hdslay1_t17_otype:arr_i:5_j:6,34.91525,0.0,hdslay1_t17,5,6,hdslay1,arr,,,,,,
oname:hdslay1_t17_otype:arr_i:5_j:7,34.80841,0.0,hdslay1_t17,5,7,hdslay1,arr,,,,,,
oname:hdslay1_t17_otype:arr_i:5_j:8,34.69441,0.0,hdslay1_t17,5,8,hdslay1,arr,,,,,,
oname:hdslay1_t17_otype:arr_i:5_j:9,34.57805,0.0,hdslay1_t17,5,9,hdslay1,arr,,,,,,
oname:hdslay1_t17_otype:arr_i:6_j:0,35.11069,0.0,hdslay1_t17,6,0,hdslay1,arr,,,,,,
oname:hdslay1_t17_otype:arr_i:6_j:1,35.10989,0.0,hdslay1_t17,6,1,hdslay1,arr,,,,,,
oname:hdslay1_t17_otype:arr_i:6_j:10,34.45623,0.0,hdslay1_t17,6,10,hdslay1,arr,,,,,,
oname:hdslay1_t17_otype:arr_i:6_j:11,34.37825,0.0,hdslay1_t17,6,11,hdslay1,arr,,,,,,
oname:hdslay1_t17_otype:arr_i:6_j:12,34.28905,0.0,hdslay1_t17,6,12,hdslay1,arr,,,,,,
oname:hdslay1_t17_otype:arr_i:6_j:13,34.20847,0.0,hdslay1_t17,6,13,hdslay1,arr,,,,,,
oname:hdslay1_t17_otype:arr_i:6_j:14,34.15529,0.0,hdslay1_t17,6,14,hdslay1,arr,,,,,,
oname:hdslay1_t17_otype:arr_i:6_j:15,34.11786,0.0,hdslay1_t17,6,15,hdslay1,arr,,,,,,
oname:hdslay1_t17_otype:arr_i:6_j:16,34.11121,0.0,hdslay1_t17,6,16,hdslay1,arr,,,,,,
oname:hdslay1_t17_otype:arr_i:6_j:17,34.10443,0.0,hdslay1_t17,6,17,hdslay1,arr,,,,,,
oname:hdslay1_t17_otype:arr_i:6_j:18,34.10357,0.0,hdslay1_t17,6,18,hdslay1,arr,,,,,,
oname:hdslay1_t17_otype:arr_i:6_j:19,34.10335,0.0,hdslay1_t17,6,19,hdslay1,arr,,,,,,
oname:hdslay1_t17_otype:arr_i:6_j:2,35.10466,0.0,hdslay1_t17,6,2,hdslay1,arr,,,,,,
oname:hdslay1_t17_otype:arr_i:6_j:3,35.09019,0.0,hdslay1_t17,6,3,hdslay1,arr,,,,,,
oname:hdslay1_t17_otype:arr_i:6_j:4,35.06279,0.0,hdslay1_t17,6,4,hdslay1,arr,,,,,,
oname:hdslay1_t17_otype:arr_i:6_j:5,34.99955,0.0,hdslay1_t17,6,5,hdslay1,arr,,,,,,
oname:hdslay1_t17_otype:arr_i:6_j:6,34.9022,0.0,hdslay1_t17,6,6,hdslay1,arr,,,,,,
oname:hdslay1_t17_otype:arr_i:6_j:7,34.79347,0.0,hdslay1_t17,6,7,hdslay1,arr,,,,,,
oname:hdslay1_t17_otype:arr_i:6_j:8,34.67565,0.0,hdslay1_t17,6,8,hdslay1,arr,,,,,,
oname:hdslay1_t17_otype:arr_i:6_j:9,34.55074,0.0,hdslay1_t17,6,9,hdslay1,arr,,,,,,
oname:hdslay1_t17_otype:arr_i:7_j:0,35.09522,0.0,hdslay1_t17,7,0,hdslay1,arr,,,,,,
oname:hdslay1_t17_otype:arr_i:7_j:1,35.09544,0.0,hdslay1_t17,7,1,hdslay1,arr,,,,,,
oname:hdslay1_t17_otype:arr_i:7_j:10,34.39031,0.0,hdslay1_t17,7,10,hdslay1,arr,,,,,,
oname:hdslay1_t17_otype:arr_i:7_j:11,34.3126,0.0,hdslay1_t17,7,11,hdslay1,arr,,,,,,
oname:hdslay1_t17_otype:arr_i:7_j:12,34.2166,0.0,hdslay1_t17,7,12,hdslay1,arr,,,,,,
oname:hdslay1_t17_otype:arr_i:7_j:13,34.14004,0.0,hdslay1_t17,7,13,hdslay1,arr,,,,,,
oname:hdslay1_t17_otype:arr_i:7_j:14,34.09561,0.0,hdslay1_t17,7,14,hdslay1,arr,,,,,,
oname:hdslay1_t17_otype:arr_i:7_j:15,34.06756,0.0,hdslay1_t17,7,15,hdslay1,arr,,,,,,
oname:hdslay1_t17_otype:arr_i:7_j:16,34.05999,0.0,hdslay1_t17,7,16,hdslay1,arr,,,,,,
oname:hdslay1_t17_otype:arr_i:7_j:17,34.06548,0.0,hdslay1_t17,7,17,hdslay1,arr,,,,,,
oname:hdslay1_t17_otype:arr_i:7_j:18,34.06661,0.0,hdslay1_t17,7,18,hdslay1,arr,,,,,,
oname:hdslay1_t17_otype:arr_i:7_j:19,34.06549,0.0,hdslay1_t17,7,19,hdslay1,arr,,,,,,
oname:hdslay1_t17_otype:arr_i:7_j:2,35.09305,0.0,hdslay1_t17,7,2,hdslay1,arr,,,,,,
oname:hdslay1_t17_otype:arr_i:7_j:3,35.08547,0.0,hdslay1_t17,7,3,hdslay1,arr,,,,,,
oname:hdslay1_t17_otype:arr_i:7_j:4,35.05744,0.0,hdslay1_t17,7,4,hdslay1,arr,,,,,,
oname:hdslay1_t17_otype:arr_i:7_j:5,34.991,0.0,hdslay1_t17,7,5,hdslay1,arr,,,,,,
oname:hdslay1_t17_otype:arr_i:7_j:6,34.89704,0.0,hdslay1_t17,7,6,hdslay1,arr,,,,,,
oname:hdslay1_t17_otype:arr_i:7_j:7,34.75997,0.0,hdslay1_t17,7,7,hdslay1,arr,,,,,,
oname:hdslay1_t17_otype:arr_i:7_j:8,34.60188,0.0,hdslay1_t17,7,8,hdslay1,arr,,,,,,
oname:hdslay1_t17_otype:arr_i:7_j:9,34.47393,0.0,hdslay1_t17,7,9,hdslay1,arr,,,,,,
oname:hdslay1_t17_otype:arr_i:8_j:0,35.07977,0.0,hdslay1_t17,8,0,hdslay1,arr,,,,,,
oname:hdslay1_t17_otype:arr_i:8_j:1,35.08039,0.0,hdslay1_t17,8,1,hdslay1,arr,,,,,,
oname:hdslay1_t17_otype:arr_i:8_j:10,34.29053,0.0,hdslay1_t17,8,10,hdslay1,arr,,,,,,
oname:hdslay1_t17_otype:arr_i:8_j:11,34.20782,0.0,hdslay1_t17,8,11,hdslay1,arr,,,,,,
oname:hdslay1_t17_otype:arr_i:8_j:12,34.11828,0.0,hdslay1_t17,8,12,hdslay1,arr,,,,,,
oname:hdslay1_t17_otype:arr_i:8_j:13,34.0616,0.0,hdslay1_t17,8,13,hdslay1,arr,,,,,,
oname:hdslay1_t17_otype:arr_i:8_j:14,34.02936,0.0,hdslay1_t17,8,14,hdslay1,arr,,,,,,
oname:hdslay1_t17_otype:arr_i:8_j:15,34.01013,0.0,hdslay1_t17,8,15,hdslay1,arr,,,,,,
oname:hdslay1_t17_otype:arr_i:8_j:16,33.99892,0.0,hdslay1_t17,8,16,hdslay1,arr,,,,,,
oname:hdslay1_t17_otype:arr_i:8_j:17,34.01585,0.0,hdslay1_t17,8,17,hdslay1,arr,,,,,,
oname:hdslay1_t17_otype:arr_i:8_j:18,34.02912,0.0,hdslay1_t17,8,18,hdslay1,arr,,,,,,
oname:hdslay1_t17_otype:arr_i:8_j:19,34.03288,0.0,hdslay1_t17,8,19,hdslay1,arr,,,,,,
oname:hdslay1_t17_otype:arr_i:8_j:2,35.08177,0.0,hdslay1_t17,8,2,hdslay1,arr,,,,,,
oname:hdslay1_t17_otype:arr_i:8_j:3,35.08089,0.0,hdslay1_t17,8,3,hdslay1,arr,,,,,,
oname:hdslay1_t17_otype:arr_i:8_j:4,1e+30,0.0,hdslay1_t17,8,4,hdslay1,arr,,,,,,
oname:hdslay1_t17_otype:arr_i:8_j:5,1e+30,0.0,hdslay1_t17,8,5,hdslay1,arr,,,,,,
oname:hdslay1_t17_otype:arr_i:8_j:6,1e+30,0.0,hdslay1_t17,8,6,hdslay1,arr,,,,,,
oname:hdslay1_t17_otype:arr_i:8_j:7,34.62977,0.0,hdslay1_t17,8,7,hdslay1,arr,,,,,,
oname:hdslay1_t17_otype:arr_i:8_j:8,34.46366,0.0,hdslay1_t17,8,8,hdslay1,arr,,,,,,
oname:hdslay1_t17_otype:arr_i:8_j:9,34.36774,0.0,hdslay1_t17,8,9,hdslay1,arr,,,,,,
oname:hdslay1_t17_otype:arr_i:9_j:0,35.05979,0.0,hdslay1_t17,9,0,hdslay1,arr,,,,,,
oname:hdslay1_t17_otype:arr_i:9_j:1,35.05644,0.0,hdslay1_t17,9,1,hdslay1,arr,,,,,,
oname:hdslay1_t17_otype:arr_i:9_j:10,34.179,0.0,hdslay1_t17,9,10,hdslay1,arr,,,,,,
oname:hdslay1_t17_otype:arr_i:9_j:11,34.1004,0.0,hdslay1_t17,9,11,hdslay1,arr,,,,,,
oname:hdslay1_t17_otype:arr_i:9_j:12,34.02988,0.0,hdslay1_t17,9,12,hdslay1,arr,,,,,,
oname:hdslay1_t17_otype:arr_i:9_j:13,33.99251,0.0,hdslay1_t17,9,13,hdslay1,arr,,,,,,
oname:hdslay1_t17_otype:arr_i:9_j:14,33.9767,0.0,hdslay1_t17,9,14,hdslay1,arr,,,,,,
oname:hdslay1_t17_otype:arr_i:9_j:15,33.9661,0.0,hdslay1_t17,9,15,hdslay1,arr,,,,,,
oname:hdslay1_t17_otype:arr_i:9_j:16,33.92052,0.0,hdslay1_t17,9,16,hdslay1,arr,,,,,,
oname:hdslay1_t17_otype:arr_i:9_j:17,33.97723,0.0,hdslay1_t17,9,17,hdslay1,arr,,,,,,
oname:hdslay1_t17_otype:arr_i:9_j:18,34.00071,0.0,hdslay1_t17,9,18,hdslay1,arr,,,,,,
oname:hdslay1_t17_otype:arr_i:9_j:19,34.0106,0.0,hdslay1_t17,9,19,hdslay1,arr,,,,,,
oname:hdslay1_t17_otype:arr_i:9_j:2,35.0574,0.0,hdslay1_t17,9,2,hdslay1,arr,,,,,,
oname:hdslay1_t17_otype:arr_i:9_j:3,35.05245,0.0,hdslay1_t17,9,3,hdslay1,arr,,,,,,
oname:hdslay1_t17_otype:arr_i:9_j:4,1e+30,0.0,hdslay1_t17,9,4,hdslay1,arr,,,,,,
oname:hdslay1_t17_otype:arr_i:9_j:5,1e+30,0.0,hdslay1_t17,9,5,hdslay1,arr,,,,,,
oname:hdslay1_t17_otype:arr_i:9_j:6,1e+30,0.0,hdslay1_t17,9,6,hdslay1,arr,,,,,,
oname:hdslay1_t17_otype:arr_i:9_j:7,1e+30,0.0,hdslay1_t17,9,7,hdslay1,arr,,,,,,
oname:hdslay1_t17_otype:arr_i:9_j:8,34.28037,0.0,hdslay1_t17,9,8,hdslay1,arr,,,,,,
oname:hdslay1_t17_otype:arr_i:9_j:9,34.23749,0.0,hdslay1_t17,9,9,hdslay1,arr,,,,,,
oname:hdslay1_t18_otype:arr_i:0_j:0,35.30525,0.0,hdslay1_t18,0,0,hdslay1,arr,,,,,,
oname:hdslay1_t18_otype:arr_i:0_j:1,35.29132,0.0,hdslay1_t18,0,1,hdslay1,arr,,,,,,
oname:hdslay1_t18_otype:arr_i:0_j:10,34.53242,0.0,hdslay1_t18,0,10,hdslay1,arr,,,,,,
oname:hdslay1_t18_otype:arr_i:0_j:11,34.47171,0.0,hdslay1_t18,0,11,hdslay1,arr,,,,,,
oname:hdslay1_t18_otype:arr_i:0_j:12,34.42265,0.0,hdslay1_t18,0,12,hdslay1,arr,,,,,,
oname:hdslay1_t18_otype:arr_i:0_j:13,34.37389,0.0,hdslay1_t18,0,13,hdslay1,arr,,,,,,
oname:hdslay1_t18_otype:arr_i:0_j:14,34.32366,0.0,hdslay1_t18,0,14,hdslay1,arr,,,,,,
oname:hdslay1_t18_otype:arr_i:0_j:15,34.26377,0.0,hdslay1_t18,0,15,hdslay1,arr,,,,,,
oname:hdslay1_t18_otype:arr_i:0_j:16,34.25959,0.0,hdslay1_t18,0,16,hdslay1,arr,,,,,,
oname:hdslay1_t18_otype:arr_i:0_j:17,34.25577,0.0,hdslay1_t18,0,17,hdslay1,arr,,,,,,
oname:hdslay1_t18_otype:arr_i:0_j:18,34.25238,0.0,hdslay1_t18,0,18,hdslay1,arr,,,,,,
oname:hdslay1_t18_otype:arr_i:0_j:19,34.25051,0.0,hdslay1_t18,0,19,hdslay1,arr,,,,,,
oname:hdslay1_t18_otype:arr_i:0_j:2,35.25782,0.0,hdslay1_t18,0,2,hdslay1,arr,,,,,,
oname:hdslay1_t18_otype:arr_i:0_j:3,35.21504,0.0,hdslay1_t18,0,3,hdslay1,arr,,,,,,
oname:hdslay1_t18_otype:arr_i:0_j:4,35.14177,0.0,hdslay1_t18,0,4,hdslay1,arr,,,,,,
oname:hdslay1_t18_otype:arr_i:0_j:5,35.0293,0.0,hdslay1_t18,0,5,hdslay1,arr,,,,,,
oname:hdslay1_t18_otype:arr_i:0_j:6,34.89315,0.0,hdslay1_t18,0,6,hdslay1,arr,,,,,,
oname:hdslay1_t18_otype:arr_i:0_j:7,34.77506,0.0,hdslay1_t18,0,7,hdslay1,arr,,,,,,
oname:hdslay1_t18_otype:arr_i:0_j:8,34.67597,0.0,hdslay1_t18,0,8,hdslay1,arr,,,,,,
oname:hdslay1_t18_otype:arr_i:0_j:9,34.59689,0.0,hdslay1_t18,0,9,hdslay1,arr,,,,,,
oname:hdslay1_t18_otype:arr_i:10_j:0,35.10044,0.0,hdslay1_t18,10,0,hdslay1,arr,,,,,,
oname:hdslay1_t18_otype:arr_i:10_j:1,35.09585,0.0,hdslay1_t18,10,1,hdslay1,arr,,,,,,
oname:hdslay1_t18_otype:arr_i:10_j:10,34.13042,0.0,hdslay1_t18,10,10,hdslay1,arr,,,,,,
oname:hdslay1_t18_otype:arr_i:10_j:11,34.0598,0.0,hdslay1_t18,10,11,hdslay1,arr,,,,,,
oname:hdslay1_t18_otype:arr_i:10_j:12,33.99575,0.0,hdslay1_t18,10,12,hdslay1,arr,,,,,,
oname:hdslay1_t18_otype:arr_i:10_j:13,33.95453,0.0,hdslay1_t18,10,13,hdslay1,arr,,,,,,
oname:hdslay1_t18_otype:arr_i:10_j:14,33.96747,0.0,hdslay1_t18,10,14,hdslay1,arr,,,,,,
oname:hdslay1_t18_otype:arr_i:10_j:15,33.97361,0.0,hdslay1_t18,10,15,hdslay1,arr,,,,,,
oname:hdslay1_t18_otype:arr_i:10_j:16,33.9768,0.0,hdslay1_t18,10,16,hdslay1,arr,,,,,,
oname:hdslay1_t18_otype:arr_i:10_j:17,33.99629,0.0,hdslay1_t18,10,17,hdslay1,arr,,,,,,
oname:hdslay1_t18_otype:arr_i:10_j:18,34.01115,0.0,hdslay1_t18,10,18,hdslay1,arr,,,,,,
oname:hdslay1_t18_otype:arr_i:10_j:19,34.01884,0.0,hdslay1_t18,10,19,hdslay1,arr,,,,,,
oname:hdslay1_t18_otype:arr_i:10_j:2,35.09248,0.0,hdslay1_t18,10,2,hdslay1,arr,,,,,,
oname:hdslay1_t18_otype:arr_i:10_j:3,35.08624,0.0,hdslay1_t18,10,3,hdslay1,arr,,,,,,
oname:hdslay1_t18_otype:arr_i:10_j:4,1e+30,0.0,hdslay1_t18,10,4,hdslay1,arr,,,,,,
oname:hdslay1_t18_otype:arr_i:10_j:5,1e+30,0.0,hdslay1_t18,10,5,hdslay1,arr,,,,,,
oname:hdslay1_t18_otype:arr_i:10_j:6,1e+30,0.0,hdslay1_t18,10,6,hdslay1,arr,,,,,,
oname:hdslay1_t18_otype:arr_i:10_j:7,1e+30,0.0,hdslay1_t18,10,7,hdslay1,arr,,,,,,
oname:hdslay1_t18_otype:arr_i:10_j:8,34.20185,0.0,hdslay1_t18,10,8,hdslay1,arr,,,,,,
oname:hdslay1_t18_otype:arr_i:10_j:9,34.17424,0.0,hdslay1_t18,10,9,hdslay1,arr,,,,,,
oname:hdslay1_t18_otype:arr_i:11_j:0,35.03278,0.0,hdslay1_t18,11,0,hdslay1,arr,,,,,,
oname:hdslay1_t18_otype:arr_i:11_j:1,35.02924,0.0,hdslay1_t18,11,1,hdslay1,arr,,,,,,
oname:hdslay1_t18_otype:arr_i:11_j:10,34.07238,0.0,hdslay1_t18,11,10,hdslay1,arr,,,,,,
oname:hdslay1_t18_otype:arr_i:11_j:11,34.01571,0.0,hdslay1_t18,11,11,hdslay1,arr,,,,,,
oname:hdslay1_t18_otype:arr_i:11_j:12,33.95055,0.0,hdslay1_t18,11,12,hdslay1,arr,,,,,,
oname:hdslay1_t18_otype:arr_i:11_j:13,33.85239,0.0,hdslay1_t18,11,13,hdslay1,arr,,,,,,
oname:hdslay1_t18_otype:arr_i:11_j:14,33.93887,0.0,hdslay1_t18,11,14,hdslay1,arr,,,,,,
oname:hdslay1_t18_otype:arr_i:11_j:15,33.9652,0.0,hdslay1_t18,11,15,hdslay1,arr,,,,,,
oname:hdslay1_t18_otype:arr_i:11_j:16,33.98155,0.0,hdslay1_t18,11,16,hdslay1,arr,,,,,,
oname:hdslay1_t18_otype:arr_i:11_j:17,33.99776,0.0,hdslay1_t18,11,17,hdslay1,arr,,,,,,
oname:hdslay1_t18_otype:arr_i:11_j:18,34.01018,0.0,hdslay1_t18,11,18,hdslay1,arr,,,,,,
oname:hdslay1_t18_otype:arr_i:11_j:19,34.01618,0.0,hdslay1_t18,11,19,hdslay1,arr,,,,,,
oname:hdslay1_t18_otype:arr_i:11_j:2,35.02444,0.0,hdslay1_t18,11,2,hdslay1,arr,,,,,,
oname:hdslay1_t18_otype:arr_i:11_j:3,35.02579,0.0,hdslay1_t18,11,3,hdslay1,arr,,,,,,
oname:hdslay1_t18_otype:arr_i:11_j:4,1e+30,0.0,hdslay1_t18,11,4,hdslay1,arr,,,,,,
oname:hdslay1_t18_otype:arr_i:11_j:5,1e+30,0.0,hdslay1_t18,11,5,hdslay1,arr,,,,,,
oname:hdslay1_t18_otype:arr_i:11_j:6,1e+30,0.0,hdslay1_t18,11,6,hdslay1,arr,,,,,,
oname:hdslay1_t18_otype:arr_i:11_j:7,1e+30,0.0,hdslay1_t18,11,7,hdslay1,arr,,,,,,
oname:hdslay1_t18_otype:arr_i:11_j:8,34.12682,0.0,hdslay1_t18,11,8,hdslay1,arr,,,,,,
oname:hdslay1_t18_otype:arr_i:11_j:9,34.10908,0.0,hdslay1_t18,11,9,hdslay1,arr,,,,,,
oname:hdslay1_t18_otype:arr_i:12_j:0,34.96137,0.0,hdslay1_t18,12,0,hdslay1,arr,,,,,,
oname:hdslay1_t18_otype:arr_i:12_j:1,34.95652,0.0,hdslay1_t18,12,1,hdslay1,arr,,,,,,
oname:hdslay1_t18_otype:arr_i:12_j:10,34.04574,0.0,hdslay1_t18,12,10,hdslay1,arr,,,,,,
oname:hdslay1_t18_otype:arr_i:12_j:11,34.00639,0.0,hdslay1_t18,12,11,hdslay1,arr,,,,,,
oname:hdslay1_t18_otype:arr_i:12_j:12,33.96297,0.0,hdslay1_t18,12,12,hdslay1,arr,,,,,,
oname:hdslay1_t18_otype:arr_i:12_j:13,33.93009,0.0,hdslay1_t18,12,13,hdslay1,arr,,,,,,
oname:hdslay1_t18_otype:arr_i:12_j:14,33.95093,0.0,hdslay1_t18,12,14,hdslay1,arr,,,,,,
oname:hdslay1_t18_otype:arr_i:12_j:15,33.96839,0.0,hdslay1_t18,12,15,hdslay1,arr,,,,,,
oname:hdslay1_t18_otype:arr_i:12_j:16,33.98554,0.0,hdslay1_t18,12,16,hdslay1,arr,,,,,,
oname:hdslay1_t18_otype:arr_i:12_j:17,33.99964,0.0,hdslay1_t18,12,17,hdslay1,arr,,,,,,
oname:hdslay1_t18_otype:arr_i:12_j:18,34.01126,0.0,hdslay1_t18,12,18,hdslay1,arr,,,,,,
oname:hdslay1_t18_otype:arr_i:12_j:19,34.01674,0.0,hdslay1_t18,12,19,hdslay1,arr,,,,,,
oname:hdslay1_t18_otype:arr_i:12_j:2,34.95404,0.0,hdslay1_t18,12,2,hdslay1,arr,,,,,,
oname:hdslay1_t18_otype:arr_i:12_j:3,34.9513,0.0,hdslay1_t18,12,3,hdslay1,arr,,,,,,
oname:hdslay1_t18_otype:arr_i:12_j:4,1e+30,0.0,hdslay1_t18,12,4,hdslay1,arr,,,,,,
oname:hdslay1_t18_otype:arr_i:12_j:5,1e+30,0.0,hdslay1_t18,12,5,hdslay1,arr,,,,,,
oname:hdslay1_t18_otype:arr_i:12_j:6,1e+30,0.0,hdslay1_t18,12,6,hdslay1,arr,,,,,,
oname:hdslay1_t18_otype:arr_i:12_j:7,1e+30,0.0,hdslay1_t18,12,7,hdslay1,arr,,,,,,
oname:hdslay1_t18_otype:arr_i:12_j:8,34.08588,0.0,hdslay1_t18,12,8,hdslay1,arr,,,,,,
oname:hdslay1_t18_otype:arr_i:12_j:9,34.06979,0.0,hdslay1_t18,12,9,hdslay1,arr,,,,,,
oname:hdslay1_t18_otype:arr_i:13_j:0,34.8855,0.0,hdslay1_t18,13,0,hdslay1,arr,,,,,,
oname:hdslay1_t18_otype:arr_i:13_j:1,34.88519,0.0,hdslay1_t18,13,1,hdslay1,arr,,,,,,
oname:hdslay1_t18_otype:arr_i:13_j:10,34.02979,0.0,hdslay1_t18,13,10,hdslay1,arr,,,,,,
oname:hdslay1_t18_otype:arr_i:13_j:11,34.00432,0.0,hdslay1_t18,13,11,hdslay1,arr,,,,,,
oname:hdslay1_t18_otype:arr_i:13_j:12,33.97483,0.0,hdslay1_t18,13,12,hdslay1,arr,,,,,,
oname:hdslay1_t18_otype:arr_i:13_j:13,33.95793,0.0,hdslay1_t18,13,13,hdslay1,arr,,,,,,
oname:hdslay1_t18_otype:arr_i:13_j:14,33.96284,0.0,hdslay1_t18,13,14,hdslay1,arr,,,,,,
oname:hdslay1_t18_otype:arr_i:13_j:15,33.97205,0.0,hdslay1_t18,13,15,hdslay1,arr,,,,,,
oname:hdslay1_t18_otype:arr_i:13_j:16,33.98748,0.0,hdslay1_t18,13,16,hdslay1,arr,,,,,,
oname:hdslay1_t18_otype:arr_i:13_j:17,34.00028,0.0,hdslay1_t18,13,17,hdslay1,arr,,,,,,
oname:hdslay1_t18_otype:arr_i:13_j:18,34.01165,0.0,hdslay1_t18,13,18,hdslay1,arr,,,,,,
oname:hdslay1_t18_otype:arr_i:13_j:19,34.01818,0.0,hdslay1_t18,13,19,hdslay1,arr,,,,,,
oname:hdslay1_t18_otype:arr_i:13_j:2,34.88059,0.0,hdslay1_t18,13,2,hdslay1,arr,,,,,,
oname:hdslay1_t18_otype:arr_i:13_j:3,34.87222,0.0,hdslay1_t18,13,3,hdslay1,arr,,,,,,
oname:hdslay1_t18_otype:arr_i:13_j:4,1e+30,0.0,hdslay1_t18,13,4,hdslay1,arr,,,,,,
oname:hdslay1_t18_otype:arr_i:13_j:5,1e+30,0.0,hdslay1_t18,13,5,hdslay1,arr,,,,,,
oname:hdslay1_t18_otype:arr_i:13_j:6,1e+30,0.0,hdslay1_t18,13,6,hdslay1,arr,,,,,,
oname:hdslay1_t18_otype:arr_i:13_j:7,1e+30,0.0,hdslay1_t18,13,7,hdslay1,arr,,,,,,
oname:hdslay1_t18_otype:arr_i:13_j:8,34.05155,0.0,hdslay1_t18,13,8,hdslay1,arr,,,,,,
oname:hdslay1_t18_otype:arr_i:13_j:9,34.04156,0.0,hdslay1_t18,13,9,hdslay1,arr,,,,,,
oname:hdslay1_t18_otype:arr_i:14_j:0,34.78775,0.0,hdslay1_t18,14,0,hdslay1,arr,,,,,,
oname:hdslay1_t18_otype:arr_i:14_j:1,34.79452,0.0,hdslay1_t18,14,1,hdslay1,arr,,,,,,
oname:hdslay1_t18_otype:arr_i:14_j:10,34.01129,0.0,hdslay1_t18,14,10,hdslay1,arr,,,,,,
oname:hdslay1_t18_otype:arr_i:14_j:11,33.99263,0.0,hdslay1_t18,14,11,hdslay1,arr,,,,,,
oname:hdslay1_t18_otype:arr_i:14_j:12,33.97356,0.0,hdslay1_t18,14,12,hdslay1,arr,,,,,,
oname:hdslay1_t18_otype:arr_i:14_j:13,33.9637,0.0,hdslay1_t18,14,13,hdslay1,arr,,,,,,
oname:hdslay1_t18_otype:arr_i:14_j:14,33.96607,0.0,hdslay1_t18,14,14,hdslay1,arr,,,,,,
oname:hdslay1_t18_otype:arr_i:14_j:15,33.97168,0.0,hdslay1_t18,14,15,hdslay1,arr,,,,,,
oname:hdslay1_t18_otype:arr_i:14_j:16,33.98702,0.0,hdslay1_t18,14,16,hdslay1,arr,,,,,,
oname:hdslay1_t18_otype:arr_i:14_j:17,33.99868,0.0,hdslay1_t18,14,17,hdslay1,arr,,,,,,
oname:hdslay1_t18_otype:arr_i:14_j:18,34.00944,0.0,hdslay1_t18,14,18,hdslay1,arr,,,,,,
oname:hdslay1_t18_otype:arr_i:14_j:19,34.01707,0.0,hdslay1_t18,14,19,hdslay1,arr,,,,,,
oname:hdslay1_t18_otype:arr_i:14_j:2,34.79038,0.0,hdslay1_t18,14,2,hdslay1,arr,,,,,,
oname:hdslay1_t18_otype:arr_i:14_j:3,34.7842,0.0,hdslay1_t18,14,3,hdslay1,arr,,,,,,
oname:hdslay1_t18_otype:arr_i:14_j:4,1e+30,0.0,hdslay1_t18,14,4,hdslay1,arr,,,,,,
oname:hdslay1_t18_otype:arr_i:14_j:5,1e+30,0.0,hdslay1_t18,14,5,hdslay1,arr,,,,,,
oname:hdslay1_t18_otype:arr_i:14_j:6,1e+30,0.0,hdslay1_t18,14,6,hdslay1,arr,,,,,,
oname:hdslay1_t18_otype:arr_i:14_j:7,1e+30,0.0,hdslay1_t18,14,7,hdslay1,arr,,,,,,
oname:hdslay1_t18_otype:arr_i:14_j:8,34.01767,0.0,hdslay1_t18,14,8,hdslay1,arr,,,,,,
oname:hdslay1_t18_otype:arr_i:14_j:9,34.01751,0.0,hdslay1_t18,14,9,hdslay1,arr,,,,,,
oname:hdslay1_t18_otype:arr_i:15_j:0,34.7029,0.0,hdslay1_t18,15,0,hdslay1,arr,,,,,,
oname:hdslay1_t18_otype:arr_i:15_j:1,34.70653,0.0,hdslay1_t18,15,1,hdslay1,arr,,,,,,
oname:hdslay1_t18_otype:arr_i:15_j:10,33.9792,0.0,hdslay1_t18,15,10,hdslay1,arr,,,,,,
oname:hdslay1_t18_otype:arr_i:15_j:11,33.96524,0.0,hdslay1_t18,15,11,hdslay1,arr,,,,,,
oname:hdslay1_t18_otype:arr_i:15_j:12,33.95726,0.0,hdslay1_t18,15,12,hdslay1,arr,,,,,,
oname:hdslay1_t18_otype:arr_i:15_j:13,33.95413,0.0,hdslay1_t18,15,13,hdslay1,arr,,,,,,
oname:hdslay1_t18_otype:arr_i:15_j:14,33.95979,0.0,hdslay1_t18,15,14,hdslay1,arr,,,,,,
oname:hdslay1_t18_otype:arr_i:15_j:15,33.96586,0.0,hdslay1_t18,15,15,hdslay1,arr,,,,,,
oname:hdslay1_t18_otype:arr_i:15_j:16,33.98347,0.0,hdslay1_t18,15,16,hdslay1,arr,,,,,,
oname:hdslay1_t18_otype:arr_i:15_j:17,33.99708,0.0,hdslay1_t18,15,17,hdslay1,arr,,,,,,
oname:hdslay1_t18_otype:arr_i:15_j:18,34.00765,0.0,hdslay1_t18,15,18,hdslay1,arr,,,,,,
oname:hdslay1_t18_otype:arr_i:15_j:19,34.01575,0.0,hdslay1_t18,15,19,hdslay1,arr,,,,,,
oname:hdslay1_t18_otype:arr_i:15_j:2,34.6937,0.0,hdslay1_t18,15,2,hdslay1,arr,,,,,,
oname:hdslay1_t18_otype:arr_i:15_j:3,34.68368,0.0,hdslay1_t18,15,3,hdslay1,arr,,,,,,
oname:hdslay1_t18_otype:arr_i:15_j:4,1e+30,0.0,hdslay1_t18,15,4,hdslay1,arr,,,,,,
oname:hdslay1_t18_otype:arr_i:15_j:5,1e+30,0.0,hdslay1_t18,15,5,hdslay1,arr,,,,,,
oname:hdslay1_t18_otype:arr_i:15_j:6,1e+30,0.0,hdslay1_t18,15,6,hdslay1,arr,,,,,,
oname:hdslay1_t18_otype:arr_i:15_j:7,1e+30,0.0,hdslay1_t18,15,7,hdslay1,arr,,,,,,
oname:hdslay1_t18_otype:arr_i:15_j:8,33.98597,0.0,hdslay1_t18,15,8,hdslay1,arr,,,,,,
oname:hdslay1_t18_otype:arr_i:15_j:9,33.98387,0.0,hdslay1_t18,15,9,hdslay1,arr,,,,,,
oname:hdslay1_t18_otype:arr_i:16_j:0,34.62497,0.0,hdslay1_t18,16,0,hdslay1,arr,,,,,,
oname:hdslay1_t18_otype:arr_i:16_j:1,34.61597,0.0,hdslay1_t18,16,1,hdslay1,arr,,,,,,
oname:hdslay1_t18_otype:arr_i:16_j:10,33.93225,0.0,hdslay1_t18,16,10,hdslay1,arr,,,,,,
oname:hdslay1_t18_otype:arr_i:16_j:11,33.9269,0.0,hdslay1_t18,16,11,hdslay1,arr,,,,,,
oname:hdslay1_t18_otype:arr_i:16_j:12,33.92636,0.0,hdslay1_t18,16,12,hdslay1,arr,,,,,,
oname:hdslay1_t18_otype:arr_i:16_j:13,33.9333,0.0,hdslay1_t18,16,13,hdslay1,arr,,,,,,
oname:hdslay1_t18_otype:arr_i:16_j:14,33.9428,0.0,hdslay1_t18,16,14,hdslay1,arr,,,,,,
oname:hdslay1_t18_otype:arr_i:16_j:15,33.95449,0.0,hdslay1_t18,16,15,hdslay1,arr,,,,,,
oname:hdslay1_t18_otype:arr_i:16_j:16,33.9745,0.0,hdslay1_t18,16,16,hdslay1,arr,,,,,,
oname:hdslay1_t18_otype:arr_i:16_j:17,33.99104,0.0,hdslay1_t18,16,17,hdslay1,arr,,,,,,
oname:hdslay1_t18_otype:arr_i:16_j:18,34.00399,0.0,hdslay1_t18,16,18,hdslay1,arr,,,,,,
oname:hdslay1_t18_otype:arr_i:16_j:19,34.01289,0.0,hdslay1_t18,16,19,hdslay1,arr,,,,,,
oname:hdslay1_t18_otype:arr_i:16_j:2,34.60049,0.0,hdslay1_t18,16,2,hdslay1,arr,,,,,,
oname:hdslay1_t18_otype:arr_i:16_j:3,34.596,0.0,hdslay1_t18,16,3,hdslay1,arr,,,,,,
oname:hdslay1_t18_otype:arr_i:16_j:4,1e+30,0.0,hdslay1_t18,16,4,hdslay1,arr,,,,,,
oname:hdslay1_t18_otype:arr_i:16_j:5,1e+30,0.0,hdslay1_t18,16,5,hdslay1,arr,,,,,,
oname:hdslay1_t18_otype:arr_i:16_j:6,1e+30,0.0,hdslay1_t18,16,6,hdslay1,arr,,,,,,
oname:hdslay1_t18_otype:arr_i:16_j:7,1e+30,0.0,hdslay1_t18,16,7,hdslay1,arr,,,,,,
oname:hdslay1_t18_otype:arr_i:16_j:8,33.93942,0.0,hdslay1_t18,16,8,hdslay1,arr,,,,,,
oname:hdslay1_t18_otype:arr_i:16_j:9,33.93905,0.0,hdslay1_t18,16,9,hdslay1,arr,,,,,,
oname:hdslay1_t18_otype:arr_i:17_j:0,34.53352,0.0,hdslay1_t18,17,0,hdslay1,arr,,,,,,
oname:hdslay1_t18_otype:arr_i:17_j:1,34.52567,0.0,hdslay1_t18,17,1,hdslay1,arr,,,,,,
oname:hdslay1_t18_otype:arr_i:17_j:10,33.8794,0.0,hdslay1_t18,17,10,hdslay1,arr,,,,,,
oname:hdslay1_t18_otype:arr_i:17_j:11,33.8779,0.0,hdslay1_t18,17,11,hdslay1,arr,,,,,,
oname:hdslay1_t18_otype:arr_i:17_j:12,33.87663,0.0,hdslay1_t18,17,12,hdslay1,arr,,,,,,
oname:hdslay1_t18_otype:arr_i:17_j:13,33.88874,0.0,hdslay1_t18,17,13,hdslay1,arr,,,,,,
oname:hdslay1_t18_otype:arr_i:17_j:14,33.89999,0.0,hdslay1_t18,17,14,hdslay1,arr,,,,,,
oname:hdslay1_t18_otype:arr_i:17_j:15,33.9219,0.0,hdslay1_t18,17,15,hdslay1,arr,,,,,,
oname:hdslay1_t18_otype:arr_i:17_j:16,33.95171,0.0,hdslay1_t18,17,16,hdslay1,arr,,,,,,
oname:hdslay1_t18_otype:arr_i:17_j:17,33.97431,0.0,hdslay1_t18,17,17,hdslay1,arr,,,,,,
oname:hdslay1_t18_otype:arr_i:17_j:18,33.99186,0.0,hdslay1_t18,17,18,hdslay1,arr,,,,,,
oname:hdslay1_t18_otype:arr_i:17_j:19,34.00179,0.0,hdslay1_t18,17,19,hdslay1,arr,,,,,,
oname:hdslay1_t18_otype:arr_i:17_j:2,34.52586,0.0,hdslay1_t18,17,2,hdslay1,arr,,,,,,
oname:hdslay1_t18_otype:arr_i:17_j:3,34.53349,0.0,hdslay1_t18,17,3,hdslay1,arr,,,,,,
oname:hdslay1_t18_otype:arr_i:17_j:4,1e+30,0.0,hdslay1_t18,17,4,hdslay1,arr,,,,,,
oname:hdslay1_t18_otype:arr_i:17_j:5,1e+30,0.0,hdslay1_t18,17,5,hdslay1,arr,,,,,,
oname:hdslay1_t18_otype:arr_i:17_j:6,1e+30,0.0,hdslay1_t18,17,6,hdslay1,arr,,,,,,
oname:hdslay1_t18_otype:arr_i:17_j:7,1e+30,0.0,hdslay1_t18,17,7,hdslay1,arr,,,,,,
oname:hdslay1_t18_otype:arr_i:17_j:8,33.88982,0.0,hdslay1_t18,17,8,hdslay1,arr,,,,,,
oname:hdslay1_t18_otype:arr_i:17_j:9,33.88751,0.0,hdslay1_t18,17,9,hdslay1,arr,,,,,,
oname:hdslay1_t18_otype:arr_i:18_j:0,34.43091,0.0,hdslay1_t18,18,0,hdslay1,arr,,,,,,
oname:hdslay1_t18_otype:arr_i:18_j:1,34.43385,0.0,hdslay1_t18,18,1,hdslay1,arr,,,,,,
oname:hdslay1_t18_otype:arr_i:18_j:10,33.83769,0.0,hdslay1_t18,18,10,hdslay1,arr,,,,,,
oname:hdslay1_t18_otype:arr_i:18_j:11,33.83017,0.0,hdslay1_t18,18,11,hdslay1,arr,,,,,,
oname:hdslay1_t18_otype:arr_i:18_j:12,33.82468,0.0,hdslay1_t18,18,12,hdslay1,arr,,,,,,
oname:hdslay1_t18_otype:arr_i:18_j:13,33.82365,0.0,hdslay1_t18,18,13,hdslay1,arr,,,,,,
oname:hdslay1_t18_otype:arr_i:18_j:14,33.8237,0.0,hdslay1_t18,18,14,hdslay1,arr,,,,,,
oname:hdslay1_t18_otype:arr_i:18_j:15,33.86529,0.0,hdslay1_t18,18,15,hdslay1,arr,,,,,,
oname:hdslay1_t18_otype:arr_i:18_j:16,33.91044,0.0,hdslay1_t18,18,16,hdslay1,arr,,,,,,
oname:hdslay1_t18_otype:arr_i:18_j:17,33.94421,0.0,hdslay1_t18,18,17,hdslay1,arr,,,,,,
oname:hdslay1_t18_otype:arr_i:18_j:18,33.97014,0.0,hdslay1_t18,18,18,hdslay1,arr,,,,,,
oname:hdslay1_t18_otype:arr_i:18_j:19,33.98113,0.0,hdslay1_t18,18,19,hdslay1,arr,,,,,,
oname:hdslay1_t18_otype:arr_i:18_j:2,34.44303,0.0,hdslay1_t18,18,2,hdslay1,arr,,,,,,
oname:hdslay1_t18_otype:arr_i:18_j:3,34.45816,0.0,hdslay1_t18,18,3,hdslay1,arr,,,,,,
oname:hdslay1_t18_otype:arr_i:18_j:4,1e+30,0.0,hdslay1_t18,18,4,hdslay1,arr,,,,,,
oname:hdslay1_t18_otype:arr_i:18_j:5,1e+30,0.0,hdslay1_t18,18,5,hdslay1,arr,,,,,,
oname:hdslay1_t18_otype:arr_i:18_j:6,1e+30,0.0,hdslay1_t18,18,6,hdslay1,arr,,,,,,
oname:hdslay1_t18_otype:arr_i:18_j:7,1e+30,0.0,hdslay1_t18,18,7,hdslay1,arr,,,,,,
oname:hdslay1_t18_otype:arr_i:18_j:8,33.84667,0.0,hdslay1_t18,18,8,hdslay1,arr,,,,,,
oname:hdslay1_t18_otype:arr_i:18_j:9,33.84227,0.0,hdslay1_t18,18,9,hdslay1,arr,,,,,,
oname:hdslay1_t18_otype:arr_i:19_j:0,34.33281,0.0,hdslay1_t18,19,0,hdslay1,arr,,,,,,
oname:hdslay1_t18_otype:arr_i:19_j:1,34.33228,0.0,hdslay1_t18,19,1,hdslay1,arr,,,,,,
oname:hdslay1_t18_otype:arr_i:19_j:10,33.80002,0.0,hdslay1_t18,19,10,hdslay1,arr,,,,,,
oname:hdslay1_t18_otype:arr_i:19_j:11,33.78701,0.0,hdslay1_t18,19,11,hdslay1,arr,,,,,,
oname:hdslay1_t18_otype:arr_i:19_j:12,33.77653,0.0,hdslay1_t18,19,12,hdslay1,arr,,,,,,
oname:hdslay1_t18_otype:arr_i:19_j:13,33.74909,0.0,hdslay1_t18,19,13,hdslay1,arr,,,,,,
oname:hdslay1_t18_otype:arr_i:19_j:14,33.70798,0.0,hdslay1_t18,19,14,hdslay1,arr,,,,,,
oname:hdslay1_t18_otype:arr_i:19_j:15,33.7992,0.0,hdslay1_t18,19,15,hdslay1,arr,,,,,,
oname:hdslay1_t18_otype:arr_i:19_j:16,33.86469,0.0,hdslay1_t18,19,16,hdslay1,arr,,,,,,
oname:hdslay1_t18_otype:arr_i:19_j:17,33.90436,0.0,hdslay1_t18,19,17,hdslay1,arr,,,,,,
oname:hdslay1_t18_otype:arr_i:19_j:18,33.92955,0.0,hdslay1_t18,19,18,hdslay1,arr,,,,,,
oname:hdslay1_t18_otype:arr_i:19_j:19,33.9462,0.0,hdslay1_t18,19,19,hdslay1,arr,,,,,,
oname:hdslay1_t18_otype:arr_i:19_j:2,34.34017,0.0,hdslay1_t18,19,2,hdslay1,arr,,,,,,
oname:hdslay1_t18_otype:arr_i:19_j:3,34.35359,0.0,hdslay1_t18,19,3,hdslay1,arr,,,,,,
oname:hdslay1_t18_otype:arr_i:19_j:4,1e+30,0.0,hdslay1_t18,19,4,hdslay1,arr,,,,,,
oname:hdslay1_t18_otype:arr_i:19_j:5,1e+30,0.0,hdslay1_t18,19,5,hdslay1,arr,,,,,,
oname:hdslay1_t18_otype:arr_i:19_j:6,1e+30,0.0,hdslay1_t18,19,6,hdslay1,arr,,,,,,
oname:hdslay1_t18_otype:arr_i:19_j:7,1e+30,0.0,hdslay1_t18,19,7,hdslay1,arr,,,,,,
oname:hdslay1_t18_otype:arr_i:19_j:8,33.81061,0.0,hdslay1_t18,19,8,hdslay1,arr,,,,,,
oname:hdslay1_t18_otype:arr_i:19_j:9,33.80692,0.0,hdslay1_t18,19,9,hdslay1,arr,,,,,,
oname:hdslay1_t18_otype:arr_i:1_j:0,35.29835,0.0,hdslay1_t18,1,0,hdslay1,arr,,,,,,
oname:hdslay1_t18_otype:arr_i:1_j:1,35.28577,0.0,hdslay1_t18,1,1,hdslay1,arr,,,,,,
oname:hdslay1_t18_otype:arr_i:1_j:10,34.53118,0.0,hdslay1_t18,1,10,hdslay1,arr,,,,,,
oname:hdslay1_t18_otype:arr_i:1_j:11,34.4721,0.0,hdslay1_t18,1,11,hdslay1,arr,,,,,,
oname:hdslay1_t18_otype:arr_i:1_j:12,34.42036,0.0,hdslay1_t18,1,12,hdslay1,arr,,,,,,
oname:hdslay1_t18_otype:arr_i:1_j:13,34.37199,0.0,hdslay1_t18,1,13,hdslay1,arr,,,,,,
oname:hdslay1_t18_otype:arr_i:1_j:14,34.3202,0.0,hdslay1_t18,1,14,hdslay1,arr,,,,,,
oname:hdslay1_t18_otype:arr_i:1_j:15,34.26542,0.0,hdslay1_t18,1,15,hdslay1,arr,,,,,,
oname:hdslay1_t18_otype:arr_i:1_j:16,34.25655,0.0,hdslay1_t18,1,16,hdslay1,arr,,,,,,
oname:hdslay1_t18_otype:arr_i:1_j:17,34.24956,0.0,hdslay1_t18,1,17,hdslay1,arr,,,,,,
oname:hdslay1_t18_otype:arr_i:1_j:18,34.24547,0.0,hdslay1_t18,1,18,hdslay1,arr,,,,,,
oname:hdslay1_t18_otype:arr_i:1_j:19,34.24217,0.0,hdslay1_t18,1,19,hdslay1,arr,,,,,,
oname:hdslay1_t18_otype:arr_i:1_j:2,35.25627,0.0,hdslay1_t18,1,2,hdslay1,arr,,,,,,
oname:hdslay1_t18_otype:arr_i:1_j:3,35.20962,0.0,hdslay1_t18,1,3,hdslay1,arr,,,,,,
oname:hdslay1_t18_otype:arr_i:1_j:4,35.1387,0.0,hdslay1_t18,1,4,hdslay1,arr,,,,,,
oname:hdslay1_t18_otype:arr_i:1_j:5,35.04316,0.0,hdslay1_t18,1,5,hdslay1,arr,,,,,,
oname:hdslay1_t18_otype:arr_i:1_j:6,34.91839,0.0,hdslay1_t18,1,6,hdslay1,arr,,,,,,
oname:hdslay1_t18_otype:arr_i:1_j:7,34.7824,0.0,hdslay1_t18,1,7,hdslay1,arr,,,,,,
oname:hdslay1_t18_otype:arr_i:1_j:8,34.67339,0.0,hdslay1_t18,1,8,hdslay1,arr,,,,,,
oname:hdslay1_t18_otype:arr_i:1_j:9,34.59459,0.0,hdslay1_t18,1,9,hdslay1,arr,,,,,,
oname:hdslay1_t18_otype:arr_i:20_j:0,34.23826,0.0,hdslay1_t18,20,0,hdslay1,arr,,,,,,
oname:hdslay1_t18_otype:arr_i:20_j:1,34.24112,0.0,hdslay1_t18,20,1,hdslay1,arr,,,,,,
oname:hdslay1_t18_otype:arr_i:20_j:10,33.77325,0.0,hdslay1_t18,20,10,hdslay1,arr,,,,,,
oname:hdslay1_t18_otype:arr_i:20_j:11,33.7635,0.0,hdslay1_t18,20,11,hdslay1,arr,,,,,,
oname:hdslay1_t18_otype:arr_i:20_j:12,33.74707,0.0,hdslay1_t18,20,12,hdslay1,arr,,,,,,
oname:hdslay1_t18_otype:arr_i:20_j:13,33.6839,0.0,hdslay1_t18,20,13,hdslay1,arr,,,,,,
oname:hdslay1_t18_otype:arr_i:20_j:14,33.48179,0.0,hdslay1_t18,20,14,hdslay1,arr,,,,,,
oname:hdslay1_t18_otype:arr_i:20_j:15,33.71784,0.0,hdslay1_t18,20,15,hdslay1,arr,,,,,,
oname:hdslay1_t18_otype:arr_i:20_j:16,33.82273,0.0,hdslay1_t18,20,16,hdslay1,arr,,,,,,
oname:hdslay1_t18_otype:arr_i:20_j:17,33.87068,0.0,hdslay1_t18,20,17,hdslay1,arr,,,,,,
oname:hdslay1_t18_otype:arr_i:20_j:18,33.89146,0.0,hdslay1_t18,20,18,hdslay1,arr,,,,,,
oname:hdslay1_t18_otype:arr_i:20_j:19,33.90709,0.0,hdslay1_t18,20,19,hdslay1,arr,,,,,,
oname:hdslay1_t18_otype:arr_i:20_j:2,34.23679,0.0,hdslay1_t18,20,2,hdslay1,arr,,,,,,
oname:hdslay1_t18_otype:arr_i:20_j:3,34.22987,0.0,hdslay1_t18,20,3,hdslay1,arr,,,,,,
oname:hdslay1_t18_otype:arr_i:20_j:4,1e+30,0.0,hdslay1_t18,20,4,hdslay1,arr,,,,,,
oname:hdslay1_t18_otype:arr_i:20_j:5,1e+30,0.0,hdslay1_t18,20,5,hdslay1,arr,,,,,,
oname:hdslay1_t18_otype:arr_i:20_j:6,1e+30,0.0,hdslay1_t18,20,6,hdslay1,arr,,,,,,
oname:hdslay1_t18_otype:arr_i:20_j:7,1e+30,0.0,hdslay1_t18,20,7,hdslay1,arr,,,,,,
oname:hdslay1_t18_otype:arr_i:20_j:8,33.78218,0.0,hdslay1_t18,20,8,hdslay1,arr,,,,,,
oname:hdslay1_t18_otype:arr_i:20_j:9,33.78043,0.0,hdslay1_t18,20,9,hdslay1,arr,,,,,,
oname:hdslay1_t18_otype:arr_i:21_j:0,34.15172,0.0,hdslay1_t18,21,0,hdslay1,arr,,,,,,
oname:hdslay1_t18_otype:arr_i:21_j:1,34.15456,0.0,hdslay1_t18,21,1,hdslay1,arr,,,,,,
oname:hdslay1_t18_otype:arr_i:21_j:10,33.75728,0.0,hdslay1_t18,21,10,hdslay1,arr,,,,,,
oname:hdslay1_t18_otype:arr_i:21_j:11,33.75334,0.0,hdslay1_t18,21,11,hdslay1,arr,,,,,,
oname:hdslay1_t18_otype:arr_i:21_j:12,33.74197,0.0,hdslay1_t18,21,12,hdslay1,arr,,,,,,
oname:hdslay1_t18_otype:arr_i:21_j:13,33.71254,0.0,hdslay1_t18,21,13,hdslay1,arr,,,,,,
oname:hdslay1_t18_otype:arr_i:21_j:14,33.67839,0.0,hdslay1_t18,21,14,hdslay1,arr,,,,,,
oname:hdslay1_t18_otype:arr_i:21_j:15,33.74556,0.0,hdslay1_t18,21,15,hdslay1,arr,,,,,,
oname:hdslay1_t18_otype:arr_i:21_j:16,33.80538,0.0,hdslay1_t18,21,16,hdslay1,arr,,,,,,
oname:hdslay1_t18_otype:arr_i:21_j:17,33.84886,0.0,hdslay1_t18,21,17,hdslay1,arr,,,,,,
oname:hdslay1_t18_otype:arr_i:21_j:18,33.8711,0.0,hdslay1_t18,21,18,hdslay1,arr,,,,,,
oname:hdslay1_t18_otype:arr_i:21_j:19,33.8802,0.0,hdslay1_t18,21,19,hdslay1,arr,,,,,,
oname:hdslay1_t18_otype:arr_i:21_j:2,34.13648,0.0,hdslay1_t18,21,2,hdslay1,arr,,,,,,
oname:hdslay1_t18_otype:arr_i:21_j:3,34.10427,0.0,hdslay1_t18,21,3,hdslay1,arr,,,,,,
oname:hdslay1_t18_otype:arr_i:21_j:4,1e+30,0.0,hdslay1_t18,21,4,hdslay1,arr,,,,,,
oname:hdslay1_t18_otype:arr_i:21_j:5,1e+30,0.0,hdslay1_t18,21,5,hdslay1,arr,,,,,,
oname:hdslay1_t18_otype:arr_i:21_j:6,33.73194,0.0,hdslay1_t18,21,6,hdslay1,arr,,,,,,
oname:hdslay1_t18_otype:arr_i:21_j:7,33.74131,0.0,hdslay1_t18,21,7,hdslay1,arr,,,,,,
oname:hdslay1_t18_otype:arr_i:21_j:8,33.75636,0.0,hdslay1_t18,21,8,hdslay1,arr,,,,,,
oname:hdslay1_t18_otype:arr_i:21_j:9,33.76044,0.0,hdslay1_t18,21,9,hdslay1,arr,,,,,,
oname:hdslay1_t18_otype:arr_i:22_j:0,34.06633,0.0,hdslay1_t18,22,0,hdslay1,arr,,,,,,
oname:hdslay1_t18_otype:arr_i:22_j:1,34.0473,0.0,hdslay1_t18,22,1,hdslay1,arr,,,,,,
oname:hdslay1_t18_otype:arr_i:22_j:10,33.74429,0.0,hdslay1_t18,22,10,hdslay1,arr,,,,,,
oname:hdslay1_t18_otype:arr_i:22_j:11,33.74441,0.0,hdslay1_t18,22,11,hdslay1,arr,,,,,,
oname:hdslay1_t18_otype:arr_i:22_j:12,33.7406,0.0,hdslay1_t18,22,12,hdslay1,arr,,,,,,
oname:hdslay1_t18_otype:arr_i:22_j:13,33.73367,0.0,hdslay1_t18,22,13,hdslay1,arr,,,,,,
oname:hdslay1_t18_otype:arr_i:22_j:14,33.73428,0.0,hdslay1_t18,22,14,hdslay1,arr,,,,,,
oname:hdslay1_t18_otype:arr_i:22_j:15,33.7655,0.0,hdslay1_t18,22,15,hdslay1,arr,,,,,,
oname:hdslay1_t18_otype:arr_i:22_j:16,33.7981,0.0,hdslay1_t18,22,16,hdslay1,arr,,,,,,
oname:hdslay1_t18_otype:arr_i:22_j:17,33.83087,0.0,hdslay1_t18,22,17,hdslay1,arr,,,,,,
oname:hdslay1_t18_otype:arr_i:22_j:18,33.85022,0.0,hdslay1_t18,22,18,hdslay1,arr,,,,,,
oname:hdslay1_t18_otype:arr_i:22_j:19,33.85756,0.0,hdslay1_t18,22,19,hdslay1,arr,,,,,,
oname:hdslay1_t18_otype:arr_i:22_j:2,34.01955,0.0,hdslay1_t18,22,2,hdslay1,arr,,,,,,
oname:hdslay1_t18_otype:arr_i:22_j:3,33.94523,0.0,hdslay1_t18,22,3,hdslay1,arr,,,,,,
oname:hdslay1_t18_otype:arr_i:22_j:4,33.82064,0.0,hdslay1_t18,22,4,hdslay1,arr,,,,,,
oname:hdslay1_t18_otype:arr_i:22_j:5,1e+30,0.0,hdslay1_t18,22,5,hdslay1,arr,,,,,,
oname:hdslay1_t18_otype:arr_i:22_j:6,33.72021,0.0,hdslay1_t18,22,6,hdslay1,arr,,,,,,
oname:hdslay1_t18_otype:arr_i:22_j:7,33.72808,0.0,hdslay1_t18,22,7,hdslay1,arr,,,,,,
oname:hdslay1_t18_otype:arr_i:22_j:8,33.73811,0.0,hdslay1_t18,22,8,hdslay1,arr,,,,,,
oname:hdslay1_t18_otype:arr_i:22_j:9,33.74372,0.0,hdslay1_t18,22,9,hdslay1,arr,,,,,,
oname:hdslay1_t18_otype:arr_i:23_j:0,33.96849,0.0,hdslay1_t18,23,0,hdslay1,arr,,,,,,
oname:hdslay1_t18_otype:arr_i:23_j:1,33.94173,0.0,hdslay1_t18,23,1,hdslay1,arr,,,,,,
oname:hdslay1_t18_otype:arr_i:23_j:10,33.72515,0.0,hdslay1_t18,23,10,hdslay1,arr,,,,,,
oname:hdslay1_t18_otype:arr_i:23_j:11,33.73021,0.0,hdslay1_t18,23,11,hdslay1,arr,,,,,,
oname:hdslay1_t18_otype:arr_i:23_j:12,33.73638,0.0,hdslay1_t18,23,12,hdslay1,arr,,,,,,
oname:hdslay1_t18_otype:arr_i:23_j:13,33.743,0.0,hdslay1_t18,23,13,hdslay1,arr,,,,,,
oname:hdslay1_t18_otype:arr_i:23_j:14,33.75252,0.0,hdslay1_t18,23,14,hdslay1,arr,,,,,,
oname:hdslay1_t18_otype:arr_i:23_j:15,33.77291,0.0,hdslay1_t18,23,15,hdslay1,arr,,,,,,
oname:hdslay1_t18_otype:arr_i:23_j:16,33.79437,0.0,hdslay1_t18,23,16,hdslay1,arr,,,,,,
oname:hdslay1_t18_otype:arr_i:23_j:17,33.8176,0.0,hdslay1_t18,23,17,hdslay1,arr,,,,,,
oname:hdslay1_t18_otype:arr_i:23_j:18,33.83319,0.0,hdslay1_t18,23,18,hdslay1,arr,,,,,,
oname:hdslay1_t18_otype:arr_i:23_j:19,33.83805,0.0,hdslay1_t18,23,19,hdslay1,arr,,,,,,
oname:hdslay1_t18_otype:arr_i:23_j:2,33.90003,0.0,hdslay1_t18,23,2,hdslay1,arr,,,,,,
oname:hdslay1_t18_otype:arr_i:23_j:3,33.81573,0.0,hdslay1_t18,23,3,hdslay1,arr,,,,,,
oname:hdslay1_t18_otype:arr_i:23_j:4,33.7214,0.0,hdslay1_t18,23,4,hdslay1,arr,,,,,,
oname:hdslay1_t18_otype:arr_i:23_j:5,33.69338,0.0,hdslay1_t18,23,5,hdslay1,arr,,,,,,
oname:hdslay1_t18_otype:arr_i:23_j:6,33.70059,0.0,hdslay1_t18,23,6,hdslay1,arr,,,,,,
oname:hdslay1_t18_otype:arr_i:23_j:7,33.7092,0.0,hdslay1_t18,23,7,hdslay1,arr,,,,,,
oname:hdslay1_t18_otype:arr_i:23_j:8,33.71781,0.0,hdslay1_t18,23,8,hdslay1,arr,,,,,,
oname:hdslay1_t18_otype:arr_i:23_j:9,33.72301,0.0,hdslay1_t18,23,9,hdslay1,arr,,,,,,
oname:hdslay1_t18_otype:arr_i:24_j:0,33.88437,0.0,hdslay1_t18,24,0,hdslay1,arr,,,,,,
oname:hdslay1_t18_otype:arr_i:24_j:1,33.86469,0.0,hdslay1_t18,24,1,hdslay1,arr,,,,,,
oname:hdslay1_t18_otype:arr_i:24_j:10,33.69614,0.0,hdslay1_t18,24,10,hdslay1,arr,,,,,,
oname:hdslay1_t18_otype:arr_i:24_j:11,33.70808,0.0,hdslay1_t18,24,11,hdslay1,arr,,,,,,
oname:hdslay1_t18_otype:arr_i:24_j:12,33.72417,0.0,hdslay1_t18,24,12,hdslay1,arr,,,,,,
oname:hdslay1_t18_otype:arr_i:24_j:13,33.74032,0.0,hdslay1_t18,24,13,hdslay1,arr,,,,,,
oname:hdslay1_t18_otype:arr_i:24_j:14,33.75468,0.0,hdslay1_t18,24,14,hdslay1,arr,,,,,,
oname:hdslay1_t18_otype:arr_i:24_j:15,33.77126,0.0,hdslay1_t18,24,15,hdslay1,arr,,,,,,
oname:hdslay1_t18_otype:arr_i:24_j:16,33.78558,0.0,hdslay1_t18,24,16,hdslay1,arr,,,,,,
oname:hdslay1_t18_otype:arr_i:24_j:17,33.80015,0.0,hdslay1_t18,24,17,hdslay1,arr,,,,,,
oname:hdslay1_t18_otype:arr_i:24_j:18,33.81425,0.0,hdslay1_t18,24,18,hdslay1,arr,,,,,,
oname:hdslay1_t18_otype:arr_i:24_j:19,33.82157,0.0,hdslay1_t18,24,19,hdslay1,arr,,,,,,
oname:hdslay1_t18_otype:arr_i:24_j:2,33.81915,0.0,hdslay1_t18,24,2,hdslay1,arr,,,,,,
oname:hdslay1_t18_otype:arr_i:24_j:3,33.74003,0.0,hdslay1_t18,24,3,hdslay1,arr,,,,,,
oname:hdslay1_t18_otype:arr_i:24_j:4,33.60081,0.0,hdslay1_t18,24,4,hdslay1,arr,,,,,,
oname:hdslay1_t18_otype:arr_i:24_j:5,33.65949,0.0,hdslay1_t18,24,5,hdslay1,arr,,,,,,
oname:hdslay1_t18_otype:arr_i:24_j:6,33.67948,0.0,hdslay1_t18,24,6,hdslay1,arr,,,,,,
oname:hdslay1_t18_otype:arr_i:24_j:7,33.68976,0.0,hdslay1_t18,24,7,hdslay1,arr,,,,,,
oname:hdslay1_t18_otype:arr_i:24_j:8,33.69696,0.0,hdslay1_t18,24,8,hdslay1,arr,,,,,,
oname:hdslay1_t18_otype:arr_i:24_j:9,33.69681,0.0,hdslay1_t18,24,9,hdslay1,arr,,,,,,
oname:hdslay1_t18_otype:arr_i:25_j:0,33.83525,0.0,hdslay1_t18,25,0,hdslay1,arr,,,,,,
oname:hdslay1_t18_otype:arr_i:25_j:1,33.82251,0.0,hdslay1_t18,25,1,hdslay1,arr,,,,,,
oname:hdslay1_t18_otype:arr_i:25_j:10,33.65777,0.0,hdslay1_t18,25,10,hdslay1,arr,,,,,,
oname:hdslay1_t18_otype:arr_i:25_j:11,33.6801,0.0,hdslay1_t18,25,11,hdslay1,arr,,,,,,
oname:hdslay1_t18_otype:arr_i:25_j:12,33.7043,0.0,hdslay1_t18,25,12,hdslay1,arr,,,,,,
oname:hdslay1_t18_otype:arr_i:25_j:13,33.72505,0.0,hdslay1_t18,25,13,hdslay1,arr,,,,,,
oname:hdslay1_t18_otype:arr_i:25_j:14,33.74273,0.0,hdslay1_t18,25,14,hdslay1,arr,,,,,,
oname:hdslay1_t18_otype:arr_i:25_j:15,33.75929,0.0,hdslay1_t18,25,15,hdslay1,arr,,,,,,
oname:hdslay1_t18_otype:arr_i:25_j:16,33.77177,0.0,hdslay1_t18,25,16,hdslay1,arr,,,,,,
oname:hdslay1_t18_otype:arr_i:25_j:17,33.78402,0.0,hdslay1_t18,25,17,hdslay1,arr,,,,,,
oname:hdslay1_t18_otype:arr_i:25_j:18,33.79363,0.0,hdslay1_t18,25,18,hdslay1,arr,,,,,,
oname:hdslay1_t18_otype:arr_i:25_j:19,33.80162,0.0,hdslay1_t18,25,19,hdslay1,arr,,,,,,
oname:hdslay1_t18_otype:arr_i:25_j:2,33.79113,0.0,hdslay1_t18,25,2,hdslay1,arr,,,,,,
oname:hdslay1_t18_otype:arr_i:25_j:3,33.73571,0.0,hdslay1_t18,25,3,hdslay1,arr,,,,,,
oname:hdslay1_t18_otype:arr_i:25_j:4,33.67245,0.0,hdslay1_t18,25,4,hdslay1,arr,,,,,,
oname:hdslay1_t18_otype:arr_i:25_j:5,33.66733,0.0,hdslay1_t18,25,5,hdslay1,arr,,,,,,
oname:hdslay1_t18_otype:arr_i:25_j:6,33.6673,0.0,hdslay1_t18,25,6,hdslay1,arr,,,,,,
oname:hdslay1_t18_otype:arr_i:25_j:7,33.66942,0.0,hdslay1_t18,25,7,hdslay1,arr,,,,,,
oname:hdslay1_t18_otype:arr_i:25_j:8,33.6708,0.0,hdslay1_t18,25,8,hdslay1,arr,,,,,,
oname:hdslay1_t18_otype:arr_i:25_j:9,33.66312,0.0,hdslay1_t18,25,9,hdslay1,arr,,,,,,
oname:hdslay1_t18_otype:arr_i:26_j:0,33.80897,0.0,hdslay1_t18,26,0,hdslay1,arr,,,,,,
oname:hdslay1_t18_otype:arr_i:26_j:1,33.79765,0.0,hdslay1_t18,26,1,hdslay1,arr,,,,,,
oname:hdslay1_t18_otype:arr_i:26_j:10,33.58887,0.0,hdslay1_t18,26,10,hdslay1,arr,,,,,,
oname:hdslay1_t18_otype:arr_i:26_j:11,33.64945,0.0,hdslay1_t18,26,11,hdslay1,arr,,,,,,
oname:hdslay1_t18_otype:arr_i:26_j:12,33.68088,0.0,hdslay1_t18,26,12,hdslay1,arr,,,,,,
oname:hdslay1_t18_otype:arr_i:26_j:13,33.70365,0.0,hdslay1_t18,26,13,hdslay1,arr,,,,,,
oname:hdslay1_t18_otype:arr_i:26_j:14,33.71946,0.0,hdslay1_t18,26,14,hdslay1,arr,,,,,,
oname:hdslay1_t18_otype:arr_i:26_j:15,33.73623,0.0,hdslay1_t18,26,15,hdslay1,arr,,,,,,
oname:hdslay1_t18_otype:arr_i:26_j:16,33.74569,0.0,hdslay1_t18,26,16,hdslay1,arr,,,,,,
oname:hdslay1_t18_otype:arr_i:26_j:17,33.75708,0.0,hdslay1_t18,26,17,hdslay1,arr,,,,,,
oname:hdslay1_t18_otype:arr_i:26_j:18,33.77059,0.0,hdslay1_t18,26,18,hdslay1,arr,,,,,,
oname:hdslay1_t18_otype:arr_i:26_j:19,33.7765,0.0,hdslay1_t18,26,19,hdslay1,arr,,,,,,
oname:hdslay1_t18_otype:arr_i:26_j:2,33.77032,0.0,hdslay1_t18,26,2,hdslay1,arr,,,,,,
oname:hdslay1_t18_otype:arr_i:26_j:3,33.73399,0.0,hdslay1_t18,26,3,hdslay1,arr,,,,,,
oname:hdslay1_t18_otype:arr_i:26_j:4,33.69445,0.0,hdslay1_t18,26,4,hdslay1,arr,,,,,,
oname:hdslay1_t18_otype:arr_i:26_j:5,33.66692,0.0,hdslay1_t18,26,5,hdslay1,arr,,,,,,
oname:hdslay1_t18_otype:arr_i:26_j:6,33.65173,0.0,hdslay1_t18,26,6,hdslay1,arr,,,,,,
oname:hdslay1_t18_otype:arr_i:26_j:7,33.64581,0.0,hdslay1_t18,26,7,hdslay1,arr,,,,,,
oname:hdslay1_t18_otype:arr_i:26_j:8,33.64013,0.0,hdslay1_t18,26,8,hdslay1,arr,,,,,,
oname:hdslay1_t18_otype:arr_i:26_j:9,33.62604,0.0,hdslay1_t18,26,9,hdslay1,arr,,,,,,
oname:hdslay1_t18_otype:arr_i:27_j:0,33.78951,0.0,hdslay1_t18,27,0,hdslay1,arr,,,,,,
oname:hdslay1_t18_otype:arr_i:27_j:1,33.77901,0.0,hdslay1_t18,27,1,hdslay1,arr,,,,,,
oname:hdslay1_t18_otype:arr_i:27_j:10,33.62001,0.0,hdslay1_t18,27,10,hdslay1,arr,,,,,,
oname:hdslay1_t18_otype:arr_i:27_j:11,33.64427,0.0,hdslay1_t18,27,11,hdslay1,arr,,,,,,
oname:hdslay1_t18_otype:arr_i:27_j:12,33.6633,0.0,hdslay1_t18,27,12,hdslay1,arr,,,,,,
oname:hdslay1_t18_otype:arr_i:27_j:13,33.68414,0.0,hdslay1_t18,27,13,hdslay1,arr,,,,,,
oname:hdslay1_t18_otype:arr_i:27_j:14,33.6998,0.0,hdslay1_t18,27,14,hdslay1,arr,,,,,,
oname:hdslay1_t18_otype:arr_i:27_j:15,33.70904,0.0,hdslay1_t18,27,15,hdslay1,arr,,,,,,
oname:hdslay1_t18_otype:arr_i:27_j:16,33.71735,0.0,hdslay1_t18,27,16,hdslay1,arr,,,,,,
oname:hdslay1_t18_otype:arr_i:27_j:17,33.7285,0.0,hdslay1_t18,27,17,hdslay1,arr,,,,,,
oname:hdslay1_t18_otype:arr_i:27_j:18,33.74125,0.0,hdslay1_t18,27,18,hdslay1,arr,,,,,,
oname:hdslay1_t18_otype:arr_i:27_j:19,33.74976,0.0,hdslay1_t18,27,19,hdslay1,arr,,,,,,
oname:hdslay1_t18_otype:arr_i:27_j:2,33.75545,0.0,hdslay1_t18,27,2,hdslay1,arr,,,,,,
oname:hdslay1_t18_otype:arr_i:27_j:3,33.72549,0.0,hdslay1_t18,27,3,hdslay1,arr,,,,,,
oname:hdslay1_t18_otype:arr_i:27_j:4,33.68934,0.0,hdslay1_t18,27,4,hdslay1,arr,,,,,,
oname:hdslay1_t18_otype:arr_i:27_j:5,33.65203,0.0,hdslay1_t18,27,5,hdslay1,arr,,,,,,
oname:hdslay1_t18_otype:arr_i:27_j:6,33.62826,0.0,hdslay1_t18,27,6,hdslay1,arr,,,,,,
oname:hdslay1_t18_otype:arr_i:27_j:7,33.62146,0.0,hdslay1_t18,27,7,hdslay1,arr,,,,,,
oname:hdslay1_t18_otype:arr_i:27_j:8,33.6203,0.0,hdslay1_t18,27,8,hdslay1,arr,,,,,,
oname:hdslay1_t18_otype:arr_i:27_j:9,33.62041,0.0,hdslay1_t18,27,9,hdslay1,arr,,,,,,
oname:hdslay1_t18_otype:arr_i:28_j:0,33.77474,0.0,hdslay1_t18,28,0,hdslay1,arr,,,,,,
oname:hdslay1_t18_otype:arr_i:28_j:1,33.76453,0.0,hdslay1_t18,28,1,hdslay1,arr,,,,,,
oname:hdslay1_t18_otype:arr_i:28_j:10,33.61801,0.0,hdslay1_t18,28,10,hdslay1,arr,,,,,,
oname:hdslay1_t18_otype:arr_i:28_j:11,33.63309,0.0,hdslay1_t18,28,11,hdslay1,arr,,,,,,
oname:hdslay1_t18_otype:arr_i:28_j:12,33.64874,0.0,hdslay1_t18,28,12,hdslay1,arr,,,,,,
oname:hdslay1_t18_otype:arr_i:28_j:13,33.6672,0.0,hdslay1_t18,28,13,hdslay1,arr,,,,,,
oname:hdslay1_t18_otype:arr_i:28_j:14,33.68433,0.0,hdslay1_t18,28,14,hdslay1,arr,,,,,,
oname:hdslay1_t18_otype:arr_i:28_j:15,33.69552,0.0,hdslay1_t18,28,15,hdslay1,arr,,,,,,
oname:hdslay1_t18_otype:arr_i:28_j:16,33.70082,0.0,hdslay1_t18,28,16,hdslay1,arr,,,,,,
oname:hdslay1_t18_otype:arr_i:28_j:17,33.70928,0.0,hdslay1_t18,28,17,hdslay1,arr,,,,,,
oname:hdslay1_t18_otype:arr_i:28_j:18,33.71676,0.0,hdslay1_t18,28,18,hdslay1,arr,,,,,,
oname:hdslay1_t18_otype:arr_i:28_j:19,33.72316,0.0,hdslay1_t18,28,19,hdslay1,arr,,,,,,
oname:hdslay1_t18_otype:arr_i:28_j:2,33.74311,0.0,hdslay1_t18,28,2,hdslay1,arr,,,,,,
oname:hdslay1_t18_otype:arr_i:28_j:3,33.71161,0.0,hdslay1_t18,28,3,hdslay1,arr,,,,,,
oname:hdslay1_t18_otype:arr_i:28_j:4,33.66903,0.0,hdslay1_t18,28,4,hdslay1,arr,,,,,,
oname:hdslay1_t18_otype:arr_i:28_j:5,33.621,0.0,hdslay1_t18,28,5,hdslay1,arr,,,,,,
oname:hdslay1_t18_otype:arr_i:28_j:6,33.57693,0.0,hdslay1_t18,28,6,hdslay1,arr,,,,,,
oname:hdslay1_t18_otype:arr_i:28_j:7,33.5871,0.0,hdslay1_t18,28,7,hdslay1,arr,,,,,,
oname:hdslay1_t18_otype:arr_i:28_j:8,33.59913,0.0,hdslay1_t18,28,8,hdslay1,arr,,,,,,
oname:hdslay1_t18_otype:arr_i:28_j:9,33.60908,0.0,hdslay1_t18,28,9,hdslay1,arr,,,,,,
oname:hdslay1_t18_otype:arr_i:29_j:0,33.75968,0.0,hdslay1_t18,29,0,hdslay1,arr,,,,,,
oname:hdslay1_t18_otype:arr_i:29_j:1,33.74915,0.0,hdslay1_t18,29,1,hdslay1,arr,,,,,,
oname:hdslay1_t18_otype:arr_i:29_j:10,33.60483,0.0,hdslay1_t18,29,10,hdslay1,arr,,,,,,
oname:hdslay1_t18_otype:arr_i:29_j:11,33.61771,0.0,hdslay1_t18,29,11,hdslay1,arr,,,,,,
oname:hdslay1_t18_otype:arr_i:29_j:12,33.62935,0.0,hdslay1_t18,29,12,hdslay1,arr,,,,,,
oname:hdslay1_t18_otype:arr_i:29_j:13,33.64534,0.0,hdslay1_t18,29,13,hdslay1,arr,,,,,,
oname:hdslay1_t18_otype:arr_i:29_j:14,33.66319,0.0,hdslay1_t18,29,14,hdslay1,arr,,,,,,
oname:hdslay1_t18_otype:arr_i:29_j:15,33.6787,0.0,hdslay1_t18,29,15,hdslay1,arr,,,,,,
oname:hdslay1_t18_otype:arr_i:29_j:16,33.68275,0.0,hdslay1_t18,29,16,hdslay1,arr,,,,,,
oname:hdslay1_t18_otype:arr_i:29_j:17,33.68854,0.0,hdslay1_t18,29,17,hdslay1,arr,,,,,,
oname:hdslay1_t18_otype:arr_i:29_j:18,33.69611,0.0,hdslay1_t18,29,18,hdslay1,arr,,,,,,
oname:hdslay1_t18_otype:arr_i:29_j:19,33.70029,0.0,hdslay1_t18,29,19,hdslay1,arr,,,,,,
oname:hdslay1_t18_otype:arr_i:29_j:2,33.72528,0.0,hdslay1_t18,29,2,hdslay1,arr,,,,,,
oname:hdslay1_t18_otype:arr_i:29_j:3,33.69189,0.0,hdslay1_t18,29,3,hdslay1,arr,,,,,,
oname:hdslay1_t18_otype:arr_i:29_j:4,33.64754,0.0,hdslay1_t18,29,4,hdslay1,arr,,,,,,
oname:hdslay1_t18_otype:arr_i:29_j:5,33.57825,0.0,hdslay1_t18,29,5,hdslay1,arr,,,,,,
oname:hdslay1_t18_otype:arr_i:29_j:6,33.47258,0.0,hdslay1_t18,29,6,hdslay1,arr,,,,,,
oname:hdslay1_t18_otype:arr_i:29_j:7,33.547,0.0,hdslay1_t18,29,7,hdslay1,arr,,,,,,
oname:hdslay1_t18_otype:arr_i:29_j:8,33.57678,0.0,hdslay1_t18,29,8,hdslay1,arr,,,,,,
oname:hdslay1_t18_otype:arr_i:29_j:9,33.59165,0.0,hdslay1_t18,29,9,hdslay1,arr,,,,,,
oname:hdslay1_t18_otype:arr_i:2_j:0,35.28838,0.0,hdslay1_t18,2,0,hdslay1,arr,,,,,,
oname:hdslay1_t18_otype:arr_i:2_j:1,35.27789,0.0,hdslay1_t18,2,1,hdslay1,arr,,,,,,
oname:hdslay1_t18_otype:arr_i:2_j:10,34.53302,0.0,hdslay1_t18,2,10,hdslay1,arr,,,,,,
oname:hdslay1_t18_otype:arr_i:2_j:11,34.47556,0.0,hdslay1_t18,2,11,hdslay1,arr,,,,,,
oname:hdslay1_t18_otype:arr_i:2_j:12,34.42001,0.0,hdslay1_t18,2,12,hdslay1,arr,,,,,,
oname:hdslay1_t18_otype:arr_i:2_j:13,34.36165,0.0,hdslay1_t18,2,13,hdslay1,arr,,,,,,
oname:hdslay1_t18_otype:arr_i:2_j:14,34.30589,0.0,hdslay1_t18,2,14,hdslay1,arr,,,,,,
oname:hdslay1_t18_otype:arr_i:2_j:15,34.25841,0.0,hdslay1_t18,2,15,hdslay1,arr,,,,,,
oname:hdslay1_t18_otype:arr_i:2_j:16,34.24715,0.0,hdslay1_t18,2,16,hdslay1,arr,,,,,,
oname:hdslay1_t18_otype:arr_i:2_j:17,34.23698,0.0,hdslay1_t18,2,17,hdslay1,arr,,,,,,
oname:hdslay1_t18_otype:arr_i:2_j:18,34.22963,0.0,hdslay1_t18,2,18,hdslay1,arr,,,,,,
oname:hdslay1_t18_otype:arr_i:2_j:19,34.22699,0.0,hdslay1_t18,2,19,hdslay1,arr,,,,,,
oname:hdslay1_t18_otype:arr_i:2_j:2,35.25984,0.0,hdslay1_t18,2,2,hdslay1,arr,,,,,,
oname:hdslay1_t18_otype:arr_i:2_j:3,35.21352,0.0,hdslay1_t18,2,3,hdslay1,arr,,,,,,
oname:hdslay1_t18_otype:arr_i:2_j:4,35.14079,0.0,hdslay1_t18,2,4,hdslay1,arr,,,,,,
oname:hdslay1_t18_otype:arr_i:2_j:5,35.04639,0.0,hdslay1_t18,2,5,hdslay1,arr,,,,,,
oname:hdslay1_t18_otype:arr_i:2_j:6,34.92984,0.0,hdslay1_t18,2,6,hdslay1,arr,,,,,,
oname:hdslay1_t18_otype:arr_i:2_j:7,34.79081,0.0,hdslay1_t18,2,7,hdslay1,arr,,,,,,
oname:hdslay1_t18_otype:arr_i:2_j:8,34.67883,0.0,hdslay1_t18,2,8,hdslay1,arr,,,,,,
oname:hdslay1_t18_otype:arr_i:2_j:9,34.59722,0.0,hdslay1_t18,2,9,hdslay1,arr,,,,,,
oname:hdslay1_t18_otype:arr_i:30_j:0,33.74288,0.0,hdslay1_t18,30,0,hdslay1,arr,,,,,,
oname:hdslay1_t18_otype:arr_i:30_j:1,33.73109,0.0,hdslay1_t18,30,1,hdslay1,arr,,,,,,
oname:hdslay1_t18_otype:arr_i:30_j:10,33.58868,0.0,hdslay1_t18,30,10,hdslay1,arr,,,,,,
oname:hdslay1_t18_otype:arr_i:30_j:11,33.59756,0.0,hdslay1_t18,30,11,hdslay1,arr,,,,,,
oname:hdslay1_t18_otype:arr_i:30_j:12,33.60829,0.0,hdslay1_t18,30,12,hdslay1,arr,,,,,,
oname:hdslay1_t18_otype:arr_i:30_j:13,33.62252,0.0,hdslay1_t18,30,13,hdslay1,arr,,,,,,
oname:hdslay1_t18_otype:arr_i:30_j:14,33.63865,0.0,hdslay1_t18,30,14,hdslay1,arr,,,,,,
oname:hdslay1_t18_otype:arr_i:30_j:15,33.65303,0.0,hdslay1_t18,30,15,hdslay1,arr,,,,,,
oname:hdslay1_t18_otype:arr_i:30_j:16,33.65996,0.0,hdslay1_t18,30,16,hdslay1,arr,,,,,,
oname:hdslay1_t18_otype:arr_i:30_j:17,33.66595,0.0,hdslay1_t18,30,17,hdslay1,arr,,,,,,
oname:hdslay1_t18_otype:arr_i:30_j:18,33.67261,0.0,hdslay1_t18,30,18,hdslay1,arr,,,,,,
oname:hdslay1_t18_otype:arr_i:30_j:19,33.67456,0.0,hdslay1_t18,30,19,hdslay1,arr,,,,,,
oname:hdslay1_t18_otype:arr_i:30_j:2,33.71101,0.0,hdslay1_t18,30,2,hdslay1,arr,,,,,,
oname:hdslay1_t18_otype:arr_i:30_j:3,33.68329,0.0,hdslay1_t18,30,3,hdslay1,arr,,,,,,
oname:hdslay1_t18_otype:arr_i:30_j:4,33.64193,0.0,hdslay1_t18,30,4,hdslay1,arr,,,,,,
oname:hdslay1_t18_otype:arr_i:30_j:5,33.59067,0.0,hdslay1_t18,30,5,hdslay1,arr,,,,,,
oname:hdslay1_t18_otype:arr_i:30_j:6,33.54533,0.0,hdslay1_t18,30,6,hdslay1,arr,,,,,,
oname:hdslay1_t18_otype:arr_i:30_j:7,33.55705,0.0,hdslay1_t18,30,7,hdslay1,arr,,,,,,
oname:hdslay1_t18_otype:arr_i:30_j:8,33.56886,0.0,hdslay1_t18,30,8,hdslay1,arr,,,,,,
oname:hdslay1_t18_otype:arr_i:30_j:9,33.57831,0.0,hdslay1_t18,30,9,hdslay1,arr,,,,,,
oname:hdslay1_t18_otype:arr_i:31_j:0,33.73148,0.0,hdslay1_t18,31,0,hdslay1,arr,,,,,,
oname:hdslay1_t18_otype:arr_i:31_j:1,33.71641,0.0,hdslay1_t18,31,1,hdslay1,arr,,,,,,
oname:hdslay1_t18_otype:arr_i:31_j:10,33.57121,0.0,hdslay1_t18,31,10,hdslay1,arr,,,,,,
oname:hdslay1_t18_otype:arr_i:31_j:11,33.57732,0.0,hdslay1_t18,31,11,hdslay1,arr,,,,,,
oname:hdslay1_t18_otype:arr_i:31_j:12,33.58391,0.0,hdslay1_t18,31,12,hdslay1,arr,,,,,,
oname:hdslay1_t18_otype:arr_i:31_j:13,33.59653,0.0,hdslay1_t18,31,13,hdslay1,arr,,,,,,
oname:hdslay1_t18_otype:arr_i:31_j:14,33.61547,0.0,hdslay1_t18,31,14,hdslay1,arr,,,,,,
oname:hdslay1_t18_otype:arr_i:31_j:15,33.632,0.0,hdslay1_t18,31,15,hdslay1,arr,,,,,,
oname:hdslay1_t18_otype:arr_i:31_j:16,33.64012,0.0,hdslay1_t18,31,16,hdslay1,arr,,,,,,
oname:hdslay1_t18_otype:arr_i:31_j:17,33.64647,0.0,hdslay1_t18,31,17,hdslay1,arr,,,,,,
oname:hdslay1_t18_otype:arr_i:31_j:18,33.65179,0.0,hdslay1_t18,31,18,hdslay1,arr,,,,,,
oname:hdslay1_t18_otype:arr_i:31_j:19,33.65449,0.0,hdslay1_t18,31,19,hdslay1,arr,,,,,,
oname:hdslay1_t18_otype:arr_i:31_j:2,33.70011,0.0,hdslay1_t18,31,2,hdslay1,arr,,,,,,
oname:hdslay1_t18_otype:arr_i:31_j:3,33.67425,0.0,hdslay1_t18,31,3,hdslay1,arr,,,,,,
oname:hdslay1_t18_otype:arr_i:31_j:4,33.63546,0.0,hdslay1_t18,31,4,hdslay1,arr,,,,,,
oname:hdslay1_t18_otype:arr_i:31_j:5,33.59554,0.0,hdslay1_t18,31,5,hdslay1,arr,,,,,,
oname:hdslay1_t18_otype:arr_i:31_j:6,33.56822,0.0,hdslay1_t18,31,6,hdslay1,arr,,,,,,
oname:hdslay1_t18_otype:arr_i:31_j:7,33.56081,0.0,hdslay1_t18,31,7,hdslay1,arr,,,,,,
oname:hdslay1_t18_otype:arr_i:31_j:8,33.56121,0.0,hdslay1_t18,31,8,hdslay1,arr,,,,,,
oname:hdslay1_t18_otype:arr_i:31_j:9,33.56398,0.0,hdslay1_t18,31,9,hdslay1,arr,,,,,,
oname:hdslay1_t18_otype:arr_i:32_j:0,1e+30,0.0,hdslay1_t18,32,0,hdslay1,arr,,,,,,
oname:hdslay1_t18_otype:arr_i:32_j:1,33.70524,0.0,hdslay1_t18,32,1,hdslay1,arr,,,,,,
oname:hdslay1_t18_otype:arr_i:32_j:10,33.54716,0.0,hdslay1_t18,32,10,hdslay1,arr,,,,,,
oname:hdslay1_t18_otype:arr_i:32_j:11,33.55055,0.0,hdslay1_t18,32,11,hdslay1,arr,,,,,,
oname:hdslay1_t18_otype:arr_i:32_j:12,33.55563,0.0,hdslay1_t18,32,12,hdslay1,arr,,,,,,
oname:hdslay1_t18_otype:arr_i:32_j:13,33.57121,0.0,hdslay1_t18,32,13,hdslay1,arr,,,,,,
oname:hdslay1_t18_otype:arr_i:32_j:14,33.59339,0.0,hdslay1_t18,32,14,hdslay1,arr,,,,,,
oname:hdslay1_t18_otype:arr_i:32_j:15,33.6157,0.0,hdslay1_t18,32,15,hdslay1,arr,,,,,,
oname:hdslay1_t18_otype:arr_i:32_j:16,33.62519,0.0,hdslay1_t18,32,16,hdslay1,arr,,,,,,
oname:hdslay1_t18_otype:arr_i:32_j:17,33.63134,0.0,hdslay1_t18,32,17,hdslay1,arr,,,,,,
oname:hdslay1_t18_otype:arr_i:32_j:18,33.63662,0.0,hdslay1_t18,32,18,hdslay1,arr,,,,,,
oname:hdslay1_t18_otype:arr_i:32_j:19,33.63969,0.0,hdslay1_t18,32,19,hdslay1,arr,,,,,,
oname:hdslay1_t18_otype:arr_i:32_j:2,33.68855,0.0,hdslay1_t18,32,2,hdslay1,arr,,,,,,
oname:hdslay1_t18_otype:arr_i:32_j:3,33.65971,0.0,hdslay1_t18,32,3,hdslay1,arr,,,,,,
oname:hdslay1_t18_otype:arr_i:32_j:4,33.62294,0.0,hdslay1_t18,32,4,hdslay1,arr,,,,,,
oname:hdslay1_t18_otype:arr_i:32_j:5,33.59109,0.0,hdslay1_t18,32,5,hdslay1,arr,,,,,,
oname:hdslay1_t18_otype:arr_i:32_j:6,33.56885,0.0,hdslay1_t18,32,6,hdslay1,arr,,,,,,
oname:hdslay1_t18_otype:arr_i:32_j:7,33.55602,0.0,hdslay1_t18,32,7,hdslay1,arr,,,,,,
oname:hdslay1_t18_otype:arr_i:32_j:8,33.54955,0.0,hdslay1_t18,32,8,hdslay1,arr,,,,,,
oname:hdslay1_t18_otype:arr_i:32_j:9,33.54669,0.0,hdslay1_t18,32,9,hdslay1,arr,,,,,,
oname:hdslay1_t18_otype:arr_i:33_j:0,1e+30,0.0,hdslay1_t18,33,0,hdslay1,arr,,,,,,
oname:hdslay1_t18_otype:arr_i:33_j:1,1e+30,0.0,hdslay1_t18,33,1,hdslay1,arr,,,,,,
oname:hdslay1_t18_otype:arr_i:33_j:10,33.51863,0.0,hdslay1_t18,33,10,hdslay1,arr,,,,,,
oname:hdslay1_t18_otype:arr_i:33_j:11,33.50684,0.0,hdslay1_t18,33,11,hdslay1,arr,,,,,,
oname:hdslay1_t18_otype:arr_i:33_j:12,33.50089,0.0,hdslay1_t18,33,12,hdslay1,arr,,,,,,
oname:hdslay1_t18_otype:arr_i:33_j:13,33.54021,0.0,hdslay1_t18,33,13,hdslay1,arr,,,,,,
oname:hdslay1_t18_otype:arr_i:33_j:14,33.57145,0.0,hdslay1_t18,33,14,hdslay1,arr,,,,,,
oname:hdslay1_t18_otype:arr_i:33_j:15,33.59877,0.0,hdslay1_t18,33,15,hdslay1,arr,,,,,,
oname:hdslay1_t18_otype:arr_i:33_j:16,33.61107,0.0,hdslay1_t18,33,16,hdslay1,arr,,,,,,
oname:hdslay1_t18_otype:arr_i:33_j:17,33.61977,0.0,hdslay1_t18,33,17,hdslay1,arr,,,,,,
oname:hdslay1_t18_otype:arr_i:33_j:18,33.62623,0.0,hdslay1_t18,33,18,hdslay1,arr,,,,,,
oname:hdslay1_t18_otype:arr_i:33_j:19,33.63043,0.0,hdslay1_t18,33,19,hdslay1,arr,,,,,,
oname:hdslay1_t18_otype:arr_i:33_j:2,33.67229,0.0,hdslay1_t18,33,2,hdslay1,arr,,,,,,
oname:hdslay1_t18_otype:arr_i:33_j:3,33.64193,0.0,hdslay1_t18,33,3,hdslay1,arr,,,,,,
oname:hdslay1_t18_otype:arr_i:33_j:4,33.60309,0.0,hdslay1_t18,33,4,hdslay1,arr,,,,,,
oname:hdslay1_t18_otype:arr_i:33_j:5,33.57652,0.0,hdslay1_t18,33,5,hdslay1,arr,,,,,,
oname:hdslay1_t18_otype:arr_i:33_j:6,33.55701,0.0,hdslay1_t18,33,6,hdslay1,arr,,,,,,
oname:hdslay1_t18_otype:arr_i:33_j:7,33.54238,0.0,hdslay1_t18,33,7,hdslay1,arr,,,,,,
oname:hdslay1_t18_otype:arr_i:33_j:8,33.53193,0.0,hdslay1_t18,33,8,hdslay1,arr,,,,,,
oname:hdslay1_t18_otype:arr_i:33_j:9,33.525,0.0,hdslay1_t18,33,9,hdslay1,arr,,,,,,
oname:hdslay1_t18_otype:arr_i:34_j:0,1e+30,0.0,hdslay1_t18,34,0,hdslay1,arr,,,,,,
oname:hdslay1_t18_otype:arr_i:34_j:1,1e+30,0.0,hdslay1_t18,34,1,hdslay1,arr,,,,,,
oname:hdslay1_t18_otype:arr_i:34_j:10,33.48612,0.0,hdslay1_t18,34,10,hdslay1,arr,,,,,,
oname:hdslay1_t18_otype:arr_i:34_j:11,33.44918,0.0,hdslay1_t18,34,11,hdslay1,arr,,,,,,
oname:hdslay1_t18_otype:arr_i:34_j:12,33.35553,0.0,hdslay1_t18,34,12,hdslay1,arr,,,,,,
oname:hdslay1_t18_otype:arr_i:34_j:13,33.49763,0.0,hdslay1_t18,34,13,hdslay1,arr,,,,,,
oname:hdslay1_t18_otype:arr_i:34_j:14,33.55035,0.0,hdslay1_t18,34,14,hdslay1,arr,,,,,,
oname:hdslay1_t18_otype:arr_i:34_j:15,33.58064,0.0,hdslay1_t18,34,15,hdslay1,arr,,,,,,
oname:hdslay1_t18_otype:arr_i:34_j:16,33.5943,0.0,hdslay1_t18,34,16,hdslay1,arr,,,,,,
oname:hdslay1_t18_otype:arr_i:34_j:17,33.60624,0.0,hdslay1_t18,34,17,hdslay1,arr,,,,,,
oname:hdslay1_t18_otype:arr_i:34_j:18,33.61622,0.0,hdslay1_t18,34,18,hdslay1,arr,,,,,,
oname:hdslay1_t18_otype:arr_i:34_j:19,33.62485,0.0,hdslay1_t18,34,19,hdslay1,arr,,,,,,
oname:hdslay1_t18_otype:arr_i:34_j:2,1e+30,0.0,hdslay1_t18,34,2,hdslay1,arr,,,,,,
oname:hdslay1_t18_otype:arr_i:34_j:3,33.61215,0.0,hdslay1_t18,34,3,hdslay1,arr,,,,,,
oname:hdslay1_t18_otype:arr_i:34_j:4,33.57311,0.0,hdslay1_t18,34,4,hdslay1,arr,,,,,,
oname:hdslay1_t18_otype:arr_i:34_j:5,33.55351,0.0,hdslay1_t18,34,5,hdslay1,arr,,,,,,
oname:hdslay1_t18_otype:arr_i:34_j:6,33.53399,0.0,hdslay1_t18,34,6,hdslay1,arr,,,,,,
oname:hdslay1_t18_otype:arr_i:34_j:7,33.52021,0.0,hdslay1_t18,34,7,hdslay1,arr,,,,,,
oname:hdslay1_t18_otype:arr_i:34_j:8,33.511,0.0,hdslay1_t18,34,8,hdslay1,arr,,,,,,
oname:hdslay1_t18_otype:arr_i:34_j:9,33.50194,0.0,hdslay1_t18,34,9,hdslay1,arr,,,,,,
oname:hdslay1_t18_otype:arr_i:35_j:0,1e+30,0.0,hdslay1_t18,35,0,hdslay1,arr,,,,,,
oname:hdslay1_t18_otype:arr_i:35_j:1,1e+30,0.0,hdslay1_t18,35,1,hdslay1,arr,,,,,,
oname:hdslay1_t18_otype:arr_i:35_j:10,33.46213,0.0,hdslay1_t18,35,10,hdslay1,arr,,,,,,
oname:hdslay1_t18_otype:arr_i:35_j:11,33.44964,0.0,hdslay1_t18,35,11,hdslay1,arr,,,,,,
oname:hdslay1_t18_otype:arr_i:35_j:12,33.44343,0.0,hdslay1_t18,35,12,hdslay1,arr,,,,,,
oname:hdslay1_t18_otype:arr_i:35_j:13,33.49901,0.0,hdslay1_t18,35,13,hdslay1,arr,,,,,,
oname:hdslay1_t18_otype:arr_i:35_j:14,33.54132,0.0,hdslay1_t18,35,14,hdslay1,arr,,,,,,
oname:hdslay1_t18_otype:arr_i:35_j:15,33.56676,0.0,hdslay1_t18,35,15,hdslay1,arr,,,,,,
oname:hdslay1_t18_otype:arr_i:35_j:16,33.57805,0.0,hdslay1_t18,35,16,hdslay1,arr,,,,,,
oname:hdslay1_t18_otype:arr_i:35_j:17,33.58956,0.0,hdslay1_t18,35,17,hdslay1,arr,,,,,,
oname:hdslay1_t18_otype:arr_i:35_j:18,33.59925,0.0,hdslay1_t18,35,18,hdslay1,arr,,,,,,
oname:hdslay1_t18_otype:arr_i:35_j:19,1e+30,0.0,hdslay1_t18,35,19,hdslay1,arr,,,,,,
oname:hdslay1_t18_otype:arr_i:35_j:2,1e+30,0.0,hdslay1_t18,35,2,hdslay1,arr,,,,,,
oname:hdslay1_t18_otype:arr_i:35_j:3,1e+30,0.0,hdslay1_t18,35,3,hdslay1,arr,,,,,,
oname:hdslay1_t18_otype:arr_i:35_j:4,33.53945,0.0,hdslay1_t18,35,4,hdslay1,arr,,,,,,
oname:hdslay1_t18_otype:arr_i:35_j:5,33.52312,0.0,hdslay1_t18,35,5,hdslay1,arr,,,,,,
oname:hdslay1_t18_otype:arr_i:35_j:6,33.50426,0.0,hdslay1_t18,35,6,hdslay1,arr,,,,,,
oname:hdslay1_t18_otype:arr_i:35_j:7,33.49109,0.0,hdslay1_t18,35,7,hdslay1,arr,,,,,,
oname:hdslay1_t18_otype:arr_i:35_j:8,33.48396,0.0,hdslay1_t18,35,8,hdslay1,arr,,,,,,
oname:hdslay1_t18_otype:arr_i:35_j:9,33.47576,0.0,hdslay1_t18,35,9,hdslay1,arr,,,,,,
oname:hdslay1_t18_otype:arr_i:36_j:0,1e+30,0.0,hdslay1_t18,36,0,hdslay1,arr,,,,,,
oname:hdslay1_t18_otype:arr_i:36_j:1,1e+30,0.0,hdslay1_t18,36,1,hdslay1,arr,,,,,,
oname:hdslay1_t18_otype:arr_i:36_j:10,33.44112,0.0,hdslay1_t18,36,10,hdslay1,arr,,,,,,
oname:hdslay1_t18_otype:arr_i:36_j:11,33.44429,0.0,hdslay1_t18,36,11,hdslay1,arr,,,,,,
oname:hdslay1_t18_otype:arr_i:36_j:12,33.45794,0.0,hdslay1_t18,36,12,hdslay1,arr,,,,,,
oname:hdslay1_t18_otype:arr_i:36_j:13,33.4954,0.0,hdslay1_t18,36,13,hdslay1,arr,,,,,,
oname:hdslay1_t18_otype:arr_i:36_j:14,33.53002,0.0,hdslay1_t18,36,14,hdslay1,arr,,,,,,
oname:hdslay1_t18_otype:arr_i:36_j:15,33.55425,0.0,hdslay1_t18,36,15,hdslay1,arr,,,,,,
oname:hdslay1_t18_otype:arr_i:36_j:16,33.56414,0.0,hdslay1_t18,36,16,hdslay1,arr,,,,,,
oname:hdslay1_t18_otype:arr_i:36_j:17,33.57597,0.0,hdslay1_t18,36,17,hdslay1,arr,,,,,,
oname:hdslay1_t18_otype:arr_i:36_j:18,33.58851,0.0,hdslay1_t18,36,18,hdslay1,arr,,,,,,
oname:hdslay1_t18_otype:arr_i:36_j:19,1e+30,0.0,hdslay1_t18,36,19,hdslay1,arr,,,,,,
oname:hdslay1_t18_otype:arr_i:36_j:2,1e+30,0.0,hdslay1_t18,36,2,hdslay1,arr,,,,,,
oname:hdslay1_t18_otype:arr_i:36_j:3,1e+30,0.0,hdslay1_t18,36,3,hdslay1,arr,,,,,,
oname:hdslay1_t18_otype:arr_i:36_j:4,33.51837,0.0,hdslay1_t18,36,4,hdslay1,arr,,,,,,
oname:hdslay1_t18_otype:arr_i:36_j:5,33.48878,0.0,hdslay1_t18,36,5,hdslay1,arr,,,,,,
oname:hdslay1_t18_otype:arr_i:36_j:6,33.4699,0.0,hdslay1_t18,36,6,hdslay1,arr,,,,,,
oname:hdslay1_t18_otype:arr_i:36_j:7,33.4588,0.0,hdslay1_t18,36,7,hdslay1,arr,,,,,,
oname:hdslay1_t18_otype:arr_i:36_j:8,33.45173,0.0,hdslay1_t18,36,8,hdslay1,arr,,,,,,
oname:hdslay1_t18_otype:arr_i:36_j:9,33.44741,0.0,hdslay1_t18,36,9,hdslay1,arr,,,,,,
oname:hdslay1_t18_otype:arr_i:37_j:0,1e+30,0.0,hdslay1_t18,37,0,hdslay1,arr,,,,,,
oname:hdslay1_t18_otype:arr_i:37_j:1,1e+30,0.0,hdslay1_t18,37,1,hdslay1,arr,,,,,,
oname:hdslay1_t18_otype:arr_i:37_j:10,33.4158,0.0,hdslay1_t18,37,10,hdslay1,arr,,,,,,
oname:hdslay1_t18_otype:arr_i:37_j:11,33.42318,0.0,hdslay1_t18,37,11,hdslay1,arr,,,,,,
oname:hdslay1_t18_otype:arr_i:37_j:12,33.44532,0.0,hdslay1_t18,37,12,hdslay1,arr,,,,,,
oname:hdslay1_t18_otype:arr_i:37_j:13,33.47992,0.0,hdslay1_t18,37,13,hdslay1,arr,,,,,,
oname:hdslay1_t18_otype:arr_i:37_j:14,33.51426,0.0,hdslay1_t18,37,14,hdslay1,arr,,,,,,
oname:hdslay1_t18_otype:arr_i:37_j:15,33.54165,0.0,hdslay1_t18,37,15,hdslay1,arr,,,,,,
oname:hdslay1_t18_otype:arr_i:37_j:16,33.55269,0.0,hdslay1_t18,37,16,hdslay1,arr,,,,,,
oname:hdslay1_t18_otype:arr_i:37_j:17,33.56343,0.0,hdslay1_t18,37,17,hdslay1,arr,,,,,,
oname:hdslay1_t18_otype:arr_i:37_j:18,1e+30,0.0,hdslay1_t18,37,18,hdslay1,arr,,,,,,
oname:hdslay1_t18_otype:arr_i:37_j:19,1e+30,0.0,hdslay1_t18,37,19,hdslay1,arr,,,,,,
oname:hdslay1_t18_otype:arr_i:37_j:2,1e+30,0.0,hdslay1_t18,37,2,hdslay1,arr,,,,,,
oname:hdslay1_t18_otype:arr_i:37_j:3,1e+30,0.0,hdslay1_t18,37,3,hdslay1,arr,,,,,,
oname:hdslay1_t18_otype:arr_i:37_j:4,1e+30,0.0,hdslay1_t18,37,4,hdslay1,arr,,,,,,
oname:hdslay1_t18_otype:arr_i:37_j:5,33.43495,0.0,hdslay1_t18,37,5,hdslay1,arr,,,,,,
oname:hdslay1_t18_otype:arr_i:37_j:6,33.43156,0.0,hdslay1_t18,37,6,hdslay1,arr,,,,,,
oname:hdslay1_t18_otype:arr_i:37_j:7,33.42627,0.0,hdslay1_t18,37,7,hdslay1,arr,,,,,,
oname:hdslay1_t18_otype:arr_i:37_j:8,33.41962,0.0,hdslay1_t18,37,8,hdslay1,arr,,,,,,
oname:hdslay1_t18_otype:arr_i:37_j:9,33.4172,0.0,hdslay1_t18,37,9,hdslay1,arr,,,,,,
oname:hdslay1_t18_otype:arr_i:38_j:0,1e+30,0.0,hdslay1_t18,38,0,hdslay1,arr,,,,,,
oname:hdslay1_t18_otype:arr_i:38_j:1,1e+30,0.0,hdslay1_t18,38,1,hdslay1,arr,,,,,,
oname:hdslay1_t18_otype:arr_i:38_j:10,33.3713,0.0,hdslay1_t18,38,10,hdslay1,arr,,,,,,
oname:hdslay1_t18_otype:arr_i:38_j:11,33.37696,0.0,hdslay1_t18,38,11,hdslay1,arr,,,,,,
oname:hdslay1_t18_otype:arr_i:38_j:12,33.40533,0.0,hdslay1_t18,38,12,hdslay1,arr,,,,,,
oname:hdslay1_t18_otype:arr_i:38_j:13,33.4465,0.0,hdslay1_t18,38,13,hdslay1,arr,,,,,,
oname:hdslay1_t18_otype:arr_i:38_j:14,33.4908,0.0,hdslay1_t18,38,14,hdslay1,arr,,,,,,
oname:hdslay1_t18_otype:arr_i:38_j:15,33.53312,0.0,hdslay1_t18,38,15,hdslay1,arr,,,,,,
oname:hdslay1_t18_otype:arr_i:38_j:16,33.54509,0.0,hdslay1_t18,38,16,hdslay1,arr,,,,,,
oname:hdslay1_t18_otype:arr_i:38_j:17,1e+30,0.0,hdslay1_t18,38,17,hdslay1,arr,,,,,,
oname:hdslay1_t18_otype:arr_i:38_j:18,1e+30,0.0,hdslay1_t18,38,18,hdslay1,arr,,,,,,
oname:hdslay1_t18_otype:arr_i:38_j:19,1e+30,0.0,hdslay1_t18,38,19,hdslay1,arr,,,,,,
oname:hdslay1_t18_otype:arr_i:38_j:2,1e+30,0.0,hdslay1_t18,38,2,hdslay1,arr,,,,,,
oname:hdslay1_t18_otype:arr_i:38_j:3,1e+30,0.0,hdslay1_t18,38,3,hdslay1,arr,,,,,,
oname:hdslay1_t18_otype:arr_i:38_j:4,1e+30,0.0,hdslay1_t18,38,4,hdslay1,arr,,,,,,
oname:hdslay1_t18_otype:arr_i:38_j:5,33.38665,0.0,hdslay1_t18,38,5,hdslay1,arr,,,,,,
oname:hdslay1_t18_otype:arr_i:38_j:6,33.38727,0.0,hdslay1_t18,38,6,hdslay1,arr,,,,,,
oname:hdslay1_t18_otype:arr_i:38_j:7,33.38049,0.0,hdslay1_t18,38,7,hdslay1,arr,,,,,,
oname:hdslay1_t18_otype:arr_i:38_j:8,33.37782,0.0,hdslay1_t18,38,8,hdslay1,arr,,,,,,
oname:hdslay1_t18_otype:arr_i:38_j:9,33.37468,0.0,hdslay1_t18,38,9,hdslay1,arr,,,,,,
oname:hdslay1_t18_otype:arr_i:39_j:0,1e+30,0.0,hdslay1_t18,39,0,hdslay1,arr,,,,,,
oname:hdslay1_t18_otype:arr_i:39_j:1,1e+30,0.0,hdslay1_t18,39,1,hdslay1,arr,,,,,,
oname:hdslay1_t18_otype:arr_i:39_j:10,33.29091,0.0,hdslay1_t18,39,10,hdslay1,arr,,,,,,
oname:hdslay1_t18_otype:arr_i:39_j:11,33.30902,0.0,hdslay1_t18,39,11,hdslay1,arr,,,,,,
oname:hdslay1_t18_otype:arr_i:39_j:12,33.34013,0.0,hdslay1_t18,39,12,hdslay1,arr,,,,,,
oname:hdslay1_t18_otype:arr_i:39_j:13,33.38731,0.0,hdslay1_t18,39,13,hdslay1,arr,,,,,,
oname:hdslay1_t18_otype:arr_i:39_j:14,33.4416,0.0,hdslay1_t18,39,14,hdslay1,arr,,,,,,
oname:hdslay1_t18_otype:arr_i:39_j:15,33.51276,0.0,hdslay1_t18,39,15,hdslay1,arr,,,,,,
oname:hdslay1_t18_otype:arr_i:39_j:16,1e+30,0.0,hdslay1_t18,39,16,hdslay1,arr,,,,,,
oname:hdslay1_t18_otype:arr_i:39_j:17,1e+30,0.0,hdslay1_t18,39,17,hdslay1,arr,,,,,,
oname:hdslay1_t18_otype:arr_i:39_j:18,1e+30,0.0,hdslay1_t18,39,18,hdslay1,arr,,,,,,
oname:hdslay1_t18_otype:arr_i:39_j:19,1e+30,0.0,hdslay1_t18,39,19,hdslay1,arr,,,,,,
oname:hdslay1_t18_otype:arr_i:39_j:2,1e+30,0.0,hdslay1_t18,39,2,hdslay1,arr,,,,,,
oname:hdslay1_t18_otype:arr_i:39_j:3,1e+30,0.0,hdslay1_t18,39,3,hdslay1,arr,,,,,,
oname:hdslay1_t18_otype:arr_i:39_j:4,1e+30,0.0,hdslay1_t18,39,4,hdslay1,arr,,,,,,
oname:hdslay1_t18_otype:arr_i:39_j:5,33.32707,0.0,hdslay1_t18,39,5,hdslay1,arr,,,,,,
oname:hdslay1_t18_otype:arr_i:39_j:6,33.32226,0.0,hdslay1_t18,39,6,hdslay1,arr,,,,,,
oname:hdslay1_t18_otype:arr_i:39_j:7,33.32089,0.0,hdslay1_t18,39,7,hdslay1,arr,,,,,,
oname:hdslay1_t18_otype:arr_i:39_j:8,33.31558,0.0,hdslay1_t18,39,8,hdslay1,arr,,,,,,
oname:hdslay1_t18_otype:arr_i:39_j:9,33.30558,0.0,hdslay1_t18,39,9,hdslay1,arr,,,,,,
oname:hdslay1_t18_otype:arr_i:3_j:0,35.26908,0.0,hdslay1_t18,3,0,hdslay1,arr,,,,,,
oname:hdslay1_t18_otype:arr_i:3_j:1,35.26256,0.0,hdslay1_t18,3,1,hdslay1,arr,,,,,,
oname:hdslay1_t18_otype:arr_i:3_j:10,34.53343,0.0,hdslay1_t18,3,10,hdslay1,arr,,,,,,
oname:hdslay1_t18_otype:arr_i:3_j:11,34.47293,0.0,hdslay1_t18,3,11,hdslay1,arr,,,,,,
oname:hdslay1_t18_otype:arr_i:3_j:12,34.41237,0.0,hdslay1_t18,3,12,hdslay1,arr,,,,,,
oname:hdslay1_t18_otype:arr_i:3_j:13,34.34569,0.0,hdslay1_t18,3,13,hdslay1,arr,,,,,,
oname:hdslay1_t18_otype:arr_i:3_j:14,34.28953,0.0,hdslay1_t18,3,14,hdslay1,arr,,,,,,
oname:hdslay1_t18_otype:arr_i:3_j:15,34.2407,0.0,hdslay1_t18,3,15,hdslay1,arr,,,,,,
oname:hdslay1_t18_otype:arr_i:3_j:16,34.22713,0.0,hdslay1_t18,3,16,hdslay1,arr,,,,,,
oname:hdslay1_t18_otype:arr_i:3_j:17,34.21518,0.0,hdslay1_t18,3,17,hdslay1,arr,,,,,,
oname:hdslay1_t18_otype:arr_i:3_j:18,34.2078,0.0,hdslay1_t18,3,18,hdslay1,arr,,,,,,
oname:hdslay1_t18_otype:arr_i:3_j:19,34.20456,0.0,hdslay1_t18,3,19,hdslay1,arr,,,,,,
oname:hdslay1_t18_otype:arr_i:3_j:2,35.25091,0.0,hdslay1_t18,3,2,hdslay1,arr,,,,,,
oname:hdslay1_t18_otype:arr_i:3_j:3,35.21408,0.0,hdslay1_t18,3,3,hdslay1,arr,,,,,,
oname:hdslay1_t18_otype:arr_i:3_j:4,35.14931,0.0,hdslay1_t18,3,4,hdslay1,arr,,,,,,
oname:hdslay1_t18_otype:arr_i:3_j:5,35.05878,0.0,hdslay1_t18,3,5,hdslay1,arr,,,,,,
oname:hdslay1_t18_otype:arr_i:3_j:6,34.93813,0.0,hdslay1_t18,3,6,hdslay1,arr,,,,,,
oname:hdslay1_t18_otype:arr_i:3_j:7,34.80978,0.0,hdslay1_t18,3,7,hdslay1,arr,,,,,,
oname:hdslay1_t18_otype:arr_i:3_j:8,34.69616,0.0,hdslay1_t18,3,8,hdslay1,arr,,,,,,
oname:hdslay1_t18_otype:arr_i:3_j:9,34.60667,0.0,hdslay1_t18,3,9,hdslay1,arr,,,,,,
oname:hdslay1_t18_otype:arr_i:4_j:0,35.23815,0.0,hdslay1_t18,4,0,hdslay1,arr,,,,,,
oname:hdslay1_t18_otype:arr_i:4_j:1,35.23503,0.0,hdslay1_t18,4,1,hdslay1,arr,,,,,,
oname:hdslay1_t18_otype:arr_i:4_j:10,34.53461,0.0,hdslay1_t18,4,10,hdslay1,arr,,,,,,
oname:hdslay1_t18_otype:arr_i:4_j:11,34.46868,0.0,hdslay1_t18,4,11,hdslay1,arr,,,,,,
oname:hdslay1_t18_otype:arr_i:4_j:12,34.393,0.0,hdslay1_t18,4,12,hdslay1,arr,,,,,,
oname:hdslay1_t18_otype:arr_i:4_j:13,34.32169,0.0,hdslay1_t18,4,13,hdslay1,arr,,,,,,
oname:hdslay1_t18_otype:arr_i:4_j:14,34.26521,0.0,hdslay1_t18,4,14,hdslay1,arr,,,,,,
oname:hdslay1_t18_otype:arr_i:4_j:15,34.21846,0.0,hdslay1_t18,4,15,hdslay1,arr,,,,,,
oname:hdslay1_t18_otype:arr_i:4_j:16,34.20104,0.0,hdslay1_t18,4,16,hdslay1,arr,,,,,,
oname:hdslay1_t18_otype:arr_i:4_j:17,34.18971,0.0,hdslay1_t18,4,17,hdslay1,arr,,,,,,
oname:hdslay1_t18_otype:arr_i:4_j:18,34.18564,0.0,hdslay1_t18,4,18,hdslay1,arr,,,,,,
oname:hdslay1_t18_otype:arr_i:4_j:19,34.1851,0.0,hdslay1_t18,4,19,hdslay1,arr,,,,,,
oname:hdslay1_t18_otype:arr_i:4_j:2,35.22726,0.0,hdslay1_t18,4,2,hdslay1,arr,,,,,,
oname:hdslay1_t18_otype:arr_i:4_j:3,35.19915,0.0,hdslay1_t18,4,3,hdslay1,arr,,,,,,
oname:hdslay1_t18_otype:arr_i:4_j:4,35.14932,0.0,hdslay1_t18,4,4,hdslay1,arr,,,,,,
oname:hdslay1_t18_otype:arr_i:4_j:5,35.07103,0.0,hdslay1_t18,4,5,hdslay1,arr,,,,,,
oname:hdslay1_t18_otype:arr_i:4_j:6,34.97066,0.0,hdslay1_t18,4,6,hdslay1,arr,,,,,,
oname:hdslay1_t18_otype:arr_i:4_j:7,34.83971,0.0,hdslay1_t18,4,7,hdslay1,arr,,,,,,
oname:hdslay1_t18_otype:arr_i:4_j:8,34.71415,0.0,hdslay1_t18,4,8,hdslay1,arr,,,,,,
oname:hdslay1_t18_otype:arr_i:4_j:9,34.61524,0.0,hdslay1_t18,4,9,hdslay1,arr,,,,,,
oname:hdslay1_t18_otype:arr_i:5_j:0,35.20846,0.0,hdslay1_t18,5,0,hdslay1,arr,,,,,,
oname:hdslay1_t18_otype:arr_i:5_j:1,35.20745,0.0,hdslay1_t18,5,1,hdslay1,arr,,,,,,
oname:hdslay1_t18_otype:arr_i:5_j:10,34.52645,0.0,hdslay1_t18,5,10,hdslay1,arr,,,,,,
oname:hdslay1_t18_otype:arr_i:5_j:11,34.45086,0.0,hdslay1_t18,5,11,hdslay1,arr,,,,,,
oname:hdslay1_t18_otype:arr_i:5_j:12,34.36841,0.0,hdslay1_t18,5,12,hdslay1,arr,,,,,,
oname:hdslay1_t18_otype:arr_i:5_j:13,34.29208,0.0,hdslay1_t18,5,13,hdslay1,arr,,,,,,
oname:hdslay1_t18_otype:arr_i:5_j:14,34.23038,0.0,hdslay1_t18,5,14,hdslay1,arr,,,,,,
oname:hdslay1_t18_otype:arr_i:5_j:15,34.18494,0.0,hdslay1_t18,5,15,hdslay1,arr,,,,,,
oname:hdslay1_t18_otype:arr_i:5_j:16,34.17185,0.0,hdslay1_t18,5,16,hdslay1,arr,,,,,,
oname:hdslay1_t18_otype:arr_i:5_j:17,34.162,0.0,hdslay1_t18,5,17,hdslay1,arr,,,,,,
oname:hdslay1_t18_otype:arr_i:5_j:18,34.16097,0.0,hdslay1_t18,5,18,hdslay1,arr,,,,,,
oname:hdslay1_t18_otype:arr_i:5_j:19,34.16331,0.0,hdslay1_t18,5,19,hdslay1,arr,,,,,,
oname:hdslay1_t18_otype:arr_i:5_j:2,35.19926,0.0,hdslay1_t18,5,2,hdslay1,arr,,,,,,
oname:hdslay1_t18_otype:arr_i:5_j:3,35.17685,0.0,hdslay1_t18,5,3,hdslay1,arr,,,,,,
oname:hdslay1_t18_otype:arr_i:5_j:4,35.13986,0.0,hdslay1_t18,5,4,hdslay1,arr,,,,,,
oname:hdslay1_t18_otype:arr_i:5_j:5,35.0728,0.0,hdslay1_t18,5,5,hdslay1,arr,,,,,,
oname:hdslay1_t18_otype:arr_i:5_j:6,34.97625,0.0,hdslay1_t18,5,6,hdslay1,arr,,,,,,
oname:hdslay1_t18_otype:arr_i:5_j:7,34.86309,0.0,hdslay1_t18,5,7,hdslay1,arr,,,,,,
oname:hdslay1_t18_otype:arr_i:5_j:8,34.74122,0.0,hdslay1_t18,5,8,hdslay1,arr,,,,,,
oname:hdslay1_t18_otype:arr_i:5_j:9,34.61793,0.0,hdslay1_t18,5,9,hdslay1,arr,,,,,,
oname:hdslay1_t18_otype:arr_i:6_j:0,35.18884,0.0,hdslay1_t18,6,0,hdslay1,arr,,,,,,
oname:hdslay1_t18_otype:arr_i:6_j:1,35.18744,0.0,hdslay1_t18,6,1,hdslay1,arr,,,,,,
oname:hdslay1_t18_otype:arr_i:6_j:10,34.49524,0.0,hdslay1_t18,6,10,hdslay1,arr,,,,,,
oname:hdslay1_t18_otype:arr_i:6_j:11,34.41393,0.0,hdslay1_t18,6,11,hdslay1,arr,,,,,,
oname:hdslay1_t18_otype:arr_i:6_j:12,34.32218,0.0,hdslay1_t18,6,12,hdslay1,arr,,,,,,
oname:hdslay1_t18_otype:arr_i:6_j:13,34.23929,0.0,hdslay1_t18,6,13,hdslay1,arr,,,,,,
oname:hdslay1_t18_otype:arr_i:6_j:14,34.18316,0.0,hdslay1_t18,6,14,hdslay1,arr,,,,,,
oname:hdslay1_t18_otype:arr_i:6_j:15,34.14273,0.0,hdslay1_t18,6,15,hdslay1,arr,,,,,,
oname:hdslay1_t18_otype:arr_i:6_j:16,34.13691,0.0,hdslay1_t18,6,16,hdslay1,arr,,,,,,
oname:hdslay1_t18_otype:arr_i:6_j:17,34.13058,0.0,hdslay1_t18,6,17,hdslay1,arr,,,,,,
oname:hdslay1_t18_otype:arr_i:6_j:18,34.12975,0.0,hdslay1_t18,6,18,hdslay1,arr,,,,,,
oname:hdslay1_t18_otype:arr_i:6_j:19,34.12932,0.0,hdslay1_t18,6,19,hdslay1,arr,,,,,,
oname:hdslay1_t18_otype:arr_i:6_j:2,35.18129,0.0,hdslay1_t18,6,2,hdslay1,arr,,,,,,
oname:hdslay1_t18_otype:arr_i:6_j:3,35.16619,0.0,hdslay1_t18,6,3,hdslay1,arr,,,,,,
oname:hdslay1_t18_otype:arr_i:6_j:4,35.13576,0.0,hdslay1_t18,6,4,hdslay1,arr,,,,,,
oname:hdslay1_t18_otype:arr_i:6_j:5,35.06641,0.0,hdslay1_t18,6,5,hdslay1,arr,,,,,,
oname:hdslay1_t18_otype:arr_i:6_j:6,34.96276,0.0,hdslay1_t18,6,6,hdslay1,arr,,,,,,
oname:hdslay1_t18_otype:arr_i:6_j:7,34.84893,0.0,hdslay1_t18,6,7,hdslay1,arr,,,,,,
oname:hdslay1_t18_otype:arr_i:6_j:8,34.72539,0.0,hdslay1_t18,6,8,hdslay1,arr,,,,,,
oname:hdslay1_t18_otype:arr_i:6_j:9,34.594,0.0,hdslay1_t18,6,9,hdslay1,arr,,,,,,
oname:hdslay1_t18_otype:arr_i:7_j:0,35.17346,0.0,hdslay1_t18,7,0,hdslay1,arr,,,,,,
oname:hdslay1_t18_otype:arr_i:7_j:1,35.17314,0.0,hdslay1_t18,7,1,hdslay1,arr,,,,,,
oname:hdslay1_t18_otype:arr_i:7_j:10,34.43107,0.0,hdslay1_t18,7,10,hdslay1,arr,,,,,,
oname:hdslay1_t18_otype:arr_i:7_j:11,34.34916,0.0,hdslay1_t18,7,11,hdslay1,arr,,,,,,
oname:hdslay1_t18_otype:arr_i:7_j:12,34.24934,0.0,hdslay1_t18,7,12,hdslay1,arr,,,,,,
oname:hdslay1_t18_otype:arr_i:7_j:13,34.16974,0.0,hdslay1_t18,7,13,hdslay1,arr,,,,,,
oname:hdslay1_t18_otype:arr_i:7_j:14,34.12251,0.0,hdslay1_t18,7,14,hdslay1,arr,,,,,,
oname:hdslay1_t18_otype:arr_i:7_j:15,34.09177,0.0,hdslay1_t18,7,15,hdslay1,arr,,,,,,
oname:hdslay1_t18_otype:arr_i:7_j:16,34.08455,0.0,hdslay1_t18,7,16,hdslay1,arr,,,,,,
oname:hdslay1_t18_otype:arr_i:7_j:17,34.09045,0.0,hdslay1_t18,7,17,hdslay1,arr,,,,,,
oname:hdslay1_t18_otype:arr_i:7_j:18,34.09125,0.0,hdslay1_t18,7,18,hdslay1,arr,,,,,,
oname:hdslay1_t18_otype:arr_i:7_j:19,34.08999,0.0,hdslay1_t18,7,19,hdslay1,arr,,,,,,
oname:hdslay1_t18_otype:arr_i:7_j:2,35.16988,0.0,hdslay1_t18,7,2,hdslay1,arr,,,,,,
oname:hdslay1_t18_otype:arr_i:7_j:3,35.16134,0.0,hdslay1_t18,7,3,hdslay1,arr,,,,,,
oname:hdslay1_t18_otype:arr_i:7_j:4,35.13006,0.0,hdslay1_t18,7,4,hdslay1,arr,,,,,,
oname:hdslay1_t18_otype:arr_i:7_j:5,35.05791,0.0,hdslay1_t18,7,5,hdslay1,arr,,,,,,
oname:hdslay1_t18_otype:arr_i:7_j:6,34.95942,0.0,hdslay1_t18,7,6,hdslay1,arr,,,,,,
oname:hdslay1_t18_otype:arr_i:7_j:7,34.81745,0.0,hdslay1_t18,7,7,hdslay1,arr,,,,,,
oname:hdslay1_t18_otype:arr_i:7_j:8,34.65455,0.0,hdslay1_t18,7,8,hdslay1,arr,,,,,,
oname:hdslay1_t18_otype:arr_i:7_j:9,34.51937,0.0,hdslay1_t18,7,9,hdslay1,arr,,,,,,
oname:hdslay1_t18_otype:arr_i:8_j:0,35.1582,0.0,hdslay1_t18,8,0,hdslay1,arr,,,,,,
oname:hdslay1_t18_otype:arr_i:8_j:1,35.15837,0.0,hdslay1_t18,8,1,hdslay1,arr,,,,,,
oname:hdslay1_t18_otype:arr_i:8_j:10,34.33221,0.0,hdslay1_t18,8,10,hdslay1,arr,,,,,,
oname:hdslay1_t18_otype:arr_i:8_j:11,34.24503,0.0,hdslay1_t18,8,11,hdslay1,arr,,,,,,
oname:hdslay1_t18_otype:arr_i:8_j:12,34.14984,0.0,hdslay1_t18,8,12,hdslay1,arr,,,,,,
oname:hdslay1_t18_otype:arr_i:8_j:13,34.08966,0.0,hdslay1_t18,8,13,hdslay1,arr,,,,,,
oname:hdslay1_t18_otype:arr_i:8_j:14,34.05457,0.0,hdslay1_t18,8,14,hdslay1,arr,,,,,,
oname:hdslay1_t18_otype:arr_i:8_j:15,34.03284,0.0,hdslay1_t18,8,15,hdslay1,arr,,,,,,
oname:hdslay1_t18_otype:arr_i:8_j:16,34.02192,0.0,hdslay1_t18,8,16,hdslay1,arr,,,,,,
oname:hdslay1_t18_otype:arr_i:8_j:17,34.03871,0.0,hdslay1_t18,8,17,hdslay1,arr,,,,,,
oname:hdslay1_t18_otype:arr_i:8_j:18,34.05189,0.0,hdslay1_t18,8,18,hdslay1,arr,,,,,,
oname:hdslay1_t18_otype:arr_i:8_j:19,34.05553,0.0,hdslay1_t18,8,19,hdslay1,arr,,,,,,
oname:hdslay1_t18_otype:arr_i:8_j:2,35.1593,0.0,hdslay1_t18,8,2,hdslay1,arr,,,,,,
oname:hdslay1_t18_otype:arr_i:8_j:3,35.15761,0.0,hdslay1_t18,8,3,hdslay1,arr,,,,,,
oname:hdslay1_t18_otype:arr_i:8_j:4,1e+30,0.0,hdslay1_t18,8,4,hdslay1,arr,,,,,,
oname:hdslay1_t18_otype:arr_i:8_j:5,1e+30,0.0,hdslay1_t18,8,5,hdslay1,arr,,,,,,
oname:hdslay1_t18_otype:arr_i:8_j:6,1e+30,0.0,hdslay1_t18,8,6,hdslay1,arr,,,,,,
oname:hdslay1_t18_otype:arr_i:8_j:7,34.68721,0.0,hdslay1_t18,8,7,hdslay1,arr,,,,,,
oname:hdslay1_t18_otype:arr_i:8_j:8,34.51646,0.0,hdslay1_t18,8,8,hdslay1,arr,,,,,,
oname:hdslay1_t18_otype:arr_i:8_j:9,34.41356,0.0,hdslay1_t18,8,9,hdslay1,arr,,,,,,
oname:hdslay1_t18_otype:arr_i:9_j:0,35.13837,0.0,hdslay1_t18,9,0,hdslay1,arr,,,,,,
oname:hdslay1_t18_otype:arr_i:9_j:1,35.1349,0.0,hdslay1_t18,9,1,hdslay1,arr,,,,,,
oname:hdslay1_t18_otype:arr_i:9_j:10,34.21944,0.0,hdslay1_t18,9,10,hdslay1,arr,,,,,,
oname:hdslay1_t18_otype:arr_i:9_j:11,34.13602,0.0,hdslay1_t18,9,11,hdslay1,arr,,,,,,
oname:hdslay1_t18_otype:arr_i:9_j:12,34.06007,0.0,hdslay1_t18,9,12,hdslay1,arr,,,,,,
oname:hdslay1_t18_otype:arr_i:9_j:13,34.01881,0.0,hdslay1_t18,9,13,hdslay1,arr,,,,,,
oname:hdslay1_t18_otype:arr_i:9_j:14,34.00001,0.0,hdslay1_t18,9,14,hdslay1,arr,,,,,,
oname:hdslay1_t18_otype:arr_i:9_j:15,33.98725,0.0,hdslay1_t18,9,15,hdslay1,arr,,,,,,
oname:hdslay1_t18_otype:arr_i:9_j:16,33.94163,0.0,hdslay1_t18,9,16,hdslay1,arr,,,,,,
oname:hdslay1_t18_otype:arr_i:9_j:17,33.99794,0.0,hdslay1_t18,9,17,hdslay1,arr,,,,,,
oname:hdslay1_t18_otype:arr_i:9_j:18,34.02125,0.0,hdslay1_t18,9,18,hdslay1,arr,,,,,,
oname:hdslay1_t18_otype:arr_i:9_j:19,34.03094,0.0,hdslay1_t18,9,19,hdslay1,arr,,,,,,
oname:hdslay1_t18_otype:arr_i:9_j:2,35.13579,0.0,hdslay1_t18,9,2,hdslay1,arr,,,,,,
oname:hdslay1_t18_otype:arr_i:9_j:3,35.1307,0.0,hdslay1_t18,9,3,hdslay1,arr,,,,,,
oname:hdslay1_t18_otype:arr_i:9_j:4,1e+30,0.0,hdslay1_t18,9,4,hdslay1,arr,,,,,,
oname:hdslay1_t18_otype:arr_i:9_j:5,1e+30,0.0,hdslay1_t18,9,5,hdslay1,arr,,,,,,
oname:hdslay1_t18_otype:arr_i:9_j:6,1e+30,0.0,hdslay1_t18,9,6,hdslay1,arr,,,,,,
oname:hdslay1_t18_otype:arr_i:9_j:7,1e+30,0.0,hdslay1_t18,9,7,hdslay1,arr,,,,,,
oname:hdslay1_t18_otype:arr_i:9_j:8,34.32674,0.0,hdslay1_t18,9,8,hdslay1,arr,,,,,,
oname:hdslay1_t18_otype:arr_i:9_j:9,34.28023,0.0,hdslay1_t18,9,9,hdslay1,arr,,,,,,
oname:hdslay1_t19_otype:arr_i:0_j:0,35.28677,0.0,hdslay1_t19,0,0,hdslay1,arr,,,,,,
oname:hdslay1_t19_otype:arr_i:0_j:1,35.27258,0.0,hdslay1_t19,0,1,hdslay1,arr,,,,,,
oname:hdslay1_t19_otype:arr_i:0_j:10,34.53015,0.0,hdslay1_t19,0,10,hdslay1,arr,,,,,,
oname:hdslay1_t19_otype:arr_i:0_j:11,34.46994,0.0,hdslay1_t19,0,11,hdslay1,arr,,,,,,
oname:hdslay1_t19_otype:arr_i:0_j:12,34.4215,0.0,hdslay1_t19,0,12,hdslay1,arr,,,,,,
oname:hdslay1_t19_otype:arr_i:0_j:13,34.37339,0.0,hdslay1_t19,0,13,hdslay1,arr,,,,,,
oname:hdslay1_t19_otype:arr_i:0_j:14,34.32373,0.0,hdslay1_t19,0,14,hdslay1,arr,,,,,,
oname:hdslay1_t19_otype:arr_i:0_j:15,34.26406,0.0,hdslay1_t19,0,15,hdslay1,arr,,,,,,
oname:hdslay1_t19_otype:arr_i:0_j:16,34.26,0.0,hdslay1_t19,0,16,hdslay1,arr,,,,,,
oname:hdslay1_t19_otype:arr_i:0_j:17,34.25585,0.0,hdslay1_t19,0,17,hdslay1,arr,,,,,,
oname:hdslay1_t19_otype:arr_i:0_j:18,34.25195,0.0,hdslay1_t19,0,18,hdslay1,arr,,,,,,
oname:hdslay1_t19_otype:arr_i:0_j:19,34.24986,0.0,hdslay1_t19,0,19,hdslay1,arr,,,,,,
oname:hdslay1_t19_otype:arr_i:0_j:2,35.24026,0.0,hdslay1_t19,0,2,hdslay1,arr,,,,,,
oname:hdslay1_t19_otype:arr_i:0_j:3,35.19909,0.0,hdslay1_t19,0,3,hdslay1,arr,,,,,,
oname:hdslay1_t19_otype:arr_i:0_j:4,35.12923,0.0,hdslay1_t19,0,4,hdslay1,arr,,,,,,
oname:hdslay1_t19_otype:arr_i:0_j:5,35.01983,0.0,hdslay1_t19,0,5,hdslay1,arr,,,,,,
oname:hdslay1_t19_otype:arr_i:0_j:6,34.88725,0.0,hdslay1_t19,0,6,hdslay1,arr,,,,,,
oname:hdslay1_t19_otype:arr_i:0_j:7,34.77102,0.0,hdslay1_t19,0,7,hdslay1,arr,,,,,,
oname:hdslay1_t19_otype:arr_i:0_j:8,34.67312,0.0,hdslay1_t19,0,8,hdslay1,arr,,,,,,
oname:hdslay1_t19_otype:arr_i:0_j:9,34.59454,0.0,hdslay1_t19,0,9,hdslay1,arr,,,,,,
oname:hdslay1_t19_otype:arr_i:10_j:0,35.09396,0.0,hdslay1_t19,10,0,hdslay1,arr,,,,,,
oname:hdslay1_t19_otype:arr_i:10_j:1,35.08983,0.0,hdslay1_t19,10,1,hdslay1,arr,,,,,,
oname:hdslay1_t19_otype:arr_i:10_j:10,34.12963,0.0,hdslay1_t19,10,10,hdslay1,arr,,,,,,
oname:hdslay1_t19_otype:arr_i:10_j:11,34.05781,0.0,hdslay1_t19,10,11,hdslay1,arr,,,,,,
oname:hdslay1_t19_otype:arr_i:10_j:12,33.99248,0.0,hdslay1_t19,10,12,hdslay1,arr,,,,,,
oname:hdslay1_t19_otype:arr_i:10_j:13,33.95031,0.0,hdslay1_t19,10,13,hdslay1,arr,,,,,,
oname:hdslay1_t19_otype:arr_i:10_j:14,33.96273,0.0,hdslay1_t19,10,14,hdslay1,arr,,,,,,
oname:hdslay1_t19_otype:arr_i:10_j:15,33.96835,0.0,hdslay1_t19,10,15,hdslay1,arr,,,,,,
oname:hdslay1_t19_otype:arr_i:10_j:16,33.97017,0.0,hdslay1_t19,10,16,hdslay1,arr,,,,,,
oname:hdslay1_t19_otype:arr_i:10_j:17,33.98846,0.0,hdslay1_t19,10,17,hdslay1,arr,,,,,,
oname:hdslay1_t19_otype:arr_i:10_j:18,34.00229,0.0,hdslay1_t19,10,18,hdslay1,arr,,,,,,
oname:hdslay1_t19_otype:arr_i:10_j:19,34.0095,0.0,hdslay1_t19,10,19,hdslay1,arr,,,,,,
oname:hdslay1_t19_otype:arr_i:10_j:2,35.08691,0.0,hdslay1_t19,10,2,hdslay1,arr,,,,,,
oname:hdslay1_t19_otype:arr_i:10_j:3,35.08123,0.0,hdslay1_t19,10,3,hdslay1,arr,,,,,,
oname:hdslay1_t19_otype:arr_i:10_j:4,1e+30,0.0,hdslay1_t19,10,4,hdslay1,arr,,,,,,
oname:hdslay1_t19_otype:arr_i:10_j:5,1e+30,0.0,hdslay1_t19,10,5,hdslay1,arr,,,,,,
oname:hdslay1_t19_otype:arr_i:10_j:6,1e+30,0.0,hdslay1_t19,10,6,hdslay1,arr,,,,,,
oname:hdslay1_t19_otype:arr_i:10_j:7,1e+30,0.0,hdslay1_t19,10,7,hdslay1,arr,,,,,,
oname:hdslay1_t19_otype:arr_i:10_j:8,34.19969,0.0,hdslay1_t19,10,8,hdslay1,arr,,,,,,
oname:hdslay1_t19_otype:arr_i:10_j:9,34.17247,0.0,hdslay1_t19,10,9,hdslay1,arr,,,,,,
oname:hdslay1_t19_otype:arr_i:11_j:0,35.02966,0.0,hdslay1_t19,11,0,hdslay1,arr,,,,,,
oname:hdslay1_t19_otype:arr_i:11_j:1,35.02664,0.0,hdslay1_t19,11,1,hdslay1,arr,,,,,,
oname:hdslay1_t19_otype:arr_i:11_j:10,34.06894,0.0,hdslay1_t19,11,10,hdslay1,arr,,,,,,
oname:hdslay1_t19_otype:arr_i:11_j:11,34.0121,0.0,hdslay1_t19,11,11,hdslay1,arr,,,,,,
oname:hdslay1_t19_otype:arr_i:11_j:12,33.94604,0.0,hdslay1_t19,11,12,hdslay1,arr,,,,,,
oname:hdslay1_t19_otype:arr_i:11_j:13,33.84711,0.0,hdslay1_t19,11,13,hdslay1,arr,,,,,,
oname:hdslay1_t19_otype:arr_i:11_j:14,33.93292,0.0,hdslay1_t19,11,14,hdslay1,arr,,,,,,
oname:hdslay1_t19_otype:arr_i:11_j:15,33.95864,0.0,hdslay1_t19,11,15,hdslay1,arr,,,,,,
oname:hdslay1_t19_otype:arr_i:11_j:16,33.97336,0.0,hdslay1_t19,11,16,hdslay1,arr,,,,,,
oname:hdslay1_t19_otype:arr_i:11_j:17,33.98812,0.0,hdslay1_t19,11,17,hdslay1,arr,,,,,,
oname:hdslay1_t19_otype:arr_i:11_j:18,33.9995,0.0,hdslay1_t19,11,18,hdslay1,arr,,,,,,
oname:hdslay1_t19_otype:arr_i:11_j:19,34.00508,0.0,hdslay1_t19,11,19,hdslay1,arr,,,,,,
oname:hdslay1_t19_otype:arr_i:11_j:2,35.02285,0.0,hdslay1_t19,11,2,hdslay1,arr,,,,,,
oname:hdslay1_t19_otype:arr_i:11_j:3,35.02473,0.0,hdslay1_t19,11,3,hdslay1,arr,,,,,,
oname:hdslay1_t19_otype:arr_i:11_j:4,1e+30,0.0,hdslay1_t19,11,4,hdslay1,arr,,,,,,
oname:hdslay1_t19_otype:arr_i:11_j:5,1e+30,0.0,hdslay1_t19,11,5,hdslay1,arr,,,,,,
oname:hdslay1_t19_otype:arr_i:11_j:6,1e+30,0.0,hdslay1_t19,11,6,hdslay1,arr,,,,,,
oname:hdslay1_t19_otype:arr_i:11_j:7,1e+30,0.0,hdslay1_t19,11,7,hdslay1,arr,,,,,,
oname:hdslay1_t19_otype:arr_i:11_j:8,34.12241,0.0,hdslay1_t19,11,8,hdslay1,arr,,,,,,
oname:hdslay1_t19_otype:arr_i:11_j:9,34.10497,0.0,hdslay1_t19,11,9,hdslay1,arr,,,,,,
oname:hdslay1_t19_otype:arr_i:12_j:0,34.96154,0.0,hdslay1_t19,12,0,hdslay1,arr,,,,,,
oname:hdslay1_t19_otype:arr_i:12_j:1,34.95735,0.0,hdslay1_t19,12,1,hdslay1,arr,,,,,,
oname:hdslay1_t19_otype:arr_i:12_j:10,34.03968,0.0,hdslay1_t19,12,10,hdslay1,arr,,,,,,
oname:hdslay1_t19_otype:arr_i:12_j:11,34.00083,0.0,hdslay1_t19,12,11,hdslay1,arr,,,,,,
oname:hdslay1_t19_otype:arr_i:12_j:12,33.95704,0.0,hdslay1_t19,12,12,hdslay1,arr,,,,,,
oname:hdslay1_t19_otype:arr_i:12_j:13,33.92336,0.0,hdslay1_t19,12,13,hdslay1,arr,,,,,,
oname:hdslay1_t19_otype:arr_i:12_j:14,33.94339,0.0,hdslay1_t19,12,14,hdslay1,arr,,,,,,
oname:hdslay1_t19_otype:arr_i:12_j:15,33.9602,0.0,hdslay1_t19,12,15,hdslay1,arr,,,,,,
oname:hdslay1_t19_otype:arr_i:12_j:16,33.9755,0.0,hdslay1_t19,12,16,hdslay1,arr,,,,,,
oname:hdslay1_t19_otype:arr_i:12_j:17,33.98817,0.0,hdslay1_t19,12,17,hdslay1,arr,,,,,,
oname:hdslay1_t19_otype:arr_i:12_j:18,33.99858,0.0,hdslay1_t19,12,18,hdslay1,arr,,,,,,
oname:hdslay1_t19_otype:arr_i:12_j:19,34.00363,0.0,hdslay1_t19,12,19,hdslay1,arr,,,,,,
oname:hdslay1_t19_otype:arr_i:12_j:2,34.9561,0.0,hdslay1_t19,12,2,hdslay1,arr,,,,,,
oname:hdslay1_t19_otype:arr_i:12_j:3,34.95471,0.0,hdslay1_t19,12,3,hdslay1,arr,,,,,,
oname:hdslay1_t19_otype:arr_i:12_j:4,1e+30,0.0,hdslay1_t19,12,4,hdslay1,arr,,,,,,
oname:hdslay1_t19_otype:arr_i:12_j:5,1e+30,0.0,hdslay1_t19,12,5,hdslay1,arr,,,,,,
oname:hdslay1_t19_otype:arr_i:12_j:6,1e+30,0.0,hdslay1_t19,12,6,hdslay1,arr,,,,,,
oname:hdslay1_t19_otype:arr_i:12_j:7,1e+30,0.0,hdslay1_t19,12,7,hdslay1,arr,,,,,,
oname:hdslay1_t19_otype:arr_i:12_j:8,34.07898,0.0,hdslay1_t19,12,8,hdslay1,arr,,,,,,
oname:hdslay1_t19_otype:arr_i:12_j:9,34.06307,0.0,hdslay1_t19,12,9,hdslay1,arr,,,,,,
oname:hdslay1_t19_otype:arr_i:13_j:0,34.88801,0.0,hdslay1_t19,13,0,hdslay1,arr,,,,,,
oname:hdslay1_t19_otype:arr_i:13_j:1,34.889,0.0,hdslay1_t19,13,1,hdslay1,arr,,,,,,
oname:hdslay1_t19_otype:arr_i:13_j:10,34.02184,0.0,hdslay1_t19,13,10,hdslay1,arr,,,,,,
oname:hdslay1_t19_otype:arr_i:13_j:11,33.99672,0.0,hdslay1_t19,13,11,hdslay1,arr,,,,,,
oname:hdslay1_t19_otype:arr_i:13_j:12,33.96668,0.0,hdslay1_t19,13,12,hdslay1,arr,,,,,,
oname:hdslay1_t19_otype:arr_i:13_j:13,33.94908,0.0,hdslay1_t19,13,13,hdslay1,arr,,,,,,
oname:hdslay1_t19_otype:arr_i:13_j:14,33.95332,0.0,hdslay1_t19,13,14,hdslay1,arr,,,,,,
oname:hdslay1_t19_otype:arr_i:13_j:15,33.96206,0.0,hdslay1_t19,13,15,hdslay1,arr,,,,,,
oname:hdslay1_t19_otype:arr_i:13_j:16,33.97557,0.0,hdslay1_t19,13,16,hdslay1,arr,,,,,,
oname:hdslay1_t19_otype:arr_i:13_j:17,33.98705,0.0,hdslay1_t19,13,17,hdslay1,arr,,,,,,
oname:hdslay1_t19_otype:arr_i:13_j:18,33.99704,0.0,hdslay1_t19,13,18,hdslay1,arr,,,,,,
oname:hdslay1_t19_otype:arr_i:13_j:19,34.00294,0.0,hdslay1_t19,13,19,hdslay1,arr,,,,,,
oname:hdslay1_t19_otype:arr_i:13_j:2,34.8865,0.0,hdslay1_t19,13,2,hdslay1,arr,,,,,,
oname:hdslay1_t19_otype:arr_i:13_j:3,34.88004,0.0,hdslay1_t19,13,3,hdslay1,arr,,,,,,
oname:hdslay1_t19_otype:arr_i:13_j:4,1e+30,0.0,hdslay1_t19,13,4,hdslay1,arr,,,,,,
oname:hdslay1_t19_otype:arr_i:13_j:5,1e+30,0.0,hdslay1_t19,13,5,hdslay1,arr,,,,,,
oname:hdslay1_t19_otype:arr_i:13_j:6,1e+30,0.0,hdslay1_t19,13,6,hdslay1,arr,,,,,,
oname:hdslay1_t19_otype:arr_i:13_j:7,1e+30,0.0,hdslay1_t19,13,7,hdslay1,arr,,,,,,
oname:hdslay1_t19_otype:arr_i:13_j:8,34.0425,0.0,hdslay1_t19,13,8,hdslay1,arr,,,,,,
oname:hdslay1_t19_otype:arr_i:13_j:9,34.03281,0.0,hdslay1_t19,13,9,hdslay1,arr,,,,,,
oname:hdslay1_t19_otype:arr_i:14_j:0,34.79292,0.0,hdslay1_t19,14,0,hdslay1,arr,,,,,,
oname:hdslay1_t19_otype:arr_i:14_j:1,34.80106,0.0,hdslay1_t19,14,1,hdslay1,arr,,,,,,
oname:hdslay1_t19_otype:arr_i:14_j:10,34.00142,0.0,hdslay1_t19,14,10,hdslay1,arr,,,,,,
oname:hdslay1_t19_otype:arr_i:14_j:11,33.98233,0.0,hdslay1_t19,14,11,hdslay1,arr,,,,,,
oname:hdslay1_t19_otype:arr_i:14_j:12,33.96281,0.0,hdslay1_t19,14,12,hdslay1,arr,,,,,,
oname:hdslay1_t19_otype:arr_i:14_j:13,33.95253,0.0,hdslay1_t19,14,13,hdslay1,arr,,,,,,
oname:hdslay1_t19_otype:arr_i:14_j:14,33.95425,0.0,hdslay1_t19,14,14,hdslay1,arr,,,,,,
oname:hdslay1_t19_otype:arr_i:14_j:15,33.95978,0.0,hdslay1_t19,14,15,hdslay1,arr,,,,,,
oname:hdslay1_t19_otype:arr_i:14_j:16,33.9734,0.0,hdslay1_t19,14,16,hdslay1,arr,,,,,,
oname:hdslay1_t19_otype:arr_i:14_j:17,33.98372,0.0,hdslay1_t19,14,17,hdslay1,arr,,,,,,
oname:hdslay1_t19_otype:arr_i:14_j:18,33.99311,0.0,hdslay1_t19,14,18,hdslay1,arr,,,,,,
oname:hdslay1_t19_otype:arr_i:14_j:19,33.99982,0.0,hdslay1_t19,14,19,hdslay1,arr,,,,,,
oname:hdslay1_t19_otype:arr_i:14_j:2,34.79848,0.0,hdslay1_t19,14,2,hdslay1,arr,,,,,,
oname:hdslay1_t19_otype:arr_i:14_j:3,34.79404,0.0,hdslay1_t19,14,3,hdslay1,arr,,,,,,
oname:hdslay1_t19_otype:arr_i:14_j:4,1e+30,0.0,hdslay1_t19,14,4,hdslay1,arr,,,,,,
oname:hdslay1_t19_otype:arr_i:14_j:5,1e+30,0.0,hdslay1_t19,14,5,hdslay1,arr,,,,,,
oname:hdslay1_t19_otype:arr_i:14_j:6,1e+30,0.0,hdslay1_t19,14,6,hdslay1,arr,,,,,,
oname:hdslay1_t19_otype:arr_i:14_j:7,1e+30,0.0,hdslay1_t19,14,7,hdslay1,arr,,,,,,
oname:hdslay1_t19_otype:arr_i:14_j:8,34.00784,0.0,hdslay1_t19,14,8,hdslay1,arr,,,,,,
oname:hdslay1_t19_otype:arr_i:14_j:9,34.00759,0.0,hdslay1_t19,14,9,hdslay1,arr,,,,,,
oname:hdslay1_t19_otype:arr_i:15_j:0,34.70882,0.0,hdslay1_t19,15,0,hdslay1,arr,,,,,,
oname:hdslay1_t19_otype:arr_i:15_j:1,34.71354,0.0,hdslay1_t19,15,1,hdslay1,arr,,,,,,
oname:hdslay1_t19_otype:arr_i:15_j:10,33.96781,0.0,hdslay1_t19,15,10,hdslay1,arr,,,,,,
oname:hdslay1_t19_otype:arr_i:15_j:11,33.95326,0.0,hdslay1_t19,15,11,hdslay1,arr,,,,,,
oname:hdslay1_t19_otype:arr_i:15_j:12,33.94482,0.0,hdslay1_t19,15,12,hdslay1,arr,,,,,,
oname:hdslay1_t19_otype:arr_i:15_j:13,33.94056,0.0,hdslay1_t19,15,13,hdslay1,arr,,,,,,
oname:hdslay1_t19_otype:arr_i:15_j:14,33.9455,0.0,hdslay1_t19,15,14,hdslay1,arr,,,,,,
oname:hdslay1_t19_otype:arr_i:15_j:15,33.95191,0.0,hdslay1_t19,15,15,hdslay1,arr,,,,,,
oname:hdslay1_t19_otype:arr_i:15_j:16,33.96759,0.0,hdslay1_t19,15,16,hdslay1,arr,,,,,,
oname:hdslay1_t19_otype:arr_i:15_j:17,33.9797,0.0,hdslay1_t19,15,17,hdslay1,arr,,,,,,
oname:hdslay1_t19_otype:arr_i:15_j:18,33.98889,0.0,hdslay1_t19,15,18,hdslay1,arr,,,,,,
oname:hdslay1_t19_otype:arr_i:15_j:19,33.99565,0.0,hdslay1_t19,15,19,hdslay1,arr,,,,,,
oname:hdslay1_t19_otype:arr_i:15_j:2,34.70198,0.0,hdslay1_t19,15,2,hdslay1,arr,,,,,,
oname:hdslay1_t19_otype:arr_i:15_j:3,34.69298,0.0,hdslay1_t19,15,3,hdslay1,arr,,,,,,
oname:hdslay1_t19_otype:arr_i:15_j:4,1e+30,0.0,hdslay1_t19,15,4,hdslay1,arr,,,,,,
oname:hdslay1_t19_otype:arr_i:15_j:5,1e+30,0.0,hdslay1_t19,15,5,hdslay1,arr,,,,,,
oname:hdslay1_t19_otype:arr_i:15_j:6,1e+30,0.0,hdslay1_t19,15,6,hdslay1,arr,,,,,,
oname:hdslay1_t19_otype:arr_i:15_j:7,1e+30,0.0,hdslay1_t19,15,7,hdslay1,arr,,,,,,
oname:hdslay1_t19_otype:arr_i:15_j:8,33.97507,0.0,hdslay1_t19,15,8,hdslay1,arr,,,,,,
oname:hdslay1_t19_otype:arr_i:15_j:9,33.97287,0.0,hdslay1_t19,15,9,hdslay1,arr,,,,,,
oname:hdslay1_t19_otype:arr_i:16_j:0,34.63033,0.0,hdslay1_t19,16,0,hdslay1,arr,,,,,,
oname:hdslay1_t19_otype:arr_i:16_j:1,34.62113,0.0,hdslay1_t19,16,1,hdslay1,arr,,,,,,
oname:hdslay1_t19_otype:arr_i:16_j:10,33.91928,0.0,hdslay1_t19,16,10,hdslay1,arr,,,,,,
oname:hdslay1_t19_otype:arr_i:16_j:11,33.91312,0.0,hdslay1_t19,16,11,hdslay1,arr,,,,,,
oname:hdslay1_t19_otype:arr_i:16_j:12,33.91165,0.0,hdslay1_t19,16,12,hdslay1,arr,,,,,,
oname:hdslay1_t19_otype:arr_i:16_j:13,33.91694,0.0,hdslay1_t19,16,13,hdslay1,arr,,,,,,
oname:hdslay1_t19_otype:arr_i:16_j:14,33.92565,0.0,hdslay1_t19,16,14,hdslay1,arr,,,,,,
oname:hdslay1_t19_otype:arr_i:16_j:15,33.9376,0.0,hdslay1_t19,16,15,hdslay1,arr,,,,,,
oname:hdslay1_t19_otype:arr_i:16_j:16,33.95493,0.0,hdslay1_t19,16,16,hdslay1,arr,,,,,,
oname:hdslay1_t19_otype:arr_i:16_j:17,33.96938,0.0,hdslay1_t19,16,17,hdslay1,arr,,,,,,
oname:hdslay1_t19_otype:arr_i:16_j:18,33.98099,0.0,hdslay1_t19,16,18,hdslay1,arr,,,,,,
oname:hdslay1_t19_otype:arr_i:16_j:19,33.98891,0.0,hdslay1_t19,16,19,hdslay1,arr,,,,,,
oname:hdslay1_t19_otype:arr_i:16_j:2,34.60623,0.0,hdslay1_t19,16,2,hdslay1,arr,,,,,,
oname:hdslay1_t19_otype:arr_i:16_j:3,34.60274,0.0,hdslay1_t19,16,3,hdslay1,arr,,,,,,
oname:hdslay1_t19_otype:arr_i:16_j:4,1e+30,0.0,hdslay1_t19,16,4,hdslay1,arr,,,,,,
oname:hdslay1_t19_otype:arr_i:16_j:5,1e+30,0.0,hdslay1_t19,16,5,hdslay1,arr,,,,,,
oname:hdslay1_t19_otype:arr_i:16_j:6,1e+30,0.0,hdslay1_t19,16,6,hdslay1,arr,,,,,,
oname:hdslay1_t19_otype:arr_i:16_j:7,1e+30,0.0,hdslay1_t19,16,7,hdslay1,arr,,,,,,
oname:hdslay1_t19_otype:arr_i:16_j:8,33.92734,0.0,hdslay1_t19,16,8,hdslay1,arr,,,,,,
oname:hdslay1_t19_otype:arr_i:16_j:9,33.92677,0.0,hdslay1_t19,16,9,hdslay1,arr,,,,,,
oname:hdslay1_t19_otype:arr_i:17_j:0,34.53599,0.0,hdslay1_t19,17,0,hdslay1,arr,,,,,,
oname:hdslay1_t19_otype:arr_i:17_j:1,34.52782,0.0,hdslay1_t19,17,1,hdslay1,arr,,,,,,
oname:hdslay1_t19_otype:arr_i:17_j:10,33.86464,0.0,hdslay1_t19,17,10,hdslay1,arr,,,,,,
oname:hdslay1_t19_otype:arr_i:17_j:11,33.86218,0.0,hdslay1_t19,17,11,hdslay1,arr,,,,,,
oname:hdslay1_t19_otype:arr_i:17_j:12,33.85938,0.0,hdslay1_t19,17,12,hdslay1,arr,,,,,,
oname:hdslay1_t19_otype:arr_i:17_j:13,33.87014,0.0,hdslay1_t19,17,13,hdslay1,arr,,,,,,
oname:hdslay1_t19_otype:arr_i:17_j:14,33.88031,0.0,hdslay1_t19,17,14,hdslay1,arr,,,,,,
oname:hdslay1_t19_otype:arr_i:17_j:15,33.90281,0.0,hdslay1_t19,17,15,hdslay1,arr,,,,,,
oname:hdslay1_t19_otype:arr_i:17_j:16,33.92844,0.0,hdslay1_t19,17,16,hdslay1,arr,,,,,,
oname:hdslay1_t19_otype:arr_i:17_j:17,33.94838,0.0,hdslay1_t19,17,17,hdslay1,arr,,,,,,
oname:hdslay1_t19_otype:arr_i:17_j:18,33.9646,0.0,hdslay1_t19,17,18,hdslay1,arr,,,,,,
oname:hdslay1_t19_otype:arr_i:17_j:19,33.97332,0.0,hdslay1_t19,17,19,hdslay1,arr,,,,,,
oname:hdslay1_t19_otype:arr_i:17_j:2,34.52884,0.0,hdslay1_t19,17,2,hdslay1,arr,,,,,,
oname:hdslay1_t19_otype:arr_i:17_j:3,34.5377,0.0,hdslay1_t19,17,3,hdslay1,arr,,,,,,
oname:hdslay1_t19_otype:arr_i:17_j:4,1e+30,0.0,hdslay1_t19,17,4,hdslay1,arr,,,,,,
oname:hdslay1_t19_otype:arr_i:17_j:5,1e+30,0.0,hdslay1_t19,17,5,hdslay1,arr,,,,,,
oname:hdslay1_t19_otype:arr_i:17_j:6,1e+30,0.0,hdslay1_t19,17,6,hdslay1,arr,,,,,,
oname:hdslay1_t19_otype:arr_i:17_j:7,1e+30,0.0,hdslay1_t19,17,7,hdslay1,arr,,,,,,
oname:hdslay1_t19_otype:arr_i:17_j:8,33.87582,0.0,hdslay1_t19,17,8,hdslay1,arr,,,,,,
oname:hdslay1_t19_otype:arr_i:17_j:9,33.87325,0.0,hdslay1_t19,17,9,hdslay1,arr,,,,,,
oname:hdslay1_t19_otype:arr_i:18_j:0,34.43026,0.0,hdslay1_t19,18,0,hdslay1,arr,,,,,,
oname:hdslay1_t19_otype:arr_i:18_j:1,34.43318,0.0,hdslay1_t19,18,1,hdslay1,arr,,,,,,
oname:hdslay1_t19_otype:arr_i:18_j:10,33.8205,0.0,hdslay1_t19,18,10,hdslay1,arr,,,,,,
oname:hdslay1_t19_otype:arr_i:18_j:11,33.81199,0.0,hdslay1_t19,18,11,hdslay1,arr,,,,,,
oname:hdslay1_t19_otype:arr_i:18_j:12,33.80521,0.0,hdslay1_t19,18,12,hdslay1,arr,,,,,,
oname:hdslay1_t19_otype:arr_i:18_j:13,33.80321,0.0,hdslay1_t19,18,13,hdslay1,arr,,,,,,
oname:hdslay1_t19_otype:arr_i:18_j:14,33.80358,0.0,hdslay1_t19,18,14,hdslay1,arr,,,,,,
oname:hdslay1_t19_otype:arr_i:18_j:15,33.84688,0.0,hdslay1_t19,18,15,hdslay1,arr,,,,,,
oname:hdslay1_t19_otype:arr_i:18_j:16,33.88604,0.0,hdslay1_t19,18,16,hdslay1,arr,,,,,,
oname:hdslay1_t19_otype:arr_i:18_j:17,33.9162,0.0,hdslay1_t19,18,17,hdslay1,arr,,,,,,
oname:hdslay1_t19_otype:arr_i:18_j:18,33.94005,0.0,hdslay1_t19,18,18,hdslay1,arr,,,,,,
oname:hdslay1_t19_otype:arr_i:18_j:19,33.95006,0.0,hdslay1_t19,18,19,hdslay1,arr,,,,,,
oname:hdslay1_t19_otype:arr_i:18_j:2,34.44341,0.0,hdslay1_t19,18,2,hdslay1,arr,,,,,,
oname:hdslay1_t19_otype:arr_i:18_j:3,34.46007,0.0,hdslay1_t19,18,3,hdslay1,arr,,,,,,
oname:hdslay1_t19_otype:arr_i:18_j:4,1e+30,0.0,hdslay1_t19,18,4,hdslay1,arr,,,,,,
oname:hdslay1_t19_otype:arr_i:18_j:5,1e+30,0.0,hdslay1_t19,18,5,hdslay1,arr,,,,,,
oname:hdslay1_t19_otype:arr_i:18_j:6,1e+30,0.0,hdslay1_t19,18,6,hdslay1,arr,,,,,,
oname:hdslay1_t19_otype:arr_i:18_j:7,1e+30,0.0,hdslay1_t19,18,7,hdslay1,arr,,,,,,
oname:hdslay1_t19_otype:arr_i:18_j:8,33.83052,0.0,hdslay1_t19,18,8,hdslay1,arr,,,,,,
oname:hdslay1_t19_otype:arr_i:18_j:9,33.8257,0.0,hdslay1_t19,18,9,hdslay1,arr,,,,,,
oname:hdslay1_t19_otype:arr_i:19_j:0,34.32849,0.0,hdslay1_t19,19,0,hdslay1,arr,,,,,,
oname:hdslay1_t19_otype:arr_i:19_j:1,34.32808,0.0,hdslay1_t19,19,1,hdslay1,arr,,,,,,
oname:hdslay1_t19_otype:arr_i:19_j:10,33.78121,0.0,hdslay1_t19,19,10,hdslay1,arr,,,,,,
oname:hdslay1_t19_otype:arr_i:19_j:11,33.76738,0.0,hdslay1_t19,19,11,hdslay1,arr,,,,,,
oname:hdslay1_t19_otype:arr_i:19_j:12,33.75627,0.0,hdslay1_t19,19,12,hdslay1,arr,,,,,,
oname:hdslay1_t19_otype:arr_i:19_j:13,33.72864,0.0,hdslay1_t19,19,13,hdslay1,arr,,,,,,
oname:hdslay1_t19_otype:arr_i:19_j:14,33.68825,0.0,hdslay1_t19,19,14,hdslay1,arr,,,,,,
oname:hdslay1_t19_otype:arr_i:19_j:15,33.78171,0.0,hdslay1_t19,19,15,hdslay1,arr,,,,,,
oname:hdslay1_t19_otype:arr_i:19_j:16,33.84067,0.0,hdslay1_t19,19,16,hdslay1,arr,,,,,,
oname:hdslay1_t19_otype:arr_i:19_j:17,33.87596,0.0,hdslay1_t19,19,17,hdslay1,arr,,,,,,
oname:hdslay1_t19_otype:arr_i:19_j:18,33.89895,0.0,hdslay1_t19,19,18,hdslay1,arr,,,,,,
oname:hdslay1_t19_otype:arr_i:19_j:19,33.91451,0.0,hdslay1_t19,19,19,hdslay1,arr,,,,,,
oname:hdslay1_t19_otype:arr_i:19_j:2,34.33699,0.0,hdslay1_t19,19,2,hdslay1,arr,,,,,,
oname:hdslay1_t19_otype:arr_i:19_j:3,34.35227,0.0,hdslay1_t19,19,3,hdslay1,arr,,,,,,
oname:hdslay1_t19_otype:arr_i:19_j:4,1e+30,0.0,hdslay1_t19,19,4,hdslay1,arr,,,,,,
oname:hdslay1_t19_otype:arr_i:19_j:5,1e+30,0.0,hdslay1_t19,19,5,hdslay1,arr,,,,,,
oname:hdslay1_t19_otype:arr_i:19_j:6,1e+30,0.0,hdslay1_t19,19,6,hdslay1,arr,,,,,,
oname:hdslay1_t19_otype:arr_i:19_j:7,1e+30,0.0,hdslay1_t19,19,7,hdslay1,arr,,,,,,
oname:hdslay1_t19_otype:arr_i:19_j:8,33.79271,0.0,hdslay1_t19,19,8,hdslay1,arr,,,,,,
oname:hdslay1_t19_otype:arr_i:19_j:9,33.78856,0.0,hdslay1_t19,19,9,hdslay1,arr,,,,,,
oname:hdslay1_t19_otype:arr_i:1_j:0,35.28094,0.0,hdslay1_t19,1,0,hdslay1,arr,,,,,,
oname:hdslay1_t19_otype:arr_i:1_j:1,35.26774,0.0,hdslay1_t19,1,1,hdslay1,arr,,,,,,
oname:hdslay1_t19_otype:arr_i:1_j:10,34.52829,0.0,hdslay1_t19,1,10,hdslay1,arr,,,,,,
oname:hdslay1_t19_otype:arr_i:1_j:11,34.46986,0.0,hdslay1_t19,1,11,hdslay1,arr,,,,,,
oname:hdslay1_t19_otype:arr_i:1_j:12,34.41895,0.0,hdslay1_t19,1,12,hdslay1,arr,,,,,,
oname:hdslay1_t19_otype:arr_i:1_j:13,34.37137,0.0,hdslay1_t19,1,13,hdslay1,arr,,,,,,
oname:hdslay1_t19_otype:arr_i:1_j:14,34.32019,0.0,hdslay1_t19,1,14,hdslay1,arr,,,,,,
oname:hdslay1_t19_otype:arr_i:1_j:15,34.26585,0.0,hdslay1_t19,1,15,hdslay1,arr,,,,,,
oname:hdslay1_t19_otype:arr_i:1_j:16,34.25722,0.0,hdslay1_t19,1,16,hdslay1,arr,,,,,,
oname:hdslay1_t19_otype:arr_i:1_j:17,34.25025,0.0,hdslay1_t19,1,17,hdslay1,arr,,,,,,
oname:hdslay1_t19_otype:arr_i:1_j:18,34.24561,0.0,hdslay1_t19,1,18,hdslay1,arr,,,,,,
oname:hdslay1_t19_otype:arr_i:1_j:19,34.24223,0.0,hdslay1_t19,1,19,hdslay1,arr,,,,,,
oname:hdslay1_t19_otype:arr_i:1_j:2,35.23861,0.0,hdslay1_t19,1,2,hdslay1,arr,,,,,,
oname:hdslay1_t19_otype:arr_i:1_j:3,35.19365,0.0,hdslay1_t19,1,3,hdslay1,arr,,,,,,
oname:hdslay1_t19_otype:arr_i:1_j:4,35.12562,0.0,hdslay1_t19,1,4,hdslay1,arr,,,,,,
oname:hdslay1_t19_otype:arr_i:1_j:5,35.03305,0.0,hdslay1_t19,1,5,hdslay1,arr,,,,,,
oname:hdslay1_t19_otype:arr_i:1_j:6,34.91163,0.0,hdslay1_t19,1,6,hdslay1,arr,,,,,,
oname:hdslay1_t19_otype:arr_i:1_j:7,34.77751,0.0,hdslay1_t19,1,7,hdslay1,arr,,,,,,
oname:hdslay1_t19_otype:arr_i:1_j:8,34.66975,0.0,hdslay1_t19,1,8,hdslay1,arr,,,,,,
oname:hdslay1_t19_otype:arr_i:1_j:9,34.5914,0.0,hdslay1_t19,1,9,hdslay1,arr,,,,,,
oname:hdslay1_t19_otype:arr_i:20_j:0,34.2311,0.0,hdslay1_t19,20,0,hdslay1,arr,,,,,,
oname:hdslay1_t19_otype:arr_i:20_j:1,34.23417,0.0,hdslay1_t19,20,1,hdslay1,arr,,,,,,
oname:hdslay1_t19_otype:arr_i:20_j:10,33.75343,0.0,hdslay1_t19,20,10,hdslay1,arr,,,,,,
oname:hdslay1_t19_otype:arr_i:20_j:11,33.74325,0.0,hdslay1_t19,20,11,hdslay1,arr,,,,,,
oname:hdslay1_t19_otype:arr_i:20_j:12,33.72654,0.0,hdslay1_t19,20,12,hdslay1,arr,,,,,,
oname:hdslay1_t19_otype:arr_i:20_j:13,33.66327,0.0,hdslay1_t19,20,13,hdslay1,arr,,,,,,
oname:hdslay1_t19_otype:arr_i:20_j:14,33.46172,0.0,hdslay1_t19,20,14,hdslay1,arr,,,,,,
oname:hdslay1_t19_otype:arr_i:20_j:15,33.69983,0.0,hdslay1_t19,20,15,hdslay1,arr,,,,,,
oname:hdslay1_t19_otype:arr_i:20_j:16,33.79894,0.0,hdslay1_t19,20,16,hdslay1,arr,,,,,,
oname:hdslay1_t19_otype:arr_i:20_j:17,33.843,0.0,hdslay1_t19,20,17,hdslay1,arr,,,,,,
oname:hdslay1_t19_otype:arr_i:20_j:18,33.86181,0.0,hdslay1_t19,20,18,hdslay1,arr,,,,,,
oname:hdslay1_t19_otype:arr_i:20_j:19,33.87601,0.0,hdslay1_t19,20,19,hdslay1,arr,,,,,,
oname:hdslay1_t19_otype:arr_i:20_j:2,34.23027,0.0,hdslay1_t19,20,2,hdslay1,arr,,,,,,
oname:hdslay1_t19_otype:arr_i:20_j:3,34.22415,0.0,hdslay1_t19,20,3,hdslay1,arr,,,,,,
oname:hdslay1_t19_otype:arr_i:20_j:4,1e+30,0.0,hdslay1_t19,20,4,hdslay1,arr,,,,,,
oname:hdslay1_t19_otype:arr_i:20_j:5,1e+30,0.0,hdslay1_t19,20,5,hdslay1,arr,,,,,,
oname:hdslay1_t19_otype:arr_i:20_j:6,1e+30,0.0,hdslay1_t19,20,6,hdslay1,arr,,,,,,
oname:hdslay1_t19_otype:arr_i:20_j:7,1e+30,0.0,hdslay1_t19,20,7,hdslay1,arr,,,,,,
oname:hdslay1_t19_otype:arr_i:20_j:8,33.763,0.0,hdslay1_t19,20,8,hdslay1,arr,,,,,,
oname:hdslay1_t19_otype:arr_i:20_j:9,33.76102,0.0,hdslay1_t19,20,9,hdslay1,arr,,,,,,
oname:hdslay1_t19_otype:arr_i:21_j:0,34.14203,0.0,hdslay1_t19,21,0,hdslay1,arr,,,,,,
oname:hdslay1_t19_otype:arr_i:21_j:1,34.1451,0.0,hdslay1_t19,21,1,hdslay1,arr,,,,,,
oname:hdslay1_t19_otype:arr_i:21_j:10,33.73696,0.0,hdslay1_t19,21,10,hdslay1,arr,,,,,,
oname:hdslay1_t19_otype:arr_i:21_j:11,33.73277,0.0,hdslay1_t19,21,11,hdslay1,arr,,,,,,
oname:hdslay1_t19_otype:arr_i:21_j:12,33.72116,0.0,hdslay1_t19,21,12,hdslay1,arr,,,,,,
oname:hdslay1_t19_otype:arr_i:21_j:13,33.69174,0.0,hdslay1_t19,21,13,hdslay1,arr,,,,,,
oname:hdslay1_t19_otype:arr_i:21_j:14,33.6579,0.0,hdslay1_t19,21,14,hdslay1,arr,,,,,,
oname:hdslay1_t19_otype:arr_i:21_j:15,33.72657,0.0,hdslay1_t19,21,15,hdslay1,arr,,,,,,
oname:hdslay1_t19_otype:arr_i:21_j:16,33.78165,0.0,hdslay1_t19,21,16,hdslay1,arr,,,,,,
oname:hdslay1_t19_otype:arr_i:21_j:17,33.8217,0.0,hdslay1_t19,21,17,hdslay1,arr,,,,,,
oname:hdslay1_t19_otype:arr_i:21_j:18,33.84191,0.0,hdslay1_t19,21,18,hdslay1,arr,,,,,,
oname:hdslay1_t19_otype:arr_i:21_j:19,33.8501,0.0,hdslay1_t19,21,19,hdslay1,arr,,,,,,
oname:hdslay1_t19_otype:arr_i:21_j:2,34.12733,0.0,hdslay1_t19,21,2,hdslay1,arr,,,,,,
oname:hdslay1_t19_otype:arr_i:21_j:3,34.09513,0.0,hdslay1_t19,21,3,hdslay1,arr,,,,,,
oname:hdslay1_t19_otype:arr_i:21_j:4,1e+30,0.0,hdslay1_t19,21,4,hdslay1,arr,,,,,,
oname:hdslay1_t19_otype:arr_i:21_j:5,1e+30,0.0,hdslay1_t19,21,5,hdslay1,arr,,,,,,
oname:hdslay1_t19_otype:arr_i:21_j:6,33.71228,0.0,hdslay1_t19,21,6,hdslay1,arr,,,,,,
oname:hdslay1_t19_otype:arr_i:21_j:7,33.72147,0.0,hdslay1_t19,21,7,hdslay1,arr,,,,,,
oname:hdslay1_t19_otype:arr_i:21_j:8,33.7365,0.0,hdslay1_t19,21,8,hdslay1,arr,,,,,,
oname:hdslay1_t19_otype:arr_i:21_j:9,33.74041,0.0,hdslay1_t19,21,9,hdslay1,arr,,,,,,
oname:hdslay1_t19_otype:arr_i:22_j:0,34.05372,0.0,hdslay1_t19,22,0,hdslay1,arr,,,,,,
oname:hdslay1_t19_otype:arr_i:22_j:1,34.03483,0.0,hdslay1_t19,22,1,hdslay1,arr,,,,,,
oname:hdslay1_t19_otype:arr_i:22_j:10,33.72353,0.0,hdslay1_t19,22,10,hdslay1,arr,,,,,,
oname:hdslay1_t19_otype:arr_i:22_j:11,33.72338,0.0,hdslay1_t19,22,11,hdslay1,arr,,,,,,
oname:hdslay1_t19_otype:arr_i:22_j:12,33.71928,0.0,hdslay1_t19,22,12,hdslay1,arr,,,,,,
oname:hdslay1_t19_otype:arr_i:22_j:13,33.71231,0.0,hdslay1_t19,22,13,hdslay1,arr,,,,,,
oname:hdslay1_t19_otype:arr_i:22_j:14,33.71321,0.0,hdslay1_t19,22,14,hdslay1,arr,,,,,,
oname:hdslay1_t19_otype:arr_i:22_j:15,33.74508,0.0,hdslay1_t19,22,15,hdslay1,arr,,,,,,
oname:hdslay1_t19_otype:arr_i:22_j:16,33.77468,0.0,hdslay1_t19,22,16,hdslay1,arr,,,,,,
oname:hdslay1_t19_otype:arr_i:22_j:17,33.80413,0.0,hdslay1_t19,22,17,hdslay1,arr,,,,,,
oname:hdslay1_t19_otype:arr_i:22_j:18,33.82172,0.0,hdslay1_t19,22,18,hdslay1,arr,,,,,,
oname:hdslay1_t19_otype:arr_i:22_j:19,33.82855,0.0,hdslay1_t19,22,19,hdslay1,arr,,,,,,
oname:hdslay1_t19_otype:arr_i:22_j:2,34.00772,0.0,hdslay1_t19,22,2,hdslay1,arr,,,,,,
oname:hdslay1_t19_otype:arr_i:22_j:3,33.9328,0.0,hdslay1_t19,22,3,hdslay1,arr,,,,,,
oname:hdslay1_t19_otype:arr_i:22_j:4,33.8058,0.0,hdslay1_t19,22,4,hdslay1,arr,,,,,,
oname:hdslay1_t19_otype:arr_i:22_j:5,1e+30,0.0,hdslay1_t19,22,5,hdslay1,arr,,,,,,
oname:hdslay1_t19_otype:arr_i:22_j:6,33.70041,0.0,hdslay1_t19,22,6,hdslay1,arr,,,,,,
oname:hdslay1_t19_otype:arr_i:22_j:7,33.70805,0.0,hdslay1_t19,22,7,hdslay1,arr,,,,,,
oname:hdslay1_t19_otype:arr_i:22_j:8,33.71779,0.0,hdslay1_t19,22,8,hdslay1,arr,,,,,,
oname:hdslay1_t19_otype:arr_i:22_j:9,33.72321,0.0,hdslay1_t19,22,9,hdslay1,arr,,,,,,
oname:hdslay1_t19_otype:arr_i:23_j:0,33.95285,0.0,hdslay1_t19,23,0,hdslay1,arr,,,,,,
oname:hdslay1_t19_otype:arr_i:23_j:1,33.92642,0.0,hdslay1_t19,23,1,hdslay1,arr,,,,,,
oname:hdslay1_t19_otype:arr_i:23_j:10,33.70364,0.0,hdslay1_t19,23,10,hdslay1,arr,,,,,,
oname:hdslay1_t19_otype:arr_i:23_j:11,33.7083,0.0,hdslay1_t19,23,11,hdslay1,arr,,,,,,
oname:hdslay1_t19_otype:arr_i:23_j:12,33.71403,0.0,hdslay1_t19,23,12,hdslay1,arr,,,,,,
oname:hdslay1_t19_otype:arr_i:23_j:13,33.72085,0.0,hdslay1_t19,23,13,hdslay1,arr,,,,,,
oname:hdslay1_t19_otype:arr_i:23_j:14,33.73125,0.0,hdslay1_t19,23,14,hdslay1,arr,,,,,,
oname:hdslay1_t19_otype:arr_i:23_j:15,33.75308,0.0,hdslay1_t19,23,15,hdslay1,arr,,,,,,
oname:hdslay1_t19_otype:arr_i:23_j:16,33.77134,0.0,hdslay1_t19,23,16,hdslay1,arr,,,,,,
oname:hdslay1_t19_otype:arr_i:23_j:17,33.79159,0.0,hdslay1_t19,23,17,hdslay1,arr,,,,,,
oname:hdslay1_t19_otype:arr_i:23_j:18,33.80547,0.0,hdslay1_t19,23,18,hdslay1,arr,,,,,,
oname:hdslay1_t19_otype:arr_i:23_j:19,33.80988,0.0,hdslay1_t19,23,19,hdslay1,arr,,,,,,
oname:hdslay1_t19_otype:arr_i:23_j:2,33.88469,0.0,hdslay1_t19,23,2,hdslay1,arr,,,,,,
oname:hdslay1_t19_otype:arr_i:23_j:3,33.79982,0.0,hdslay1_t19,23,3,hdslay1,arr,,,,,,
oname:hdslay1_t19_otype:arr_i:23_j:4,33.70395,0.0,hdslay1_t19,23,4,hdslay1,arr,,,,,,
oname:hdslay1_t19_otype:arr_i:23_j:5,33.67421,0.0,hdslay1_t19,23,5,hdslay1,arr,,,,,,
oname:hdslay1_t19_otype:arr_i:23_j:6,33.68059,0.0,hdslay1_t19,23,6,hdslay1,arr,,,,,,
oname:hdslay1_t19_otype:arr_i:23_j:7,33.68881,0.0,hdslay1_t19,23,7,hdslay1,arr,,,,,,
oname:hdslay1_t19_otype:arr_i:23_j:8,33.69701,0.0,hdslay1_t19,23,8,hdslay1,arr,,,,,,
oname:hdslay1_t19_otype:arr_i:23_j:9,33.7018,0.0,hdslay1_t19,23,9,hdslay1,arr,,,,,,
oname:hdslay1_t19_otype:arr_i:24_j:0,33.86602,0.0,hdslay1_t19,24,0,hdslay1,arr,,,,,,
oname:hdslay1_t19_otype:arr_i:24_j:1,33.84669,0.0,hdslay1_t19,24,1,hdslay1,arr,,,,,,
oname:hdslay1_t19_otype:arr_i:24_j:10,33.67405,0.0,hdslay1_t19,24,10,hdslay1,arr,,,,,,
oname:hdslay1_t19_otype:arr_i:24_j:11,33.68569,0.0,hdslay1_t19,24,11,hdslay1,arr,,,,,,
oname:hdslay1_t19_otype:arr_i:24_j:12,33.70125,0.0,hdslay1_t19,24,12,hdslay1,arr,,,,,,
oname:hdslay1_t19_otype:arr_i:24_j:13,33.71758,0.0,hdslay1_t19,24,13,hdslay1,arr,,,,,,
oname:hdslay1_t19_otype:arr_i:24_j:14,33.7334,0.0,hdslay1_t19,24,14,hdslay1,arr,,,,,,
oname:hdslay1_t19_otype:arr_i:24_j:15,33.7524,0.0,hdslay1_t19,24,15,hdslay1,arr,,,,,,
oname:hdslay1_t19_otype:arr_i:24_j:16,33.76351,0.0,hdslay1_t19,24,16,hdslay1,arr,,,,,,
oname:hdslay1_t19_otype:arr_i:24_j:17,33.77556,0.0,hdslay1_t19,24,17,hdslay1,arr,,,,,,
oname:hdslay1_t19_otype:arr_i:24_j:18,33.78769,0.0,hdslay1_t19,24,18,hdslay1,arr,,,,,,
oname:hdslay1_t19_otype:arr_i:24_j:19,33.79422,0.0,hdslay1_t19,24,19,hdslay1,arr,,,,,,
oname:hdslay1_t19_otype:arr_i:24_j:2,33.80079,0.0,hdslay1_t19,24,2,hdslay1,arr,,,,,,
oname:hdslay1_t19_otype:arr_i:24_j:3,33.72121,0.0,hdslay1_t19,24,3,hdslay1,arr,,,,,,
oname:hdslay1_t19_otype:arr_i:24_j:4,33.58104,0.0,hdslay1_t19,24,4,hdslay1,arr,,,,,,
oname:hdslay1_t19_otype:arr_i:24_j:5,33.63889,0.0,hdslay1_t19,24,5,hdslay1,arr,,,,,,
oname:hdslay1_t19_otype:arr_i:24_j:6,33.65857,0.0,hdslay1_t19,24,6,hdslay1,arr,,,,,,
oname:hdslay1_t19_otype:arr_i:24_j:7,33.66871,0.0,hdslay1_t19,24,7,hdslay1,arr,,,,,,
oname:hdslay1_t19_otype:arr_i:24_j:8,33.67559,0.0,hdslay1_t19,24,8,hdslay1,arr,,,,,,
oname:hdslay1_t19_otype:arr_i:24_j:9,33.67492,0.0,hdslay1_t19,24,9,hdslay1,arr,,,,,,
oname:hdslay1_t19_otype:arr_i:25_j:0,33.81497,0.0,hdslay1_t19,25,0,hdslay1,arr,,,,,,
oname:hdslay1_t19_otype:arr_i:25_j:1,33.80221,0.0,hdslay1_t19,25,1,hdslay1,arr,,,,,,
oname:hdslay1_t19_otype:arr_i:25_j:10,33.63546,0.0,hdslay1_t19,25,10,hdslay1,arr,,,,,,
oname:hdslay1_t19_otype:arr_i:25_j:11,33.65782,0.0,hdslay1_t19,25,11,hdslay1,arr,,,,,,
oname:hdslay1_t19_otype:arr_i:25_j:12,33.68159,0.0,hdslay1_t19,25,12,hdslay1,arr,,,,,,
oname:hdslay1_t19_otype:arr_i:25_j:13,33.70259,0.0,hdslay1_t19,25,13,hdslay1,arr,,,,,,
oname:hdslay1_t19_otype:arr_i:25_j:14,33.72191,0.0,hdslay1_t19,25,14,hdslay1,arr,,,,,,
oname:hdslay1_t19_otype:arr_i:25_j:15,33.74145,0.0,hdslay1_t19,25,15,hdslay1,arr,,,,,,
oname:hdslay1_t19_otype:arr_i:25_j:16,33.75069,0.0,hdslay1_t19,25,16,hdslay1,arr,,,,,,
oname:hdslay1_t19_otype:arr_i:25_j:17,33.76039,0.0,hdslay1_t19,25,17,hdslay1,arr,,,,,,
oname:hdslay1_t19_otype:arr_i:25_j:18,33.76828,0.0,hdslay1_t19,25,18,hdslay1,arr,,,,,,
oname:hdslay1_t19_otype:arr_i:25_j:19,33.77505,0.0,hdslay1_t19,25,19,hdslay1,arr,,,,,,
oname:hdslay1_t19_otype:arr_i:25_j:2,33.77048,0.0,hdslay1_t19,25,2,hdslay1,arr,,,,,,
oname:hdslay1_t19_otype:arr_i:25_j:3,33.71422,0.0,hdslay1_t19,25,3,hdslay1,arr,,,,,,
oname:hdslay1_t19_otype:arr_i:25_j:4,33.65045,0.0,hdslay1_t19,25,4,hdslay1,arr,,,,,,
oname:hdslay1_t19_otype:arr_i:25_j:5,33.64516,0.0,hdslay1_t19,25,5,hdslay1,arr,,,,,,
oname:hdslay1_t19_otype:arr_i:25_j:6,33.64523,0.0,hdslay1_t19,25,6,hdslay1,arr,,,,,,
oname:hdslay1_t19_otype:arr_i:25_j:7,33.64752,0.0,hdslay1_t19,25,7,hdslay1,arr,,,,,,
oname:hdslay1_t19_otype:arr_i:25_j:8,33.64878,0.0,hdslay1_t19,25,8,hdslay1,arr,,,,,,
oname:hdslay1_t19_otype:arr_i:25_j:9,33.64072,0.0,hdslay1_t19,25,9,hdslay1,arr,,,,,,
oname:hdslay1_t19_otype:arr_i:26_j:0,33.78728,0.0,hdslay1_t19,26,0,hdslay1,arr,,,,,,
oname:hdslay1_t19_otype:arr_i:26_j:1,33.77568,0.0,hdslay1_t19,26,1,hdslay1,arr,,,,,,
oname:hdslay1_t19_otype:arr_i:26_j:10,33.5664,0.0,hdslay1_t19,26,10,hdslay1,arr,,,,,,
oname:hdslay1_t19_otype:arr_i:26_j:11,33.62736,0.0,hdslay1_t19,26,11,hdslay1,arr,,,,,,
oname:hdslay1_t19_otype:arr_i:26_j:12,33.65907,0.0,hdslay1_t19,26,12,hdslay1,arr,,,,,,
oname:hdslay1_t19_otype:arr_i:26_j:13,33.68256,0.0,hdslay1_t19,26,13,hdslay1,arr,,,,,,
oname:hdslay1_t19_otype:arr_i:26_j:14,33.7001,0.0,hdslay1_t19,26,14,hdslay1,arr,,,,,,
oname:hdslay1_t19_otype:arr_i:26_j:15,33.7202,0.0,hdslay1_t19,26,15,hdslay1,arr,,,,,,
oname:hdslay1_t19_otype:arr_i:26_j:16,33.72659,0.0,hdslay1_t19,26,16,hdslay1,arr,,,,,,
oname:hdslay1_t19_otype:arr_i:26_j:17,33.7356,0.0,hdslay1_t19,26,17,hdslay1,arr,,,,,,
oname:hdslay1_t19_otype:arr_i:26_j:18,33.74694,0.0,hdslay1_t19,26,18,hdslay1,arr,,,,,,
oname:hdslay1_t19_otype:arr_i:26_j:19,33.75181,0.0,hdslay1_t19,26,19,hdslay1,arr,,,,,,
oname:hdslay1_t19_otype:arr_i:26_j:2,33.7476,0.0,hdslay1_t19,26,2,hdslay1,arr,,,,,,
oname:hdslay1_t19_otype:arr_i:26_j:3,33.71024,0.0,hdslay1_t19,26,3,hdslay1,arr,,,,,,
oname:hdslay1_t19_otype:arr_i:26_j:4,33.67027,0.0,hdslay1_t19,26,4,hdslay1,arr,,,,,,
oname:hdslay1_t19_otype:arr_i:26_j:5,33.64302,0.0,hdslay1_t19,26,5,hdslay1,arr,,,,,,
oname:hdslay1_t19_otype:arr_i:26_j:6,33.62816,0.0,hdslay1_t19,26,6,hdslay1,arr,,,,,,
oname:hdslay1_t19_otype:arr_i:26_j:7,33.62232,0.0,hdslay1_t19,26,7,hdslay1,arr,,,,,,
oname:hdslay1_t19_otype:arr_i:26_j:8,33.61688,0.0,hdslay1_t19,26,8,hdslay1,arr,,,,,,
oname:hdslay1_t19_otype:arr_i:26_j:9,33.60342,0.0,hdslay1_t19,26,9,hdslay1,arr,,,,,,
oname:hdslay1_t19_otype:arr_i:27_j:0,33.76642,0.0,hdslay1_t19,27,0,hdslay1,arr,,,,,,
oname:hdslay1_t19_otype:arr_i:27_j:1,33.75554,0.0,hdslay1_t19,27,1,hdslay1,arr,,,,,,
oname:hdslay1_t19_otype:arr_i:27_j:10,33.59796,0.0,hdslay1_t19,27,10,hdslay1,arr,,,,,,
oname:hdslay1_t19_otype:arr_i:27_j:11,33.62299,0.0,hdslay1_t19,27,11,hdslay1,arr,,,,,,
oname:hdslay1_t19_otype:arr_i:27_j:12,33.64265,0.0,hdslay1_t19,27,12,hdslay1,arr,,,,,,
oname:hdslay1_t19_otype:arr_i:27_j:13,33.66476,0.0,hdslay1_t19,27,13,hdslay1,arr,,,,,,
oname:hdslay1_t19_otype:arr_i:27_j:14,33.68253,0.0,hdslay1_t19,27,14,hdslay1,arr,,,,,,
oname:hdslay1_t19_otype:arr_i:27_j:15,33.69385,0.0,hdslay1_t19,27,15,hdslay1,arr,,,,,,
oname:hdslay1_t19_otype:arr_i:27_j:16,33.70047,0.0,hdslay1_t19,27,16,hdslay1,arr,,,,,,
oname:hdslay1_t19_otype:arr_i:27_j:17,33.7096,0.0,hdslay1_t19,27,17,hdslay1,arr,,,,,,
oname:hdslay1_t19_otype:arr_i:27_j:18,33.72018,0.0,hdslay1_t19,27,18,hdslay1,arr,,,,,,
oname:hdslay1_t19_otype:arr_i:27_j:19,33.72745,0.0,hdslay1_t19,27,19,hdslay1,arr,,,,,,
oname:hdslay1_t19_otype:arr_i:27_j:2,33.73099,0.0,hdslay1_t19,27,2,hdslay1,arr,,,,,,
oname:hdslay1_t19_otype:arr_i:27_j:3,33.70011,0.0,hdslay1_t19,27,3,hdslay1,arr,,,,,,
oname:hdslay1_t19_otype:arr_i:27_j:4,33.66357,0.0,hdslay1_t19,27,4,hdslay1,arr,,,,,,
oname:hdslay1_t19_otype:arr_i:27_j:5,33.6267,0.0,hdslay1_t19,27,5,hdslay1,arr,,,,,,
oname:hdslay1_t19_otype:arr_i:27_j:6,33.6036,0.0,hdslay1_t19,27,6,hdslay1,arr,,,,,,
oname:hdslay1_t19_otype:arr_i:27_j:7,33.597,0.0,hdslay1_t19,27,7,hdslay1,arr,,,,,,
oname:hdslay1_t19_otype:arr_i:27_j:8,33.59626,0.0,hdslay1_t19,27,8,hdslay1,arr,,,,,,
oname:hdslay1_t19_otype:arr_i:27_j:9,33.59747,0.0,hdslay1_t19,27,9,hdslay1,arr,,,,,,
oname:hdslay1_t19_otype:arr_i:28_j:0,33.75042,0.0,hdslay1_t19,28,0,hdslay1,arr,,,,,,
oname:hdslay1_t19_otype:arr_i:28_j:1,33.73982,0.0,hdslay1_t19,28,1,hdslay1,arr,,,,,,
oname:hdslay1_t19_otype:arr_i:28_j:10,33.59648,0.0,hdslay1_t19,28,10,hdslay1,arr,,,,,,
oname:hdslay1_t19_otype:arr_i:28_j:11,33.61234,0.0,hdslay1_t19,28,11,hdslay1,arr,,,,,,
oname:hdslay1_t19_otype:arr_i:28_j:12,33.62923,0.0,hdslay1_t19,28,12,hdslay1,arr,,,,,,
oname:hdslay1_t19_otype:arr_i:28_j:13,33.64922,0.0,hdslay1_t19,28,13,hdslay1,arr,,,,,,
oname:hdslay1_t19_otype:arr_i:28_j:14,33.66825,0.0,hdslay1_t19,28,14,hdslay1,arr,,,,,,
oname:hdslay1_t19_otype:arr_i:28_j:15,33.68118,0.0,hdslay1_t19,28,15,hdslay1,arr,,,,,,
oname:hdslay1_t19_otype:arr_i:28_j:16,33.68509,0.0,hdslay1_t19,28,16,hdslay1,arr,,,,,,
oname:hdslay1_t19_otype:arr_i:28_j:17,33.69184,0.0,hdslay1_t19,28,17,hdslay1,arr,,,,,,
oname:hdslay1_t19_otype:arr_i:28_j:18,33.6978,0.0,hdslay1_t19,28,18,hdslay1,arr,,,,,,
oname:hdslay1_t19_otype:arr_i:28_j:19,33.7033,0.0,hdslay1_t19,28,19,hdslay1,arr,,,,,,
oname:hdslay1_t19_otype:arr_i:28_j:2,33.71724,0.0,hdslay1_t19,28,2,hdslay1,arr,,,,,,
oname:hdslay1_t19_otype:arr_i:28_j:3,33.68465,0.0,hdslay1_t19,28,3,hdslay1,arr,,,,,,
oname:hdslay1_t19_otype:arr_i:28_j:4,33.64212,0.0,hdslay1_t19,28,4,hdslay1,arr,,,,,,
oname:hdslay1_t19_otype:arr_i:28_j:5,33.59474,0.0,hdslay1_t19,28,5,hdslay1,arr,,,,,,
oname:hdslay1_t19_otype:arr_i:28_j:6,33.5515,0.0,hdslay1_t19,28,6,hdslay1,arr,,,,,,
oname:hdslay1_t19_otype:arr_i:28_j:7,33.56247,0.0,hdslay1_t19,28,7,hdslay1,arr,,,,,,
oname:hdslay1_t19_otype:arr_i:28_j:8,33.57513,0.0,hdslay1_t19,28,8,hdslay1,arr,,,,,,
oname:hdslay1_t19_otype:arr_i:28_j:9,33.58633,0.0,hdslay1_t19,28,9,hdslay1,arr,,,,,,
oname:hdslay1_t19_otype:arr_i:29_j:0,33.73448,0.0,hdslay1_t19,29,0,hdslay1,arr,,,,,,
oname:hdslay1_t19_otype:arr_i:29_j:1,33.72354,0.0,hdslay1_t19,29,1,hdslay1,arr,,,,,,
oname:hdslay1_t19_otype:arr_i:29_j:10,33.58405,0.0,hdslay1_t19,29,10,hdslay1,arr,,,,,,
oname:hdslay1_t19_otype:arr_i:29_j:11,33.59816,0.0,hdslay1_t19,29,11,hdslay1,arr,,,,,,
oname:hdslay1_t19_otype:arr_i:29_j:12,33.6111,0.0,hdslay1_t19,29,12,hdslay1,arr,,,,,,
oname:hdslay1_t19_otype:arr_i:29_j:13,33.62843,0.0,hdslay1_t19,29,13,hdslay1,arr,,,,,,
oname:hdslay1_t19_otype:arr_i:29_j:14,33.64819,0.0,hdslay1_t19,29,14,hdslay1,arr,,,,,,
oname:hdslay1_t19_otype:arr_i:29_j:15,33.66593,0.0,hdslay1_t19,29,15,hdslay1,arr,,,,,,
oname:hdslay1_t19_otype:arr_i:29_j:16,33.66815,0.0,hdslay1_t19,29,16,hdslay1,arr,,,,,,
oname:hdslay1_t19_otype:arr_i:29_j:17,33.67258,0.0,hdslay1_t19,29,17,hdslay1,arr,,,,,,
oname:hdslay1_t19_otype:arr_i:29_j:18,33.67886,0.0,hdslay1_t19,29,18,hdslay1,arr,,,,,,
oname:hdslay1_t19_otype:arr_i:29_j:19,33.68236,0.0,hdslay1_t19,29,19,hdslay1,arr,,,,,,
oname:hdslay1_t19_otype:arr_i:29_j:2,33.69846,0.0,hdslay1_t19,29,2,hdslay1,arr,,,,,,
oname:hdslay1_t19_otype:arr_i:29_j:3,33.66416,0.0,hdslay1_t19,29,3,hdslay1,arr,,,,,,
oname:hdslay1_t19_otype:arr_i:29_j:4,33.61996,0.0,hdslay1_t19,29,4,hdslay1,arr,,,,,,
oname:hdslay1_t19_otype:arr_i:29_j:5,33.55162,0.0,hdslay1_t19,29,5,hdslay1,arr,,,,,,
oname:hdslay1_t19_otype:arr_i:29_j:6,33.44694,0.0,hdslay1_t19,29,6,hdslay1,arr,,,,,,
oname:hdslay1_t19_otype:arr_i:29_j:7,33.52264,0.0,hdslay1_t19,29,7,hdslay1,arr,,,,,,
oname:hdslay1_t19_otype:arr_i:29_j:8,33.55354,0.0,hdslay1_t19,29,8,hdslay1,arr,,,,,,
oname:hdslay1_t19_otype:arr_i:29_j:9,33.56967,0.0,hdslay1_t19,29,9,hdslay1,arr,,,,,,
oname:hdslay1_t19_otype:arr_i:2_j:0,35.27187,0.0,hdslay1_t19,2,0,hdslay1,arr,,,,,,
oname:hdslay1_t19_otype:arr_i:2_j:1,35.26007,0.0,hdslay1_t19,2,1,hdslay1,arr,,,,,,
oname:hdslay1_t19_otype:arr_i:2_j:10,34.52897,0.0,hdslay1_t19,2,10,hdslay1,arr,,,,,,
oname:hdslay1_t19_otype:arr_i:2_j:11,34.47243,0.0,hdslay1_t19,2,11,hdslay1,arr,,,,,,
oname:hdslay1_t19_otype:arr_i:2_j:12,34.41803,0.0,hdslay1_t19,2,12,hdslay1,arr,,,,,,
oname:hdslay1_t19_otype:arr_i:2_j:13,34.36076,0.0,hdslay1_t19,2,13,hdslay1,arr,,,,,,
oname:hdslay1_t19_otype:arr_i:2_j:14,34.30589,0.0,hdslay1_t19,2,14,hdslay1,arr,,,,,,
oname:hdslay1_t19_otype:arr_i:2_j:15,34.259,0.0,hdslay1_t19,2,15,hdslay1,arr,,,,,,
oname:hdslay1_t19_otype:arr_i:2_j:16,34.24819,0.0,hdslay1_t19,2,16,hdslay1,arr,,,,,,
oname:hdslay1_t19_otype:arr_i:2_j:17,34.23835,0.0,hdslay1_t19,2,17,hdslay1,arr,,,,,,
oname:hdslay1_t19_otype:arr_i:2_j:18,34.23067,0.0,hdslay1_t19,2,18,hdslay1,arr,,,,,,
oname:hdslay1_t19_otype:arr_i:2_j:19,34.22796,0.0,hdslay1_t19,2,19,hdslay1,arr,,,,,,
oname:hdslay1_t19_otype:arr_i:2_j:2,35.24083,0.0,hdslay1_t19,2,2,hdslay1,arr,,,,,,
oname:hdslay1_t19_otype:arr_i:2_j:3,35.19684,0.0,hdslay1_t19,2,3,hdslay1,arr,,,,,,
oname:hdslay1_t19_otype:arr_i:2_j:4,35.12706,0.0,hdslay1_t19,2,4,hdslay1,arr,,,,,,
oname:hdslay1_t19_otype:arr_i:2_j:5,35.03525,0.0,hdslay1_t19,2,5,hdslay1,arr,,,,,,
oname:hdslay1_t19_otype:arr_i:2_j:6,34.92081,0.0,hdslay1_t19,2,6,hdslay1,arr,,,,,,
oname:hdslay1_t19_otype:arr_i:2_j:7,34.78415,0.0,hdslay1_t19,2,7,hdslay1,arr,,,,,,
oname:hdslay1_t19_otype:arr_i:2_j:8,34.67333,0.0,hdslay1_t19,2,8,hdslay1,arr,,,,,,
oname:hdslay1_t19_otype:arr_i:2_j:9,34.59261,0.0,hdslay1_t19,2,9,hdslay1,arr,,,,,,
oname:hdslay1_t19_otype:arr_i:30_j:0,33.71706,0.0,hdslay1_t19,30,0,hdslay1,arr,,,,,,
oname:hdslay1_t19_otype:arr_i:30_j:1,33.70454,0.0,hdslay1_t19,30,1,hdslay1,arr,,,,,,
oname:hdslay1_t19_otype:arr_i:30_j:10,33.56892,0.0,hdslay1_t19,30,10,hdslay1,arr,,,,,,
oname:hdslay1_t19_otype:arr_i:30_j:11,33.57908,0.0,hdslay1_t19,30,11,hdslay1,arr,,,,,,
oname:hdslay1_t19_otype:arr_i:30_j:12,33.59104,0.0,hdslay1_t19,30,12,hdslay1,arr,,,,,,
oname:hdslay1_t19_otype:arr_i:30_j:13,33.60672,0.0,hdslay1_t19,30,13,hdslay1,arr,,,,,,
oname:hdslay1_t19_otype:arr_i:30_j:14,33.62451,0.0,hdslay1_t19,30,14,hdslay1,arr,,,,,,
oname:hdslay1_t19_otype:arr_i:30_j:15,33.64017,0.0,hdslay1_t19,30,15,hdslay1,arr,,,,,,
oname:hdslay1_t19_otype:arr_i:30_j:16,33.64625,0.0,hdslay1_t19,30,16,hdslay1,arr,,,,,,
oname:hdslay1_t19_otype:arr_i:30_j:17,33.65138,0.0,hdslay1_t19,30,17,hdslay1,arr,,,,,,
oname:hdslay1_t19_otype:arr_i:30_j:18,33.65712,0.0,hdslay1_t19,30,18,hdslay1,arr,,,,,,
oname:hdslay1_t19_otype:arr_i:30_j:19,33.65876,0.0,hdslay1_t19,30,19,hdslay1,arr,,,,,,
oname:hdslay1_t19_otype:arr_i:30_j:2,33.68304,0.0,hdslay1_t19,30,2,hdslay1,arr,,,,,,
oname:hdslay1_t19_otype:arr_i:30_j:3,33.655,0.0,hdslay1_t19,30,3,hdslay1,arr,,,,,,
oname:hdslay1_t19_otype:arr_i:30_j:4,33.61398,0.0,hdslay1_t19,30,4,hdslay1,arr,,,,,,
oname:hdslay1_t19_otype:arr_i:30_j:5,33.56373,0.0,hdslay1_t19,30,5,hdslay1,arr,,,,,,
oname:hdslay1_t19_otype:arr_i:30_j:6,33.51998,0.0,hdslay1_t19,30,6,hdslay1,arr,,,,,,
oname:hdslay1_t19_otype:arr_i:30_j:7,33.53361,0.0,hdslay1_t19,30,7,hdslay1,arr,,,,,,
oname:hdslay1_t19_otype:arr_i:30_j:8,33.54676,0.0,hdslay1_t19,30,8,hdslay1,arr,,,,,,
oname:hdslay1_t19_otype:arr_i:30_j:9,33.55742,0.0,hdslay1_t19,30,9,hdslay1,arr,,,,,,
oname:hdslay1_t19_otype:arr_i:31_j:0,33.70505,0.0,hdslay1_t19,31,0,hdslay1,arr,,,,,,
oname:hdslay1_t19_otype:arr_i:31_j:1,33.68884,0.0,hdslay1_t19,31,1,hdslay1,arr,,,,,,
oname:hdslay1_t19_otype:arr_i:31_j:10,33.55237,0.0,hdslay1_t19,31,10,hdslay1,arr,,,,,,
oname:hdslay1_t19_otype:arr_i:31_j:11,33.55988,0.0,hdslay1_t19,31,11,hdslay1,arr,,,,,,
oname:hdslay1_t19_otype:arr_i:31_j:12,33.56767,0.0,hdslay1_t19,31,12,hdslay1,arr,,,,,,
oname:hdslay1_t19_otype:arr_i:31_j:13,33.58171,0.0,hdslay1_t19,31,13,hdslay1,arr,,,,,,
oname:hdslay1_t19_otype:arr_i:31_j:14,33.6021,0.0,hdslay1_t19,31,14,hdslay1,arr,,,,,,
oname:hdslay1_t19_otype:arr_i:31_j:15,33.61968,0.0,hdslay1_t19,31,15,hdslay1,arr,,,,,,
oname:hdslay1_t19_otype:arr_i:31_j:16,33.62727,0.0,hdslay1_t19,31,16,hdslay1,arr,,,,,,
oname:hdslay1_t19_otype:arr_i:31_j:17,33.633,0.0,hdslay1_t19,31,17,hdslay1,arr,,,,,,
oname:hdslay1_t19_otype:arr_i:31_j:18,33.63767,0.0,hdslay1_t19,31,18,hdslay1,arr,,,,,,
oname:hdslay1_t19_otype:arr_i:31_j:19,33.64002,0.0,hdslay1_t19,31,19,hdslay1,arr,,,,,,
oname:hdslay1_t19_otype:arr_i:31_j:2,33.67164,0.0,hdslay1_t19,31,2,hdslay1,arr,,,,,,
oname:hdslay1_t19_otype:arr_i:31_j:3,33.64597,0.0,hdslay1_t19,31,3,hdslay1,arr,,,,,,
oname:hdslay1_t19_otype:arr_i:31_j:4,33.60789,0.0,hdslay1_t19,31,4,hdslay1,arr,,,,,,
oname:hdslay1_t19_otype:arr_i:31_j:5,33.56945,0.0,hdslay1_t19,31,5,hdslay1,arr,,,,,,
oname:hdslay1_t19_otype:arr_i:31_j:6,33.54403,0.0,hdslay1_t19,31,6,hdslay1,arr,,,,,,
oname:hdslay1_t19_otype:arr_i:31_j:7,33.53847,0.0,hdslay1_t19,31,7,hdslay1,arr,,,,,,
oname:hdslay1_t19_otype:arr_i:31_j:8,33.54007,0.0,hdslay1_t19,31,8,hdslay1,arr,,,,,,
oname:hdslay1_t19_otype:arr_i:31_j:9,33.54395,0.0,hdslay1_t19,31,9,hdslay1,arr,,,,,,
oname:hdslay1_t19_otype:arr_i:32_j:0,1e+30,0.0,hdslay1_t19,32,0,hdslay1,arr,,,,,,
oname:hdslay1_t19_otype:arr_i:32_j:1,33.67698,0.0,hdslay1_t19,32,1,hdslay1,arr,,,,,,
oname:hdslay1_t19_otype:arr_i:32_j:10,33.52932,0.0,hdslay1_t19,32,10,hdslay1,arr,,,,,,
oname:hdslay1_t19_otype:arr_i:32_j:11,33.53404,0.0,hdslay1_t19,32,11,hdslay1,arr,,,,,,
oname:hdslay1_t19_otype:arr_i:32_j:12,33.54035,0.0,hdslay1_t19,32,12,hdslay1,arr,,,,,,
oname:hdslay1_t19_otype:arr_i:32_j:13,33.5572,0.0,hdslay1_t19,32,13,hdslay1,arr,,,,,,
oname:hdslay1_t19_otype:arr_i:32_j:14,33.58068,0.0,hdslay1_t19,32,14,hdslay1,arr,,,,,,
oname:hdslay1_t19_otype:arr_i:32_j:15,33.60431,0.0,hdslay1_t19,32,15,hdslay1,arr,,,,,,
oname:hdslay1_t19_otype:arr_i:32_j:16,33.61305,0.0,hdslay1_t19,32,16,hdslay1,arr,,,,,,
oname:hdslay1_t19_otype:arr_i:32_j:17,33.61864,0.0,hdslay1_t19,32,17,hdslay1,arr,,,,,,
oname:hdslay1_t19_otype:arr_i:32_j:18,33.62342,0.0,hdslay1_t19,32,18,hdslay1,arr,,,,,,
oname:hdslay1_t19_otype:arr_i:32_j:19,33.62613,0.0,hdslay1_t19,32,19,hdslay1,arr,,,,,,
oname:hdslay1_t19_otype:arr_i:32_j:2,33.6598,0.0,hdslay1_t19,32,2,hdslay1,arr,,,,,,
oname:hdslay1_t19_otype:arr_i:32_j:3,33.63188,0.0,hdslay1_t19,32,3,hdslay1,arr,,,,,,
oname:hdslay1_t19_otype:arr_i:32_j:4,33.5964,0.0,hdslay1_t19,32,4,hdslay1,arr,,,,,,
oname:hdslay1_t19_otype:arr_i:32_j:5,33.56617,0.0,hdslay1_t19,32,5,hdslay1,arr,,,,,,
oname:hdslay1_t19_otype:arr_i:32_j:6,33.54571,0.0,hdslay1_t19,32,6,hdslay1,arr,,,,,,
oname:hdslay1_t19_otype:arr_i:32_j:7,33.53457,0.0,hdslay1_t19,32,7,hdslay1,arr,,,,,,
oname:hdslay1_t19_otype:arr_i:32_j:8,33.5294,0.0,hdslay1_t19,32,8,hdslay1,arr,,,,,,
oname:hdslay1_t19_otype:arr_i:32_j:9,33.52766,0.0,hdslay1_t19,32,9,hdslay1,arr,,,,,,
oname:hdslay1_t19_otype:arr_i:33_j:0,1e+30,0.0,hdslay1_t19,33,0,hdslay1,arr,,,,,,
oname:hdslay1_t19_otype:arr_i:33_j:1,1e+30,0.0,hdslay1_t19,33,1,hdslay1,arr,,,,,,
oname:hdslay1_t19_otype:arr_i:33_j:10,33.50161,0.0,hdslay1_t19,33,10,hdslay1,arr,,,,,,
oname:hdslay1_t19_otype:arr_i:33_j:11,33.49105,0.0,hdslay1_t19,33,11,hdslay1,arr,,,,,,
oname:hdslay1_t19_otype:arr_i:33_j:12,33.48635,0.0,hdslay1_t19,33,12,hdslay1,arr,,,,,,
oname:hdslay1_t19_otype:arr_i:33_j:13,33.52683,0.0,hdslay1_t19,33,13,hdslay1,arr,,,,,,
oname:hdslay1_t19_otype:arr_i:33_j:14,33.5593,0.0,hdslay1_t19,33,14,hdslay1,arr,,,,,,
oname:hdslay1_t19_otype:arr_i:33_j:15,33.58819,0.0,hdslay1_t19,33,15,hdslay1,arr,,,,,,
oname:hdslay1_t19_otype:arr_i:33_j:16,33.59955,0.0,hdslay1_t19,33,16,hdslay1,arr,,,,,,
oname:hdslay1_t19_otype:arr_i:33_j:17,33.60759,0.0,hdslay1_t19,33,17,hdslay1,arr,,,,,,
oname:hdslay1_t19_otype:arr_i:33_j:18,33.61355,0.0,hdslay1_t19,33,18,hdslay1,arr,,,,,,
oname:hdslay1_t19_otype:arr_i:33_j:19,33.61738,0.0,hdslay1_t19,33,19,hdslay1,arr,,,,,,
oname:hdslay1_t19_otype:arr_i:33_j:2,33.64404,0.0,hdslay1_t19,33,2,hdslay1,arr,,,,,,
oname:hdslay1_t19_otype:arr_i:33_j:3,33.6152,0.0,hdslay1_t19,33,3,hdslay1,arr,,,,,,
oname:hdslay1_t19_otype:arr_i:33_j:4,33.57808,0.0,hdslay1_t19,33,4,hdslay1,arr,,,,,,
oname:hdslay1_t19_otype:arr_i:33_j:5,33.55311,0.0,hdslay1_t19,33,5,hdslay1,arr,,,,,,
oname:hdslay1_t19_otype:arr_i:33_j:6,33.53525,0.0,hdslay1_t19,33,6,hdslay1,arr,,,,,,
oname:hdslay1_t19_otype:arr_i:33_j:7,33.52214,0.0,hdslay1_t19,33,7,hdslay1,arr,,,,,,
oname:hdslay1_t19_otype:arr_i:33_j:8,33.51298,0.0,hdslay1_t19,33,8,hdslay1,arr,,,,,,
oname:hdslay1_t19_otype:arr_i:33_j:9,33.50702,0.0,hdslay1_t19,33,9,hdslay1,arr,,,,,,
oname:hdslay1_t19_otype:arr_i:34_j:0,1e+30,0.0,hdslay1_t19,34,0,hdslay1,arr,,,,,,
oname:hdslay1_t19_otype:arr_i:34_j:1,1e+30,0.0,hdslay1_t19,34,1,hdslay1,arr,,,,,,
oname:hdslay1_t19_otype:arr_i:34_j:10,33.47004,0.0,hdslay1_t19,34,10,hdslay1,arr,,,,,,
oname:hdslay1_t19_otype:arr_i:34_j:11,33.43422,0.0,hdslay1_t19,34,11,hdslay1,arr,,,,,,
oname:hdslay1_t19_otype:arr_i:34_j:12,33.34154,0.0,hdslay1_t19,34,12,hdslay1,arr,,,,,,
oname:hdslay1_t19_otype:arr_i:34_j:13,33.48492,0.0,hdslay1_t19,34,13,hdslay1,arr,,,,,,
oname:hdslay1_t19_otype:arr_i:34_j:14,33.53901,0.0,hdslay1_t19,34,14,hdslay1,arr,,,,,,
oname:hdslay1_t19_otype:arr_i:34_j:15,33.5709,0.0,hdslay1_t19,34,15,hdslay1,arr,,,,,,
oname:hdslay1_t19_otype:arr_i:34_j:16,33.58347,0.0,hdslay1_t19,34,16,hdslay1,arr,,,,,,
oname:hdslay1_t19_otype:arr_i:34_j:17,33.59456,0.0,hdslay1_t19,34,17,hdslay1,arr,,,,,,
oname:hdslay1_t19_otype:arr_i:34_j:18,33.60392,0.0,hdslay1_t19,34,18,hdslay1,arr,,,,,,
oname:hdslay1_t19_otype:arr_i:34_j:19,33.61205,0.0,hdslay1_t19,34,19,hdslay1,arr,,,,,,
oname:hdslay1_t19_otype:arr_i:34_j:2,1e+30,0.0,hdslay1_t19,34,2,hdslay1,arr,,,,,,
oname:hdslay1_t19_otype:arr_i:34_j:3,33.58667,0.0,hdslay1_t19,34,3,hdslay1,arr,,,,,,
oname:hdslay1_t19_otype:arr_i:34_j:4,33.55027,0.0,hdslay1_t19,34,4,hdslay1,arr,,,,,,
oname:hdslay1_t19_otype:arr_i:34_j:5,33.53197,0.0,hdslay1_t19,34,5,hdslay1,arr,,,,,,
oname:hdslay1_t19_otype:arr_i:34_j:6,33.51393,0.0,hdslay1_t19,34,6,hdslay1,arr,,,,,,
oname:hdslay1_t19_otype:arr_i:34_j:7,33.50145,0.0,hdslay1_t19,34,7,hdslay1,arr,,,,,,
oname:hdslay1_t19_otype:arr_i:34_j:8,33.49318,0.0,hdslay1_t19,34,8,hdslay1,arr,,,,,,
oname:hdslay1_t19_otype:arr_i:34_j:9,33.48494,0.0,hdslay1_t19,34,9,hdslay1,arr,,,,,,
oname:hdslay1_t19_otype:arr_i:35_j:0,1e+30,0.0,hdslay1_t19,35,0,hdslay1,arr,,,,,,
oname:hdslay1_t19_otype:arr_i:35_j:1,1e+30,0.0,hdslay1_t19,35,1,hdslay1,arr,,,,,,
oname:hdslay1_t19_otype:arr_i:35_j:10,33.44706,0.0,hdslay1_t19,35,10,hdslay1,arr,,,,,,
oname:hdslay1_t19_otype:arr_i:35_j:11,33.43531,0.0,hdslay1_t19,35,11,hdslay1,arr,,,,,,
oname:hdslay1_t19_otype:arr_i:35_j:12,33.42996,0.0,hdslay1_t19,35,12,hdslay1,arr,,,,,,
oname:hdslay1_t19_otype:arr_i:35_j:13,33.48695,0.0,hdslay1_t19,35,13,hdslay1,arr,,,,,,
oname:hdslay1_t19_otype:arr_i:35_j:14,33.53086,0.0,hdslay1_t19,35,14,hdslay1,arr,,,,,,
oname:hdslay1_t19_otype:arr_i:35_j:15,33.55759,0.0,hdslay1_t19,35,15,hdslay1,arr,,,,,,
oname:hdslay1_t19_otype:arr_i:35_j:16,33.56797,0.0,hdslay1_t19,35,16,hdslay1,arr,,,,,,
oname:hdslay1_t19_otype:arr_i:35_j:17,33.57861,0.0,hdslay1_t19,35,17,hdslay1,arr,,,,,,
oname:hdslay1_t19_otype:arr_i:35_j:18,33.58766,0.0,hdslay1_t19,35,18,hdslay1,arr,,,,,,
oname:hdslay1_t19_otype:arr_i:35_j:19,1e+30,0.0,hdslay1_t19,35,19,hdslay1,arr,,,,,,
oname:hdslay1_t19_otype:arr_i:35_j:2,1e+30,0.0,hdslay1_t19,35,2,hdslay1,arr,,,,,,
oname:hdslay1_t19_otype:arr_i:35_j:3,1e+30,0.0,hdslay1_t19,35,3,hdslay1,arr,,,,,,
oname:hdslay1_t19_otype:arr_i:35_j:4,33.51894,0.0,hdslay1_t19,35,4,hdslay1,arr,,,,,,
oname:hdslay1_t19_otype:arr_i:35_j:5,33.50362,0.0,hdslay1_t19,35,5,hdslay1,arr,,,,,,
oname:hdslay1_t19_otype:arr_i:35_j:6,33.48598,0.0,hdslay1_t19,35,6,hdslay1,arr,,,,,,
oname:hdslay1_t19_otype:arr_i:35_j:7,33.47388,0.0,hdslay1_t19,35,7,hdslay1,arr,,,,,,
oname:hdslay1_t19_otype:arr_i:35_j:8,33.46745,0.0,hdslay1_t19,35,8,hdslay1,arr,,,,,,
oname:hdslay1_t19_otype:arr_i:35_j:9,33.45987,0.0,hdslay1_t19,35,9,hdslay1,arr,,,,,,
oname:hdslay1_t19_otype:arr_i:36_j:0,1e+30,0.0,hdslay1_t19,36,0,hdslay1,arr,,,,,,
oname:hdslay1_t19_otype:arr_i:36_j:1,1e+30,0.0,hdslay1_t19,36,1,hdslay1,arr,,,,,,
oname:hdslay1_t19_otype:arr_i:36_j:10,33.42691,0.0,hdslay1_t19,36,10,hdslay1,arr,,,,,,
oname:hdslay1_t19_otype:arr_i:36_j:11,33.43054,0.0,hdslay1_t19,36,11,hdslay1,arr,,,,,,
oname:hdslay1_t19_otype:arr_i:36_j:12,33.44528,0.0,hdslay1_t19,36,12,hdslay1,arr,,,,,,
oname:hdslay1_t19_otype:arr_i:36_j:13,33.48422,0.0,hdslay1_t19,36,13,hdslay1,arr,,,,,,
oname:hdslay1_t19_otype:arr_i:36_j:14,33.52035,0.0,hdslay1_t19,36,14,hdslay1,arr,,,,,,
oname:hdslay1_t19_otype:arr_i:36_j:15,33.5458,0.0,hdslay1_t19,36,15,hdslay1,arr,,,,,,
oname:hdslay1_t19_otype:arr_i:36_j:16,33.55488,0.0,hdslay1_t19,36,16,hdslay1,arr,,,,,,
oname:hdslay1_t19_otype:arr_i:36_j:17,33.56571,0.0,hdslay1_t19,36,17,hdslay1,arr,,,,,,
oname:hdslay1_t19_otype:arr_i:36_j:18,33.57727,0.0,hdslay1_t19,36,18,hdslay1,arr,,,,,,
oname:hdslay1_t19_otype:arr_i:36_j:19,1e+30,0.0,hdslay1_t19,36,19,hdslay1,arr,,,,,,
oname:hdslay1_t19_otype:arr_i:36_j:2,1e+30,0.0,hdslay1_t19,36,2,hdslay1,arr,,,,,,
oname:hdslay1_t19_otype:arr_i:36_j:3,1e+30,0.0,hdslay1_t19,36,3,hdslay1,arr,,,,,,
oname:hdslay1_t19_otype:arr_i:36_j:4,33.49923,0.0,hdslay1_t19,36,4,hdslay1,arr,,,,,,
oname:hdslay1_t19_otype:arr_i:36_j:5,33.47121,0.0,hdslay1_t19,36,5,hdslay1,arr,,,,,,
oname:hdslay1_t19_otype:arr_i:36_j:6,33.45344,0.0,hdslay1_t19,36,6,hdslay1,arr,,,,,,
oname:hdslay1_t19_otype:arr_i:36_j:7,33.443,0.0,hdslay1_t19,36,7,hdslay1,arr,,,,,,
oname:hdslay1_t19_otype:arr_i:36_j:8,33.43651,0.0,hdslay1_t19,36,8,hdslay1,arr,,,,,,
oname:hdslay1_t19_otype:arr_i:36_j:9,33.43266,0.0,hdslay1_t19,36,9,hdslay1,arr,,,,,,
oname:hdslay1_t19_otype:arr_i:37_j:0,1e+30,0.0,hdslay1_t19,37,0,hdslay1,arr,,,,,,
oname:hdslay1_t19_otype:arr_i:37_j:1,1e+30,0.0,hdslay1_t19,37,1,hdslay1,arr,,,,,,
oname:hdslay1_t19_otype:arr_i:37_j:10,33.40236,0.0,hdslay1_t19,37,10,hdslay1,arr,,,,,,
oname:hdslay1_t19_otype:arr_i:37_j:11,33.41026,0.0,hdslay1_t19,37,11,hdslay1,arr,,,,,,
oname:hdslay1_t19_otype:arr_i:37_j:12,33.43352,0.0,hdslay1_t19,37,12,hdslay1,arr,,,,,,
oname:hdslay1_t19_otype:arr_i:37_j:13,33.46952,0.0,hdslay1_t19,37,13,hdslay1,arr,,,,,,
oname:hdslay1_t19_otype:arr_i:37_j:14,33.50533,0.0,hdslay1_t19,37,14,hdslay1,arr,,,,,,
oname:hdslay1_t19_otype:arr_i:37_j:15,33.53385,0.0,hdslay1_t19,37,15,hdslay1,arr,,,,,,
oname:hdslay1_t19_otype:arr_i:37_j:16,33.54423,0.0,hdslay1_t19,37,16,hdslay1,arr,,,,,,
oname:hdslay1_t19_otype:arr_i:37_j:17,33.55408,0.0,hdslay1_t19,37,17,hdslay1,arr,,,,,,
oname:hdslay1_t19_otype:arr_i:37_j:18,1e+30,0.0,hdslay1_t19,37,18,hdslay1,arr,,,,,,
oname:hdslay1_t19_otype:arr_i:37_j:19,1e+30,0.0,hdslay1_t19,37,19,hdslay1,arr,,,,,,
oname:hdslay1_t19_otype:arr_i:37_j:2,1e+30,0.0,hdslay1_t19,37,2,hdslay1,arr,,,,,,
oname:hdslay1_t19_otype:arr_i:37_j:3,1e+30,0.0,hdslay1_t19,37,3,hdslay1,arr,,,,,,
oname:hdslay1_t19_otype:arr_i:37_j:4,1e+30,0.0,hdslay1_t19,37,4,hdslay1,arr,,,,,,
oname:hdslay1_t19_otype:arr_i:37_j:5,33.4195,0.0,hdslay1_t19,37,5,hdslay1,arr,,,,,,
oname:hdslay1_t19_otype:arr_i:37_j:6,33.41658,0.0,hdslay1_t19,37,6,hdslay1,arr,,,,,,
oname:hdslay1_t19_otype:arr_i:37_j:7,33.41162,0.0,hdslay1_t19,37,7,hdslay1,arr,,,,,,
oname:hdslay1_t19_otype:arr_i:37_j:8,33.40542,0.0,hdslay1_t19,37,8,hdslay1,arr,,,,,,
oname:hdslay1_t19_otype:arr_i:37_j:9,33.40338,0.0,hdslay1_t19,37,9,hdslay1,arr,,,,,,
oname:hdslay1_t19_otype:arr_i:38_j:0,1e+30,0.0,hdslay1_t19,38,0,hdslay1,arr,,,,,,
oname:hdslay1_t19_otype:arr_i:38_j:1,1e+30,0.0,hdslay1_t19,38,1,hdslay1,arr,,,,,,
oname:hdslay1_t19_otype:arr_i:38_j:10,33.35878,0.0,hdslay1_t19,38,10,hdslay1,arr,,,,,,
oname:hdslay1_t19_otype:arr_i:38_j:11,33.36496,0.0,hdslay1_t19,38,11,hdslay1,arr,,,,,,
oname:hdslay1_t19_otype:arr_i:38_j:12,33.39421,0.0,hdslay1_t19,38,12,hdslay1,arr,,,,,,
oname:hdslay1_t19_otype:arr_i:38_j:13,33.43653,0.0,hdslay1_t19,38,13,hdslay1,arr,,,,,,
oname:hdslay1_t19_otype:arr_i:38_j:14,33.48256,0.0,hdslay1_t19,38,14,hdslay1,arr,,,,,,
oname:hdslay1_t19_otype:arr_i:38_j:15,33.52714,0.0,hdslay1_t19,38,15,hdslay1,arr,,,,,,
oname:hdslay1_t19_otype:arr_i:38_j:16,33.53756,0.0,hdslay1_t19,38,16,hdslay1,arr,,,,,,
oname:hdslay1_t19_otype:arr_i:38_j:17,1e+30,0.0,hdslay1_t19,38,17,hdslay1,arr,,,,,,
oname:hdslay1_t19_otype:arr_i:38_j:18,1e+30,0.0,hdslay1_t19,38,18,hdslay1,arr,,,,,,
oname:hdslay1_t19_otype:arr_i:38_j:19,1e+30,0.0,hdslay1_t19,38,19,hdslay1,arr,,,,,,
oname:hdslay1_t19_otype:arr_i:38_j:2,1e+30,0.0,hdslay1_t19,38,2,hdslay1,arr,,,,,,
oname:hdslay1_t19_otype:arr_i:38_j:3,1e+30,0.0,hdslay1_t19,38,3,hdslay1,arr,,,,,,
oname:hdslay1_t19_otype:arr_i:38_j:4,1e+30,0.0,hdslay1_t19,38,4,hdslay1,arr,,,,,,
oname:hdslay1_t19_otype:arr_i:38_j:5,33.37262,0.0,hdslay1_t19,38,5,hdslay1,arr,,,,,,
oname:hdslay1_t19_otype:arr_i:38_j:6,33.37343,0.0,hdslay1_t19,38,6,hdslay1,arr,,,,,,
oname:hdslay1_t19_otype:arr_i:38_j:7,33.36701,0.0,hdslay1_t19,38,7,hdslay1,arr,,,,,,
oname:hdslay1_t19_otype:arr_i:38_j:8,33.36464,0.0,hdslay1_t19,38,8,hdslay1,arr,,,,,,
oname:hdslay1_t19_otype:arr_i:38_j:9,33.36179,0.0,hdslay1_t19,38,9,hdslay1,arr,,,,,,
oname:hdslay1_t19_otype:arr_i:39_j:0,1e+30,0.0,hdslay1_t19,39,0,hdslay1,arr,,,,,,
oname:hdslay1_t19_otype:arr_i:39_j:1,1e+30,0.0,hdslay1_t19,39,1,hdslay1,arr,,,,,,
oname:hdslay1_t19_otype:arr_i:39_j:10,33.27958,0.0,hdslay1_t19,39,10,hdslay1,arr,,,,,,
oname:hdslay1_t19_otype:arr_i:39_j:11,33.29803,0.0,hdslay1_t19,39,11,hdslay1,arr,,,,,,
oname:hdslay1_t19_otype:arr_i:39_j:12,33.32987,0.0,hdslay1_t19,39,12,hdslay1,arr,,,,,,
oname:hdslay1_t19_otype:arr_i:39_j:13,33.37797,0.0,hdslay1_t19,39,13,hdslay1,arr,,,,,,
oname:hdslay1_t19_otype:arr_i:39_j:14,33.43407,0.0,hdslay1_t19,39,14,hdslay1,arr,,,,,,
oname:hdslay1_t19_otype:arr_i:39_j:15,33.50796,0.0,hdslay1_t19,39,15,hdslay1,arr,,,,,,
oname:hdslay1_t19_otype:arr_i:39_j:16,1e+30,0.0,hdslay1_t19,39,16,hdslay1,arr,,,,,,
oname:hdslay1_t19_otype:arr_i:39_j:17,1e+30,0.0,hdslay1_t19,39,17,hdslay1,arr,,,,,,
oname:hdslay1_t19_otype:arr_i:39_j:18,1e+30,0.0,hdslay1_t19,39,18,hdslay1,arr,,,,,,
oname:hdslay1_t19_otype:arr_i:39_j:19,1e+30,0.0,hdslay1_t19,39,19,hdslay1,arr,,,,,,
oname:hdslay1_t19_otype:arr_i:39_j:2,1e+30,0.0,hdslay1_t19,39,2,hdslay1,arr,,,,,,
oname:hdslay1_t19_otype:arr_i:39_j:3,1e+30,0.0,hdslay1_t19,39,3,hdslay1,arr,,,,,,
oname:hdslay1_t19_otype:arr_i:39_j:4,1e+30,0.0,hdslay1_t19,39,4,hdslay1,arr,,,,,,
oname:hdslay1_t19_otype:arr_i:39_j:5,33.31419,0.0,hdslay1_t19,39,5,hdslay1,arr,,,,,,
oname:hdslay1_t19_otype:arr_i:39_j:6,33.30973,0.0,hdslay1_t19,39,6,hdslay1,arr,,,,,,
oname:hdslay1_t19_otype:arr_i:39_j:7,33.3085,0.0,hdslay1_t19,39,7,hdslay1,arr,,,,,,
oname:hdslay1_t19_otype:arr_i:39_j:8,33.30346,0.0,hdslay1_t19,39,8,hdslay1,arr,,,,,,
oname:hdslay1_t19_otype:arr_i:39_j:9,33.2937,0.0,hdslay1_t19,39,9,hdslay1,arr,,,,,,
oname:hdslay1_t19_otype:arr_i:3_j:0,35.25301,0.0,hdslay1_t19,3,0,hdslay1,arr,,,,,,
oname:hdslay1_t19_otype:arr_i:3_j:1,35.24492,0.0,hdslay1_t19,3,1,hdslay1,arr,,,,,,
oname:hdslay1_t19_otype:arr_i:3_j:10,34.52755,0.0,hdslay1_t19,3,10,hdslay1,arr,,,,,,
oname:hdslay1_t19_otype:arr_i:3_j:11,34.46867,0.0,hdslay1_t19,3,11,hdslay1,arr,,,,,,
oname:hdslay1_t19_otype:arr_i:3_j:12,34.40968,0.0,hdslay1_t19,3,12,hdslay1,arr,,,,,,
oname:hdslay1_t19_otype:arr_i:3_j:13,34.34451,0.0,hdslay1_t19,3,13,hdslay1,arr,,,,,,
oname:hdslay1_t19_otype:arr_i:3_j:14,34.28951,0.0,hdslay1_t19,3,14,hdslay1,arr,,,,,,
oname:hdslay1_t19_otype:arr_i:3_j:15,34.24147,0.0,hdslay1_t19,3,15,hdslay1,arr,,,,,,
oname:hdslay1_t19_otype:arr_i:3_j:16,34.22863,0.0,hdslay1_t19,3,16,hdslay1,arr,,,,,,
oname:hdslay1_t19_otype:arr_i:3_j:17,34.21707,0.0,hdslay1_t19,3,17,hdslay1,arr,,,,,,
oname:hdslay1_t19_otype:arr_i:3_j:18,34.20933,0.0,hdslay1_t19,3,18,hdslay1,arr,,,,,,
oname:hdslay1_t19_otype:arr_i:3_j:19,34.20609,0.0,hdslay1_t19,3,19,hdslay1,arr,,,,,,
oname:hdslay1_t19_otype:arr_i:3_j:2,35.23202,0.0,hdslay1_t19,3,2,hdslay1,arr,,,,,,
oname:hdslay1_t19_otype:arr_i:3_j:3,35.19625,0.0,hdslay1_t19,3,3,hdslay1,arr,,,,,,
oname:hdslay1_t19_otype:arr_i:3_j:4,35.13441,0.0,hdslay1_t19,3,4,hdslay1,arr,,,,,,
oname:hdslay1_t19_otype:arr_i:3_j:5,35.04611,0.0,hdslay1_t19,3,5,hdslay1,arr,,,,,,
oname:hdslay1_t19_otype:arr_i:3_j:6,34.92749,0.0,hdslay1_t19,3,6,hdslay1,arr,,,,,,
oname:hdslay1_t19_otype:arr_i:3_j:7,34.80068,0.0,hdslay1_t19,3,7,hdslay1,arr,,,,,,
oname:hdslay1_t19_otype:arr_i:3_j:8,34.68834,0.0,hdslay1_t19,3,8,hdslay1,arr,,,,,,
oname:hdslay1_t19_otype:arr_i:3_j:9,34.59969,0.0,hdslay1_t19,3,9,hdslay1,arr,,,,,,
oname:hdslay1_t19_otype:arr_i:4_j:0,35.22305,0.0,hdslay1_t19,4,0,hdslay1,arr,,,,,,
oname:hdslay1_t19_otype:arr_i:4_j:1,35.21906,0.0,hdslay1_t19,4,1,hdslay1,arr,,,,,,
oname:hdslay1_t19_otype:arr_i:4_j:10,34.52648,0.0,hdslay1_t19,4,10,hdslay1,arr,,,,,,
oname:hdslay1_t19_otype:arr_i:4_j:11,34.46272,0.0,hdslay1_t19,4,11,hdslay1,arr,,,,,,
oname:hdslay1_t19_otype:arr_i:4_j:12,34.38952,0.0,hdslay1_t19,4,12,hdslay1,arr,,,,,,
oname:hdslay1_t19_otype:arr_i:4_j:13,34.32048,0.0,hdslay1_t19,4,13,hdslay1,arr,,,,,,
oname:hdslay1_t19_otype:arr_i:4_j:14,34.26534,0.0,hdslay1_t19,4,14,hdslay1,arr,,,,,,
oname:hdslay1_t19_otype:arr_i:4_j:15,34.2194,0.0,hdslay1_t19,4,15,hdslay1,arr,,,,,,
oname:hdslay1_t19_otype:arr_i:4_j:16,34.2026,0.0,hdslay1_t19,4,16,hdslay1,arr,,,,,,
oname:hdslay1_t19_otype:arr_i:4_j:17,34.19167,0.0,hdslay1_t19,4,17,hdslay1,arr,,,,,,
oname:hdslay1_t19_otype:arr_i:4_j:18,34.18747,0.0,hdslay1_t19,4,18,hdslay1,arr,,,,,,
oname:hdslay1_t19_otype:arr_i:4_j:19,34.18673,0.0,hdslay1_t19,4,19,hdslay1,arr,,,,,,
oname:hdslay1_t19_otype:arr_i:4_j:2,35.21021,0.0,hdslay1_t19,4,2,hdslay1,arr,,,,,,
oname:hdslay1_t19_otype:arr_i:4_j:3,35.1825,0.0,hdslay1_t19,4,3,hdslay1,arr,,,,,,
oname:hdslay1_t19_otype:arr_i:4_j:4,35.13343,0.0,hdslay1_t19,4,4,hdslay1,arr,,,,,,
oname:hdslay1_t19_otype:arr_i:4_j:5,35.05805,0.0,hdslay1_t19,4,5,hdslay1,arr,,,,,,
oname:hdslay1_t19_otype:arr_i:4_j:6,34.95742,0.0,hdslay1_t19,4,6,hdslay1,arr,,,,,,
oname:hdslay1_t19_otype:arr_i:4_j:7,34.82765,0.0,hdslay1_t19,4,7,hdslay1,arr,,,,,,
oname:hdslay1_t19_otype:arr_i:4_j:8,34.70329,0.0,hdslay1_t19,4,8,hdslay1,arr,,,,,,
oname:hdslay1_t19_otype:arr_i:4_j:9,34.60539,0.0,hdslay1_t19,4,9,hdslay1,arr,,,,,,
oname:hdslay1_t19_otype:arr_i:5_j:0,35.19567,0.0,hdslay1_t19,5,0,hdslay1,arr,,,,,,
oname:hdslay1_t19_otype:arr_i:5_j:1,35.19406,0.0,hdslay1_t19,5,1,hdslay1,arr,,,,,,
oname:hdslay1_t19_otype:arr_i:5_j:10,34.51634,0.0,hdslay1_t19,5,10,hdslay1,arr,,,,,,
oname:hdslay1_t19_otype:arr_i:5_j:11,34.44367,0.0,hdslay1_t19,5,11,hdslay1,arr,,,,,,
oname:hdslay1_t19_otype:arr_i:5_j:12,34.36458,0.0,hdslay1_t19,5,12,hdslay1,arr,,,,,,
oname:hdslay1_t19_otype:arr_i:5_j:13,34.29111,0.0,hdslay1_t19,5,13,hdslay1,arr,,,,,,
oname:hdslay1_t19_otype:arr_i:5_j:14,34.23088,0.0,hdslay1_t19,5,14,hdslay1,arr,,,,,,
oname:hdslay1_t19_otype:arr_i:5_j:15,34.18616,0.0,hdslay1_t19,5,15,hdslay1,arr,,,,,,
oname:hdslay1_t19_otype:arr_i:5_j:16,34.17344,0.0,hdslay1_t19,5,16,hdslay1,arr,,,,,,
oname:hdslay1_t19_otype:arr_i:5_j:17,34.16389,0.0,hdslay1_t19,5,17,hdslay1,arr,,,,,,
oname:hdslay1_t19_otype:arr_i:5_j:18,34.16277,0.0,hdslay1_t19,5,18,hdslay1,arr,,,,,,
oname:hdslay1_t19_otype:arr_i:5_j:19,34.16482,0.0,hdslay1_t19,5,19,hdslay1,arr,,,,,,
oname:hdslay1_t19_otype:arr_i:5_j:2,35.18551,0.0,hdslay1_t19,5,2,hdslay1,arr,,,,,,
oname:hdslay1_t19_otype:arr_i:5_j:3,35.16325,0.0,hdslay1_t19,5,3,hdslay1,arr,,,,,,
oname:hdslay1_t19_otype:arr_i:5_j:4,35.12556,0.0,hdslay1_t19,5,4,hdslay1,arr,,,,,,
oname:hdslay1_t19_otype:arr_i:5_j:5,35.05849,0.0,hdslay1_t19,5,5,hdslay1,arr,,,,,,
oname:hdslay1_t19_otype:arr_i:5_j:6,34.96144,0.0,hdslay1_t19,5,6,hdslay1,arr,,,,,,
oname:hdslay1_t19_otype:arr_i:5_j:7,34.84903,0.0,hdslay1_t19,5,7,hdslay1,arr,,,,,,
oname:hdslay1_t19_otype:arr_i:5_j:8,34.72738,0.0,hdslay1_t19,5,8,hdslay1,arr,,,,,,
oname:hdslay1_t19_otype:arr_i:5_j:9,34.60525,0.0,hdslay1_t19,5,9,hdslay1,arr,,,,,,
oname:hdslay1_t19_otype:arr_i:6_j:0,35.1774,0.0,hdslay1_t19,6,0,hdslay1,arr,,,,,,
oname:hdslay1_t19_otype:arr_i:6_j:1,35.17556,0.0,hdslay1_t19,6,1,hdslay1,arr,,,,,,
oname:hdslay1_t19_otype:arr_i:6_j:10,34.48696,0.0,hdslay1_t19,6,10,hdslay1,arr,,,,,,
oname:hdslay1_t19_otype:arr_i:6_j:11,34.40755,0.0,hdslay1_t19,6,11,hdslay1,arr,,,,,,
oname:hdslay1_t19_otype:arr_i:6_j:12,34.3188,0.0,hdslay1_t19,6,12,hdslay1,arr,,,,,,
oname:hdslay1_t19_otype:arr_i:6_j:13,34.23869,0.0,hdslay1_t19,6,13,hdslay1,arr,,,,,,
oname:hdslay1_t19_otype:arr_i:6_j:14,34.18361,0.0,hdslay1_t19,6,14,hdslay1,arr,,,,,,
oname:hdslay1_t19_otype:arr_i:6_j:15,34.14378,0.0,hdslay1_t19,6,15,hdslay1,arr,,,,,,
oname:hdslay1_t19_otype:arr_i:6_j:16,34.13813,0.0,hdslay1_t19,6,16,hdslay1,arr,,,,,,
oname:hdslay1_t19_otype:arr_i:6_j:17,34.13185,0.0,hdslay1_t19,6,17,hdslay1,arr,,,,,,
oname:hdslay1_t19_otype:arr_i:6_j:18,34.13077,0.0,hdslay1_t19,6,18,hdslay1,arr,,,,,,
oname:hdslay1_t19_otype:arr_i:6_j:19,34.1299,0.0,hdslay1_t19,6,19,hdslay1,arr,,,,,,
oname:hdslay1_t19_otype:arr_i:6_j:2,35.16893,0.0,hdslay1_t19,6,2,hdslay1,arr,,,,,,
oname:hdslay1_t19_otype:arr_i:6_j:3,35.15392,0.0,hdslay1_t19,6,3,hdslay1,arr,,,,,,
oname:hdslay1_t19_otype:arr_i:6_j:4,35.12242,0.0,hdslay1_t19,6,4,hdslay1,arr,,,,,,
oname:hdslay1_t19_otype:arr_i:6_j:5,35.0515,0.0,hdslay1_t19,6,5,hdslay1,arr,,,,,,
oname:hdslay1_t19_otype:arr_i:6_j:6,34.94787,0.0,hdslay1_t19,6,6,hdslay1,arr,,,,,,
oname:hdslay1_t19_otype:arr_i:6_j:7,34.83561,0.0,hdslay1_t19,6,7,hdslay1,arr,,,,,,
oname:hdslay1_t19_otype:arr_i:6_j:8,34.71367,0.0,hdslay1_t19,6,8,hdslay1,arr,,,,,,
oname:hdslay1_t19_otype:arr_i:6_j:9,34.58382,0.0,hdslay1_t19,6,9,hdslay1,arr,,,,,,
oname:hdslay1_t19_otype:arr_i:7_j:0,35.16295,0.0,hdslay1_t19,7,0,hdslay1,arr,,,,,,
oname:hdslay1_t19_otype:arr_i:7_j:1,35.16218,0.0,hdslay1_t19,7,1,hdslay1,arr,,,,,,
oname:hdslay1_t19_otype:arr_i:7_j:10,34.42555,0.0,hdslay1_t19,7,10,hdslay1,arr,,,,,,
oname:hdslay1_t19_otype:arr_i:7_j:11,34.34454,0.0,hdslay1_t19,7,11,hdslay1,arr,,,,,,
oname:hdslay1_t19_otype:arr_i:7_j:12,34.24675,0.0,hdslay1_t19,7,12,hdslay1,arr,,,,,,
oname:hdslay1_t19_otype:arr_i:7_j:13,34.16891,0.0,hdslay1_t19,7,13,hdslay1,arr,,,,,,
oname:hdslay1_t19_otype:arr_i:7_j:14,34.12237,0.0,hdslay1_t19,7,14,hdslay1,arr,,,,,,
oname:hdslay1_t19_otype:arr_i:7_j:15,34.09187,0.0,hdslay1_t19,7,15,hdslay1,arr,,,,,,
oname:hdslay1_t19_otype:arr_i:7_j:16,34.08432,0.0,hdslay1_t19,7,16,hdslay1,arr,,,,,,
oname:hdslay1_t19_otype:arr_i:7_j:17,34.09011,0.0,hdslay1_t19,7,17,hdslay1,arr,,,,,,
oname:hdslay1_t19_otype:arr_i:7_j:18,34.09016,0.0,hdslay1_t19,7,18,hdslay1,arr,,,,,,
oname:hdslay1_t19_otype:arr_i:7_j:19,34.08847,0.0,hdslay1_t19,7,19,hdslay1,arr,,,,,,
oname:hdslay1_t19_otype:arr_i:7_j:2,35.15834,0.0,hdslay1_t19,7,2,hdslay1,arr,,,,,,
oname:hdslay1_t19_otype:arr_i:7_j:3,35.14932,0.0,hdslay1_t19,7,3,hdslay1,arr,,,,,,
oname:hdslay1_t19_otype:arr_i:7_j:4,35.11675,0.0,hdslay1_t19,7,4,hdslay1,arr,,,,,,
oname:hdslay1_t19_otype:arr_i:7_j:5,35.04337,0.0,hdslay1_t19,7,5,hdslay1,arr,,,,,,
oname:hdslay1_t19_otype:arr_i:7_j:6,34.9459,0.0,hdslay1_t19,7,6,hdslay1,arr,,,,,,
oname:hdslay1_t19_otype:arr_i:7_j:7,34.80682,0.0,hdslay1_t19,7,7,hdslay1,arr,,,,,,
oname:hdslay1_t19_otype:arr_i:7_j:8,34.64776,0.0,hdslay1_t19,7,8,hdslay1,arr,,,,,,
oname:hdslay1_t19_otype:arr_i:7_j:9,34.5132,0.0,hdslay1_t19,7,9,hdslay1,arr,,,,,,
oname:hdslay1_t19_otype:arr_i:8_j:0,35.14867,0.0,hdslay1_t19,8,0,hdslay1,arr,,,,,,
oname:hdslay1_t19_otype:arr_i:8_j:1,35.14848,0.0,hdslay1_t19,8,1,hdslay1,arr,,,,,,
oname:hdslay1_t19_otype:arr_i:8_j:10,34.33009,0.0,hdslay1_t19,8,10,hdslay1,arr,,,,,,
oname:hdslay1_t19_otype:arr_i:8_j:11,34.24322,0.0,hdslay1_t19,8,11,hdslay1,arr,,,,,,
oname:hdslay1_t19_otype:arr_i:8_j:12,34.14776,0.0,hdslay1_t19,8,12,hdslay1,arr,,,,,,
oname:hdslay1_t19_otype:arr_i:8_j:13,34.08806,0.0,hdslay1_t19,8,13,hdslay1,arr,,,,,,
oname:hdslay1_t19_otype:arr_i:8_j:14,34.05293,0.0,hdslay1_t19,8,14,hdslay1,arr,,,,,,
oname:hdslay1_t19_otype:arr_i:8_j:15,34.03127,0.0,hdslay1_t19,8,15,hdslay1,arr,,,,,,
oname:hdslay1_t19_otype:arr_i:8_j:16,34.01973,0.0,hdslay1_t19,8,16,hdslay1,arr,,,,,,
oname:hdslay1_t19_otype:arr_i:8_j:17,34.0357,0.0,hdslay1_t19,8,17,hdslay1,arr,,,,,,
oname:hdslay1_t19_otype:arr_i:8_j:18,34.04827,0.0,hdslay1_t19,8,18,hdslay1,arr,,,,,,
oname:hdslay1_t19_otype:arr_i:8_j:19,34.05149,0.0,hdslay1_t19,8,19,hdslay1,arr,,,,,,
oname:hdslay1_t19_otype:arr_i:8_j:2,35.14896,0.0,hdslay1_t19,8,2,hdslay1,arr,,,,,,
oname:hdslay1_t19_otype:arr_i:8_j:3,35.14667,0.0,hdslay1_t19,8,3,hdslay1,arr,,,,,,
oname:hdslay1_t19_otype:arr_i:8_j:4,1e+30,0.0,hdslay1_t19,8,4,hdslay1,arr,,,,,,
oname:hdslay1_t19_otype:arr_i:8_j:5,1e+30,0.0,hdslay1_t19,8,5,hdslay1,arr,,,,,,
oname:hdslay1_t19_otype:arr_i:8_j:6,1e+30,0.0,hdslay1_t19,8,6,hdslay1,arr,,,,,,
oname:hdslay1_t19_otype:arr_i:8_j:7,34.68252,0.0,hdslay1_t19,8,7,hdslay1,arr,,,,,,
oname:hdslay1_t19_otype:arr_i:8_j:8,34.51532,0.0,hdslay1_t19,8,8,hdslay1,arr,,,,,,
oname:hdslay1_t19_otype:arr_i:8_j:9,34.41113,0.0,hdslay1_t19,8,9,hdslay1,arr,,,,,,
oname:hdslay1_t19_otype:arr_i:9_j:0,35.13002,0.0,hdslay1_t19,9,0,hdslay1,arr,,,,,,
oname:hdslay1_t19_otype:arr_i:9_j:1,35.12664,0.0,hdslay1_t19,9,1,hdslay1,arr,,,,,,
oname:hdslay1_t19_otype:arr_i:9_j:10,34.21931,0.0,hdslay1_t19,9,10,hdslay1,arr,,,,,,
oname:hdslay1_t19_otype:arr_i:9_j:11,34.13509,0.0,hdslay1_t19,9,11,hdslay1,arr,,,,,,
oname:hdslay1_t19_otype:arr_i:9_j:12,34.05775,0.0,hdslay1_t19,9,12,hdslay1,arr,,,,,,
oname:hdslay1_t19_otype:arr_i:9_j:13,34.0158,0.0,hdslay1_t19,9,13,hdslay1,arr,,,,,,
oname:hdslay1_t19_otype:arr_i:9_j:14,33.99653,0.0,hdslay1_t19,9,14,hdslay1,arr,,,,,,
oname:hdslay1_t19_otype:arr_i:9_j:15,33.98359,0.0,hdslay1_t19,9,15,hdslay1,arr,,,,,,
oname:hdslay1_t19_otype:arr_i:9_j:16,33.93703,0.0,hdslay1_t19,9,16,hdslay1,arr,,,,,,
oname:hdslay1_t19_otype:arr_i:9_j:17,33.99218,0.0,hdslay1_t19,9,17,hdslay1,arr,,,,,,
oname:hdslay1_t19_otype:arr_i:9_j:18,34.0148,0.0,hdslay1_t19,9,18,hdslay1,arr,,,,,,
oname:hdslay1_t19_otype:arr_i:9_j:19,34.02402,0.0,hdslay1_t19,9,19,hdslay1,arr,,,,,,
oname:hdslay1_t19_otype:arr_i:9_j:2,35.12746,0.0,hdslay1_t19,9,2,hdslay1,arr,,,,,,
oname:hdslay1_t19_otype:arr_i:9_j:3,35.12255,0.0,hdslay1_t19,9,3,hdslay1,arr,,,,,,
oname:hdslay1_t19_otype:arr_i:9_j:4,1e+30,0.0,hdslay1_t19,9,4,hdslay1,arr,,,,,,
oname:hdslay1_t19_otype:arr_i:9_j:5,1e+30,0.0,hdslay1_t19,9,5,hdslay1,arr,,,,,,
oname:hdslay1_t19_otype:arr_i:9_j:6,1e+30,0.0,hdslay1_t19,9,6,hdslay1,arr,,,,,,
oname:hdslay1_t19_otype:arr_i:9_j:7,1e+30,0.0,hdslay1_t19,9,7,hdslay1,arr,,,,,,
oname:hdslay1_t19_otype:arr_i:9_j:8,34.32675,0.0,hdslay1_t19,9,8,hdslay1,arr,,,,,,
oname:hdslay1_t19_otype:arr_i:9_j:9,34.27921,0.0,hdslay1_t19,9,9,hdslay1,arr,,,,,,
oname:hdslay1_t2_otype:arr_i:0_j:0,35.12128,0.0,hdslay1_t2,0,0,hdslay1,arr,,,,,,
oname:hdslay1_t2_otype:arr_i:0_j:1,35.109,0.0,hdslay1_t2,0,1,hdslay1,arr,,,,,,
oname:hdslay1_t2_otype:arr_i:0_j:10,34.46146,0.0,hdslay1_t2,0,10,hdslay1,arr,,,,,,
oname:hdslay1_t2_otype:arr_i:0_j:11,34.4102,0.0,hdslay1_t2,0,11,hdslay1,arr,,,,,,
oname:hdslay1_t2_otype:arr_i:0_j:12,34.36871,0.0,hdslay1_t2,0,12,hdslay1,arr,,,,,,
oname:hdslay1_t2_otype:arr_i:0_j:13,34.32741,0.0,hdslay1_t2,0,13,hdslay1,arr,,,,,,
oname:hdslay1_t2_otype:arr_i:0_j:14,34.28484,0.0,hdslay1_t2,0,14,hdslay1,arr,,,,,,
oname:hdslay1_t2_otype:arr_i:0_j:15,34.23407,0.0,hdslay1_t2,0,15,hdslay1,arr,,,,,,
oname:hdslay1_t2_otype:arr_i:0_j:16,34.23045,0.0,hdslay1_t2,0,16,hdslay1,arr,,,,,,
oname:hdslay1_t2_otype:arr_i:0_j:17,34.22714,0.0,hdslay1_t2,0,17,hdslay1,arr,,,,,,
oname:hdslay1_t2_otype:arr_i:0_j:18,34.22419,0.0,hdslay1_t2,0,18,hdslay1,arr,,,,,,
oname:hdslay1_t2_otype:arr_i:0_j:19,34.22259,0.0,hdslay1_t2,0,19,hdslay1,arr,,,,,,
oname:hdslay1_t2_otype:arr_i:0_j:2,35.0799,0.0,hdslay1_t2,0,2,hdslay1,arr,,,,,,
oname:hdslay1_t2_otype:arr_i:0_j:3,35.04277,0.0,hdslay1_t2,0,3,hdslay1,arr,,,,,,
oname:hdslay1_t2_otype:arr_i:0_j:4,34.97941,0.0,hdslay1_t2,0,4,hdslay1,arr,,,,,,
oname:hdslay1_t2_otype:arr_i:0_j:5,34.88296,0.0,hdslay1_t2,0,5,hdslay1,arr,,,,,,
oname:hdslay1_t2_otype:arr_i:0_j:6,34.76684,0.0,hdslay1_t2,0,6,hdslay1,arr,,,,,,
oname:hdslay1_t2_otype:arr_i:0_j:7,34.66659,0.0,hdslay1_t2,0,7,hdslay1,arr,,,,,,
oname:hdslay1_t2_otype:arr_i:0_j:8,34.5827,0.0,hdslay1_t2,0,8,hdslay1,arr,,,,,,
oname:hdslay1_t2_otype:arr_i:0_j:9,34.51589,0.0,hdslay1_t2,0,9,hdslay1,arr,,,,,,
oname:hdslay1_t2_otype:arr_i:10_j:0,35.03064,0.0,hdslay1_t2,10,0,hdslay1,arr,,,,,,
oname:hdslay1_t2_otype:arr_i:10_j:1,35.02784,0.0,hdslay1_t2,10,1,hdslay1,arr,,,,,,
oname:hdslay1_t2_otype:arr_i:10_j:10,34.16369,0.0,hdslay1_t2,10,10,hdslay1,arr,,,,,,
oname:hdslay1_t2_otype:arr_i:10_j:11,34.098,0.0,hdslay1_t2,10,11,hdslay1,arr,,,,,,
oname:hdslay1_t2_otype:arr_i:10_j:12,34.03631,0.0,hdslay1_t2,10,12,hdslay1,arr,,,,,,
oname:hdslay1_t2_otype:arr_i:10_j:13,33.9915,0.0,hdslay1_t2,10,13,hdslay1,arr,,,,,,
oname:hdslay1_t2_otype:arr_i:10_j:14,33.98931,0.0,hdslay1_t2,10,14,hdslay1,arr,,,,,,
oname:hdslay1_t2_otype:arr_i:10_j:15,33.98279,0.0,hdslay1_t2,10,15,hdslay1,arr,,,,,,
oname:hdslay1_t2_otype:arr_i:10_j:16,33.97433,0.0,hdslay1_t2,10,16,hdslay1,arr,,,,,,
oname:hdslay1_t2_otype:arr_i:10_j:17,33.99421,0.0,hdslay1_t2,10,17,hdslay1,arr,,,,,,
oname:hdslay1_t2_otype:arr_i:10_j:18,34.0109,0.0,hdslay1_t2,10,18,hdslay1,arr,,,,,,
oname:hdslay1_t2_otype:arr_i:10_j:19,34.01936,0.0,hdslay1_t2,10,19,hdslay1,arr,,,,,,
oname:hdslay1_t2_otype:arr_i:10_j:2,35.02624,0.0,hdslay1_t2,10,2,hdslay1,arr,,,,,,
oname:hdslay1_t2_otype:arr_i:10_j:3,35.02321,0.0,hdslay1_t2,10,3,hdslay1,arr,,,,,,
oname:hdslay1_t2_otype:arr_i:10_j:4,1e+30,0.0,hdslay1_t2,10,4,hdslay1,arr,,,,,,
oname:hdslay1_t2_otype:arr_i:10_j:5,1e+30,0.0,hdslay1_t2,10,5,hdslay1,arr,,,,,,
oname:hdslay1_t2_otype:arr_i:10_j:6,1e+30,0.0,hdslay1_t2,10,6,hdslay1,arr,,,,,,
oname:hdslay1_t2_otype:arr_i:10_j:7,1e+30,0.0,hdslay1_t2,10,7,hdslay1,arr,,,,,,
oname:hdslay1_t2_otype:arr_i:10_j:8,34.22788,0.0,hdslay1_t2,10,8,hdslay1,arr,,,,,,
oname:hdslay1_t2_otype:arr_i:10_j:9,34.20347,0.0,hdslay1_t2,10,9,hdslay1,arr,,,,,,
oname:hdslay1_t2_otype:arr_i:11_j:0,34.99683,0.0,hdslay1_t2,11,0,hdslay1,arr,,,,,,
oname:hdslay1_t2_otype:arr_i:11_j:1,34.99449,0.0,hdslay1_t2,11,1,hdslay1,arr,,,,,,
oname:hdslay1_t2_otype:arr_i:11_j:10,34.1202,0.0,hdslay1_t2,11,10,hdslay1,arr,,,,,,
oname:hdslay1_t2_otype:arr_i:11_j:11,34.06593,0.0,hdslay1_t2,11,11,hdslay1,arr,,,,,,
oname:hdslay1_t2_otype:arr_i:11_j:12,34.0045,0.0,hdslay1_t2,11,12,hdslay1,arr,,,,,,
oname:hdslay1_t2_otype:arr_i:11_j:13,33.91789,0.0,hdslay1_t2,11,13,hdslay1,arr,,,,,,
oname:hdslay1_t2_otype:arr_i:11_j:14,33.97129,0.0,hdslay1_t2,11,14,hdslay1,arr,,,,,,
oname:hdslay1_t2_otype:arr_i:11_j:15,33.98181,0.0,hdslay1_t2,11,15,hdslay1,arr,,,,,,
oname:hdslay1_t2_otype:arr_i:11_j:16,33.98987,0.0,hdslay1_t2,11,16,hdslay1,arr,,,,,,
oname:hdslay1_t2_otype:arr_i:11_j:17,34.00265,0.0,hdslay1_t2,11,17,hdslay1,arr,,,,,,
oname:hdslay1_t2_otype:arr_i:11_j:18,34.01375,0.0,hdslay1_t2,11,18,hdslay1,arr,,,,,,
oname:hdslay1_t2_otype:arr_i:11_j:19,34.01936,0.0,hdslay1_t2,11,19,hdslay1,arr,,,,,,
oname:hdslay1_t2_otype:arr_i:11_j:2,34.9919,0.0,hdslay1_t2,11,2,hdslay1,arr,,,,,,
oname:hdslay1_t2_otype:arr_i:11_j:3,34.99247,0.0,hdslay1_t2,11,3,hdslay1,arr,,,,,,
oname:hdslay1_t2_otype:arr_i:11_j:4,1e+30,0.0,hdslay1_t2,11,4,hdslay1,arr,,,,,,
oname:hdslay1_t2_otype:arr_i:11_j:5,1e+30,0.0,hdslay1_t2,11,5,hdslay1,arr,,,,,,
oname:hdslay1_t2_otype:arr_i:11_j:6,1e+30,0.0,hdslay1_t2,11,6,hdslay1,arr,,,,,,
oname:hdslay1_t2_otype:arr_i:11_j:7,1e+30,0.0,hdslay1_t2,11,7,hdslay1,arr,,,,,,
oname:hdslay1_t2_otype:arr_i:11_j:8,34.17035,0.0,hdslay1_t2,11,8,hdslay1,arr,,,,,,
oname:hdslay1_t2_otype:arr_i:11_j:9,34.15402,0.0,hdslay1_t2,11,9,hdslay1,arr,,,,,,
oname:hdslay1_t2_otype:arr_i:12_j:0,34.9578,0.0,hdslay1_t2,12,0,hdslay1,arr,,,,,,
oname:hdslay1_t2_otype:arr_i:12_j:1,34.95489,0.0,hdslay1_t2,12,1,hdslay1,arr,,,,,,
oname:hdslay1_t2_otype:arr_i:12_j:10,34.10155,0.0,hdslay1_t2,12,10,hdslay1,arr,,,,,,
oname:hdslay1_t2_otype:arr_i:12_j:11,34.0618,0.0,hdslay1_t2,12,11,hdslay1,arr,,,,,,
oname:hdslay1_t2_otype:arr_i:12_j:12,34.01719,0.0,hdslay1_t2,12,12,hdslay1,arr,,,,,,
oname:hdslay1_t2_otype:arr_i:12_j:13,33.98151,0.0,hdslay1_t2,12,13,hdslay1,arr,,,,,,
oname:hdslay1_t2_otype:arr_i:12_j:14,33.98475,0.0,hdslay1_t2,12,14,hdslay1,arr,,,,,,
oname:hdslay1_t2_otype:arr_i:12_j:15,33.9885,0.0,hdslay1_t2,12,15,hdslay1,arr,,,,,,
oname:hdslay1_t2_otype:arr_i:12_j:16,33.99909,0.0,hdslay1_t2,12,16,hdslay1,arr,,,,,,
oname:hdslay1_t2_otype:arr_i:12_j:17,34.00915,0.0,hdslay1_t2,12,17,hdslay1,arr,,,,,,
oname:hdslay1_t2_otype:arr_i:12_j:18,34.01823,0.0,hdslay1_t2,12,18,hdslay1,arr,,,,,,
oname:hdslay1_t2_otype:arr_i:12_j:19,34.0227,0.0,hdslay1_t2,12,19,hdslay1,arr,,,,,,
oname:hdslay1_t2_otype:arr_i:12_j:2,34.95324,0.0,hdslay1_t2,12,2,hdslay1,arr,,,,,,
oname:hdslay1_t2_otype:arr_i:12_j:3,34.95118,0.0,hdslay1_t2,12,3,hdslay1,arr,,,,,,
oname:hdslay1_t2_otype:arr_i:12_j:4,1e+30,0.0,hdslay1_t2,12,4,hdslay1,arr,,,,,,
oname:hdslay1_t2_otype:arr_i:12_j:5,1e+30,0.0,hdslay1_t2,12,5,hdslay1,arr,,,,,,
oname:hdslay1_t2_otype:arr_i:12_j:6,1e+30,0.0,hdslay1_t2,12,6,hdslay1,arr,,,,,,
oname:hdslay1_t2_otype:arr_i:12_j:7,1e+30,0.0,hdslay1_t2,12,7,hdslay1,arr,,,,,,
oname:hdslay1_t2_otype:arr_i:12_j:8,34.13962,0.0,hdslay1_t2,12,8,hdslay1,arr,,,,,,
oname:hdslay1_t2_otype:arr_i:12_j:9,34.125,0.0,hdslay1_t2,12,9,hdslay1,arr,,,,,,
oname:hdslay1_t2_otype:arr_i:13_j:0,34.91341,0.0,hdslay1_t2,13,0,hdslay1,arr,,,,,,
oname:hdslay1_t2_otype:arr_i:13_j:1,34.91274,0.0,hdslay1_t2,13,1,hdslay1,arr,,,,,,
oname:hdslay1_t2_otype:arr_i:13_j:10,34.09235,0.0,hdslay1_t2,13,10,hdslay1,arr,,,,,,
oname:hdslay1_t2_otype:arr_i:13_j:11,34.06451,0.0,hdslay1_t2,13,11,hdslay1,arr,,,,,,
oname:hdslay1_t2_otype:arr_i:13_j:12,34.03035,0.0,hdslay1_t2,13,12,hdslay1,arr,,,,,,
oname:hdslay1_t2_otype:arr_i:13_j:13,34.00648,0.0,hdslay1_t2,13,13,hdslay1,arr,,,,,,
oname:hdslay1_t2_otype:arr_i:13_j:14,33.9981,0.0,hdslay1_t2,13,14,hdslay1,arr,,,,,,
oname:hdslay1_t2_otype:arr_i:13_j:15,33.99475,0.0,hdslay1_t2,13,15,hdslay1,arr,,,,,,
oname:hdslay1_t2_otype:arr_i:13_j:16,34.00516,0.0,hdslay1_t2,13,16,hdslay1,arr,,,,,,
oname:hdslay1_t2_otype:arr_i:13_j:17,34.01388,0.0,hdslay1_t2,13,17,hdslay1,arr,,,,,,
oname:hdslay1_t2_otype:arr_i:13_j:18,34.02227,0.0,hdslay1_t2,13,18,hdslay1,arr,,,,,,
oname:hdslay1_t2_otype:arr_i:13_j:19,34.02692,0.0,hdslay1_t2,13,19,hdslay1,arr,,,,,,
oname:hdslay1_t2_otype:arr_i:13_j:2,34.90962,0.0,hdslay1_t2,13,2,hdslay1,arr,,,,,,
oname:hdslay1_t2_otype:arr_i:13_j:3,34.90444,0.0,hdslay1_t2,13,3,hdslay1,arr,,,,,,
oname:hdslay1_t2_otype:arr_i:13_j:4,1e+30,0.0,hdslay1_t2,13,4,hdslay1,arr,,,,,,
oname:hdslay1_t2_otype:arr_i:13_j:5,1e+30,0.0,hdslay1_t2,13,5,hdslay1,arr,,,,,,
oname:hdslay1_t2_otype:arr_i:13_j:6,1e+30,0.0,hdslay1_t2,13,6,hdslay1,arr,,,,,,
oname:hdslay1_t2_otype:arr_i:13_j:7,1e+30,0.0,hdslay1_t2,13,7,hdslay1,arr,,,,,,
oname:hdslay1_t2_otype:arr_i:13_j:8,34.11539,0.0,hdslay1_t2,13,8,hdslay1,arr,,,,,,
oname:hdslay1_t2_otype:arr_i:13_j:9,34.10554,0.0,hdslay1_t2,13,9,hdslay1,arr,,,,,,
oname:hdslay1_t2_otype:arr_i:14_j:0,34.85177,0.0,hdslay1_t2,14,0,hdslay1,arr,,,,,,
oname:hdslay1_t2_otype:arr_i:14_j:1,34.85596,0.0,hdslay1_t2,14,1,hdslay1,arr,,,,,,
oname:hdslay1_t2_otype:arr_i:14_j:10,34.08157,0.0,hdslay1_t2,14,10,hdslay1,arr,,,,,,
oname:hdslay1_t2_otype:arr_i:14_j:11,34.05962,0.0,hdslay1_t2,14,11,hdslay1,arr,,,,,,
oname:hdslay1_t2_otype:arr_i:14_j:12,34.03382,0.0,hdslay1_t2,14,12,hdslay1,arr,,,,,,
oname:hdslay1_t2_otype:arr_i:14_j:13,34.01526,0.0,hdslay1_t2,14,13,hdslay1,arr,,,,,,
oname:hdslay1_t2_otype:arr_i:14_j:14,34.00535,0.0,hdslay1_t2,14,14,hdslay1,arr,,,,,,
oname:hdslay1_t2_otype:arr_i:14_j:15,33.9984,0.0,hdslay1_t2,14,15,hdslay1,arr,,,,,,
oname:hdslay1_t2_otype:arr_i:14_j:16,34.00837,0.0,hdslay1_t2,14,16,hdslay1,arr,,,,,,
oname:hdslay1_t2_otype:arr_i:14_j:17,34.01635,0.0,hdslay1_t2,14,17,hdslay1,arr,,,,,,
oname:hdslay1_t2_otype:arr_i:14_j:18,34.02393,0.0,hdslay1_t2,14,18,hdslay1,arr,,,,,,
oname:hdslay1_t2_otype:arr_i:14_j:19,34.02941,0.0,hdslay1_t2,14,19,hdslay1,arr,,,,,,
oname:hdslay1_t2_otype:arr_i:14_j:2,34.85343,0.0,hdslay1_t2,14,2,hdslay1,arr,,,,,,
oname:hdslay1_t2_otype:arr_i:14_j:3,34.84981,0.0,hdslay1_t2,14,3,hdslay1,arr,,,,,,
oname:hdslay1_t2_otype:arr_i:14_j:4,1e+30,0.0,hdslay1_t2,14,4,hdslay1,arr,,,,,,
oname:hdslay1_t2_otype:arr_i:14_j:5,1e+30,0.0,hdslay1_t2,14,5,hdslay1,arr,,,,,,
oname:hdslay1_t2_otype:arr_i:14_j:6,1e+30,0.0,hdslay1_t2,14,6,hdslay1,arr,,,,,,
oname:hdslay1_t2_otype:arr_i:14_j:7,1e+30,0.0,hdslay1_t2,14,7,hdslay1,arr,,,,,,
oname:hdslay1_t2_otype:arr_i:14_j:8,34.09241,0.0,hdslay1_t2,14,8,hdslay1,arr,,,,,,
oname:hdslay1_t2_otype:arr_i:14_j:9,34.0903,0.0,hdslay1_t2,14,9,hdslay1,arr,,,,,,
oname:hdslay1_t2_otype:arr_i:15_j:0,34.79617,0.0,hdslay1_t2,15,0,hdslay1,arr,,,,,,
oname:hdslay1_t2_otype:arr_i:15_j:1,34.79872,0.0,hdslay1_t2,15,1,hdslay1,arr,,,,,,
oname:hdslay1_t2_otype:arr_i:15_j:10,34.0609,0.0,hdslay1_t2,15,10,hdslay1,arr,,,,,,
oname:hdslay1_t2_otype:arr_i:15_j:11,34.0428,0.0,hdslay1_t2,15,11,hdslay1,arr,,,,,,
oname:hdslay1_t2_otype:arr_i:15_j:12,34.02639,0.0,hdslay1_t2,15,12,hdslay1,arr,,,,,,
oname:hdslay1_t2_otype:arr_i:15_j:13,34.01279,0.0,hdslay1_t2,15,13,hdslay1,arr,,,,,,
oname:hdslay1_t2_otype:arr_i:15_j:14,34.00484,0.0,hdslay1_t2,15,14,hdslay1,arr,,,,,,
oname:hdslay1_t2_otype:arr_i:15_j:15,33.99763,0.0,hdslay1_t2,15,15,hdslay1,arr,,,,,,
oname:hdslay1_t2_otype:arr_i:15_j:16,34.00915,0.0,hdslay1_t2,15,16,hdslay1,arr,,,,,,
oname:hdslay1_t2_otype:arr_i:15_j:17,34.01813,0.0,hdslay1_t2,15,17,hdslay1,arr,,,,,,
oname:hdslay1_t2_otype:arr_i:15_j:18,34.02539,0.0,hdslay1_t2,15,18,hdslay1,arr,,,,,,
oname:hdslay1_t2_otype:arr_i:15_j:19,34.03139,0.0,hdslay1_t2,15,19,hdslay1,arr,,,,,,
oname:hdslay1_t2_otype:arr_i:15_j:2,34.79066,0.0,hdslay1_t2,15,2,hdslay1,arr,,,,,,
oname:hdslay1_t2_otype:arr_i:15_j:3,34.78419,0.0,hdslay1_t2,15,3,hdslay1,arr,,,,,,
oname:hdslay1_t2_otype:arr_i:15_j:4,1e+30,0.0,hdslay1_t2,15,4,hdslay1,arr,,,,,,
oname:hdslay1_t2_otype:arr_i:15_j:5,1e+30,0.0,hdslay1_t2,15,5,hdslay1,arr,,,,,,
oname:hdslay1_t2_otype:arr_i:15_j:6,1e+30,0.0,hdslay1_t2,15,6,hdslay1,arr,,,,,,
oname:hdslay1_t2_otype:arr_i:15_j:7,1e+30,0.0,hdslay1_t2,15,7,hdslay1,arr,,,,,,
oname:hdslay1_t2_otype:arr_i:15_j:8,34.07207,0.0,hdslay1_t2,15,8,hdslay1,arr,,,,,,
oname:hdslay1_t2_otype:arr_i:15_j:9,34.06883,0.0,hdslay1_t2,15,9,hdslay1,arr,,,,,,
oname:hdslay1_t2_otype:arr_i:16_j:0,34.74381,0.0,hdslay1_t2,16,0,hdslay1,arr,,,,,,
oname:hdslay1_t2_otype:arr_i:16_j:1,34.73785,0.0,hdslay1_t2,16,1,hdslay1,arr,,,,,,
oname:hdslay1_t2_otype:arr_i:16_j:10,34.0318,0.0,hdslay1_t2,16,10,hdslay1,arr,,,,,,
oname:hdslay1_t2_otype:arr_i:16_j:11,34.02053,0.0,hdslay1_t2,16,11,hdslay1,arr,,,,,,
oname:hdslay1_t2_otype:arr_i:16_j:12,34.00962,0.0,hdslay1_t2,16,12,hdslay1,arr,,,,,,
oname:hdslay1_t2_otype:arr_i:16_j:13,34.00283,0.0,hdslay1_t2,16,13,hdslay1,arr,,,,,,
oname:hdslay1_t2_otype:arr_i:16_j:14,33.99841,0.0,hdslay1_t2,16,14,hdslay1,arr,,,,,,
oname:hdslay1_t2_otype:arr_i:16_j:15,33.99342,0.0,hdslay1_t2,16,15,hdslay1,arr,,,,,,
oname:hdslay1_t2_otype:arr_i:16_j:16,34.00606,0.0,hdslay1_t2,16,16,hdslay1,arr,,,,,,
oname:hdslay1_t2_otype:arr_i:16_j:17,34.01704,0.0,hdslay1_t2,16,17,hdslay1,arr,,,,,,
oname:hdslay1_t2_otype:arr_i:16_j:18,34.02577,0.0,hdslay1_t2,16,18,hdslay1,arr,,,,,,
oname:hdslay1_t2_otype:arr_i:16_j:19,34.032,0.0,hdslay1_t2,16,19,hdslay1,arr,,,,,,
oname:hdslay1_t2_otype:arr_i:16_j:2,34.72771,0.0,hdslay1_t2,16,2,hdslay1,arr,,,,,,
oname:hdslay1_t2_otype:arr_i:16_j:3,34.72478,0.0,hdslay1_t2,16,3,hdslay1,arr,,,,,,
oname:hdslay1_t2_otype:arr_i:16_j:4,1e+30,0.0,hdslay1_t2,16,4,hdslay1,arr,,,,,,
oname:hdslay1_t2_otype:arr_i:16_j:5,1e+30,0.0,hdslay1_t2,16,5,hdslay1,arr,,,,,,
oname:hdslay1_t2_otype:arr_i:16_j:6,1e+30,0.0,hdslay1_t2,16,6,hdslay1,arr,,,,,,
oname:hdslay1_t2_otype:arr_i:16_j:7,1e+30,0.0,hdslay1_t2,16,7,hdslay1,arr,,,,,,
oname:hdslay1_t2_otype:arr_i:16_j:8,34.04238,0.0,hdslay1_t2,16,8,hdslay1,arr,,,,,,
oname:hdslay1_t2_otype:arr_i:16_j:9,34.04056,0.0,hdslay1_t2,16,9,hdslay1,arr,,,,,,
oname:hdslay1_t2_otype:arr_i:17_j:0,34.68065,0.0,hdslay1_t2,17,0,hdslay1,arr,,,,,,
oname:hdslay1_t2_otype:arr_i:17_j:1,34.67548,0.0,hdslay1_t2,17,1,hdslay1,arr,,,,,,
oname:hdslay1_t2_otype:arr_i:17_j:10,33.99826,0.0,hdslay1_t2,17,10,hdslay1,arr,,,,,,
oname:hdslay1_t2_otype:arr_i:17_j:11,33.99094,0.0,hdslay1_t2,17,11,hdslay1,arr,,,,,,
oname:hdslay1_t2_otype:arr_i:17_j:12,33.98151,0.0,hdslay1_t2,17,12,hdslay1,arr,,,,,,
oname:hdslay1_t2_otype:arr_i:17_j:13,33.97862,0.0,hdslay1_t2,17,13,hdslay1,arr,,,,,,
oname:hdslay1_t2_otype:arr_i:17_j:14,33.97305,0.0,hdslay1_t2,17,14,hdslay1,arr,,,,,,
oname:hdslay1_t2_otype:arr_i:17_j:15,33.97072,0.0,hdslay1_t2,17,15,hdslay1,arr,,,,,,
oname:hdslay1_t2_otype:arr_i:17_j:16,33.99162,0.0,hdslay1_t2,17,16,hdslay1,arr,,,,,,
oname:hdslay1_t2_otype:arr_i:17_j:17,34.00722,0.0,hdslay1_t2,17,17,hdslay1,arr,,,,,,
oname:hdslay1_t2_otype:arr_i:17_j:18,34.01916,0.0,hdslay1_t2,17,18,hdslay1,arr,,,,,,
oname:hdslay1_t2_otype:arr_i:17_j:19,34.026,0.0,hdslay1_t2,17,19,hdslay1,arr,,,,,,
oname:hdslay1_t2_otype:arr_i:17_j:2,34.67586,0.0,hdslay1_t2,17,2,hdslay1,arr,,,,,,
oname:hdslay1_t2_otype:arr_i:17_j:3,34.6814,0.0,hdslay1_t2,17,3,hdslay1,arr,,,,,,
oname:hdslay1_t2_otype:arr_i:17_j:4,1e+30,0.0,hdslay1_t2,17,4,hdslay1,arr,,,,,,
oname:hdslay1_t2_otype:arr_i:17_j:5,1e+30,0.0,hdslay1_t2,17,5,hdslay1,arr,,,,,,
oname:hdslay1_t2_otype:arr_i:17_j:6,1e+30,0.0,hdslay1_t2,17,6,hdslay1,arr,,,,,,
oname:hdslay1_t2_otype:arr_i:17_j:7,1e+30,0.0,hdslay1_t2,17,7,hdslay1,arr,,,,,,
oname:hdslay1_t2_otype:arr_i:17_j:8,34.01105,0.0,hdslay1_t2,17,8,hdslay1,arr,,,,,,
oname:hdslay1_t2_otype:arr_i:17_j:9,34.00759,0.0,hdslay1_t2,17,9,hdslay1,arr,,,,,,
oname:hdslay1_t2_otype:arr_i:18_j:0,34.60726,0.0,hdslay1_t2,18,0,hdslay1,arr,,,,,,
oname:hdslay1_t2_otype:arr_i:18_j:1,34.60964,0.0,hdslay1_t2,18,1,hdslay1,arr,,,,,,
oname:hdslay1_t2_otype:arr_i:18_j:10,33.97193,0.0,hdslay1_t2,18,10,hdslay1,arr,,,,,,
oname:hdslay1_t2_otype:arr_i:18_j:11,33.96077,0.0,hdslay1_t2,18,11,hdslay1,arr,,,,,,
oname:hdslay1_t2_otype:arr_i:18_j:12,33.94976,0.0,hdslay1_t2,18,12,hdslay1,arr,,,,,,
oname:hdslay1_t2_otype:arr_i:18_j:13,33.93924,0.0,hdslay1_t2,18,13,hdslay1,arr,,,,,,
oname:hdslay1_t2_otype:arr_i:18_j:14,33.92453,0.0,hdslay1_t2,18,14,hdslay1,arr,,,,,,
oname:hdslay1_t2_otype:arr_i:18_j:15,33.92885,0.0,hdslay1_t2,18,15,hdslay1,arr,,,,,,
oname:hdslay1_t2_otype:arr_i:18_j:16,33.96234,0.0,hdslay1_t2,18,16,hdslay1,arr,,,,,,
oname:hdslay1_t2_otype:arr_i:18_j:17,33.98639,0.0,hdslay1_t2,18,17,hdslay1,arr,,,,,,
oname:hdslay1_t2_otype:arr_i:18_j:18,34.0042,0.0,hdslay1_t2,18,18,hdslay1,arr,,,,,,
oname:hdslay1_t2_otype:arr_i:18_j:19,34.01144,0.0,hdslay1_t2,18,19,hdslay1,arr,,,,,,
oname:hdslay1_t2_otype:arr_i:18_j:2,34.61663,0.0,hdslay1_t2,18,2,hdslay1,arr,,,,,,
oname:hdslay1_t2_otype:arr_i:18_j:3,34.62797,0.0,hdslay1_t2,18,3,hdslay1,arr,,,,,,
oname:hdslay1_t2_otype:arr_i:18_j:4,1e+30,0.0,hdslay1_t2,18,4,hdslay1,arr,,,,,,
oname:hdslay1_t2_otype:arr_i:18_j:5,1e+30,0.0,hdslay1_t2,18,5,hdslay1,arr,,,,,,
oname:hdslay1_t2_otype:arr_i:18_j:6,1e+30,0.0,hdslay1_t2,18,6,hdslay1,arr,,,,,,
oname:hdslay1_t2_otype:arr_i:18_j:7,1e+30,0.0,hdslay1_t2,18,7,hdslay1,arr,,,,,,
oname:hdslay1_t2_otype:arr_i:18_j:8,33.98422,0.0,hdslay1_t2,18,8,hdslay1,arr,,,,,,
oname:hdslay1_t2_otype:arr_i:18_j:9,33.97916,0.0,hdslay1_t2,18,9,hdslay1,arr,,,,,,
oname:hdslay1_t2_otype:arr_i:19_j:0,34.53542,0.0,hdslay1_t2,19,0,hdslay1,arr,,,,,,
oname:hdslay1_t2_otype:arr_i:19_j:1,34.53541,0.0,hdslay1_t2,19,1,hdslay1,arr,,,,,,
oname:hdslay1_t2_otype:arr_i:19_j:10,33.94716,0.0,hdslay1_t2,19,10,hdslay1,arr,,,,,,
oname:hdslay1_t2_otype:arr_i:19_j:11,33.9323,0.0,hdslay1_t2,19,11,hdslay1,arr,,,,,,
oname:hdslay1_t2_otype:arr_i:19_j:12,33.9193,0.0,hdslay1_t2,19,12,hdslay1,arr,,,,,,
oname:hdslay1_t2_otype:arr_i:19_j:13,33.89209,0.0,hdslay1_t2,19,13,hdslay1,arr,,,,,,
oname:hdslay1_t2_otype:arr_i:19_j:14,33.8507,0.0,hdslay1_t2,19,14,hdslay1,arr,,,,,,
oname:hdslay1_t2_otype:arr_i:19_j:15,33.8818,0.0,hdslay1_t2,19,15,hdslay1,arr,,,,,,
oname:hdslay1_t2_otype:arr_i:19_j:16,33.92949,0.0,hdslay1_t2,19,16,hdslay1,arr,,,,,,
oname:hdslay1_t2_otype:arr_i:19_j:17,33.95712,0.0,hdslay1_t2,19,17,hdslay1,arr,,,,,,
oname:hdslay1_t2_otype:arr_i:19_j:18,33.9737,0.0,hdslay1_t2,19,18,hdslay1,arr,,,,,,
oname:hdslay1_t2_otype:arr_i:19_j:19,33.98491,0.0,hdslay1_t2,19,19,hdslay1,arr,,,,,,
oname:hdslay1_t2_otype:arr_i:19_j:2,34.54174,0.0,hdslay1_t2,19,2,hdslay1,arr,,,,,,
oname:hdslay1_t2_otype:arr_i:19_j:3,34.55228,0.0,hdslay1_t2,19,3,hdslay1,arr,,,,,,
oname:hdslay1_t2_otype:arr_i:19_j:4,1e+30,0.0,hdslay1_t2,19,4,hdslay1,arr,,,,,,
oname:hdslay1_t2_otype:arr_i:19_j:5,1e+30,0.0,hdslay1_t2,19,5,hdslay1,arr,,,,,,
oname:hdslay1_t2_otype:arr_i:19_j:6,1e+30,0.0,hdslay1_t2,19,6,hdslay1,arr,,,,,,
oname:hdslay1_t2_otype:arr_i:19_j:7,1e+30,0.0,hdslay1_t2,19,7,hdslay1,arr,,,,,,
oname:hdslay1_t2_otype:arr_i:19_j:8,33.96235,0.0,hdslay1_t2,19,8,hdslay1,arr,,,,,,
oname:hdslay1_t2_otype:arr_i:19_j:9,33.95703,0.0,hdslay1_t2,19,9,hdslay1,arr,,,,,,
oname:hdslay1_t2_otype:arr_i:1_j:0,35.11772,0.0,hdslay1_t2,1,0,hdslay1,arr,,,,,,
oname:hdslay1_t2_otype:arr_i:1_j:1,35.10689,0.0,hdslay1_t2,1,1,hdslay1,arr,,,,,,
oname:hdslay1_t2_otype:arr_i:1_j:10,34.46063,0.0,hdslay1_t2,1,10,hdslay1,arr,,,,,,
oname:hdslay1_t2_otype:arr_i:1_j:11,34.41068,0.0,hdslay1_t2,1,11,hdslay1,arr,,,,,,
oname:hdslay1_t2_otype:arr_i:1_j:12,34.36685,0.0,hdslay1_t2,1,12,hdslay1,arr,,,,,,
oname:hdslay1_t2_otype:arr_i:1_j:13,34.32585,0.0,hdslay1_t2,1,13,hdslay1,arr,,,,,,
oname:hdslay1_t2_otype:arr_i:1_j:14,34.28186,0.0,hdslay1_t2,1,14,hdslay1,arr,,,,,,
oname:hdslay1_t2_otype:arr_i:1_j:15,34.23528,0.0,hdslay1_t2,1,15,hdslay1,arr,,,,,,
oname:hdslay1_t2_otype:arr_i:1_j:16,34.22781,0.0,hdslay1_t2,1,16,hdslay1,arr,,,,,,
oname:hdslay1_t2_otype:arr_i:1_j:17,34.22191,0.0,hdslay1_t2,1,17,hdslay1,arr,,,,,,
oname:hdslay1_t2_otype:arr_i:1_j:18,34.21839,0.0,hdslay1_t2,1,18,hdslay1,arr,,,,,,
oname:hdslay1_t2_otype:arr_i:1_j:19,34.21558,0.0,hdslay1_t2,1,19,hdslay1,arr,,,,,,
oname:hdslay1_t2_otype:arr_i:1_j:2,35.08073,0.0,hdslay1_t2,1,2,hdslay1,arr,,,,,,
oname:hdslay1_t2_otype:arr_i:1_j:3,35.03972,0.0,hdslay1_t2,1,3,hdslay1,arr,,,,,,
oname:hdslay1_t2_otype:arr_i:1_j:4,34.97811,0.0,hdslay1_t2,1,4,hdslay1,arr,,,,,,
oname:hdslay1_t2_otype:arr_i:1_j:5,34.89581,0.0,hdslay1_t2,1,5,hdslay1,arr,,,,,,
oname:hdslay1_t2_otype:arr_i:1_j:6,34.78887,0.0,hdslay1_t2,1,6,hdslay1,arr,,,,,,
oname:hdslay1_t2_otype:arr_i:1_j:7,34.67322,0.0,hdslay1_t2,1,7,hdslay1,arr,,,,,,
oname:hdslay1_t2_otype:arr_i:1_j:8,34.58083,0.0,hdslay1_t2,1,8,hdslay1,arr,,,,,,
oname:hdslay1_t2_otype:arr_i:1_j:9,34.51421,0.0,hdslay1_t2,1,9,hdslay1,arr,,,,,,
oname:hdslay1_t2_otype:arr_i:20_j:0,34.46486,0.0,hdslay1_t2,20,0,hdslay1,arr,,,,,,
oname:hdslay1_t2_otype:arr_i:20_j:1,34.46775,0.0,hdslay1_t2,20,1,hdslay1,arr,,,,,,
oname:hdslay1_t2_otype:arr_i:20_j:10,33.92918,0.0,hdslay1_t2,20,10,hdslay1,arr,,,,,,
oname:hdslay1_t2_otype:arr_i:20_j:11,33.91601,0.0,hdslay1_t2,20,11,hdslay1,arr,,,,,,
oname:hdslay1_t2_otype:arr_i:20_j:12,33.89944,0.0,hdslay1_t2,20,12,hdslay1,arr,,,,,,
oname:hdslay1_t2_otype:arr_i:20_j:13,33.84981,0.0,hdslay1_t2,20,13,hdslay1,arr,,,,,,
oname:hdslay1_t2_otype:arr_i:20_j:14,33.7115,0.0,hdslay1_t2,20,14,hdslay1,arr,,,,,,
oname:hdslay1_t2_otype:arr_i:20_j:15,33.83165,0.0,hdslay1_t2,20,15,hdslay1,arr,,,,,,
oname:hdslay1_t2_otype:arr_i:20_j:16,33.89972,0.0,hdslay1_t2,20,16,hdslay1,arr,,,,,,
oname:hdslay1_t2_otype:arr_i:20_j:17,33.93078,0.0,hdslay1_t2,20,17,hdslay1,arr,,,,,,
oname:hdslay1_t2_otype:arr_i:20_j:18,33.94377,0.0,hdslay1_t2,20,18,hdslay1,arr,,,,,,
oname:hdslay1_t2_otype:arr_i:20_j:19,33.95417,0.0,hdslay1_t2,20,19,hdslay1,arr,,,,,,
oname:hdslay1_t2_otype:arr_i:20_j:2,34.46556,0.0,hdslay1_t2,20,2,hdslay1,arr,,,,,,
oname:hdslay1_t2_otype:arr_i:20_j:3,34.46165,0.0,hdslay1_t2,20,3,hdslay1,arr,,,,,,
oname:hdslay1_t2_otype:arr_i:20_j:4,1e+30,0.0,hdslay1_t2,20,4,hdslay1,arr,,,,,,
oname:hdslay1_t2_otype:arr_i:20_j:5,1e+30,0.0,hdslay1_t2,20,5,hdslay1,arr,,,,,,
oname:hdslay1_t2_otype:arr_i:20_j:6,1e+30,0.0,hdslay1_t2,20,6,hdslay1,arr,,,,,,
oname:hdslay1_t2_otype:arr_i:20_j:7,1e+30,0.0,hdslay1_t2,20,7,hdslay1,arr,,,,,,
oname:hdslay1_t2_otype:arr_i:20_j:8,33.94718,0.0,hdslay1_t2,20,8,hdslay1,arr,,,,,,
oname:hdslay1_t2_otype:arr_i:20_j:9,33.94089,0.0,hdslay1_t2,20,9,hdslay1,arr,,,,,,
oname:hdslay1_t2_otype:arr_i:21_j:0,34.3989,0.0,hdslay1_t2,21,0,hdslay1,arr,,,,,,
oname:hdslay1_t2_otype:arr_i:21_j:1,34.40252,0.0,hdslay1_t2,21,1,hdslay1,arr,,,,,,
oname:hdslay1_t2_otype:arr_i:21_j:10,33.91844,0.0,hdslay1_t2,21,10,hdslay1,arr,,,,,,
oname:hdslay1_t2_otype:arr_i:21_j:11,33.90811,0.0,hdslay1_t2,21,11,hdslay1,arr,,,,,,
oname:hdslay1_t2_otype:arr_i:21_j:12,33.89278,0.0,hdslay1_t2,21,12,hdslay1,arr,,,,,,
oname:hdslay1_t2_otype:arr_i:21_j:13,33.8613,0.0,hdslay1_t2,21,13,hdslay1,arr,,,,,,
oname:hdslay1_t2_otype:arr_i:21_j:14,33.82369,0.0,hdslay1_t2,21,14,hdslay1,arr,,,,,,
oname:hdslay1_t2_otype:arr_i:21_j:15,33.84564,0.0,hdslay1_t2,21,15,hdslay1,arr,,,,,,
oname:hdslay1_t2_otype:arr_i:21_j:16,33.8839,0.0,hdslay1_t2,21,16,hdslay1,arr,,,,,,
oname:hdslay1_t2_otype:arr_i:21_j:17,33.9119,0.0,hdslay1_t2,21,17,hdslay1,arr,,,,,,
oname:hdslay1_t2_otype:arr_i:21_j:18,33.92597,0.0,hdslay1_t2,21,18,hdslay1,arr,,,,,,
oname:hdslay1_t2_otype:arr_i:21_j:19,33.93138,0.0,hdslay1_t2,21,19,hdslay1,arr,,,,,,
oname:hdslay1_t2_otype:arr_i:21_j:2,34.39112,0.0,hdslay1_t2,21,2,hdslay1,arr,,,,,,
oname:hdslay1_t2_otype:arr_i:21_j:3,34.36952,0.0,hdslay1_t2,21,3,hdslay1,arr,,,,,,
oname:hdslay1_t2_otype:arr_i:21_j:4,1e+30,0.0,hdslay1_t2,21,4,hdslay1,arr,,,,,,
oname:hdslay1_t2_otype:arr_i:21_j:5,1e+30,0.0,hdslay1_t2,21,5,hdslay1,arr,,,,,,
oname:hdslay1_t2_otype:arr_i:21_j:6,33.95187,0.0,hdslay1_t2,21,6,hdslay1,arr,,,,,,
oname:hdslay1_t2_otype:arr_i:21_j:7,33.94474,0.0,hdslay1_t2,21,7,hdslay1,arr,,,,,,
oname:hdslay1_t2_otype:arr_i:21_j:8,33.93826,0.0,hdslay1_t2,21,8,hdslay1,arr,,,,,,
oname:hdslay1_t2_otype:arr_i:21_j:9,33.92994,0.0,hdslay1_t2,21,9,hdslay1,arr,,,,,,
oname:hdslay1_t2_otype:arr_i:22_j:0,34.33218,0.0,hdslay1_t2,22,0,hdslay1,arr,,,,,,
oname:hdslay1_t2_otype:arr_i:22_j:1,34.31985,0.0,hdslay1_t2,22,1,hdslay1,arr,,,,,,
oname:hdslay1_t2_otype:arr_i:22_j:10,33.90882,0.0,hdslay1_t2,22,10,hdslay1,arr,,,,,,
oname:hdslay1_t2_otype:arr_i:22_j:11,33.8991,0.0,hdslay1_t2,22,11,hdslay1,arr,,,,,,
oname:hdslay1_t2_otype:arr_i:22_j:12,33.8855,0.0,hdslay1_t2,22,12,hdslay1,arr,,,,,,
oname:hdslay1_t2_otype:arr_i:22_j:13,33.86562,0.0,hdslay1_t2,22,13,hdslay1,arr,,,,,,
oname:hdslay1_t2_otype:arr_i:22_j:14,33.84961,0.0,hdslay1_t2,22,14,hdslay1,arr,,,,,,
oname:hdslay1_t2_otype:arr_i:22_j:15,33.85457,0.0,hdslay1_t2,22,15,hdslay1,arr,,,,,,
oname:hdslay1_t2_otype:arr_i:22_j:16,33.87339,0.0,hdslay1_t2,22,16,hdslay1,arr,,,,,,
oname:hdslay1_t2_otype:arr_i:22_j:17,33.89462,0.0,hdslay1_t2,22,17,hdslay1,arr,,,,,,
oname:hdslay1_t2_otype:arr_i:22_j:18,33.90645,0.0,hdslay1_t2,22,18,hdslay1,arr,,,,,,
oname:hdslay1_t2_otype:arr_i:22_j:19,33.91064,0.0,hdslay1_t2,22,19,hdslay1,arr,,,,,,
oname:hdslay1_t2_otype:arr_i:22_j:2,34.30355,0.0,hdslay1_t2,22,2,hdslay1,arr,,,,,,
oname:hdslay1_t2_otype:arr_i:22_j:3,34.25478,0.0,hdslay1_t2,22,3,hdslay1,arr,,,,,,
oname:hdslay1_t2_otype:arr_i:22_j:4,34.16922,0.0,hdslay1_t2,22,4,hdslay1,arr,,,,,,
oname:hdslay1_t2_otype:arr_i:22_j:5,1e+30,0.0,hdslay1_t2,22,5,hdslay1,arr,,,,,,
oname:hdslay1_t2_otype:arr_i:22_j:6,33.95607,0.0,hdslay1_t2,22,6,hdslay1,arr,,,,,,
oname:hdslay1_t2_otype:arr_i:22_j:7,33.94397,0.0,hdslay1_t2,22,7,hdslay1,arr,,,,,,
oname:hdslay1_t2_otype:arr_i:22_j:8,33.93189,0.0,hdslay1_t2,22,8,hdslay1,arr,,,,,,
oname:hdslay1_t2_otype:arr_i:22_j:9,33.92047,0.0,hdslay1_t2,22,9,hdslay1,arr,,,,,,
oname:hdslay1_t2_otype:arr_i:23_j:0,34.25297,0.0,hdslay1_t2,23,0,hdslay1,arr,,,,,,
oname:hdslay1_t2_otype:arr_i:23_j:1,34.2357,0.0,hdslay1_t2,23,1,hdslay1,arr,,,,,,
oname:hdslay1_t2_otype:arr_i:23_j:10,33.89005,0.0,hdslay1_t2,23,10,hdslay1,arr,,,,,,
oname:hdslay1_t2_otype:arr_i:23_j:11,33.88085,0.0,hdslay1_t2,23,11,hdslay1,arr,,,,,,
oname:hdslay1_t2_otype:arr_i:23_j:12,33.8719,0.0,hdslay1_t2,23,12,hdslay1,arr,,,,,,
oname:hdslay1_t2_otype:arr_i:23_j:13,33.86093,0.0,hdslay1_t2,23,13,hdslay1,arr,,,,,,
oname:hdslay1_t2_otype:arr_i:23_j:14,33.85156,0.0,hdslay1_t2,23,14,hdslay1,arr,,,,,,
oname:hdslay1_t2_otype:arr_i:23_j:15,33.84955,0.0,hdslay1_t2,23,15,hdslay1,arr,,,,,,
oname:hdslay1_t2_otype:arr_i:23_j:16,33.86307,0.0,hdslay1_t2,23,16,hdslay1,arr,,,,,,
oname:hdslay1_t2_otype:arr_i:23_j:17,33.87843,0.0,hdslay1_t2,23,17,hdslay1,arr,,,,,,
oname:hdslay1_t2_otype:arr_i:23_j:18,33.88886,0.0,hdslay1_t2,23,18,hdslay1,arr,,,,,,
oname:hdslay1_t2_otype:arr_i:23_j:19,33.89169,0.0,hdslay1_t2,23,19,hdslay1,arr,,,,,,
oname:hdslay1_t2_otype:arr_i:23_j:2,34.21182,0.0,hdslay1_t2,23,2,hdslay1,arr,,,,,,
oname:hdslay1_t2_otype:arr_i:23_j:3,34.16182,0.0,hdslay1_t2,23,3,hdslay1,arr,,,,,,
oname:hdslay1_t2_otype:arr_i:23_j:4,34.10047,0.0,hdslay1_t2,23,4,hdslay1,arr,,,,,,
oname:hdslay1_t2_otype:arr_i:23_j:5,34.02638,0.0,hdslay1_t2,23,5,hdslay1,arr,,,,,,
oname:hdslay1_t2_otype:arr_i:23_j:6,33.9704,0.0,hdslay1_t2,23,6,hdslay1,arr,,,,,,
oname:hdslay1_t2_otype:arr_i:23_j:7,33.9434,0.0,hdslay1_t2,23,7,hdslay1,arr,,,,,,
oname:hdslay1_t2_otype:arr_i:23_j:8,33.92409,0.0,hdslay1_t2,23,8,hdslay1,arr,,,,,,
oname:hdslay1_t2_otype:arr_i:23_j:9,33.90601,0.0,hdslay1_t2,23,9,hdslay1,arr,,,,,,
oname:hdslay1_t2_otype:arr_i:24_j:0,34.18019,0.0,hdslay1_t2,24,0,hdslay1,arr,,,,,,
oname:hdslay1_t2_otype:arr_i:24_j:1,34.1701,0.0,hdslay1_t2,24,1,hdslay1,arr,,,,,,
oname:hdslay1_t2_otype:arr_i:24_j:10,33.85775,0.0,hdslay1_t2,24,10,hdslay1,arr,,,,,,
oname:hdslay1_t2_otype:arr_i:24_j:11,33.85331,0.0,hdslay1_t2,24,11,hdslay1,arr,,,,,,
oname:hdslay1_t2_otype:arr_i:24_j:12,33.85227,0.0,hdslay1_t2,24,12,hdslay1,arr,,,,,,
oname:hdslay1_t2_otype:arr_i:24_j:13,33.84855,0.0,hdslay1_t2,24,13,hdslay1,arr,,,,,,
oname:hdslay1_t2_otype:arr_i:24_j:14,33.84354,0.0,hdslay1_t2,24,14,hdslay1,arr,,,,,,
oname:hdslay1_t2_otype:arr_i:24_j:15,33.83782,0.0,hdslay1_t2,24,15,hdslay1,arr,,,,,,
oname:hdslay1_t2_otype:arr_i:24_j:16,33.84864,0.0,hdslay1_t2,24,16,hdslay1,arr,,,,,,
oname:hdslay1_t2_otype:arr_i:24_j:17,33.85919,0.0,hdslay1_t2,24,17,hdslay1,arr,,,,,,
oname:hdslay1_t2_otype:arr_i:24_j:18,33.86953,0.0,hdslay1_t2,24,18,hdslay1,arr,,,,,,
oname:hdslay1_t2_otype:arr_i:24_j:19,33.87508,0.0,hdslay1_t2,24,19,hdslay1,arr,,,,,,
oname:hdslay1_t2_otype:arr_i:24_j:2,34.14555,0.0,hdslay1_t2,24,2,hdslay1,arr,,,,,,
oname:hdslay1_t2_otype:arr_i:24_j:3,34.10945,0.0,hdslay1_t2,24,3,hdslay1,arr,,,,,,
oname:hdslay1_t2_otype:arr_i:24_j:4,34.06078,0.0,hdslay1_t2,24,4,hdslay1,arr,,,,,,
oname:hdslay1_t2_otype:arr_i:24_j:5,34.00812,0.0,hdslay1_t2,24,5,hdslay1,arr,,,,,,
oname:hdslay1_t2_otype:arr_i:24_j:6,33.96733,0.0,hdslay1_t2,24,6,hdslay1,arr,,,,,,
oname:hdslay1_t2_otype:arr_i:24_j:7,33.9368,0.0,hdslay1_t2,24,7,hdslay1,arr,,,,,,
oname:hdslay1_t2_otype:arr_i:24_j:8,33.9107,0.0,hdslay1_t2,24,8,hdslay1,arr,,,,,,
oname:hdslay1_t2_otype:arr_i:24_j:9,33.8813,0.0,hdslay1_t2,24,9,hdslay1,arr,,,,,,
oname:hdslay1_t2_otype:arr_i:25_j:0,34.13216,0.0,hdslay1_t2,25,0,hdslay1,arr,,,,,,
oname:hdslay1_t2_otype:arr_i:25_j:1,34.12587,0.0,hdslay1_t2,25,1,hdslay1,arr,,,,,,
oname:hdslay1_t2_otype:arr_i:25_j:10,33.81119,0.0,hdslay1_t2,25,10,hdslay1,arr,,,,,,
oname:hdslay1_t2_otype:arr_i:25_j:11,33.81963,0.0,hdslay1_t2,25,11,hdslay1,arr,,,,,,
oname:hdslay1_t2_otype:arr_i:25_j:12,33.82603,0.0,hdslay1_t2,25,12,hdslay1,arr,,,,,,
oname:hdslay1_t2_otype:arr_i:25_j:13,33.8281,0.0,hdslay1_t2,25,13,hdslay1,arr,,,,,,
oname:hdslay1_t2_otype:arr_i:25_j:14,33.82632,0.0,hdslay1_t2,25,14,hdslay1,arr,,,,,,
oname:hdslay1_t2_otype:arr_i:25_j:15,33.82121,0.0,hdslay1_t2,25,15,hdslay1,arr,,,,,,
oname:hdslay1_t2_otype:arr_i:25_j:16,33.83206,0.0,hdslay1_t2,25,16,hdslay1,arr,,,,,,
oname:hdslay1_t2_otype:arr_i:25_j:17,33.84146,0.0,hdslay1_t2,25,17,hdslay1,arr,,,,,,
oname:hdslay1_t2_otype:arr_i:25_j:18,33.84853,0.0,hdslay1_t2,25,18,hdslay1,arr,,,,,,
oname:hdslay1_t2_otype:arr_i:25_j:19,33.85483,0.0,hdslay1_t2,25,19,hdslay1,arr,,,,,,
oname:hdslay1_t2_otype:arr_i:25_j:2,34.10742,0.0,hdslay1_t2,25,2,hdslay1,arr,,,,,,
oname:hdslay1_t2_otype:arr_i:25_j:3,34.0726,0.0,hdslay1_t2,25,3,hdslay1,arr,,,,,,
oname:hdslay1_t2_otype:arr_i:25_j:4,34.03092,0.0,hdslay1_t2,25,4,hdslay1,arr,,,,,,
oname:hdslay1_t2_otype:arr_i:25_j:5,33.98982,0.0,hdslay1_t2,25,5,hdslay1,arr,,,,,,
oname:hdslay1_t2_otype:arr_i:25_j:6,33.95282,0.0,hdslay1_t2,25,6,hdslay1,arr,,,,,,
oname:hdslay1_t2_otype:arr_i:25_j:7,33.9196,0.0,hdslay1_t2,25,7,hdslay1,arr,,,,,,
oname:hdslay1_t2_otype:arr_i:25_j:8,33.88345,0.0,hdslay1_t2,25,8,hdslay1,arr,,,,,,
oname:hdslay1_t2_otype:arr_i:25_j:9,33.84041,0.0,hdslay1_t2,25,9,hdslay1,arr,,,,,,
oname:hdslay1_t2_otype:arr_i:26_j:0,34.10143,0.0,hdslay1_t2,26,0,hdslay1,arr,,,,,,
oname:hdslay1_t2_otype:arr_i:26_j:1,34.09411,0.0,hdslay1_t2,26,1,hdslay1,arr,,,,,,
oname:hdslay1_t2_otype:arr_i:26_j:10,33.72723,0.0,hdslay1_t2,26,10,hdslay1,arr,,,,,,
oname:hdslay1_t2_otype:arr_i:26_j:11,33.78065,0.0,hdslay1_t2,26,11,hdslay1,arr,,,,,,
oname:hdslay1_t2_otype:arr_i:26_j:12,33.79734,0.0,hdslay1_t2,26,12,hdslay1,arr,,,,,,
oname:hdslay1_t2_otype:arr_i:26_j:13,33.80301,0.0,hdslay1_t2,26,13,hdslay1,arr,,,,,,
oname:hdslay1_t2_otype:arr_i:26_j:14,33.80026,0.0,hdslay1_t2,26,14,hdslay1,arr,,,,,,
oname:hdslay1_t2_otype:arr_i:26_j:15,33.79529,0.0,hdslay1_t2,26,15,hdslay1,arr,,,,,,
oname:hdslay1_t2_otype:arr_i:26_j:16,33.80537,0.0,hdslay1_t2,26,16,hdslay1,arr,,,,,,
oname:hdslay1_t2_otype:arr_i:26_j:17,33.81489,0.0,hdslay1_t2,26,17,hdslay1,arr,,,,,,
oname:hdslay1_t2_otype:arr_i:26_j:18,33.82612,0.0,hdslay1_t2,26,18,hdslay1,arr,,,,,,
oname:hdslay1_t2_otype:arr_i:26_j:19,33.83075,0.0,hdslay1_t2,26,19,hdslay1,arr,,,,,,
oname:hdslay1_t2_otype:arr_i:26_j:2,34.07376,0.0,hdslay1_t2,26,2,hdslay1,arr,,,,,,
oname:hdslay1_t2_otype:arr_i:26_j:3,34.04291,0.0,hdslay1_t2,26,3,hdslay1,arr,,,,,,
oname:hdslay1_t2_otype:arr_i:26_j:4,34.0076,0.0,hdslay1_t2,26,4,hdslay1,arr,,,,,,
oname:hdslay1_t2_otype:arr_i:26_j:5,33.96267,0.0,hdslay1_t2,26,5,hdslay1,arr,,,,,,
oname:hdslay1_t2_otype:arr_i:26_j:6,33.92345,0.0,hdslay1_t2,26,6,hdslay1,arr,,,,,,
oname:hdslay1_t2_otype:arr_i:26_j:7,33.88987,0.0,hdslay1_t2,26,7,hdslay1,arr,,,,,,
oname:hdslay1_t2_otype:arr_i:26_j:8,33.84816,0.0,hdslay1_t2,26,8,hdslay1,arr,,,,,,
oname:hdslay1_t2_otype:arr_i:26_j:9,33.79889,0.0,hdslay1_t2,26,9,hdslay1,arr,,,,,,
oname:hdslay1_t2_otype:arr_i:27_j:0,34.07417,0.0,hdslay1_t2,27,0,hdslay1,arr,,,,,,
oname:hdslay1_t2_otype:arr_i:27_j:1,34.06534,0.0,hdslay1_t2,27,1,hdslay1,arr,,,,,,
oname:hdslay1_t2_otype:arr_i:27_j:10,33.76924,0.0,hdslay1_t2,27,10,hdslay1,arr,,,,,,
oname:hdslay1_t2_otype:arr_i:27_j:11,33.77523,0.0,hdslay1_t2,27,11,hdslay1,arr,,,,,,
oname:hdslay1_t2_otype:arr_i:27_j:12,33.77977,0.0,hdslay1_t2,27,12,hdslay1,arr,,,,,,
oname:hdslay1_t2_otype:arr_i:27_j:13,33.78134,0.0,hdslay1_t2,27,13,hdslay1,arr,,,,,,
oname:hdslay1_t2_otype:arr_i:27_j:14,33.77755,0.0,hdslay1_t2,27,14,hdslay1,arr,,,,,,
oname:hdslay1_t2_otype:arr_i:27_j:15,33.77284,0.0,hdslay1_t2,27,15,hdslay1,arr,,,,,,
oname:hdslay1_t2_otype:arr_i:27_j:16,33.77932,0.0,hdslay1_t2,27,16,hdslay1,arr,,,,,,
oname:hdslay1_t2_otype:arr_i:27_j:17,33.78844,0.0,hdslay1_t2,27,17,hdslay1,arr,,,,,,
oname:hdslay1_t2_otype:arr_i:27_j:18,33.79889,0.0,hdslay1_t2,27,18,hdslay1,arr,,,,,,
oname:hdslay1_t2_otype:arr_i:27_j:19,33.80595,0.0,hdslay1_t2,27,19,hdslay1,arr,,,,,,
oname:hdslay1_t2_otype:arr_i:27_j:2,34.04499,0.0,hdslay1_t2,27,2,hdslay1,arr,,,,,,
oname:hdslay1_t2_otype:arr_i:27_j:3,34.01684,0.0,hdslay1_t2,27,3,hdslay1,arr,,,,,,
oname:hdslay1_t2_otype:arr_i:27_j:4,33.97704,0.0,hdslay1_t2,27,4,hdslay1,arr,,,,,,
oname:hdslay1_t2_otype:arr_i:27_j:5,33.9285,0.0,hdslay1_t2,27,5,hdslay1,arr,,,,,,
oname:hdslay1_t2_otype:arr_i:27_j:6,33.88809,0.0,hdslay1_t2,27,6,hdslay1,arr,,,,,,
oname:hdslay1_t2_otype:arr_i:27_j:7,33.85778,0.0,hdslay1_t2,27,7,hdslay1,arr,,,,,,
oname:hdslay1_t2_otype:arr_i:27_j:8,33.8276,0.0,hdslay1_t2,27,8,hdslay1,arr,,,,,,
oname:hdslay1_t2_otype:arr_i:27_j:9,33.79809,0.0,hdslay1_t2,27,9,hdslay1,arr,,,,,,
oname:hdslay1_t2_otype:arr_i:28_j:0,34.05062,0.0,hdslay1_t2,28,0,hdslay1,arr,,,,,,
oname:hdslay1_t2_otype:arr_i:28_j:1,34.04009,0.0,hdslay1_t2,28,1,hdslay1,arr,,,,,,
oname:hdslay1_t2_otype:arr_i:28_j:10,33.76999,0.0,hdslay1_t2,28,10,hdslay1,arr,,,,,,
oname:hdslay1_t2_otype:arr_i:28_j:11,33.76698,0.0,hdslay1_t2,28,11,hdslay1,arr,,,,,,
oname:hdslay1_t2_otype:arr_i:28_j:12,33.76458,0.0,hdslay1_t2,28,12,hdslay1,arr,,,,,,
oname:hdslay1_t2_otype:arr_i:28_j:13,33.76372,0.0,hdslay1_t2,28,13,hdslay1,arr,,,,,,
oname:hdslay1_t2_otype:arr_i:28_j:14,33.76247,0.0,hdslay1_t2,28,14,hdslay1,arr,,,,,,
oname:hdslay1_t2_otype:arr_i:28_j:15,33.76021,0.0,hdslay1_t2,28,15,hdslay1,arr,,,,,,
oname:hdslay1_t2_otype:arr_i:28_j:16,33.76402,0.0,hdslay1_t2,28,16,hdslay1,arr,,,,,,
oname:hdslay1_t2_otype:arr_i:28_j:17,33.77072,0.0,hdslay1_t2,28,17,hdslay1,arr,,,,,,
oname:hdslay1_t2_otype:arr_i:28_j:18,33.77652,0.0,hdslay1_t2,28,18,hdslay1,arr,,,,,,
oname:hdslay1_t2_otype:arr_i:28_j:19,33.78176,0.0,hdslay1_t2,28,19,hdslay1,arr,,,,,,
oname:hdslay1_t2_otype:arr_i:28_j:2,34.0183,0.0,hdslay1_t2,28,2,hdslay1,arr,,,,,,
oname:hdslay1_t2_otype:arr_i:28_j:3,33.98568,0.0,hdslay1_t2,28,3,hdslay1,arr,,,,,,
oname:hdslay1_t2_otype:arr_i:28_j:4,33.93966,0.0,hdslay1_t2,28,4,hdslay1,arr,,,,,,
oname:hdslay1_t2_otype:arr_i:28_j:5,33.88704,0.0,hdslay1_t2,28,5,hdslay1,arr,,,,,,
oname:hdslay1_t2_otype:arr_i:28_j:6,33.83507,0.0,hdslay1_t2,28,6,hdslay1,arr,,,,,,
oname:hdslay1_t2_otype:arr_i:28_j:7,33.81793,0.0,hdslay1_t2,28,7,hdslay1,arr,,,,,,
oname:hdslay1_t2_otype:arr_i:28_j:8,33.80413,0.0,hdslay1_t2,28,8,hdslay1,arr,,,,,,
oname:hdslay1_t2_otype:arr_i:28_j:9,33.78576,0.0,hdslay1_t2,28,9,hdslay1,arr,,,,,,
oname:hdslay1_t2_otype:arr_i:29_j:0,34.0239,0.0,hdslay1_t2,29,0,hdslay1,arr,,,,,,
oname:hdslay1_t2_otype:arr_i:29_j:1,34.01191,0.0,hdslay1_t2,29,1,hdslay1,arr,,,,,,
oname:hdslay1_t2_otype:arr_i:29_j:10,33.75799,0.0,hdslay1_t2,29,10,hdslay1,arr,,,,,,
oname:hdslay1_t2_otype:arr_i:29_j:11,33.75082,0.0,hdslay1_t2,29,11,hdslay1,arr,,,,,,
oname:hdslay1_t2_otype:arr_i:29_j:12,33.74635,0.0,hdslay1_t2,29,12,hdslay1,arr,,,,,,
oname:hdslay1_t2_otype:arr_i:29_j:13,33.74548,0.0,hdslay1_t2,29,13,hdslay1,arr,,,,,,
oname:hdslay1_t2_otype:arr_i:29_j:14,33.74433,0.0,hdslay1_t2,29,14,hdslay1,arr,,,,,,
oname:hdslay1_t2_otype:arr_i:29_j:15,33.74262,0.0,hdslay1_t2,29,15,hdslay1,arr,,,,,,
oname:hdslay1_t2_otype:arr_i:29_j:16,33.74719,0.0,hdslay1_t2,29,16,hdslay1,arr,,,,,,
oname:hdslay1_t2_otype:arr_i:29_j:17,33.75178,0.0,hdslay1_t2,29,17,hdslay1,arr,,,,,,
oname:hdslay1_t2_otype:arr_i:29_j:18,33.75775,0.0,hdslay1_t2,29,18,hdslay1,arr,,,,,,
oname:hdslay1_t2_otype:arr_i:29_j:19,33.7609,0.0,hdslay1_t2,29,19,hdslay1,arr,,,,,,
oname:hdslay1_t2_otype:arr_i:29_j:2,33.98451,0.0,hdslay1_t2,29,2,hdslay1,arr,,,,,,
oname:hdslay1_t2_otype:arr_i:29_j:3,33.94942,0.0,hdslay1_t2,29,3,hdslay1,arr,,,,,,
oname:hdslay1_t2_otype:arr_i:29_j:4,33.90438,0.0,hdslay1_t2,29,4,hdslay1,arr,,,,,,
oname:hdslay1_t2_otype:arr_i:29_j:5,33.83756,0.0,hdslay1_t2,29,5,hdslay1,arr,,,,,,
oname:hdslay1_t2_otype:arr_i:29_j:6,33.74787,0.0,hdslay1_t2,29,6,hdslay1,arr,,,,,,
oname:hdslay1_t2_otype:arr_i:29_j:7,33.77725,0.0,hdslay1_t2,29,7,hdslay1,arr,,,,,,
oname:hdslay1_t2_otype:arr_i:29_j:8,33.77735,0.0,hdslay1_t2,29,8,hdslay1,arr,,,,,,
oname:hdslay1_t2_otype:arr_i:29_j:9,33.76743,0.0,hdslay1_t2,29,9,hdslay1,arr,,,,,,
oname:hdslay1_t2_otype:arr_i:2_j:0,35.11392,0.0,hdslay1_t2,2,0,hdslay1,arr,,,,,,
oname:hdslay1_t2_otype:arr_i:2_j:1,35.10525,0.0,hdslay1_t2,2,1,hdslay1,arr,,,,,,
oname:hdslay1_t2_otype:arr_i:2_j:10,34.46258,0.0,hdslay1_t2,2,10,hdslay1,arr,,,,,,
oname:hdslay1_t2_otype:arr_i:2_j:11,34.41394,0.0,hdslay1_t2,2,11,hdslay1,arr,,,,,,
oname:hdslay1_t2_otype:arr_i:2_j:12,34.3668,0.0,hdslay1_t2,2,12,hdslay1,arr,,,,,,
oname:hdslay1_t2_otype:arr_i:2_j:13,34.31721,0.0,hdslay1_t2,2,13,hdslay1,arr,,,,,,
oname:hdslay1_t2_otype:arr_i:2_j:14,34.26973,0.0,hdslay1_t2,2,14,hdslay1,arr,,,,,,
oname:hdslay1_t2_otype:arr_i:2_j:15,34.22919,0.0,hdslay1_t2,2,15,hdslay1,arr,,,,,,
oname:hdslay1_t2_otype:arr_i:2_j:16,34.21975,0.0,hdslay1_t2,2,16,hdslay1,arr,,,,,,
oname:hdslay1_t2_otype:arr_i:2_j:17,34.21124,0.0,hdslay1_t2,2,17,hdslay1,arr,,,,,,
oname:hdslay1_t2_otype:arr_i:2_j:18,34.20498,0.0,hdslay1_t2,2,18,hdslay1,arr,,,,,,
oname:hdslay1_t2_otype:arr_i:2_j:19,34.20276,0.0,hdslay1_t2,2,19,hdslay1,arr,,,,,,
oname:hdslay1_t2_otype:arr_i:2_j:2,35.08847,0.0,hdslay1_t2,2,2,hdslay1,arr,,,,,,
oname:hdslay1_t2_otype:arr_i:2_j:3,35.04656,0.0,hdslay1_t2,2,3,hdslay1,arr,,,,,,
oname:hdslay1_t2_otype:arr_i:2_j:4,34.98256,0.0,hdslay1_t2,2,4,hdslay1,arr,,,,,,
oname:hdslay1_t2_otype:arr_i:2_j:5,34.90028,0.0,hdslay1_t2,2,5,hdslay1,arr,,,,,,
oname:hdslay1_t2_otype:arr_i:2_j:6,34.79997,0.0,hdslay1_t2,2,6,hdslay1,arr,,,,,,
oname:hdslay1_t2_otype:arr_i:2_j:7,34.68134,0.0,hdslay1_t2,2,7,hdslay1,arr,,,,,,
oname:hdslay1_t2_otype:arr_i:2_j:8,34.58613,0.0,hdslay1_t2,2,8,hdslay1,arr,,,,,,
oname:hdslay1_t2_otype:arr_i:2_j:9,34.5169,0.0,hdslay1_t2,2,9,hdslay1,arr,,,,,,
oname:hdslay1_t2_otype:arr_i:30_j:0,33.99408,0.0,hdslay1_t2,30,0,hdslay1,arr,,,,,,
oname:hdslay1_t2_otype:arr_i:30_j:1,33.97771,0.0,hdslay1_t2,30,1,hdslay1,arr,,,,,,
oname:hdslay1_t2_otype:arr_i:30_j:10,33.74037,0.0,hdslay1_t2,30,10,hdslay1,arr,,,,,,
oname:hdslay1_t2_otype:arr_i:30_j:11,33.7322,0.0,hdslay1_t2,30,11,hdslay1,arr,,,,,,
oname:hdslay1_t2_otype:arr_i:30_j:12,33.72736,0.0,hdslay1_t2,30,12,hdslay1,arr,,,,,,
oname:hdslay1_t2_otype:arr_i:30_j:13,33.72467,0.0,hdslay1_t2,30,13,hdslay1,arr,,,,,,
oname:hdslay1_t2_otype:arr_i:30_j:14,33.72323,0.0,hdslay1_t2,30,14,hdslay1,arr,,,,,,
oname:hdslay1_t2_otype:arr_i:30_j:15,33.72372,0.0,hdslay1_t2,30,15,hdslay1,arr,,,,,,
oname:hdslay1_t2_otype:arr_i:30_j:16,33.72751,0.0,hdslay1_t2,30,16,hdslay1,arr,,,,,,
oname:hdslay1_t2_otype:arr_i:30_j:17,33.7315,0.0,hdslay1_t2,30,17,hdslay1,arr,,,,,,
oname:hdslay1_t2_otype:arr_i:30_j:18,33.73637,0.0,hdslay1_t2,30,18,hdslay1,arr,,,,,,
oname:hdslay1_t2_otype:arr_i:30_j:19,33.73746,0.0,hdslay1_t2,30,19,hdslay1,arr,,,,,,
oname:hdslay1_t2_otype:arr_i:30_j:2,33.95215,0.0,hdslay1_t2,30,2,hdslay1,arr,,,,,,
oname:hdslay1_t2_otype:arr_i:30_j:3,33.92327,0.0,hdslay1_t2,30,3,hdslay1,arr,,,,,,
oname:hdslay1_t2_otype:arr_i:30_j:4,33.87947,0.0,hdslay1_t2,30,4,hdslay1,arr,,,,,,
oname:hdslay1_t2_otype:arr_i:30_j:5,33.82474,0.0,hdslay1_t2,30,5,hdslay1,arr,,,,,,
oname:hdslay1_t2_otype:arr_i:30_j:6,33.77659,0.0,hdslay1_t2,30,6,hdslay1,arr,,,,,,
oname:hdslay1_t2_otype:arr_i:30_j:7,33.76545,0.0,hdslay1_t2,30,7,hdslay1,arr,,,,,,
oname:hdslay1_t2_otype:arr_i:30_j:8,33.75731,0.0,hdslay1_t2,30,8,hdslay1,arr,,,,,,
oname:hdslay1_t2_otype:arr_i:30_j:9,33.74848,0.0,hdslay1_t2,30,9,hdslay1,arr,,,,,,
oname:hdslay1_t2_otype:arr_i:31_j:0,33.97324,0.0,hdslay1_t2,31,0,hdslay1,arr,,,,,,
oname:hdslay1_t2_otype:arr_i:31_j:1,33.94918,0.0,hdslay1_t2,31,1,hdslay1,arr,,,,,,
oname:hdslay1_t2_otype:arr_i:31_j:10,33.72187,0.0,hdslay1_t2,31,10,hdslay1,arr,,,,,,
oname:hdslay1_t2_otype:arr_i:31_j:11,33.71149,0.0,hdslay1_t2,31,11,hdslay1,arr,,,,,,
oname:hdslay1_t2_otype:arr_i:31_j:12,33.70445,0.0,hdslay1_t2,31,12,hdslay1,arr,,,,,,
oname:hdslay1_t2_otype:arr_i:31_j:13,33.70073,0.0,hdslay1_t2,31,13,hdslay1,arr,,,,,,
oname:hdslay1_t2_otype:arr_i:31_j:14,33.70219,0.0,hdslay1_t2,31,14,hdslay1,arr,,,,,,
oname:hdslay1_t2_otype:arr_i:31_j:15,33.70534,0.0,hdslay1_t2,31,15,hdslay1,arr,,,,,,
oname:hdslay1_t2_otype:arr_i:31_j:16,33.70959,0.0,hdslay1_t2,31,16,hdslay1,arr,,,,,,
oname:hdslay1_t2_otype:arr_i:31_j:17,33.71348,0.0,hdslay1_t2,31,17,hdslay1,arr,,,,,,
oname:hdslay1_t2_otype:arr_i:31_j:18,33.71697,0.0,hdslay1_t2,31,18,hdslay1,arr,,,,,,
oname:hdslay1_t2_otype:arr_i:31_j:19,33.71871,0.0,hdslay1_t2,31,19,hdslay1,arr,,,,,,
oname:hdslay1_t2_otype:arr_i:31_j:2,33.92692,0.0,hdslay1_t2,31,2,hdslay1,arr,,,,,,
oname:hdslay1_t2_otype:arr_i:31_j:3,33.89649,0.0,hdslay1_t2,31,3,hdslay1,arr,,,,,,
oname:hdslay1_t2_otype:arr_i:31_j:4,33.85105,0.0,hdslay1_t2,31,4,hdslay1,arr,,,,,,
oname:hdslay1_t2_otype:arr_i:31_j:5,33.80478,0.0,hdslay1_t2,31,5,hdslay1,arr,,,,,,
oname:hdslay1_t2_otype:arr_i:31_j:6,33.77049,0.0,hdslay1_t2,31,6,hdslay1,arr,,,,,,
oname:hdslay1_t2_otype:arr_i:31_j:7,33.75112,0.0,hdslay1_t2,31,7,hdslay1,arr,,,,,,
oname:hdslay1_t2_otype:arr_i:31_j:8,33.74051,0.0,hdslay1_t2,31,8,hdslay1,arr,,,,,,
oname:hdslay1_t2_otype:arr_i:31_j:9,33.73047,0.0,hdslay1_t2,31,9,hdslay1,arr,,,,,,
oname:hdslay1_t2_otype:arr_i:32_j:0,1e+30,0.0,hdslay1_t2,32,0,hdslay1,arr,,,,,,
oname:hdslay1_t2_otype:arr_i:32_j:1,33.92823,0.0,hdslay1_t2,32,1,hdslay1,arr,,,,,,
oname:hdslay1_t2_otype:arr_i:32_j:10,33.69673,0.0,hdslay1_t2,32,10,hdslay1,arr,,,,,,
oname:hdslay1_t2_otype:arr_i:32_j:11,33.68593,0.0,hdslay1_t2,32,11,hdslay1,arr,,,,,,
oname:hdslay1_t2_otype:arr_i:32_j:12,33.67765,0.0,hdslay1_t2,32,12,hdslay1,arr,,,,,,
oname:hdslay1_t2_otype:arr_i:32_j:13,33.67671,0.0,hdslay1_t2,32,13,hdslay1,arr,,,,,,
oname:hdslay1_t2_otype:arr_i:32_j:14,33.68188,0.0,hdslay1_t2,32,14,hdslay1,arr,,,,,,
oname:hdslay1_t2_otype:arr_i:32_j:15,33.6886,0.0,hdslay1_t2,32,15,hdslay1,arr,,,,,,
oname:hdslay1_t2_otype:arr_i:32_j:16,33.69465,0.0,hdslay1_t2,32,16,hdslay1,arr,,,,,,
oname:hdslay1_t2_otype:arr_i:32_j:17,33.69852,0.0,hdslay1_t2,32,17,hdslay1,arr,,,,,,
oname:hdslay1_t2_otype:arr_i:32_j:18,33.70228,0.0,hdslay1_t2,32,18,hdslay1,arr,,,,,,
oname:hdslay1_t2_otype:arr_i:32_j:19,33.70447,0.0,hdslay1_t2,32,19,hdslay1,arr,,,,,,
oname:hdslay1_t2_otype:arr_i:32_j:2,33.90426,0.0,hdslay1_t2,32,2,hdslay1,arr,,,,,,
oname:hdslay1_t2_otype:arr_i:32_j:3,33.86768,0.0,hdslay1_t2,32,3,hdslay1,arr,,,,,,
oname:hdslay1_t2_otype:arr_i:32_j:4,33.82238,0.0,hdslay1_t2,32,4,hdslay1,arr,,,,,,
oname:hdslay1_t2_otype:arr_i:32_j:5,33.78401,0.0,hdslay1_t2,32,5,hdslay1,arr,,,,,,
oname:hdslay1_t2_otype:arr_i:32_j:6,33.75621,0.0,hdslay1_t2,32,6,hdslay1,arr,,,,,,
oname:hdslay1_t2_otype:arr_i:32_j:7,33.73647,0.0,hdslay1_t2,32,7,hdslay1,arr,,,,,,
oname:hdslay1_t2_otype:arr_i:32_j:8,33.72111,0.0,hdslay1_t2,32,8,hdslay1,arr,,,,,,
oname:hdslay1_t2_otype:arr_i:32_j:9,33.70844,0.0,hdslay1_t2,32,9,hdslay1,arr,,,,,,
oname:hdslay1_t2_otype:arr_i:33_j:0,1e+30,0.0,hdslay1_t2,33,0,hdslay1,arr,,,,,,
oname:hdslay1_t2_otype:arr_i:33_j:1,1e+30,0.0,hdslay1_t2,33,1,hdslay1,arr,,,,,,
oname:hdslay1_t2_otype:arr_i:33_j:10,33.66798,0.0,hdslay1_t2,33,10,hdslay1,arr,,,,,,
oname:hdslay1_t2_otype:arr_i:33_j:11,33.64824,0.0,hdslay1_t2,33,11,hdslay1,arr,,,,,,
oname:hdslay1_t2_otype:arr_i:33_j:12,33.63427,0.0,hdslay1_t2,33,12,hdslay1,arr,,,,,,
oname:hdslay1_t2_otype:arr_i:33_j:13,33.64912,0.0,hdslay1_t2,33,13,hdslay1,arr,,,,,,
oname:hdslay1_t2_otype:arr_i:33_j:14,33.66056,0.0,hdslay1_t2,33,14,hdslay1,arr,,,,,,
oname:hdslay1_t2_otype:arr_i:33_j:15,33.66993,0.0,hdslay1_t2,33,15,hdslay1,arr,,,,,,
oname:hdslay1_t2_otype:arr_i:33_j:16,33.67919,0.0,hdslay1_t2,33,16,hdslay1,arr,,,,,,
oname:hdslay1_t2_otype:arr_i:33_j:17,33.68616,0.0,hdslay1_t2,33,17,hdslay1,arr,,,,,,
oname:hdslay1_t2_otype:arr_i:33_j:18,33.69146,0.0,hdslay1_t2,33,18,hdslay1,arr,,,,,,
oname:hdslay1_t2_otype:arr_i:33_j:19,33.69507,0.0,hdslay1_t2,33,19,hdslay1,arr,,,,,,
oname:hdslay1_t2_otype:arr_i:33_j:2,33.87854,0.0,hdslay1_t2,33,2,hdslay1,arr,,,,,,
oname:hdslay1_t2_otype:arr_i:33_j:3,33.83887,0.0,hdslay1_t2,33,3,hdslay1,arr,,,,,,
oname:hdslay1_t2_otype:arr_i:33_j:4,33.7901,0.0,hdslay1_t2,33,4,hdslay1,arr,,,,,,
oname:hdslay1_t2_otype:arr_i:33_j:5,33.75816,0.0,hdslay1_t2,33,5,hdslay1,arr,,,,,,
oname:hdslay1_t2_otype:arr_i:33_j:6,33.73337,0.0,hdslay1_t2,33,6,hdslay1,arr,,,,,,
oname:hdslay1_t2_otype:arr_i:33_j:7,33.71263,0.0,hdslay1_t2,33,7,hdslay1,arr,,,,,,
oname:hdslay1_t2_otype:arr_i:33_j:8,33.69489,0.0,hdslay1_t2,33,8,hdslay1,arr,,,,,,
oname:hdslay1_t2_otype:arr_i:33_j:9,33.68139,0.0,hdslay1_t2,33,9,hdslay1,arr,,,,,,
oname:hdslay1_t2_otype:arr_i:34_j:0,1e+30,0.0,hdslay1_t2,34,0,hdslay1,arr,,,,,,
oname:hdslay1_t2_otype:arr_i:34_j:1,1e+30,0.0,hdslay1_t2,34,1,hdslay1,arr,,,,,,
oname:hdslay1_t2_otype:arr_i:34_j:10,33.6327,0.0,hdslay1_t2,34,10,hdslay1,arr,,,,,,
oname:hdslay1_t2_otype:arr_i:34_j:11,33.59745,0.0,hdslay1_t2,34,11,hdslay1,arr,,,,,,
oname:hdslay1_t2_otype:arr_i:34_j:12,33.53297,0.0,hdslay1_t2,34,12,hdslay1,arr,,,,,,
oname:hdslay1_t2_otype:arr_i:34_j:13,33.61178,0.0,hdslay1_t2,34,13,hdslay1,arr,,,,,,
oname:hdslay1_t2_otype:arr_i:34_j:14,33.6365,0.0,hdslay1_t2,34,14,hdslay1,arr,,,,,,
oname:hdslay1_t2_otype:arr_i:34_j:15,33.64835,0.0,hdslay1_t2,34,15,hdslay1,arr,,,,,,
oname:hdslay1_t2_otype:arr_i:34_j:16,33.66001,0.0,hdslay1_t2,34,16,hdslay1,arr,,,,,,
oname:hdslay1_t2_otype:arr_i:34_j:17,33.67077,0.0,hdslay1_t2,34,17,hdslay1,arr,,,,,,
oname:hdslay1_t2_otype:arr_i:34_j:18,33.68028,0.0,hdslay1_t2,34,18,hdslay1,arr,,,,,,
oname:hdslay1_t2_otype:arr_i:34_j:19,33.6891,0.0,hdslay1_t2,34,19,hdslay1,arr,,,,,,
oname:hdslay1_t2_otype:arr_i:34_j:2,1e+30,0.0,hdslay1_t2,34,2,hdslay1,arr,,,,,,
oname:hdslay1_t2_otype:arr_i:34_j:3,33.79574,0.0,hdslay1_t2,34,3,hdslay1,arr,,,,,,
oname:hdslay1_t2_otype:arr_i:34_j:4,33.74787,0.0,hdslay1_t2,34,4,hdslay1,arr,,,,,,
oname:hdslay1_t2_otype:arr_i:34_j:5,33.72418,0.0,hdslay1_t2,34,5,hdslay1,arr,,,,,,
oname:hdslay1_t2_otype:arr_i:34_j:6,33.69912,0.0,hdslay1_t2,34,6,hdslay1,arr,,,,,,
oname:hdslay1_t2_otype:arr_i:34_j:7,33.68027,0.0,hdslay1_t2,34,7,hdslay1,arr,,,,,,
oname:hdslay1_t2_otype:arr_i:34_j:8,33.66604,0.0,hdslay1_t2,34,8,hdslay1,arr,,,,,,
oname:hdslay1_t2_otype:arr_i:34_j:9,33.65228,0.0,hdslay1_t2,34,9,hdslay1,arr,,,,,,
oname:hdslay1_t2_otype:arr_i:35_j:0,1e+30,0.0,hdslay1_t2,35,0,hdslay1,arr,,,,,,
oname:hdslay1_t2_otype:arr_i:35_j:1,1e+30,0.0,hdslay1_t2,35,1,hdslay1,arr,,,,,,
oname:hdslay1_t2_otype:arr_i:35_j:10,33.59701,0.0,hdslay1_t2,35,10,hdslay1,arr,,,,,,
oname:hdslay1_t2_otype:arr_i:35_j:11,33.58169,0.0,hdslay1_t2,35,11,hdslay1,arr,,,,,,
oname:hdslay1_t2_otype:arr_i:35_j:12,33.57187,0.0,hdslay1_t2,35,12,hdslay1,arr,,,,,,
oname:hdslay1_t2_otype:arr_i:35_j:13,33.59902,0.0,hdslay1_t2,35,13,hdslay1,arr,,,,,,
oname:hdslay1_t2_otype:arr_i:35_j:14,33.61875,0.0,hdslay1_t2,35,14,hdslay1,arr,,,,,,
oname:hdslay1_t2_otype:arr_i:35_j:15,33.6304,0.0,hdslay1_t2,35,15,hdslay1,arr,,,,,,
oname:hdslay1_t2_otype:arr_i:35_j:16,33.64049,0.0,hdslay1_t2,35,16,hdslay1,arr,,,,,,
oname:hdslay1_t2_otype:arr_i:35_j:17,33.65141,0.0,hdslay1_t2,35,17,hdslay1,arr,,,,,,
oname:hdslay1_t2_otype:arr_i:35_j:18,33.66115,0.0,hdslay1_t2,35,18,hdslay1,arr,,,,,,
oname:hdslay1_t2_otype:arr_i:35_j:19,1e+30,0.0,hdslay1_t2,35,19,hdslay1,arr,,,,,,
oname:hdslay1_t2_otype:arr_i:35_j:2,1e+30,0.0,hdslay1_t2,35,2,hdslay1,arr,,,,,,
oname:hdslay1_t2_otype:arr_i:35_j:3,1e+30,0.0,hdslay1_t2,35,3,hdslay1,arr,,,,,,
oname:hdslay1_t2_otype:arr_i:35_j:4,33.70343,0.0,hdslay1_t2,35,4,hdslay1,arr,,,,,,
oname:hdslay1_t2_otype:arr_i:35_j:5,33.68301,0.0,hdslay1_t2,35,5,hdslay1,arr,,,,,,
oname:hdslay1_t2_otype:arr_i:35_j:6,33.65865,0.0,hdslay1_t2,35,6,hdslay1,arr,,,,,,
oname:hdslay1_t2_otype:arr_i:35_j:7,33.64082,0.0,hdslay1_t2,35,7,hdslay1,arr,,,,,,
oname:hdslay1_t2_otype:arr_i:35_j:8,33.62952,0.0,hdslay1_t2,35,8,hdslay1,arr,,,,,,
oname:hdslay1_t2_otype:arr_i:35_j:9,33.61657,0.0,hdslay1_t2,35,9,hdslay1,arr,,,,,,
oname:hdslay1_t2_otype:arr_i:36_j:0,1e+30,0.0,hdslay1_t2,36,0,hdslay1,arr,,,,,,
oname:hdslay1_t2_otype:arr_i:36_j:1,1e+30,0.0,hdslay1_t2,36,1,hdslay1,arr,,,,,,
oname:hdslay1_t2_otype:arr_i:36_j:10,33.56453,0.0,hdslay1_t2,36,10,hdslay1,arr,,,,,,
oname:hdslay1_t2_otype:arr_i:36_j:11,33.5622,0.0,hdslay1_t2,36,11,hdslay1,arr,,,,,,
oname:hdslay1_t2_otype:arr_i:36_j:12,33.56294,0.0,hdslay1_t2,36,12,hdslay1,arr,,,,,,
oname:hdslay1_t2_otype:arr_i:36_j:13,33.58046,0.0,hdslay1_t2,36,13,hdslay1,arr,,,,,,
oname:hdslay1_t2_otype:arr_i:36_j:14,33.59926,0.0,hdslay1_t2,36,14,hdslay1,arr,,,,,,
oname:hdslay1_t2_otype:arr_i:36_j:15,33.61351,0.0,hdslay1_t2,36,15,hdslay1,arr,,,,,,
oname:hdslay1_t2_otype:arr_i:36_j:16,33.62297,0.0,hdslay1_t2,36,16,hdslay1,arr,,,,,,
oname:hdslay1_t2_otype:arr_i:36_j:17,33.63507,0.0,hdslay1_t2,36,17,hdslay1,arr,,,,,,
oname:hdslay1_t2_otype:arr_i:36_j:18,33.64845,0.0,hdslay1_t2,36,18,hdslay1,arr,,,,,,
oname:hdslay1_t2_otype:arr_i:36_j:19,1e+30,0.0,hdslay1_t2,36,19,hdslay1,arr,,,,,,
oname:hdslay1_t2_otype:arr_i:36_j:2,1e+30,0.0,hdslay1_t2,36,2,hdslay1,arr,,,,,,
oname:hdslay1_t2_otype:arr_i:36_j:3,1e+30,0.0,hdslay1_t2,36,3,hdslay1,arr,,,,,,
oname:hdslay1_t2_otype:arr_i:36_j:4,33.67591,0.0,hdslay1_t2,36,4,hdslay1,arr,,,,,,
oname:hdslay1_t2_otype:arr_i:36_j:5,33.63858,0.0,hdslay1_t2,36,5,hdslay1,arr,,,,,,
oname:hdslay1_t2_otype:arr_i:36_j:6,33.61418,0.0,hdslay1_t2,36,6,hdslay1,arr,,,,,,
oname:hdslay1_t2_otype:arr_i:36_j:7,33.5988,0.0,hdslay1_t2,36,7,hdslay1,arr,,,,,,
oname:hdslay1_t2_otype:arr_i:36_j:8,33.58708,0.0,hdslay1_t2,36,8,hdslay1,arr,,,,,,
oname:hdslay1_t2_otype:arr_i:36_j:9,33.57749,0.0,hdslay1_t2,36,9,hdslay1,arr,,,,,,
oname:hdslay1_t2_otype:arr_i:37_j:0,1e+30,0.0,hdslay1_t2,37,0,hdslay1,arr,,,,,,
oname:hdslay1_t2_otype:arr_i:37_j:1,1e+30,0.0,hdslay1_t2,37,1,hdslay1,arr,,,,,,
oname:hdslay1_t2_otype:arr_i:37_j:10,33.52957,0.0,hdslay1_t2,37,10,hdslay1,arr,,,,,,
oname:hdslay1_t2_otype:arr_i:37_j:11,33.52642,0.0,hdslay1_t2,37,11,hdslay1,arr,,,,,,
oname:hdslay1_t2_otype:arr_i:37_j:12,33.5339,0.0,hdslay1_t2,37,12,hdslay1,arr,,,,,,
oname:hdslay1_t2_otype:arr_i:37_j:13,33.55383,0.0,hdslay1_t2,37,13,hdslay1,arr,,,,,,
oname:hdslay1_t2_otype:arr_i:37_j:14,33.57695,0.0,hdslay1_t2,37,14,hdslay1,arr,,,,,,
oname:hdslay1_t2_otype:arr_i:37_j:15,33.59699,0.0,hdslay1_t2,37,15,hdslay1,arr,,,,,,
oname:hdslay1_t2_otype:arr_i:37_j:16,33.60814,0.0,hdslay1_t2,37,16,hdslay1,arr,,,,,,
oname:hdslay1_t2_otype:arr_i:37_j:17,33.62031,0.0,hdslay1_t2,37,17,hdslay1,arr,,,,,,
oname:hdslay1_t2_otype:arr_i:37_j:18,1e+30,0.0,hdslay1_t2,37,18,hdslay1,arr,,,,,,
oname:hdslay1_t2_otype:arr_i:37_j:19,1e+30,0.0,hdslay1_t2,37,19,hdslay1,arr,,,,,,
oname:hdslay1_t2_otype:arr_i:37_j:2,1e+30,0.0,hdslay1_t2,37,2,hdslay1,arr,,,,,,
oname:hdslay1_t2_otype:arr_i:37_j:3,1e+30,0.0,hdslay1_t2,37,3,hdslay1,arr,,,,,,
oname:hdslay1_t2_otype:arr_i:37_j:4,1e+30,0.0,hdslay1_t2,37,4,hdslay1,arr,,,,,,
oname:hdslay1_t2_otype:arr_i:37_j:5,33.57136,0.0,hdslay1_t2,37,5,hdslay1,arr,,,,,,
oname:hdslay1_t2_otype:arr_i:37_j:6,33.56636,0.0,hdslay1_t2,37,6,hdslay1,arr,,,,,,
oname:hdslay1_t2_otype:arr_i:37_j:7,33.55795,0.0,hdslay1_t2,37,7,hdslay1,arr,,,,,,
oname:hdslay1_t2_otype:arr_i:37_j:8,33.54656,0.0,hdslay1_t2,37,8,hdslay1,arr,,,,,,
oname:hdslay1_t2_otype:arr_i:37_j:9,33.5385,0.0,hdslay1_t2,37,9,hdslay1,arr,,,,,,
oname:hdslay1_t2_otype:arr_i:38_j:0,1e+30,0.0,hdslay1_t2,38,0,hdslay1,arr,,,,,,
oname:hdslay1_t2_otype:arr_i:38_j:1,1e+30,0.0,hdslay1_t2,38,1,hdslay1,arr,,,,,,
oname:hdslay1_t2_otype:arr_i:38_j:10,33.47349,0.0,hdslay1_t2,38,10,hdslay1,arr,,,,,,
oname:hdslay1_t2_otype:arr_i:38_j:11,33.46696,0.0,hdslay1_t2,38,11,hdslay1,arr,,,,,,
oname:hdslay1_t2_otype:arr_i:38_j:12,33.4829,0.0,hdslay1_t2,38,12,hdslay1,arr,,,,,,
oname:hdslay1_t2_otype:arr_i:38_j:13,33.5123,0.0,hdslay1_t2,38,13,hdslay1,arr,,,,,,
oname:hdslay1_t2_otype:arr_i:38_j:14,33.54761,0.0,hdslay1_t2,38,14,hdslay1,arr,,,,,,
oname:hdslay1_t2_otype:arr_i:38_j:15,33.57998,0.0,hdslay1_t2,38,15,hdslay1,arr,,,,,,
oname:hdslay1_t2_otype:arr_i:38_j:16,33.59675,0.0,hdslay1_t2,38,16,hdslay1,arr,,,,,,
oname:hdslay1_t2_otype:arr_i:38_j:17,1e+30,0.0,hdslay1_t2,38,17,hdslay1,arr,,,,,,
oname:hdslay1_t2_otype:arr_i:38_j:18,1e+30,0.0,hdslay1_t2,38,18,hdslay1,arr,,,,,,
oname:hdslay1_t2_otype:arr_i:38_j:19,1e+30,0.0,hdslay1_t2,38,19,hdslay1,arr,,,,,,
oname:hdslay1_t2_otype:arr_i:38_j:2,1e+30,0.0,hdslay1_t2,38,2,hdslay1,arr,,,,,,
oname:hdslay1_t2_otype:arr_i:38_j:3,1e+30,0.0,hdslay1_t2,38,3,hdslay1,arr,,,,,,
oname:hdslay1_t2_otype:arr_i:38_j:4,1e+30,0.0,hdslay1_t2,38,4,hdslay1,arr,,,,,,
oname:hdslay1_t2_otype:arr_i:38_j:5,33.51321,0.0,hdslay1_t2,38,5,hdslay1,arr,,,,,,
oname:hdslay1_t2_otype:arr_i:38_j:6,33.51306,0.0,hdslay1_t2,38,6,hdslay1,arr,,,,,,
oname:hdslay1_t2_otype:arr_i:38_j:7,33.50293,0.0,hdslay1_t2,38,7,hdslay1,arr,,,,,,
oname:hdslay1_t2_otype:arr_i:38_j:8,33.49605,0.0,hdslay1_t2,38,8,hdslay1,arr,,,,,,
oname:hdslay1_t2_otype:arr_i:38_j:9,33.48608,0.0,hdslay1_t2,38,9,hdslay1,arr,,,,,,
oname:hdslay1_t2_otype:arr_i:39_j:0,1e+30,0.0,hdslay1_t2,39,0,hdslay1,arr,,,,,,
oname:hdslay1_t2_otype:arr_i:39_j:1,1e+30,0.0,hdslay1_t2,39,1,hdslay1,arr,,,,,,
oname:hdslay1_t2_otype:arr_i:39_j:10,33.37885,0.0,hdslay1_t2,39,10,hdslay1,arr,,,,,,
oname:hdslay1_t2_otype:arr_i:39_j:11,33.38711,0.0,hdslay1_t2,39,11,hdslay1,arr,,,,,,
oname:hdslay1_t2_otype:arr_i:39_j:12,33.40862,0.0,hdslay1_t2,39,12,hdslay1,arr,,,,,,
oname:hdslay1_t2_otype:arr_i:39_j:13,33.44713,0.0,hdslay1_t2,39,13,hdslay1,arr,,,,,,
oname:hdslay1_t2_otype:arr_i:39_j:14,33.49262,0.0,hdslay1_t2,39,14,hdslay1,arr,,,,,,
oname:hdslay1_t2_otype:arr_i:39_j:15,33.55443,0.0,hdslay1_t2,39,15,hdslay1,arr,,,,,,
oname:hdslay1_t2_otype:arr_i:39_j:16,1e+30,0.0,hdslay1_t2,39,16,hdslay1,arr,,,,,,
oname:hdslay1_t2_otype:arr_i:39_j:17,1e+30,0.0,hdslay1_t2,39,17,hdslay1,arr,,,,,,
oname:hdslay1_t2_otype:arr_i:39_j:18,1e+30,0.0,hdslay1_t2,39,18,hdslay1,arr,,,,,,
oname:hdslay1_t2_otype:arr_i:39_j:19,1e+30,0.0,hdslay1_t2,39,19,hdslay1,arr,,,,,,
oname:hdslay1_t2_otype:arr_i:39_j:2,1e+30,0.0,hdslay1_t2,39,2,hdslay1,arr,,,,,,
oname:hdslay1_t2_otype:arr_i:39_j:3,1e+30,0.0,hdslay1_t2,39,3,hdslay1,arr,,,,,,
oname:hdslay1_t2_otype:arr_i:39_j:4,1e+30,0.0,hdslay1_t2,39,4,hdslay1,arr,,,,,,
oname:hdslay1_t2_otype:arr_i:39_j:5,33.44379,0.0,hdslay1_t2,39,5,hdslay1,arr,,,,,,
oname:hdslay1_t2_otype:arr_i:39_j:6,33.43734,0.0,hdslay1_t2,39,6,hdslay1,arr,,,,,,
oname:hdslay1_t2_otype:arr_i:39_j:7,33.43349,0.0,hdslay1_t2,39,7,hdslay1,arr,,,,,,
oname:hdslay1_t2_otype:arr_i:39_j:8,33.4239,0.0,hdslay1_t2,39,8,hdslay1,arr,,,,,,
oname:hdslay1_t2_otype:arr_i:39_j:9,33.40541,0.0,hdslay1_t2,39,9,hdslay1,arr,,,,,,
oname:hdslay1_t2_otype:arr_i:3_j:0,35.10675,0.0,hdslay1_t2,3,0,hdslay1,arr,,,,,,
oname:hdslay1_t2_otype:arr_i:3_j:1,35.10089,0.0,hdslay1_t2,3,1,hdslay1,arr,,,,,,
oname:hdslay1_t2_otype:arr_i:3_j:10,34.46364,0.0,hdslay1_t2,3,10,hdslay1,arr,,,,,,
oname:hdslay1_t2_otype:arr_i:3_j:11,34.41229,0.0,hdslay1_t2,3,11,hdslay1,arr,,,,,,
oname:hdslay1_t2_otype:arr_i:3_j:12,34.3608,0.0,hdslay1_t2,3,12,hdslay1,arr,,,,,,
oname:hdslay1_t2_otype:arr_i:3_j:13,34.30401,0.0,hdslay1_t2,3,13,hdslay1,arr,,,,,,
oname:hdslay1_t2_otype:arr_i:3_j:14,34.25594,0.0,hdslay1_t2,3,14,hdslay1,arr,,,,,,
oname:hdslay1_t2_otype:arr_i:3_j:15,34.21398,0.0,hdslay1_t2,3,15,hdslay1,arr,,,,,,
oname:hdslay1_t2_otype:arr_i:3_j:16,34.20262,0.0,hdslay1_t2,3,16,hdslay1,arr,,,,,,
oname:hdslay1_t2_otype:arr_i:3_j:17,34.19264,0.0,hdslay1_t2,3,17,hdslay1,arr,,,,,,
oname:hdslay1_t2_otype:arr_i:3_j:18,34.18629,0.0,hdslay1_t2,3,18,hdslay1,arr,,,,,,
oname:hdslay1_t2_otype:arr_i:3_j:19,34.18357,0.0,hdslay1_t2,3,19,hdslay1,arr,,,,,,
oname:hdslay1_t2_otype:arr_i:3_j:2,35.08912,0.0,hdslay1_t2,3,2,hdslay1,arr,,,,,,
oname:hdslay1_t2_otype:arr_i:3_j:3,35.05403,0.0,hdslay1_t2,3,3,hdslay1,arr,,,,,,
oname:hdslay1_t2_otype:arr_i:3_j:4,34.99535,0.0,hdslay1_t2,3,4,hdslay1,arr,,,,,,
oname:hdslay1_t2_otype:arr_i:3_j:5,34.91473,0.0,hdslay1_t2,3,5,hdslay1,arr,,,,,,
oname:hdslay1_t2_otype:arr_i:3_j:6,34.80941,0.0,hdslay1_t2,3,6,hdslay1,arr,,,,,,
oname:hdslay1_t2_otype:arr_i:3_j:7,34.69895,0.0,hdslay1_t2,3,7,hdslay1,arr,,,,,,
oname:hdslay1_t2_otype:arr_i:3_j:8,34.60187,0.0,hdslay1_t2,3,8,hdslay1,arr,,,,,,
oname:hdslay1_t2_otype:arr_i:3_j:9,34.5257,0.0,hdslay1_t2,3,9,hdslay1,arr,,,,,,
oname:hdslay1_t2_otype:arr_i:4_j:0,35.09218,0.0,hdslay1_t2,4,0,hdslay1,arr,,,,,,
oname:hdslay1_t2_otype:arr_i:4_j:1,35.0877,0.0,hdslay1_t2,4,1,hdslay1,arr,,,,,,
oname:hdslay1_t2_otype:arr_i:4_j:10,34.46601,0.0,hdslay1_t2,4,10,hdslay1,arr,,,,,,
oname:hdslay1_t2_otype:arr_i:4_j:11,34.40983,0.0,hdslay1_t2,4,11,hdslay1,arr,,,,,,
oname:hdslay1_t2_otype:arr_i:4_j:12,34.34532,0.0,hdslay1_t2,4,12,hdslay1,arr,,,,,,
oname:hdslay1_t2_otype:arr_i:4_j:13,34.28427,0.0,hdslay1_t2,4,13,hdslay1,arr,,,,,,
oname:hdslay1_t2_otype:arr_i:4_j:14,34.23552,0.0,hdslay1_t2,4,14,hdslay1,arr,,,,,,
oname:hdslay1_t2_otype:arr_i:4_j:15,34.19491,0.0,hdslay1_t2,4,15,hdslay1,arr,,,,,,
oname:hdslay1_t2_otype:arr_i:4_j:16,34.17996,0.0,hdslay1_t2,4,16,hdslay1,arr,,,,,,
oname:hdslay1_t2_otype:arr_i:4_j:17,34.17043,0.0,hdslay1_t2,4,17,hdslay1,arr,,,,,,
oname:hdslay1_t2_otype:arr_i:4_j:18,34.16705,0.0,hdslay1_t2,4,18,hdslay1,arr,,,,,,
oname:hdslay1_t2_otype:arr_i:4_j:19,34.16663,0.0,hdslay1_t2,4,19,hdslay1,arr,,,,,,
oname:hdslay1_t2_otype:arr_i:4_j:2,35.07883,0.0,hdslay1_t2,4,2,hdslay1,arr,,,,,,
oname:hdslay1_t2_otype:arr_i:4_j:3,35.05089,0.0,hdslay1_t2,4,3,hdslay1,arr,,,,,,
oname:hdslay1_t2_otype:arr_i:4_j:4,35.00279,0.0,hdslay1_t2,4,4,hdslay1,arr,,,,,,
oname:hdslay1_t2_otype:arr_i:4_j:5,34.93101,0.0,hdslay1_t2,4,5,hdslay1,arr,,,,,,
oname:hdslay1_t2_otype:arr_i:4_j:6,34.84131,0.0,hdslay1_t2,4,6,hdslay1,arr,,,,,,
oname:hdslay1_t2_otype:arr_i:4_j:7,34.72731,0.0,hdslay1_t2,4,7,hdslay1,arr,,,,,,
oname:hdslay1_t2_otype:arr_i:4_j:8,34.61896,0.0,hdslay1_t2,4,8,hdslay1,arr,,,,,,
oname:hdslay1_t2_otype:arr_i:4_j:9,34.53449,0.0,hdslay1_t2,4,9,hdslay1,arr,,,,,,
oname:hdslay1_t2_otype:arr_i:5_j:0,35.07615,0.0,hdslay1_t2,5,0,hdslay1,arr,,,,,,
oname:hdslay1_t2_otype:arr_i:5_j:1,35.07322,0.0,hdslay1_t2,5,1,hdslay1,arr,,,,,,
oname:hdslay1_t2_otype:arr_i:5_j:10,34.46138,0.0,hdslay1_t2,5,10,hdslay1,arr,,,,,,
oname:hdslay1_t2_otype:arr_i:5_j:11,34.39675,0.0,hdslay1_t2,5,11,hdslay1,arr,,,,,,
oname:hdslay1_t2_otype:arr_i:5_j:12,34.32617,0.0,hdslay1_t2,5,12,hdslay1,arr,,,,,,
oname:hdslay1_t2_otype:arr_i:5_j:13,34.26038,0.0,hdslay1_t2,5,13,hdslay1,arr,,,,,,
oname:hdslay1_t2_otype:arr_i:5_j:14,34.20641,0.0,hdslay1_t2,5,14,hdslay1,arr,,,,,,
oname:hdslay1_t2_otype:arr_i:5_j:15,34.166,0.0,hdslay1_t2,5,15,hdslay1,arr,,,,,,
oname:hdslay1_t2_otype:arr_i:5_j:16,34.15429,0.0,hdslay1_t2,5,16,hdslay1,arr,,,,,,
oname:hdslay1_t2_otype:arr_i:5_j:17,34.1459,0.0,hdslay1_t2,5,17,hdslay1,arr,,,,,,
oname:hdslay1_t2_otype:arr_i:5_j:18,34.14532,0.0,hdslay1_t2,5,18,hdslay1,arr,,,,,,
oname:hdslay1_t2_otype:arr_i:5_j:19,34.14748,0.0,hdslay1_t2,5,19,hdslay1,arr,,,,,,
oname:hdslay1_t2_otype:arr_i:5_j:2,35.06341,0.0,hdslay1_t2,5,2,hdslay1,arr,,,,,,
oname:hdslay1_t2_otype:arr_i:5_j:3,35.04014,0.0,hdslay1_t2,5,3,hdslay1,arr,,,,,,
oname:hdslay1_t2_otype:arr_i:5_j:4,35.00164,0.0,hdslay1_t2,5,4,hdslay1,arr,,,,,,
oname:hdslay1_t2_otype:arr_i:5_j:5,34.93786,0.0,hdslay1_t2,5,5,hdslay1,arr,,,,,,
oname:hdslay1_t2_otype:arr_i:5_j:6,34.85073,0.0,hdslay1_t2,5,6,hdslay1,arr,,,,,,
oname:hdslay1_t2_otype:arr_i:5_j:7,34.75152,0.0,hdslay1_t2,5,7,hdslay1,arr,,,,,,
oname:hdslay1_t2_otype:arr_i:5_j:8,34.64541,0.0,hdslay1_t2,5,8,hdslay1,arr,,,,,,
oname:hdslay1_t2_otype:arr_i:5_j:9,34.53952,0.0,hdslay1_t2,5,9,hdslay1,arr,,,,,,
oname:hdslay1_t2_otype:arr_i:6_j:0,35.06657,0.0,hdslay1_t2,6,0,hdslay1,arr,,,,,,
oname:hdslay1_t2_otype:arr_i:6_j:1,35.06382,0.0,hdslay1_t2,6,1,hdslay1,arr,,,,,,
oname:hdslay1_t2_otype:arr_i:6_j:10,34.43935,0.0,hdslay1_t2,6,10,hdslay1,arr,,,,,,
oname:hdslay1_t2_otype:arr_i:6_j:11,34.36896,0.0,hdslay1_t2,6,11,hdslay1,arr,,,,,,
oname:hdslay1_t2_otype:arr_i:6_j:12,34.28955,0.0,hdslay1_t2,6,12,hdslay1,arr,,,,,,
oname:hdslay1_t2_otype:arr_i:6_j:13,34.21723,0.0,hdslay1_t2,6,13,hdslay1,arr,,,,,,
oname:hdslay1_t2_otype:arr_i:6_j:14,34.16664,0.0,hdslay1_t2,6,14,hdslay1,arr,,,,,,
oname:hdslay1_t2_otype:arr_i:6_j:15,34.12906,0.0,hdslay1_t2,6,15,hdslay1,arr,,,,,,
oname:hdslay1_t2_otype:arr_i:6_j:16,34.12262,0.0,hdslay1_t2,6,16,hdslay1,arr,,,,,,
oname:hdslay1_t2_otype:arr_i:6_j:17,34.11721,0.0,hdslay1_t2,6,17,hdslay1,arr,,,,,,
oname:hdslay1_t2_otype:arr_i:6_j:18,34.11714,0.0,hdslay1_t2,6,18,hdslay1,arr,,,,,,
oname:hdslay1_t2_otype:arr_i:6_j:19,34.11714,0.0,hdslay1_t2,6,19,hdslay1,arr,,,,,,
oname:hdslay1_t2_otype:arr_i:6_j:2,35.05626,0.0,hdslay1_t2,6,2,hdslay1,arr,,,,,,
oname:hdslay1_t2_otype:arr_i:6_j:3,35.03869,0.0,hdslay1_t2,6,3,hdslay1,arr,,,,,,
oname:hdslay1_t2_otype:arr_i:6_j:4,35.00453,0.0,hdslay1_t2,6,4,hdslay1,arr,,,,,,
oname:hdslay1_t2_otype:arr_i:6_j:5,34.93673,0.0,hdslay1_t2,6,5,hdslay1,arr,,,,,,
oname:hdslay1_t2_otype:arr_i:6_j:6,34.84241,0.0,hdslay1_t2,6,6,hdslay1,arr,,,,,,
oname:hdslay1_t2_otype:arr_i:6_j:7,34.74291,0.0,hdslay1_t2,6,7,hdslay1,arr,,,,,,
oname:hdslay1_t2_otype:arr_i:6_j:8,34.63659,0.0,hdslay1_t2,6,8,hdslay1,arr,,,,,,
oname:hdslay1_t2_otype:arr_i:6_j:9,34.52419,0.0,hdslay1_t2,6,9,hdslay1,arr,,,,,,
oname:hdslay1_t2_otype:arr_i:7_j:0,35.06036,0.0,hdslay1_t2,7,0,hdslay1,arr,,,,,,
oname:hdslay1_t2_otype:arr_i:7_j:1,35.05846,0.0,hdslay1_t2,7,1,hdslay1,arr,,,,,,
oname:hdslay1_t2_otype:arr_i:7_j:10,34.39196,0.0,hdslay1_t2,7,10,hdslay1,arr,,,,,,
oname:hdslay1_t2_otype:arr_i:7_j:11,34.3201,0.0,hdslay1_t2,7,11,hdslay1,arr,,,,,,
oname:hdslay1_t2_otype:arr_i:7_j:12,34.23214,0.0,hdslay1_t2,7,12,hdslay1,arr,,,,,,
oname:hdslay1_t2_otype:arr_i:7_j:13,34.16028,0.0,hdslay1_t2,7,13,hdslay1,arr,,,,,,
oname:hdslay1_t2_otype:arr_i:7_j:14,34.115,0.0,hdslay1_t2,7,14,hdslay1,arr,,,,,,
oname:hdslay1_t2_otype:arr_i:7_j:15,34.08298,0.0,hdslay1_t2,7,15,hdslay1,arr,,,,,,
oname:hdslay1_t2_otype:arr_i:7_j:16,34.07191,0.0,hdslay1_t2,7,16,hdslay1,arr,,,,,,
oname:hdslay1_t2_otype:arr_i:7_j:17,34.07875,0.0,hdslay1_t2,7,17,hdslay1,arr,,,,,,
oname:hdslay1_t2_otype:arr_i:7_j:18,34.08108,0.0,hdslay1_t2,7,18,hdslay1,arr,,,,,,
oname:hdslay1_t2_otype:arr_i:7_j:19,34.08117,0.0,hdslay1_t2,7,19,hdslay1,arr,,,,,,
oname:hdslay1_t2_otype:arr_i:7_j:2,35.05336,0.0,hdslay1_t2,7,2,hdslay1,arr,,,,,,
oname:hdslay1_t2_otype:arr_i:7_j:3,35.04182,0.0,hdslay1_t2,7,3,hdslay1,arr,,,,,,
oname:hdslay1_t2_otype:arr_i:7_j:4,35.00393,0.0,hdslay1_t2,7,4,hdslay1,arr,,,,,,
oname:hdslay1_t2_otype:arr_i:7_j:5,34.9322,0.0,hdslay1_t2,7,5,hdslay1,arr,,,,,,
oname:hdslay1_t2_otype:arr_i:7_j:6,34.84211,0.0,hdslay1_t2,7,6,hdslay1,arr,,,,,,
oname:hdslay1_t2_otype:arr_i:7_j:7,34.71959,0.0,hdslay1_t2,7,7,hdslay1,arr,,,,,,
oname:hdslay1_t2_otype:arr_i:7_j:8,34.58215,0.0,hdslay1_t2,7,8,hdslay1,arr,,,,,,
oname:hdslay1_t2_otype:arr_i:7_j:9,34.46773,0.0,hdslay1_t2,7,9,hdslay1,arr,,,,,,
oname:hdslay1_t2_otype:arr_i:8_j:0,35.05472,0.0,hdslay1_t2,8,0,hdslay1,arr,,,,,,
oname:hdslay1_t2_otype:arr_i:8_j:1,35.0541,0.0,hdslay1_t2,8,1,hdslay1,arr,,,,,,
oname:hdslay1_t2_otype:arr_i:8_j:10,34.31766,0.0,hdslay1_t2,8,10,hdslay1,arr,,,,,,
oname:hdslay1_t2_otype:arr_i:8_j:11,34.24099,0.0,hdslay1_t2,8,11,hdslay1,arr,,,,,,
oname:hdslay1_t2_otype:arr_i:8_j:12,34.15409,0.0,hdslay1_t2,8,12,hdslay1,arr,,,,,,
oname:hdslay1_t2_otype:arr_i:8_j:13,34.09504,0.0,hdslay1_t2,8,13,hdslay1,arr,,,,,,
oname:hdslay1_t2_otype:arr_i:8_j:14,34.05666,0.0,hdslay1_t2,8,14,hdslay1,arr,,,,,,
oname:hdslay1_t2_otype:arr_i:8_j:15,34.02728,0.0,hdslay1_t2,8,15,hdslay1,arr,,,,,,
oname:hdslay1_t2_otype:arr_i:8_j:16,34.00496,0.0,hdslay1_t2,8,16,hdslay1,arr,,,,,,
oname:hdslay1_t2_otype:arr_i:8_j:17,34.0262,0.0,hdslay1_t2,8,17,hdslay1,arr,,,,,,
oname:hdslay1_t2_otype:arr_i:8_j:18,34.04378,0.0,hdslay1_t2,8,18,hdslay1,arr,,,,,,
oname:hdslay1_t2_otype:arr_i:8_j:19,34.04964,0.0,hdslay1_t2,8,19,hdslay1,arr,,,,,,
oname:hdslay1_t2_otype:arr_i:8_j:2,35.05247,0.0,hdslay1_t2,8,2,hdslay1,arr,,,,,,
oname:hdslay1_t2_otype:arr_i:8_j:3,35.0495,0.0,hdslay1_t2,8,3,hdslay1,arr,,,,,,
oname:hdslay1_t2_otype:arr_i:8_j:4,1e+30,0.0,hdslay1_t2,8,4,hdslay1,arr,,,,,,
oname:hdslay1_t2_otype:arr_i:8_j:5,1e+30,0.0,hdslay1_t2,8,5,hdslay1,arr,,,,,,
oname:hdslay1_t2_otype:arr_i:8_j:6,1e+30,0.0,hdslay1_t2,8,6,hdslay1,arr,,,,,,
oname:hdslay1_t2_otype:arr_i:8_j:7,34.61301,0.0,hdslay1_t2,8,7,hdslay1,arr,,,,,,
oname:hdslay1_t2_otype:arr_i:8_j:8,34.47392,0.0,hdslay1_t2,8,8,hdslay1,arr,,,,,,
oname:hdslay1_t2_otype:arr_i:8_j:9,34.38721,0.0,hdslay1_t2,8,9,hdslay1,arr,,,,,,
oname:hdslay1_t2_otype:arr_i:9_j:0,35.04705,0.0,hdslay1_t2,9,0,hdslay1,arr,,,,,,
oname:hdslay1_t2_otype:arr_i:9_j:1,35.04519,0.0,hdslay1_t2,9,1,hdslay1,arr,,,,,,
oname:hdslay1_t2_otype:arr_i:9_j:10,34.23146,0.0,hdslay1_t2,9,10,hdslay1,arr,,,,,,
oname:hdslay1_t2_otype:arr_i:9_j:11,34.15675,0.0,hdslay1_t2,9,11,hdslay1,arr,,,,,,
oname:hdslay1_t2_otype:arr_i:9_j:12,34.08474,0.0,hdslay1_t2,9,12,hdslay1,arr,,,,,,
oname:hdslay1_t2_otype:arr_i:9_j:13,34.0392,0.0,hdslay1_t2,9,13,hdslay1,arr,,,,,,
oname:hdslay1_t2_otype:arr_i:9_j:14,34.01101,0.0,hdslay1_t2,9,14,hdslay1,arr,,,,,,
oname:hdslay1_t2_otype:arr_i:9_j:15,33.98483,0.0,hdslay1_t2,9,15,hdslay1,arr,,,,,,
oname:hdslay1_t2_otype:arr_i:9_j:16,33.90139,0.0,hdslay1_t2,9,16,hdslay1,arr,,,,,,
oname:hdslay1_t2_otype:arr_i:9_j:17,33.98432,0.0,hdslay1_t2,9,17,hdslay1,arr,,,,,,
oname:hdslay1_t2_otype:arr_i:9_j:18,34.01555,0.0,hdslay1_t2,9,18,hdslay1,arr,,,,,,
oname:hdslay1_t2_otype:arr_i:9_j:19,34.02803,0.0,hdslay1_t2,9,19,hdslay1,arr,,,,,,
oname:hdslay1_t2_otype:arr_i:9_j:2,35.04492,0.0,hdslay1_t2,9,2,hdslay1,arr,,,,,,
oname:hdslay1_t2_otype:arr_i:9_j:3,35.04229,0.0,hdslay1_t2,9,3,hdslay1,arr,,,,,,
oname:hdslay1_t2_otype:arr_i:9_j:4,1e+30,0.0,hdslay1_t2,9,4,hdslay1,arr,,,,,,
oname:hdslay1_t2_otype:arr_i:9_j:5,1e+30,0.0,hdslay1_t2,9,5,hdslay1,arr,,,,,,
oname:hdslay1_t2_otype:arr_i:9_j:6,1e+30,0.0,hdslay1_t2,9,6,hdslay1,arr,,,,,,
oname:hdslay1_t2_otype:arr_i:9_j:7,1e+30,0.0,hdslay1_t2,9,7,hdslay1,arr,,,,,,
oname:hdslay1_t2_otype:arr_i:9_j:8,34.32483,0.0,hdslay1_t2,9,8,hdslay1,arr,,,,,,
oname:hdslay1_t2_otype:arr_i:9_j:9,34.2846,0.0,hdslay1_t2,9,9,hdslay1,arr,,,,,,
oname:hdslay1_t20_otype:arr_i:0_j:0,35.14352,0.0,hdslay1_t20,0,0,hdslay1,arr,,,,,,
oname:hdslay1_t20_otype:arr_i:0_j:1,35.13019,0.0,hdslay1_t20,0,1,hdslay1,arr,,,,,,
oname:hdslay1_t20_otype:arr_i:0_j:10,34.47005,0.0,hdslay1_t20,0,10,hdslay1,arr,,,,,,
oname:hdslay1_t20_otype:arr_i:0_j:11,34.41585,0.0,hdslay1_t20,0,11,hdslay1,arr,,,,,,
oname:hdslay1_t20_otype:arr_i:0_j:12,34.37272,0.0,hdslay1_t20,0,12,hdslay1,arr,,,,,,
oname:hdslay1_t20_otype:arr_i:0_j:13,34.33022,0.0,hdslay1_t20,0,13,hdslay1,arr,,,,,,
oname:hdslay1_t20_otype:arr_i:0_j:14,34.2866,0.0,hdslay1_t20,0,14,hdslay1,arr,,,,,,
oname:hdslay1_t20_otype:arr_i:0_j:15,34.2343,0.0,hdslay1_t20,0,15,hdslay1,arr,,,,,,
oname:hdslay1_t20_otype:arr_i:0_j:16,34.22909,0.0,hdslay1_t20,0,16,hdslay1,arr,,,,,,
oname:hdslay1_t20_otype:arr_i:0_j:17,34.22344,0.0,hdslay1_t20,0,17,hdslay1,arr,,,,,,
oname:hdslay1_t20_otype:arr_i:0_j:18,34.21816,0.0,hdslay1_t20,0,18,hdslay1,arr,,,,,,
oname:hdslay1_t20_otype:arr_i:0_j:19,34.2155,0.0,hdslay1_t20,0,19,hdslay1,arr,,,,,,
oname:hdslay1_t20_otype:arr_i:0_j:2,35.10205,0.0,hdslay1_t20,0,2,hdslay1,arr,,,,,,
oname:hdslay1_t20_otype:arr_i:0_j:3,35.06635,0.0,hdslay1_t20,0,3,hdslay1,arr,,,,,,
oname:hdslay1_t20_otype:arr_i:0_j:4,35.00656,0.0,hdslay1_t20,0,4,hdslay1,arr,,,,,,
oname:hdslay1_t20_otype:arr_i:0_j:5,34.90996,0.0,hdslay1_t20,0,5,hdslay1,arr,,,,,,
oname:hdslay1_t20_otype:arr_i:0_j:6,34.79271,0.0,hdslay1_t20,0,6,hdslay1,arr,,,,,,
oname:hdslay1_t20_otype:arr_i:0_j:7,34.68837,0.0,hdslay1_t20,0,7,hdslay1,arr,,,,,,
oname:hdslay1_t20_otype:arr_i:0_j:8,34.60011,0.0,hdslay1_t20,0,8,hdslay1,arr,,,,,,
oname:hdslay1_t20_otype:arr_i:0_j:9,34.52876,0.0,hdslay1_t20,0,9,hdslay1,arr,,,,,,
oname:hdslay1_t20_otype:arr_i:10_j:0,34.97237,0.0,hdslay1_t20,10,0,hdslay1,arr,,,,,,
oname:hdslay1_t20_otype:arr_i:10_j:1,34.96902,0.0,hdslay1_t20,10,1,hdslay1,arr,,,,,,
oname:hdslay1_t20_otype:arr_i:10_j:10,34.07899,0.0,hdslay1_t20,10,10,hdslay1,arr,,,,,,
oname:hdslay1_t20_otype:arr_i:10_j:11,34.0104,0.0,hdslay1_t20,10,11,hdslay1,arr,,,,,,
oname:hdslay1_t20_otype:arr_i:10_j:12,33.94774,0.0,hdslay1_t20,10,12,hdslay1,arr,,,,,,
oname:hdslay1_t20_otype:arr_i:10_j:13,33.90792,0.0,hdslay1_t20,10,13,hdslay1,arr,,,,,,
oname:hdslay1_t20_otype:arr_i:10_j:14,33.92251,0.0,hdslay1_t20,10,14,hdslay1,arr,,,,,,
oname:hdslay1_t20_otype:arr_i:10_j:15,33.92971,0.0,hdslay1_t20,10,15,hdslay1,arr,,,,,,
oname:hdslay1_t20_otype:arr_i:10_j:16,33.9292,0.0,hdslay1_t20,10,16,hdslay1,arr,,,,,,
oname:hdslay1_t20_otype:arr_i:10_j:17,33.94532,0.0,hdslay1_t20,10,17,hdslay1,arr,,,,,,
oname:hdslay1_t20_otype:arr_i:10_j:18,33.95734,0.0,hdslay1_t20,10,18,hdslay1,arr,,,,,,
oname:hdslay1_t20_otype:arr_i:10_j:19,33.96369,0.0,hdslay1_t20,10,19,hdslay1,arr,,,,,,
oname:hdslay1_t20_otype:arr_i:10_j:2,34.96682,0.0,hdslay1_t20,10,2,hdslay1,arr,,,,,,
oname:hdslay1_t20_otype:arr_i:10_j:3,34.96207,0.0,hdslay1_t20,10,3,hdslay1,arr,,,,,,
oname:hdslay1_t20_otype:arr_i:10_j:4,1e+30,0.0,hdslay1_t20,10,4,hdslay1,arr,,,,,,
oname:hdslay1_t20_otype:arr_i:10_j:5,1e+30,0.0,hdslay1_t20,10,5,hdslay1,arr,,,,,,
oname:hdslay1_t20_otype:arr_i:10_j:6,1e+30,0.0,hdslay1_t20,10,6,hdslay1,arr,,,,,,
oname:hdslay1_t20_otype:arr_i:10_j:7,1e+30,0.0,hdslay1_t20,10,7,hdslay1,arr,,,,,,
oname:hdslay1_t20_otype:arr_i:10_j:8,34.14213,0.0,hdslay1_t20,10,8,hdslay1,arr,,,,,,
oname:hdslay1_t20_otype:arr_i:10_j:9,34.11737,0.0,hdslay1_t20,10,9,hdslay1,arr,,,,,,
oname:hdslay1_t20_otype:arr_i:11_j:0,34.91439,0.0,hdslay1_t20,11,0,hdslay1,arr,,,,,,
oname:hdslay1_t20_otype:arr_i:11_j:1,34.91221,0.0,hdslay1_t20,11,1,hdslay1,arr,,,,,,
oname:hdslay1_t20_otype:arr_i:11_j:10,34.01655,0.0,hdslay1_t20,11,10,hdslay1,arr,,,,,,
oname:hdslay1_t20_otype:arr_i:11_j:11,33.9634,0.0,hdslay1_t20,11,11,hdslay1,arr,,,,,,
oname:hdslay1_t20_otype:arr_i:11_j:12,33.89984,0.0,hdslay1_t20,11,12,hdslay1,arr,,,,,,
oname:hdslay1_t20_otype:arr_i:11_j:13,33.803,0.0,hdslay1_t20,11,13,hdslay1,arr,,,,,,
oname:hdslay1_t20_otype:arr_i:11_j:14,33.89123,0.0,hdslay1_t20,11,14,hdslay1,arr,,,,,,
oname:hdslay1_t20_otype:arr_i:11_j:15,33.91902,0.0,hdslay1_t20,11,15,hdslay1,arr,,,,,,
oname:hdslay1_t20_otype:arr_i:11_j:16,33.93051,0.0,hdslay1_t20,11,16,hdslay1,arr,,,,,,
oname:hdslay1_t20_otype:arr_i:11_j:17,33.94255,0.0,hdslay1_t20,11,17,hdslay1,arr,,,,,,
oname:hdslay1_t20_otype:arr_i:11_j:18,33.952,0.0,hdslay1_t20,11,18,hdslay1,arr,,,,,,
oname:hdslay1_t20_otype:arr_i:11_j:19,33.95678,0.0,hdslay1_t20,11,19,hdslay1,arr,,,,,,
oname:hdslay1_t20_otype:arr_i:11_j:2,34.90991,0.0,hdslay1_t20,11,2,hdslay1,arr,,,,,,
oname:hdslay1_t20_otype:arr_i:11_j:3,34.91248,0.0,hdslay1_t20,11,3,hdslay1,arr,,,,,,
oname:hdslay1_t20_otype:arr_i:11_j:4,1e+30,0.0,hdslay1_t20,11,4,hdslay1,arr,,,,,,
oname:hdslay1_t20_otype:arr_i:11_j:5,1e+30,0.0,hdslay1_t20,11,5,hdslay1,arr,,,,,,
oname:hdslay1_t20_otype:arr_i:11_j:6,1e+30,0.0,hdslay1_t20,11,6,hdslay1,arr,,,,,,
oname:hdslay1_t20_otype:arr_i:11_j:7,1e+30,0.0,hdslay1_t20,11,7,hdslay1,arr,,,,,,
oname:hdslay1_t20_otype:arr_i:11_j:8,34.06489,0.0,hdslay1_t20,11,8,hdslay1,arr,,,,,,
oname:hdslay1_t20_otype:arr_i:11_j:9,34.04913,0.0,hdslay1_t20,11,9,hdslay1,arr,,,,,,
oname:hdslay1_t20_otype:arr_i:12_j:0,34.8528,0.0,hdslay1_t20,12,0,hdslay1,arr,,,,,,
oname:hdslay1_t20_otype:arr_i:12_j:1,34.84965,0.0,hdslay1_t20,12,1,hdslay1,arr,,,,,,
oname:hdslay1_t20_otype:arr_i:12_j:10,33.98441,0.0,hdslay1_t20,12,10,hdslay1,arr,,,,,,
oname:hdslay1_t20_otype:arr_i:12_j:11,33.94949,0.0,hdslay1_t20,12,11,hdslay1,arr,,,,,,
oname:hdslay1_t20_otype:arr_i:12_j:12,33.90867,0.0,hdslay1_t20,12,12,hdslay1,arr,,,,,,
oname:hdslay1_t20_otype:arr_i:12_j:13,33.87704,0.0,hdslay1_t20,12,13,hdslay1,arr,,,,,,
oname:hdslay1_t20_otype:arr_i:12_j:14,33.89958,0.0,hdslay1_t20,12,14,hdslay1,arr,,,,,,
oname:hdslay1_t20_otype:arr_i:12_j:15,33.91854,0.0,hdslay1_t20,12,15,hdslay1,arr,,,,,,
oname:hdslay1_t20_otype:arr_i:12_j:16,33.93018,0.0,hdslay1_t20,12,16,hdslay1,arr,,,,,,
oname:hdslay1_t20_otype:arr_i:12_j:17,33.94006,0.0,hdslay1_t20,12,17,hdslay1,arr,,,,,,
oname:hdslay1_t20_otype:arr_i:12_j:18,33.94821,0.0,hdslay1_t20,12,18,hdslay1,arr,,,,,,
oname:hdslay1_t20_otype:arr_i:12_j:19,33.95241,0.0,hdslay1_t20,12,19,hdslay1,arr,,,,,,
oname:hdslay1_t20_otype:arr_i:12_j:2,34.85015,0.0,hdslay1_t20,12,2,hdslay1,arr,,,,,,
oname:hdslay1_t20_otype:arr_i:12_j:3,34.85069,0.0,hdslay1_t20,12,3,hdslay1,arr,,,,,,
oname:hdslay1_t20_otype:arr_i:12_j:4,1e+30,0.0,hdslay1_t20,12,4,hdslay1,arr,,,,,,
oname:hdslay1_t20_otype:arr_i:12_j:5,1e+30,0.0,hdslay1_t20,12,5,hdslay1,arr,,,,,,
oname:hdslay1_t20_otype:arr_i:12_j:6,1e+30,0.0,hdslay1_t20,12,6,hdslay1,arr,,,,,,
oname:hdslay1_t20_otype:arr_i:12_j:7,1e+30,0.0,hdslay1_t20,12,7,hdslay1,arr,,,,,,
oname:hdslay1_t20_otype:arr_i:12_j:8,34.01956,0.0,hdslay1_t20,12,8,hdslay1,arr,,,,,,
oname:hdslay1_t20_otype:arr_i:12_j:9,34.00499,0.0,hdslay1_t20,12,9,hdslay1,arr,,,,,,
oname:hdslay1_t20_otype:arr_i:13_j:0,34.78481,0.0,hdslay1_t20,13,0,hdslay1,arr,,,,,,
oname:hdslay1_t20_otype:arr_i:13_j:1,34.78758,0.0,hdslay1_t20,13,1,hdslay1,arr,,,,,,
oname:hdslay1_t20_otype:arr_i:13_j:10,33.96408,0.0,hdslay1_t20,13,10,hdslay1,arr,,,,,,
oname:hdslay1_t20_otype:arr_i:13_j:11,33.94222,0.0,hdslay1_t20,13,11,hdslay1,arr,,,,,,
oname:hdslay1_t20_otype:arr_i:13_j:12,33.91502,0.0,hdslay1_t20,13,12,hdslay1,arr,,,,,,
oname:hdslay1_t20_otype:arr_i:13_j:13,33.89988,0.0,hdslay1_t20,13,13,hdslay1,arr,,,,,,
oname:hdslay1_t20_otype:arr_i:13_j:14,33.90681,0.0,hdslay1_t20,13,14,hdslay1,arr,,,,,,
oname:hdslay1_t20_otype:arr_i:13_j:15,33.91825,0.0,hdslay1_t20,13,15,hdslay1,arr,,,,,,
oname:hdslay1_t20_otype:arr_i:13_j:16,33.92768,0.0,hdslay1_t20,13,16,hdslay1,arr,,,,,,
oname:hdslay1_t20_otype:arr_i:13_j:17,33.93644,0.0,hdslay1_t20,13,17,hdslay1,arr,,,,,,
oname:hdslay1_t20_otype:arr_i:13_j:18,33.94384,0.0,hdslay1_t20,13,18,hdslay1,arr,,,,,,
oname:hdslay1_t20_otype:arr_i:13_j:19,33.94852,0.0,hdslay1_t20,13,19,hdslay1,arr,,,,,,
oname:hdslay1_t20_otype:arr_i:13_j:2,34.78809,0.0,hdslay1_t20,13,2,hdslay1,arr,,,,,,
oname:hdslay1_t20_otype:arr_i:13_j:3,34.7845,0.0,hdslay1_t20,13,3,hdslay1,arr,,,,,,
oname:hdslay1_t20_otype:arr_i:13_j:4,1e+30,0.0,hdslay1_t20,13,4,hdslay1,arr,,,,,,
oname:hdslay1_t20_otype:arr_i:13_j:5,1e+30,0.0,hdslay1_t20,13,5,hdslay1,arr,,,,,,
oname:hdslay1_t20_otype:arr_i:13_j:6,1e+30,0.0,hdslay1_t20,13,6,hdslay1,arr,,,,,,
oname:hdslay1_t20_otype:arr_i:13_j:7,1e+30,0.0,hdslay1_t20,13,7,hdslay1,arr,,,,,,
oname:hdslay1_t20_otype:arr_i:13_j:8,33.98102,0.0,hdslay1_t20,13,8,hdslay1,arr,,,,,,
oname:hdslay1_t20_otype:arr_i:13_j:9,33.9726,0.0,hdslay1_t20,13,9,hdslay1,arr,,,,,,
oname:hdslay1_t20_otype:arr_i:14_j:0,34.69654,0.0,hdslay1_t20,14,0,hdslay1,arr,,,,,,
oname:hdslay1_t20_otype:arr_i:14_j:1,34.70633,0.0,hdslay1_t20,14,1,hdslay1,arr,,,,,,
oname:hdslay1_t20_otype:arr_i:14_j:10,33.94112,0.0,hdslay1_t20,14,10,hdslay1,arr,,,,,,
oname:hdslay1_t20_otype:arr_i:14_j:11,33.9241,0.0,hdslay1_t20,14,11,hdslay1,arr,,,,,,
oname:hdslay1_t20_otype:arr_i:14_j:12,33.9075,0.0,hdslay1_t20,14,12,hdslay1,arr,,,,,,
oname:hdslay1_t20_otype:arr_i:14_j:13,33.90001,0.0,hdslay1_t20,14,13,hdslay1,arr,,,,,,
oname:hdslay1_t20_otype:arr_i:14_j:14,33.90428,0.0,hdslay1_t20,14,14,hdslay1,arr,,,,,,
oname:hdslay1_t20_otype:arr_i:14_j:15,33.91304,0.0,hdslay1_t20,14,15,hdslay1,arr,,,,,,
oname:hdslay1_t20_otype:arr_i:14_j:16,33.92298,0.0,hdslay1_t20,14,16,hdslay1,arr,,,,,,
oname:hdslay1_t20_otype:arr_i:14_j:17,33.93055,0.0,hdslay1_t20,14,17,hdslay1,arr,,,,,,
oname:hdslay1_t20_otype:arr_i:14_j:18,33.93736,0.0,hdslay1_t20,14,18,hdslay1,arr,,,,,,
oname:hdslay1_t20_otype:arr_i:14_j:19,33.94236,0.0,hdslay1_t20,14,19,hdslay1,arr,,,,,,
oname:hdslay1_t20_otype:arr_i:14_j:2,34.706,0.0,hdslay1_t20,14,2,hdslay1,arr,,,,,,
oname:hdslay1_t20_otype:arr_i:14_j:3,34.70412,0.0,hdslay1_t20,14,3,hdslay1,arr,,,,,,
oname:hdslay1_t20_otype:arr_i:14_j:4,1e+30,0.0,hdslay1_t20,14,4,hdslay1,arr,,,,,,
oname:hdslay1_t20_otype:arr_i:14_j:5,1e+30,0.0,hdslay1_t20,14,5,hdslay1,arr,,,,,,
oname:hdslay1_t20_otype:arr_i:14_j:6,1e+30,0.0,hdslay1_t20,14,6,hdslay1,arr,,,,,,
oname:hdslay1_t20_otype:arr_i:14_j:7,1e+30,0.0,hdslay1_t20,14,7,hdslay1,arr,,,,,,
oname:hdslay1_t20_otype:arr_i:14_j:8,33.94592,0.0,hdslay1_t20,14,8,hdslay1,arr,,,,,,
oname:hdslay1_t20_otype:arr_i:14_j:9,33.94603,0.0,hdslay1_t20,14,9,hdslay1,arr,,,,,,
oname:hdslay1_t20_otype:arr_i:15_j:0,34.61632,0.0,hdslay1_t20,15,0,hdslay1,arr,,,,,,
oname:hdslay1_t20_otype:arr_i:15_j:1,34.62241,0.0,hdslay1_t20,15,1,hdslay1,arr,,,,,,
oname:hdslay1_t20_otype:arr_i:15_j:10,33.90588,0.0,hdslay1_t20,15,10,hdslay1,arr,,,,,,
oname:hdslay1_t20_otype:arr_i:15_j:11,33.89308,0.0,hdslay1_t20,15,11,hdslay1,arr,,,,,,
oname:hdslay1_t20_otype:arr_i:15_j:12,33.88705,0.0,hdslay1_t20,15,12,hdslay1,arr,,,,,,
oname:hdslay1_t20_otype:arr_i:15_j:13,33.88456,0.0,hdslay1_t20,15,13,hdslay1,arr,,,,,,
oname:hdslay1_t20_otype:arr_i:15_j:14,33.89192,0.0,hdslay1_t20,15,14,hdslay1,arr,,,,,,
oname:hdslay1_t20_otype:arr_i:15_j:15,33.90214,0.0,hdslay1_t20,15,15,hdslay1,arr,,,,,,
oname:hdslay1_t20_otype:arr_i:15_j:16,33.91382,0.0,hdslay1_t20,15,16,hdslay1,arr,,,,,,
oname:hdslay1_t20_otype:arr_i:15_j:17,33.92289,0.0,hdslay1_t20,15,17,hdslay1,arr,,,,,,
oname:hdslay1_t20_otype:arr_i:15_j:18,33.92947,0.0,hdslay1_t20,15,18,hdslay1,arr,,,,,,
oname:hdslay1_t20_otype:arr_i:15_j:19,33.93387,0.0,hdslay1_t20,15,19,hdslay1,arr,,,,,,
oname:hdslay1_t20_otype:arr_i:15_j:2,34.61301,0.0,hdslay1_t20,15,2,hdslay1,arr,,,,,,
oname:hdslay1_t20_otype:arr_i:15_j:3,34.60572,0.0,hdslay1_t20,15,3,hdslay1,arr,,,,,,
oname:hdslay1_t20_otype:arr_i:15_j:4,1e+30,0.0,hdslay1_t20,15,4,hdslay1,arr,,,,,,
oname:hdslay1_t20_otype:arr_i:15_j:5,1e+30,0.0,hdslay1_t20,15,5,hdslay1,arr,,,,,,
oname:hdslay1_t20_otype:arr_i:15_j:6,1e+30,0.0,hdslay1_t20,15,6,hdslay1,arr,,,,,,
oname:hdslay1_t20_otype:arr_i:15_j:7,1e+30,0.0,hdslay1_t20,15,7,hdslay1,arr,,,,,,
oname:hdslay1_t20_otype:arr_i:15_j:8,33.912,0.0,hdslay1_t20,15,8,hdslay1,arr,,,,,,
oname:hdslay1_t20_otype:arr_i:15_j:9,33.91017,0.0,hdslay1_t20,15,9,hdslay1,arr,,,,,,
oname:hdslay1_t20_otype:arr_i:16_j:0,34.53973,0.0,hdslay1_t20,16,0,hdslay1,arr,,,,,,
oname:hdslay1_t20_otype:arr_i:16_j:1,34.53055,0.0,hdslay1_t20,16,1,hdslay1,arr,,,,,,
oname:hdslay1_t20_otype:arr_i:16_j:10,33.85544,0.0,hdslay1_t20,16,10,hdslay1,arr,,,,,,
oname:hdslay1_t20_otype:arr_i:16_j:11,33.85035,0.0,hdslay1_t20,16,11,hdslay1,arr,,,,,,
oname:hdslay1_t20_otype:arr_i:16_j:12,33.85056,0.0,hdslay1_t20,16,12,hdslay1,arr,,,,,,
oname:hdslay1_t20_otype:arr_i:16_j:13,33.85676,0.0,hdslay1_t20,16,13,hdslay1,arr,,,,,,
oname:hdslay1_t20_otype:arr_i:16_j:14,33.8674,0.0,hdslay1_t20,16,14,hdslay1,arr,,,,,,
oname:hdslay1_t20_otype:arr_i:16_j:15,33.88325,0.0,hdslay1_t20,16,15,hdslay1,arr,,,,,,
oname:hdslay1_t20_otype:arr_i:16_j:16,33.89577,0.0,hdslay1_t20,16,16,hdslay1,arr,,,,,,
oname:hdslay1_t20_otype:arr_i:16_j:17,33.90625,0.0,hdslay1_t20,16,17,hdslay1,arr,,,,,,
oname:hdslay1_t20_otype:arr_i:16_j:18,33.91513,0.0,hdslay1_t20,16,18,hdslay1,arr,,,,,,
oname:hdslay1_t20_otype:arr_i:16_j:19,33.92117,0.0,hdslay1_t20,16,19,hdslay1,arr,,,,,,
oname:hdslay1_t20_otype:arr_i:16_j:2,34.51697,0.0,hdslay1_t20,16,2,hdslay1,arr,,,,,,
oname:hdslay1_t20_otype:arr_i:16_j:3,34.51499,0.0,hdslay1_t20,16,3,hdslay1,arr,,,,,,
oname:hdslay1_t20_otype:arr_i:16_j:4,1e+30,0.0,hdslay1_t20,16,4,hdslay1,arr,,,,,,
oname:hdslay1_t20_otype:arr_i:16_j:5,1e+30,0.0,hdslay1_t20,16,5,hdslay1,arr,,,,,,
oname:hdslay1_t20_otype:arr_i:16_j:6,1e+30,0.0,hdslay1_t20,16,6,hdslay1,arr,,,,,,
oname:hdslay1_t20_otype:arr_i:16_j:7,1e+30,0.0,hdslay1_t20,16,7,hdslay1,arr,,,,,,
oname:hdslay1_t20_otype:arr_i:16_j:8,33.86312,0.0,hdslay1_t20,16,8,hdslay1,arr,,,,,,
oname:hdslay1_t20_otype:arr_i:16_j:9,33.86268,0.0,hdslay1_t20,16,9,hdslay1,arr,,,,,,
oname:hdslay1_t20_otype:arr_i:17_j:0,34.4446,0.0,hdslay1_t20,17,0,hdslay1,arr,,,,,,
oname:hdslay1_t20_otype:arr_i:17_j:1,34.43624,0.0,hdslay1_t20,17,1,hdslay1,arr,,,,,,
oname:hdslay1_t20_otype:arr_i:17_j:10,33.79884,0.0,hdslay1_t20,17,10,hdslay1,arr,,,,,,
oname:hdslay1_t20_otype:arr_i:17_j:11,33.79681,0.0,hdslay1_t20,17,11,hdslay1,arr,,,,,,
oname:hdslay1_t20_otype:arr_i:17_j:12,33.79434,0.0,hdslay1_t20,17,12,hdslay1,arr,,,,,,
oname:hdslay1_t20_otype:arr_i:17_j:13,33.80627,0.0,hdslay1_t20,17,13,hdslay1,arr,,,,,,
oname:hdslay1_t20_otype:arr_i:17_j:14,33.81864,0.0,hdslay1_t20,17,14,hdslay1,arr,,,,,,
oname:hdslay1_t20_otype:arr_i:17_j:15,33.84648,0.0,hdslay1_t20,17,15,hdslay1,arr,,,,,,
oname:hdslay1_t20_otype:arr_i:17_j:16,33.86437,0.0,hdslay1_t20,17,16,hdslay1,arr,,,,,,
oname:hdslay1_t20_otype:arr_i:17_j:17,33.87927,0.0,hdslay1_t20,17,17,hdslay1,arr,,,,,,
oname:hdslay1_t20_otype:arr_i:17_j:18,33.89265,0.0,hdslay1_t20,17,18,hdslay1,arr,,,,,,
oname:hdslay1_t20_otype:arr_i:17_j:19,33.89911,0.0,hdslay1_t20,17,19,hdslay1,arr,,,,,,
oname:hdslay1_t20_otype:arr_i:17_j:2,34.43839,0.0,hdslay1_t20,17,2,hdslay1,arr,,,,,,
oname:hdslay1_t20_otype:arr_i:17_j:3,34.44866,0.0,hdslay1_t20,17,3,hdslay1,arr,,,,,,
oname:hdslay1_t20_otype:arr_i:17_j:4,1e+30,0.0,hdslay1_t20,17,4,hdslay1,arr,,,,,,
oname:hdslay1_t20_otype:arr_i:17_j:5,1e+30,0.0,hdslay1_t20,17,5,hdslay1,arr,,,,,,
oname:hdslay1_t20_otype:arr_i:17_j:6,1e+30,0.0,hdslay1_t20,17,6,hdslay1,arr,,,,,,
oname:hdslay1_t20_otype:arr_i:17_j:7,1e+30,0.0,hdslay1_t20,17,7,hdslay1,arr,,,,,,
oname:hdslay1_t20_otype:arr_i:17_j:8,33.80943,0.0,hdslay1_t20,17,8,hdslay1,arr,,,,,,
oname:hdslay1_t20_otype:arr_i:17_j:9,33.80702,0.0,hdslay1_t20,17,9,hdslay1,arr,,,,,,
oname:hdslay1_t20_otype:arr_i:18_j:0,34.33824,0.0,hdslay1_t20,18,0,hdslay1,arr,,,,,,
oname:hdslay1_t20_otype:arr_i:18_j:1,34.34099,0.0,hdslay1_t20,18,1,hdslay1,arr,,,,,,
oname:hdslay1_t20_otype:arr_i:18_j:10,33.75173,0.0,hdslay1_t20,18,10,hdslay1,arr,,,,,,
oname:hdslay1_t20_otype:arr_i:18_j:11,33.74355,0.0,hdslay1_t20,18,11,hdslay1,arr,,,,,,
oname:hdslay1_t20_otype:arr_i:18_j:12,33.73714,0.0,hdslay1_t20,18,12,hdslay1,arr,,,,,,
oname:hdslay1_t20_otype:arr_i:18_j:13,33.73674,0.0,hdslay1_t20,18,13,hdslay1,arr,,,,,,
oname:hdslay1_t20_otype:arr_i:18_j:14,33.74176,0.0,hdslay1_t20,18,14,hdslay1,arr,,,,,,
oname:hdslay1_t20_otype:arr_i:18_j:15,33.79341,0.0,hdslay1_t20,18,15,hdslay1,arr,,,,,,
oname:hdslay1_t20_otype:arr_i:18_j:16,33.82129,0.0,hdslay1_t20,18,16,hdslay1,arr,,,,,,
oname:hdslay1_t20_otype:arr_i:18_j:17,33.84467,0.0,hdslay1_t20,18,17,hdslay1,arr,,,,,,
oname:hdslay1_t20_otype:arr_i:18_j:18,33.86431,0.0,hdslay1_t20,18,18,hdslay1,arr,,,,,,
oname:hdslay1_t20_otype:arr_i:18_j:19,33.87235,0.0,hdslay1_t20,18,19,hdslay1,arr,,,,,,
oname:hdslay1_t20_otype:arr_i:18_j:2,34.35234,0.0,hdslay1_t20,18,2,hdslay1,arr,,,,,,
oname:hdslay1_t20_otype:arr_i:18_j:3,34.37053,0.0,hdslay1_t20,18,3,hdslay1,arr,,,,,,
oname:hdslay1_t20_otype:arr_i:18_j:4,1e+30,0.0,hdslay1_t20,18,4,hdslay1,arr,,,,,,
oname:hdslay1_t20_otype:arr_i:18_j:5,1e+30,0.0,hdslay1_t20,18,5,hdslay1,arr,,,,,,
oname:hdslay1_t20_otype:arr_i:18_j:6,1e+30,0.0,hdslay1_t20,18,6,hdslay1,arr,,,,,,
oname:hdslay1_t20_otype:arr_i:18_j:7,1e+30,0.0,hdslay1_t20,18,7,hdslay1,arr,,,,,,
oname:hdslay1_t20_otype:arr_i:18_j:8,33.76159,0.0,hdslay1_t20,18,8,hdslay1,arr,,,,,,
oname:hdslay1_t20_otype:arr_i:18_j:9,33.75673,0.0,hdslay1_t20,18,9,hdslay1,arr,,,,,,
oname:hdslay1_t20_otype:arr_i:19_j:0,34.23495,0.0,hdslay1_t20,19,0,hdslay1,arr,,,,,,
oname:hdslay1_t20_otype:arr_i:19_j:1,34.23473,0.0,hdslay1_t20,19,1,hdslay1,arr,,,,,,
oname:hdslay1_t20_otype:arr_i:19_j:10,33.7107,0.0,hdslay1_t20,19,10,hdslay1,arr,,,,,,
oname:hdslay1_t20_otype:arr_i:19_j:11,33.69733,0.0,hdslay1_t20,19,11,hdslay1,arr,,,,,,
oname:hdslay1_t20_otype:arr_i:19_j:12,33.6871,0.0,hdslay1_t20,19,12,hdslay1,arr,,,,,,
oname:hdslay1_t20_otype:arr_i:19_j:13,33.66221,0.0,hdslay1_t20,19,13,hdslay1,arr,,,,,,
oname:hdslay1_t20_otype:arr_i:19_j:14,33.62748,0.0,hdslay1_t20,19,14,hdslay1,arr,,,,,,
oname:hdslay1_t20_otype:arr_i:19_j:15,33.73081,0.0,hdslay1_t20,19,15,hdslay1,arr,,,,,,
oname:hdslay1_t20_otype:arr_i:19_j:16,33.77726,0.0,hdslay1_t20,19,16,hdslay1,arr,,,,,,
oname:hdslay1_t20_otype:arr_i:19_j:17,33.80458,0.0,hdslay1_t20,19,17,hdslay1,arr,,,,,,
oname:hdslay1_t20_otype:arr_i:19_j:18,33.82323,0.0,hdslay1_t20,19,18,hdslay1,arr,,,,,,
oname:hdslay1_t20_otype:arr_i:19_j:19,33.83657,0.0,hdslay1_t20,19,19,hdslay1,arr,,,,,,
oname:hdslay1_t20_otype:arr_i:19_j:2,34.24473,0.0,hdslay1_t20,19,2,hdslay1,arr,,,,,,
oname:hdslay1_t20_otype:arr_i:19_j:3,34.26203,0.0,hdslay1_t20,19,3,hdslay1,arr,,,,,,
oname:hdslay1_t20_otype:arr_i:19_j:4,1e+30,0.0,hdslay1_t20,19,4,hdslay1,arr,,,,,,
oname:hdslay1_t20_otype:arr_i:19_j:5,1e+30,0.0,hdslay1_t20,19,5,hdslay1,arr,,,,,,
oname:hdslay1_t20_otype:arr_i:19_j:6,1e+30,0.0,hdslay1_t20,19,6,hdslay1,arr,,,,,,
oname:hdslay1_t20_otype:arr_i:19_j:7,1e+30,0.0,hdslay1_t20,19,7,hdslay1,arr,,,,,,
oname:hdslay1_t20_otype:arr_i:19_j:8,33.72169,0.0,hdslay1_t20,19,8,hdslay1,arr,,,,,,
oname:hdslay1_t20_otype:arr_i:19_j:9,33.71749,0.0,hdslay1_t20,19,9,hdslay1,arr,,,,,,
oname:hdslay1_t20_otype:arr_i:1_j:0,35.1393,0.0,hdslay1_t20,1,0,hdslay1,arr,,,,,,
oname:hdslay1_t20_otype:arr_i:1_j:1,35.12639,0.0,hdslay1_t20,1,1,hdslay1,arr,,,,,,
oname:hdslay1_t20_otype:arr_i:1_j:10,34.46731,0.0,hdslay1_t20,1,10,hdslay1,arr,,,,,,
oname:hdslay1_t20_otype:arr_i:1_j:11,34.41491,0.0,hdslay1_t20,1,11,hdslay1,arr,,,,,,
oname:hdslay1_t20_otype:arr_i:1_j:12,34.3698,0.0,hdslay1_t20,1,12,hdslay1,arr,,,,,,
oname:hdslay1_t20_otype:arr_i:1_j:13,34.32784,0.0,hdslay1_t20,1,13,hdslay1,arr,,,,,,
oname:hdslay1_t20_otype:arr_i:1_j:14,34.28269,0.0,hdslay1_t20,1,14,hdslay1,arr,,,,,,
oname:hdslay1_t20_otype:arr_i:1_j:15,34.23485,0.0,hdslay1_t20,1,15,hdslay1,arr,,,,,,
oname:hdslay1_t20_otype:arr_i:1_j:16,34.22616,0.0,hdslay1_t20,1,16,hdslay1,arr,,,,,,
oname:hdslay1_t20_otype:arr_i:1_j:17,34.21857,0.0,hdslay1_t20,1,17,hdslay1,arr,,,,,,
oname:hdslay1_t20_otype:arr_i:1_j:18,34.21256,0.0,hdslay1_t20,1,18,hdslay1,arr,,,,,,
oname:hdslay1_t20_otype:arr_i:1_j:19,34.20886,0.0,hdslay1_t20,1,19,hdslay1,arr,,,,,,
oname:hdslay1_t20_otype:arr_i:1_j:2,35.10017,0.0,hdslay1_t20,1,2,hdslay1,arr,,,,,,
oname:hdslay1_t20_otype:arr_i:1_j:3,35.06116,0.0,hdslay1_t20,1,3,hdslay1,arr,,,,,,
oname:hdslay1_t20_otype:arr_i:1_j:4,35.0024,0.0,hdslay1_t20,1,4,hdslay1,arr,,,,,,
oname:hdslay1_t20_otype:arr_i:1_j:5,34.92114,0.0,hdslay1_t20,1,5,hdslay1,arr,,,,,,
oname:hdslay1_t20_otype:arr_i:1_j:6,34.81388,0.0,hdslay1_t20,1,6,hdslay1,arr,,,,,,
oname:hdslay1_t20_otype:arr_i:1_j:7,34.69311,0.0,hdslay1_t20,1,7,hdslay1,arr,,,,,,
oname:hdslay1_t20_otype:arr_i:1_j:8,34.5958,0.0,hdslay1_t20,1,8,hdslay1,arr,,,,,,
oname:hdslay1_t20_otype:arr_i:1_j:9,34.52459,0.0,hdslay1_t20,1,9,hdslay1,arr,,,,,,
oname:hdslay1_t20_otype:arr_i:20_j:0,34.13715,0.0,hdslay1_t20,20,0,hdslay1,arr,,,,,,
oname:hdslay1_t20_otype:arr_i:20_j:1,34.14039,0.0,hdslay1_t20,20,1,hdslay1,arr,,,,,,
oname:hdslay1_t20_otype:arr_i:20_j:10,33.68187,0.0,hdslay1_t20,20,10,hdslay1,arr,,,,,,
oname:hdslay1_t20_otype:arr_i:20_j:11,33.67259,0.0,hdslay1_t20,20,11,hdslay1,arr,,,,,,
oname:hdslay1_t20_otype:arr_i:20_j:12,33.65707,0.0,hdslay1_t20,20,12,hdslay1,arr,,,,,,
oname:hdslay1_t20_otype:arr_i:20_j:13,33.59665,0.0,hdslay1_t20,20,13,hdslay1,arr,,,,,,
oname:hdslay1_t20_otype:arr_i:20_j:14,33.40017,0.0,hdslay1_t20,20,14,hdslay1,arr,,,,,,
oname:hdslay1_t20_otype:arr_i:20_j:15,33.64724,0.0,hdslay1_t20,20,15,hdslay1,arr,,,,,,
oname:hdslay1_t20_otype:arr_i:20_j:16,33.73596,0.0,hdslay1_t20,20,16,hdslay1,arr,,,,,,
oname:hdslay1_t20_otype:arr_i:20_j:17,33.77307,0.0,hdslay1_t20,20,17,hdslay1,arr,,,,,,
oname:hdslay1_t20_otype:arr_i:20_j:18,33.78833,0.0,hdslay1_t20,20,18,hdslay1,arr,,,,,,
oname:hdslay1_t20_otype:arr_i:20_j:19,33.79991,0.0,hdslay1_t20,20,19,hdslay1,arr,,,,,,
oname:hdslay1_t20_otype:arr_i:20_j:2,34.13721,0.0,hdslay1_t20,20,2,hdslay1,arr,,,,,,
oname:hdslay1_t20_otype:arr_i:20_j:3,34.1324,0.0,hdslay1_t20,20,3,hdslay1,arr,,,,,,
oname:hdslay1_t20_otype:arr_i:20_j:4,1e+30,0.0,hdslay1_t20,20,4,hdslay1,arr,,,,,,
oname:hdslay1_t20_otype:arr_i:20_j:5,1e+30,0.0,hdslay1_t20,20,5,hdslay1,arr,,,,,,
oname:hdslay1_t20_otype:arr_i:20_j:6,1e+30,0.0,hdslay1_t20,20,6,hdslay1,arr,,,,,,
oname:hdslay1_t20_otype:arr_i:20_j:7,1e+30,0.0,hdslay1_t20,20,7,hdslay1,arr,,,,,,
oname:hdslay1_t20_otype:arr_i:20_j:8,33.69016,0.0,hdslay1_t20,20,8,hdslay1,arr,,,,,,
oname:hdslay1_t20_otype:arr_i:20_j:9,33.68867,0.0,hdslay1_t20,20,9,hdslay1,arr,,,,,,
oname:hdslay1_t20_otype:arr_i:21_j:0,34.04787,0.0,hdslay1_t20,21,0,hdslay1,arr,,,,,,
oname:hdslay1_t20_otype:arr_i:21_j:1,34.05111,0.0,hdslay1_t20,21,1,hdslay1,arr,,,,,,
oname:hdslay1_t20_otype:arr_i:21_j:10,33.66474,0.0,hdslay1_t20,21,10,hdslay1,arr,,,,,,
oname:hdslay1_t20_otype:arr_i:21_j:11,33.66177,0.0,hdslay1_t20,21,11,hdslay1,arr,,,,,,
oname:hdslay1_t20_otype:arr_i:21_j:12,33.65167,0.0,hdslay1_t20,21,12,hdslay1,arr,,,,,,
oname:hdslay1_t20_otype:arr_i:21_j:13,33.62556,0.0,hdslay1_t20,21,13,hdslay1,arr,,,,,,
oname:hdslay1_t20_otype:arr_i:21_j:14,33.59634,0.0,hdslay1_t20,21,14,hdslay1,arr,,,,,,
oname:hdslay1_t20_otype:arr_i:21_j:15,33.67192,0.0,hdslay1_t20,21,15,hdslay1,arr,,,,,,
oname:hdslay1_t20_otype:arr_i:21_j:16,33.71896,0.0,hdslay1_t20,21,16,hdslay1,arr,,,,,,
oname:hdslay1_t20_otype:arr_i:21_j:17,33.753,0.0,hdslay1_t20,21,17,hdslay1,arr,,,,,,
oname:hdslay1_t20_otype:arr_i:21_j:18,33.76962,0.0,hdslay1_t20,21,18,hdslay1,arr,,,,,,
oname:hdslay1_t20_otype:arr_i:21_j:19,33.77621,0.0,hdslay1_t20,21,19,hdslay1,arr,,,,,,
oname:hdslay1_t20_otype:arr_i:21_j:2,34.0344,0.0,hdslay1_t20,21,2,hdslay1,arr,,,,,,
oname:hdslay1_t20_otype:arr_i:21_j:3,34.00339,0.0,hdslay1_t20,21,3,hdslay1,arr,,,,,,
oname:hdslay1_t20_otype:arr_i:21_j:4,1e+30,0.0,hdslay1_t20,21,4,hdslay1,arr,,,,,,
oname:hdslay1_t20_otype:arr_i:21_j:5,1e+30,0.0,hdslay1_t20,21,5,hdslay1,arr,,,,,,
oname:hdslay1_t20_otype:arr_i:21_j:6,33.63486,0.0,hdslay1_t20,21,6,hdslay1,arr,,,,,,
oname:hdslay1_t20_otype:arr_i:21_j:7,33.64514,0.0,hdslay1_t20,21,7,hdslay1,arr,,,,,,
oname:hdslay1_t20_otype:arr_i:21_j:8,33.66192,0.0,hdslay1_t20,21,8,hdslay1,arr,,,,,,
oname:hdslay1_t20_otype:arr_i:21_j:9,33.66704,0.0,hdslay1_t20,21,9,hdslay1,arr,,,,,,
oname:hdslay1_t20_otype:arr_i:22_j:0,33.95886,0.0,hdslay1_t20,22,0,hdslay1,arr,,,,,,
oname:hdslay1_t20_otype:arr_i:22_j:1,33.94084,0.0,hdslay1_t20,22,1,hdslay1,arr,,,,,,
oname:hdslay1_t20_otype:arr_i:22_j:10,33.65055,0.0,hdslay1_t20,22,10,hdslay1,arr,,,,,,
oname:hdslay1_t20_otype:arr_i:22_j:11,33.65184,0.0,hdslay1_t20,22,11,hdslay1,arr,,,,,,
oname:hdslay1_t20_otype:arr_i:22_j:12,33.6497,0.0,hdslay1_t20,22,12,hdslay1,arr,,,,,,
oname:hdslay1_t20_otype:arr_i:22_j:13,33.64634,0.0,hdslay1_t20,22,13,hdslay1,arr,,,,,,
oname:hdslay1_t20_otype:arr_i:22_j:14,33.65161,0.0,hdslay1_t20,22,14,hdslay1,arr,,,,,,
oname:hdslay1_t20_otype:arr_i:22_j:15,33.68785,0.0,hdslay1_t20,22,15,hdslay1,arr,,,,,,
oname:hdslay1_t20_otype:arr_i:22_j:16,33.71278,0.0,hdslay1_t20,22,16,hdslay1,arr,,,,,,
oname:hdslay1_t20_otype:arr_i:22_j:17,33.73667,0.0,hdslay1_t20,22,17,hdslay1,arr,,,,,,
oname:hdslay1_t20_otype:arr_i:22_j:18,33.75118,0.0,hdslay1_t20,22,18,hdslay1,arr,,,,,,
oname:hdslay1_t20_otype:arr_i:22_j:19,33.75701,0.0,hdslay1_t20,22,19,hdslay1,arr,,,,,,
oname:hdslay1_t20_otype:arr_i:22_j:2,33.91559,0.0,hdslay1_t20,22,2,hdslay1,arr,,,,,,
oname:hdslay1_t20_otype:arr_i:22_j:3,33.84263,0.0,hdslay1_t20,22,3,hdslay1,arr,,,,,,
oname:hdslay1_t20_otype:arr_i:22_j:4,33.71718,0.0,hdslay1_t20,22,4,hdslay1,arr,,,,,,
oname:hdslay1_t20_otype:arr_i:22_j:5,1e+30,0.0,hdslay1_t20,22,5,hdslay1,arr,,,,,,
oname:hdslay1_t20_otype:arr_i:22_j:6,33.62175,0.0,hdslay1_t20,22,6,hdslay1,arr,,,,,,
oname:hdslay1_t20_otype:arr_i:22_j:7,33.63069,0.0,hdslay1_t20,22,7,hdslay1,arr,,,,,,
oname:hdslay1_t20_otype:arr_i:22_j:8,33.64194,0.0,hdslay1_t20,22,8,hdslay1,arr,,,,,,
oname:hdslay1_t20_otype:arr_i:22_j:9,33.64888,0.0,hdslay1_t20,22,9,hdslay1,arr,,,,,,
oname:hdslay1_t20_otype:arr_i:23_j:0,33.85778,0.0,hdslay1_t20,23,0,hdslay1,arr,,,,,,
oname:hdslay1_t20_otype:arr_i:23_j:1,33.83278,0.0,hdslay1_t20,23,1,hdslay1,arr,,,,,,
oname:hdslay1_t20_otype:arr_i:23_j:10,33.62967,0.0,hdslay1_t20,23,10,hdslay1,arr,,,,,,
oname:hdslay1_t20_otype:arr_i:23_j:11,33.636,0.0,hdslay1_t20,23,11,hdslay1,arr,,,,,,
oname:hdslay1_t20_otype:arr_i:23_j:12,33.64396,0.0,hdslay1_t20,23,12,hdslay1,arr,,,,,,
oname:hdslay1_t20_otype:arr_i:23_j:13,33.65475,0.0,hdslay1_t20,23,13,hdslay1,arr,,,,,,
oname:hdslay1_t20_otype:arr_i:23_j:14,33.67026,0.0,hdslay1_t20,23,14,hdslay1,arr,,,,,,
oname:hdslay1_t20_otype:arr_i:23_j:15,33.69789,0.0,hdslay1_t20,23,15,hdslay1,arr,,,,,,
oname:hdslay1_t20_otype:arr_i:23_j:16,33.71085,0.0,hdslay1_t20,23,16,hdslay1,arr,,,,,,
oname:hdslay1_t20_otype:arr_i:23_j:17,33.72601,0.0,hdslay1_t20,23,17,hdslay1,arr,,,,,,
oname:hdslay1_t20_otype:arr_i:23_j:18,33.73681,0.0,hdslay1_t20,23,18,hdslay1,arr,,,,,,
oname:hdslay1_t20_otype:arr_i:23_j:19,33.74037,0.0,hdslay1_t20,23,19,hdslay1,arr,,,,,,
oname:hdslay1_t20_otype:arr_i:23_j:2,33.79242,0.0,hdslay1_t20,23,2,hdslay1,arr,,,,,,
oname:hdslay1_t20_otype:arr_i:23_j:3,33.70985,0.0,hdslay1_t20,23,3,hdslay1,arr,,,,,,
oname:hdslay1_t20_otype:arr_i:23_j:4,33.61579,0.0,hdslay1_t20,23,4,hdslay1,arr,,,,,,
oname:hdslay1_t20_otype:arr_i:23_j:5,33.58908,0.0,hdslay1_t20,23,5,hdslay1,arr,,,,,,
oname:hdslay1_t20_otype:arr_i:23_j:6,33.59927,0.0,hdslay1_t20,23,6,hdslay1,arr,,,,,,
oname:hdslay1_t20_otype:arr_i:23_j:7,33.60971,0.0,hdslay1_t20,23,7,hdslay1,arr,,,,,,
oname:hdslay1_t20_otype:arr_i:23_j:8,33.61964,0.0,hdslay1_t20,23,8,hdslay1,arr,,,,,,
oname:hdslay1_t20_otype:arr_i:23_j:9,33.62611,0.0,hdslay1_t20,23,9,hdslay1,arr,,,,,,
oname:hdslay1_t20_otype:arr_i:24_j:0,33.77089,0.0,hdslay1_t20,24,0,hdslay1,arr,,,,,,
oname:hdslay1_t20_otype:arr_i:24_j:1,33.75267,0.0,hdslay1_t20,24,1,hdslay1,arr,,,,,,
oname:hdslay1_t20_otype:arr_i:24_j:10,33.59969,0.0,hdslay1_t20,24,10,hdslay1,arr,,,,,,
oname:hdslay1_t20_otype:arr_i:24_j:11,33.61337,0.0,hdslay1_t20,24,11,hdslay1,arr,,,,,,
oname:hdslay1_t20_otype:arr_i:24_j:12,33.63114,0.0,hdslay1_t20,24,12,hdslay1,arr,,,,,,
oname:hdslay1_t20_otype:arr_i:24_j:13,33.65149,0.0,hdslay1_t20,24,13,hdslay1,arr,,,,,,
oname:hdslay1_t20_otype:arr_i:24_j:14,33.67327,0.0,hdslay1_t20,24,14,hdslay1,arr,,,,,,
oname:hdslay1_t20_otype:arr_i:24_j:15,33.69989,0.0,hdslay1_t20,24,15,hdslay1,arr,,,,,,
oname:hdslay1_t20_otype:arr_i:24_j:16,33.70532,0.0,hdslay1_t20,24,16,hdslay1,arr,,,,,,
oname:hdslay1_t20_otype:arr_i:24_j:17,33.71298,0.0,hdslay1_t20,24,17,hdslay1,arr,,,,,,
oname:hdslay1_t20_otype:arr_i:24_j:18,33.72155,0.0,hdslay1_t20,24,18,hdslay1,arr,,,,,,
oname:hdslay1_t20_otype:arr_i:24_j:19,33.72659,0.0,hdslay1_t20,24,19,hdslay1,arr,,,,,,
oname:hdslay1_t20_otype:arr_i:24_j:2,33.7078,0.0,hdslay1_t20,24,2,hdslay1,arr,,,,,,
oname:hdslay1_t20_otype:arr_i:24_j:3,33.62991,0.0,hdslay1_t20,24,3,hdslay1,arr,,,,,,
oname:hdslay1_t20_otype:arr_i:24_j:4,33.4916,0.0,hdslay1_t20,24,4,hdslay1,arr,,,,,,
oname:hdslay1_t20_otype:arr_i:24_j:5,33.55233,0.0,hdslay1_t20,24,5,hdslay1,arr,,,,,,
oname:hdslay1_t20_otype:arr_i:24_j:6,33.57506,0.0,hdslay1_t20,24,6,hdslay1,arr,,,,,,
oname:hdslay1_t20_otype:arr_i:24_j:7,33.58789,0.0,hdslay1_t20,24,7,hdslay1,arr,,,,,,
oname:hdslay1_t20_otype:arr_i:24_j:8,33.59701,0.0,hdslay1_t20,24,8,hdslay1,arr,,,,,,
oname:hdslay1_t20_otype:arr_i:24_j:9,33.59833,0.0,hdslay1_t20,24,9,hdslay1,arr,,,,,,
oname:hdslay1_t20_otype:arr_i:25_j:0,33.71962,0.0,hdslay1_t20,25,0,hdslay1,arr,,,,,,
oname:hdslay1_t20_otype:arr_i:25_j:1,33.70726,0.0,hdslay1_t20,25,1,hdslay1,arr,,,,,,
oname:hdslay1_t20_otype:arr_i:25_j:10,33.56147,0.0,hdslay1_t20,25,10,hdslay1,arr,,,,,,
oname:hdslay1_t20_otype:arr_i:25_j:11,33.58635,0.0,hdslay1_t20,25,11,hdslay1,arr,,,,,,
oname:hdslay1_t20_otype:arr_i:25_j:12,33.61274,0.0,hdslay1_t20,25,12,hdslay1,arr,,,,,,
oname:hdslay1_t20_otype:arr_i:25_j:13,33.63755,0.0,hdslay1_t20,25,13,hdslay1,arr,,,,,,
oname:hdslay1_t20_otype:arr_i:25_j:14,33.66305,0.0,hdslay1_t20,25,14,hdslay1,arr,,,,,,
oname:hdslay1_t20_otype:arr_i:25_j:15,33.69115,0.0,hdslay1_t20,25,15,hdslay1,arr,,,,,,
oname:hdslay1_t20_otype:arr_i:25_j:16,33.69458,0.0,hdslay1_t20,25,16,hdslay1,arr,,,,,,
oname:hdslay1_t20_otype:arr_i:25_j:17,33.69981,0.0,hdslay1_t20,25,17,hdslay1,arr,,,,,,
oname:hdslay1_t20_otype:arr_i:25_j:18,33.70469,0.0,hdslay1_t20,25,18,hdslay1,arr,,,,,,
oname:hdslay1_t20_otype:arr_i:25_j:19,33.70933,0.0,hdslay1_t20,25,19,hdslay1,arr,,,,,,
oname:hdslay1_t20_otype:arr_i:25_j:2,33.67625,0.0,hdslay1_t20,25,2,hdslay1,arr,,,,,,
oname:hdslay1_t20_otype:arr_i:25_j:3,33.62112,0.0,hdslay1_t20,25,3,hdslay1,arr,,,,,,
oname:hdslay1_t20_otype:arr_i:25_j:4,33.55952,0.0,hdslay1_t20,25,4,hdslay1,arr,,,,,,
oname:hdslay1_t20_otype:arr_i:25_j:5,33.55693,0.0,hdslay1_t20,25,5,hdslay1,arr,,,,,,
oname:hdslay1_t20_otype:arr_i:25_j:6,33.55997,0.0,hdslay1_t20,25,6,hdslay1,arr,,,,,,
oname:hdslay1_t20_otype:arr_i:25_j:7,33.56528,0.0,hdslay1_t20,25,7,hdslay1,arr,,,,,,
oname:hdslay1_t20_otype:arr_i:25_j:8,33.56951,0.0,hdslay1_t20,25,8,hdslay1,arr,,,,,,
oname:hdslay1_t20_otype:arr_i:25_j:9,33.56419,0.0,hdslay1_t20,25,9,hdslay1,arr,,,,,,
oname:hdslay1_t20_otype:arr_i:26_j:0,33.6915,0.0,hdslay1_t20,26,0,hdslay1,arr,,,,,,
oname:hdslay1_t20_otype:arr_i:26_j:1,33.68001,0.0,hdslay1_t20,26,1,hdslay1,arr,,,,,,
oname:hdslay1_t20_otype:arr_i:26_j:10,33.49283,0.0,hdslay1_t20,26,10,hdslay1,arr,,,,,,
oname:hdslay1_t20_otype:arr_i:26_j:11,33.55751,0.0,hdslay1_t20,26,11,hdslay1,arr,,,,,,
oname:hdslay1_t20_otype:arr_i:26_j:12,33.59278,0.0,hdslay1_t20,26,12,hdslay1,arr,,,,,,
oname:hdslay1_t20_otype:arr_i:26_j:13,33.62052,0.0,hdslay1_t20,26,13,hdslay1,arr,,,,,,
oname:hdslay1_t20_otype:arr_i:26_j:14,33.64414,0.0,hdslay1_t20,26,14,hdslay1,arr,,,,,,
oname:hdslay1_t20_otype:arr_i:26_j:15,33.6734,0.0,hdslay1_t20,26,15,hdslay1,arr,,,,,,
oname:hdslay1_t20_otype:arr_i:26_j:16,33.67403,0.0,hdslay1_t20,26,16,hdslay1,arr,,,,,,
oname:hdslay1_t20_otype:arr_i:26_j:17,33.6789,0.0,hdslay1_t20,26,17,hdslay1,arr,,,,,,
oname:hdslay1_t20_otype:arr_i:26_j:18,33.68651,0.0,hdslay1_t20,26,18,hdslay1,arr,,,,,,
oname:hdslay1_t20_otype:arr_i:26_j:19,33.68962,0.0,hdslay1_t20,26,19,hdslay1,arr,,,,,,
oname:hdslay1_t20_otype:arr_i:26_j:2,33.65221,0.0,hdslay1_t20,26,2,hdslay1,arr,,,,,,
oname:hdslay1_t20_otype:arr_i:26_j:3,33.61542,0.0,hdslay1_t20,26,3,hdslay1,arr,,,,,,
oname:hdslay1_t20_otype:arr_i:26_j:4,33.57724,0.0,hdslay1_t20,26,4,hdslay1,arr,,,,,,
oname:hdslay1_t20_otype:arr_i:26_j:5,33.5534,0.0,hdslay1_t20,26,5,hdslay1,arr,,,,,,
oname:hdslay1_t20_otype:arr_i:26_j:6,33.54165,0.0,hdslay1_t20,26,6,hdslay1,arr,,,,,,
oname:hdslay1_t20_otype:arr_i:26_j:7,33.53852,0.0,hdslay1_t20,26,7,hdslay1,arr,,,,,,
oname:hdslay1_t20_otype:arr_i:26_j:8,33.53669,0.0,hdslay1_t20,26,8,hdslay1,arr,,,,,,
oname:hdslay1_t20_otype:arr_i:26_j:9,33.52725,0.0,hdslay1_t20,26,9,hdslay1,arr,,,,,,
oname:hdslay1_t20_otype:arr_i:27_j:0,33.67004,0.0,hdslay1_t20,27,0,hdslay1,arr,,,,,,
oname:hdslay1_t20_otype:arr_i:27_j:1,33.65917,0.0,hdslay1_t20,27,1,hdslay1,arr,,,,,,
oname:hdslay1_t20_otype:arr_i:27_j:10,33.52646,0.0,hdslay1_t20,27,10,hdslay1,arr,,,,,,
oname:hdslay1_t20_otype:arr_i:27_j:11,33.55571,0.0,hdslay1_t20,27,11,hdslay1,arr,,,,,,
oname:hdslay1_t20_otype:arr_i:27_j:12,33.57885,0.0,hdslay1_t20,27,12,hdslay1,arr,,,,,,
oname:hdslay1_t20_otype:arr_i:27_j:13,33.60626,0.0,hdslay1_t20,27,13,hdslay1,arr,,,,,,
oname:hdslay1_t20_otype:arr_i:27_j:14,33.6307,0.0,hdslay1_t20,27,14,hdslay1,arr,,,,,,
oname:hdslay1_t20_otype:arr_i:27_j:15,33.64769,0.0,hdslay1_t20,27,15,hdslay1,arr,,,,,,
oname:hdslay1_t20_otype:arr_i:27_j:16,33.65153,0.0,hdslay1_t20,27,16,hdslay1,arr,,,,,,
oname:hdslay1_t20_otype:arr_i:27_j:17,33.65728,0.0,hdslay1_t20,27,17,hdslay1,arr,,,,,,
oname:hdslay1_t20_otype:arr_i:27_j:18,33.66423,0.0,hdslay1_t20,27,18,hdslay1,arr,,,,,,
oname:hdslay1_t20_otype:arr_i:27_j:19,33.66942,0.0,hdslay1_t20,27,19,hdslay1,arr,,,,,,
oname:hdslay1_t20_otype:arr_i:27_j:2,33.63456,0.0,hdslay1_t20,27,2,hdslay1,arr,,,,,,
oname:hdslay1_t20_otype:arr_i:27_j:3,33.60423,0.0,hdslay1_t20,27,3,hdslay1,arr,,,,,,
oname:hdslay1_t20_otype:arr_i:27_j:4,33.56957,0.0,hdslay1_t20,27,4,hdslay1,arr,,,,,,
oname:hdslay1_t20_otype:arr_i:27_j:5,33.53631,0.0,hdslay1_t20,27,5,hdslay1,arr,,,,,,
oname:hdslay1_t20_otype:arr_i:27_j:6,33.51683,0.0,hdslay1_t20,27,6,hdslay1,arr,,,,,,
oname:hdslay1_t20_otype:arr_i:27_j:7,33.51307,0.0,hdslay1_t20,27,7,hdslay1,arr,,,,,,
oname:hdslay1_t20_otype:arr_i:27_j:8,33.51578,0.0,hdslay1_t20,27,8,hdslay1,arr,,,,,,
oname:hdslay1_t20_otype:arr_i:27_j:9,33.52145,0.0,hdslay1_t20,27,9,hdslay1,arr,,,,,,
oname:hdslay1_t20_otype:arr_i:28_j:0,33.65348,0.0,hdslay1_t20,28,0,hdslay1,arr,,,,,,
oname:hdslay1_t20_otype:arr_i:28_j:1,33.64297,0.0,hdslay1_t20,28,1,hdslay1,arr,,,,,,
oname:hdslay1_t20_otype:arr_i:28_j:10,33.52682,0.0,hdslay1_t20,28,10,hdslay1,arr,,,,,,
oname:hdslay1_t20_otype:arr_i:28_j:11,33.54641,0.0,hdslay1_t20,28,11,hdslay1,arr,,,,,,
oname:hdslay1_t20_otype:arr_i:28_j:12,33.56808,0.0,hdslay1_t20,28,12,hdslay1,arr,,,,,,
oname:hdslay1_t20_otype:arr_i:28_j:13,33.59358,0.0,hdslay1_t20,28,13,hdslay1,arr,,,,,,
oname:hdslay1_t20_otype:arr_i:28_j:14,33.61855,0.0,hdslay1_t20,28,14,hdslay1,arr,,,,,,
oname:hdslay1_t20_otype:arr_i:28_j:15,33.63638,0.0,hdslay1_t20,28,15,hdslay1,arr,,,,,,
oname:hdslay1_t20_otype:arr_i:28_j:16,33.63806,0.0,hdslay1_t20,28,16,hdslay1,arr,,,,,,
oname:hdslay1_t20_otype:arr_i:28_j:17,33.64198,0.0,hdslay1_t20,28,17,hdslay1,arr,,,,,,
oname:hdslay1_t20_otype:arr_i:28_j:18,33.64545,0.0,hdslay1_t20,28,18,hdslay1,arr,,,,,,
oname:hdslay1_t20_otype:arr_i:28_j:19,33.64944,0.0,hdslay1_t20,28,19,hdslay1,arr,,,,,,
oname:hdslay1_t20_otype:arr_i:28_j:2,33.6201,0.0,hdslay1_t20,28,2,hdslay1,arr,,,,,,
oname:hdslay1_t20_otype:arr_i:28_j:3,33.58795,0.0,hdslay1_t20,28,3,hdslay1,arr,,,,,,
oname:hdslay1_t20_otype:arr_i:28_j:4,33.54803,0.0,hdslay1_t20,28,4,hdslay1,arr,,,,,,
oname:hdslay1_t20_otype:arr_i:28_j:5,33.50433,0.0,hdslay1_t20,28,5,hdslay1,arr,,,,,,
oname:hdslay1_t20_otype:arr_i:28_j:6,33.46504,0.0,hdslay1_t20,28,6,hdslay1,arr,,,,,,
oname:hdslay1_t20_otype:arr_i:28_j:7,33.47985,0.0,hdslay1_t20,28,7,hdslay1,arr,,,,,,
oname:hdslay1_t20_otype:arr_i:28_j:8,33.49587,0.0,hdslay1_t20,28,8,hdslay1,arr,,,,,,
oname:hdslay1_t20_otype:arr_i:28_j:9,33.51187,0.0,hdslay1_t20,28,9,hdslay1,arr,,,,,,
oname:hdslay1_t20_otype:arr_i:29_j:0,33.63761,0.0,hdslay1_t20,29,0,hdslay1,arr,,,,,,
oname:hdslay1_t20_otype:arr_i:29_j:1,33.62681,0.0,hdslay1_t20,29,1,hdslay1,arr,,,,,,
oname:hdslay1_t20_otype:arr_i:29_j:10,33.51631,0.0,hdslay1_t20,29,10,hdslay1,arr,,,,,,
oname:hdslay1_t20_otype:arr_i:29_j:11,33.53514,0.0,hdslay1_t20,29,11,hdslay1,arr,,,,,,
oname:hdslay1_t20_otype:arr_i:29_j:12,33.55255,0.0,hdslay1_t20,29,12,hdslay1,arr,,,,,,
oname:hdslay1_t20_otype:arr_i:29_j:13,33.57453,0.0,hdslay1_t20,29,13,hdslay1,arr,,,,,,
oname:hdslay1_t20_otype:arr_i:29_j:14,33.60016,0.0,hdslay1_t20,29,14,hdslay1,arr,,,,,,
oname:hdslay1_t20_otype:arr_i:29_j:15,33.62404,0.0,hdslay1_t20,29,15,hdslay1,arr,,,,,,
oname:hdslay1_t20_otype:arr_i:29_j:16,33.623,0.0,hdslay1_t20,29,16,hdslay1,arr,,,,,,
oname:hdslay1_t20_otype:arr_i:29_j:17,33.6252,0.0,hdslay1_t20,29,17,hdslay1,arr,,,,,,
oname:hdslay1_t20_otype:arr_i:29_j:18,33.62936,0.0,hdslay1_t20,29,18,hdslay1,arr,,,,,,
oname:hdslay1_t20_otype:arr_i:29_j:19,33.63175,0.0,hdslay1_t20,29,19,hdslay1,arr,,,,,,
oname:hdslay1_t20_otype:arr_i:29_j:2,33.60166,0.0,hdslay1_t20,29,2,hdslay1,arr,,,,,,
oname:hdslay1_t20_otype:arr_i:29_j:3,33.56813,0.0,hdslay1_t20,29,3,hdslay1,arr,,,,,,
oname:hdslay1_t20_otype:arr_i:29_j:4,33.52646,0.0,hdslay1_t20,29,4,hdslay1,arr,,,,,,
oname:hdslay1_t20_otype:arr_i:29_j:5,33.46237,0.0,hdslay1_t20,29,5,hdslay1,arr,,,,,,
oname:hdslay1_t20_otype:arr_i:29_j:6,33.36176,0.0,hdslay1_t20,29,6,hdslay1,arr,,,,,,
oname:hdslay1_t20_otype:arr_i:29_j:7,33.44174,0.0,hdslay1_t20,29,7,hdslay1,arr,,,,,,
oname:hdslay1_t20_otype:arr_i:29_j:8,33.47672,0.0,hdslay1_t20,29,8,hdslay1,arr,,,,,,
oname:hdslay1_t20_otype:arr_i:29_j:9,33.49738,0.0,hdslay1_t20,29,9,hdslay1,arr,,,,,,
oname:hdslay1_t20_otype:arr_i:2_j:0,35.13165,0.0,hdslay1_t20,2,0,hdslay1,arr,,,,,,
oname:hdslay1_t20_otype:arr_i:2_j:1,35.11909,0.0,hdslay1_t20,2,1,hdslay1,arr,,,,,,
oname:hdslay1_t20_otype:arr_i:2_j:10,34.46597,0.0,hdslay1_t20,2,10,hdslay1,arr,,,,,,
oname:hdslay1_t20_otype:arr_i:2_j:11,34.41556,0.0,hdslay1_t20,2,11,hdslay1,arr,,,,,,
oname:hdslay1_t20_otype:arr_i:2_j:12,34.3676,0.0,hdslay1_t20,2,12,hdslay1,arr,,,,,,
oname:hdslay1_t20_otype:arr_i:2_j:13,34.31712,0.0,hdslay1_t20,2,13,hdslay1,arr,,,,,,
oname:hdslay1_t20_otype:arr_i:2_j:14,34.26873,0.0,hdslay1_t20,2,14,hdslay1,arr,,,,,,
oname:hdslay1_t20_otype:arr_i:2_j:15,34.22753,0.0,hdslay1_t20,2,15,hdslay1,arr,,,,,,
oname:hdslay1_t20_otype:arr_i:2_j:16,34.21724,0.0,hdslay1_t20,2,16,hdslay1,arr,,,,,,
oname:hdslay1_t20_otype:arr_i:2_j:17,34.20741,0.0,hdslay1_t20,2,17,hdslay1,arr,,,,,,
oname:hdslay1_t20_otype:arr_i:2_j:18,34.19883,0.0,hdslay1_t20,2,18,hdslay1,arr,,,,,,
oname:hdslay1_t20_otype:arr_i:2_j:19,34.19581,0.0,hdslay1_t20,2,19,hdslay1,arr,,,,,,
oname:hdslay1_t20_otype:arr_i:2_j:2,35.10001,0.0,hdslay1_t20,2,2,hdslay1,arr,,,,,,
oname:hdslay1_t20_otype:arr_i:2_j:3,35.06279,0.0,hdslay1_t20,2,3,hdslay1,arr,,,,,,
oname:hdslay1_t20_otype:arr_i:2_j:4,35.00255,0.0,hdslay1_t20,2,4,hdslay1,arr,,,,,,
oname:hdslay1_t20_otype:arr_i:2_j:5,34.92155,0.0,hdslay1_t20,2,5,hdslay1,arr,,,,,,
oname:hdslay1_t20_otype:arr_i:2_j:6,34.81906,0.0,hdslay1_t20,2,6,hdslay1,arr,,,,,,
oname:hdslay1_t20_otype:arr_i:2_j:7,34.69655,0.0,hdslay1_t20,2,7,hdslay1,arr,,,,,,
oname:hdslay1_t20_otype:arr_i:2_j:8,34.59632,0.0,hdslay1_t20,2,8,hdslay1,arr,,,,,,
oname:hdslay1_t20_otype:arr_i:2_j:9,34.52349,0.0,hdslay1_t20,2,9,hdslay1,arr,,,,,,
oname:hdslay1_t20_otype:arr_i:30_j:0,33.62085,0.0,hdslay1_t20,30,0,hdslay1,arr,,,,,,
oname:hdslay1_t20_otype:arr_i:30_j:1,33.6083,0.0,hdslay1_t20,30,1,hdslay1,arr,,,,,,
oname:hdslay1_t20_otype:arr_i:30_j:10,33.50364,0.0,hdslay1_t20,30,10,hdslay1,arr,,,,,,
oname:hdslay1_t20_otype:arr_i:30_j:11,33.51831,0.0,hdslay1_t20,30,11,hdslay1,arr,,,,,,
oname:hdslay1_t20_otype:arr_i:30_j:12,33.53452,0.0,hdslay1_t20,30,12,hdslay1,arr,,,,,,
oname:hdslay1_t20_otype:arr_i:30_j:13,33.55494,0.0,hdslay1_t20,30,13,hdslay1,arr,,,,,,
oname:hdslay1_t20_otype:arr_i:30_j:14,33.57786,0.0,hdslay1_t20,30,14,hdslay1,arr,,,,,,
oname:hdslay1_t20_otype:arr_i:30_j:15,33.59745,0.0,hdslay1_t20,30,15,hdslay1,arr,,,,,,
oname:hdslay1_t20_otype:arr_i:30_j:16,33.60239,0.0,hdslay1_t20,30,16,hdslay1,arr,,,,,,
oname:hdslay1_t20_otype:arr_i:30_j:17,33.60626,0.0,hdslay1_t20,30,17,hdslay1,arr,,,,,,
oname:hdslay1_t20_otype:arr_i:30_j:18,33.61056,0.0,hdslay1_t20,30,18,hdslay1,arr,,,,,,
oname:hdslay1_t20_otype:arr_i:30_j:19,33.61173,0.0,hdslay1_t20,30,19,hdslay1,arr,,,,,,
oname:hdslay1_t20_otype:arr_i:30_j:2,33.58643,0.0,hdslay1_t20,30,2,hdslay1,arr,,,,,,
oname:hdslay1_t20_otype:arr_i:30_j:3,33.55968,0.0,hdslay1_t20,30,3,hdslay1,arr,,,,,,
oname:hdslay1_t20_otype:arr_i:30_j:4,33.52161,0.0,hdslay1_t20,30,4,hdslay1,arr,,,,,,
oname:hdslay1_t20_otype:arr_i:30_j:5,33.47575,0.0,hdslay1_t20,30,5,hdslay1,arr,,,,,,
oname:hdslay1_t20_otype:arr_i:30_j:6,33.43688,0.0,hdslay1_t20,30,6,hdslay1,arr,,,,,,
oname:hdslay1_t20_otype:arr_i:30_j:7,33.45585,0.0,hdslay1_t20,30,7,hdslay1,arr,,,,,,
oname:hdslay1_t20_otype:arr_i:30_j:8,33.47319,0.0,hdslay1_t20,30,8,hdslay1,arr,,,,,,
oname:hdslay1_t20_otype:arr_i:30_j:9,33.48791,0.0,hdslay1_t20,30,9,hdslay1,arr,,,,,,
oname:hdslay1_t20_otype:arr_i:31_j:0,33.60913,0.0,hdslay1_t20,31,0,hdslay1,arr,,,,,,
oname:hdslay1_t20_otype:arr_i:31_j:1,33.59282,0.0,hdslay1_t20,31,1,hdslay1,arr,,,,,,
oname:hdslay1_t20_otype:arr_i:31_j:10,33.48916,0.0,hdslay1_t20,31,10,hdslay1,arr,,,,,,
oname:hdslay1_t20_otype:arr_i:31_j:11,33.50153,0.0,hdslay1_t20,31,11,hdslay1,arr,,,,,,
oname:hdslay1_t20_otype:arr_i:31_j:12,33.51339,0.0,hdslay1_t20,31,12,hdslay1,arr,,,,,,
oname:hdslay1_t20_otype:arr_i:31_j:13,33.532,0.0,hdslay1_t20,31,13,hdslay1,arr,,,,,,
oname:hdslay1_t20_otype:arr_i:31_j:14,33.55691,0.0,hdslay1_t20,31,14,hdslay1,arr,,,,,,
oname:hdslay1_t20_otype:arr_i:31_j:15,33.57776,0.0,hdslay1_t20,31,15,hdslay1,arr,,,,,,
oname:hdslay1_t20_otype:arr_i:31_j:16,33.58482,0.0,hdslay1_t20,31,16,hdslay1,arr,,,,,,
oname:hdslay1_t20_otype:arr_i:31_j:17,33.58972,0.0,hdslay1_t20,31,17,hdslay1,arr,,,,,,
oname:hdslay1_t20_otype:arr_i:31_j:18,33.59344,0.0,hdslay1_t20,31,18,hdslay1,arr,,,,,,
oname:hdslay1_t20_otype:arr_i:31_j:19,33.59531,0.0,hdslay1_t20,31,19,hdslay1,arr,,,,,,
oname:hdslay1_t20_otype:arr_i:31_j:2,33.57582,0.0,hdslay1_t20,31,2,hdslay1,arr,,,,,,
oname:hdslay1_t20_otype:arr_i:31_j:3,33.55233,0.0,hdslay1_t20,31,3,hdslay1,arr,,,,,,
oname:hdslay1_t20_otype:arr_i:31_j:4,33.51814,0.0,hdslay1_t20,31,4,hdslay1,arr,,,,,,
oname:hdslay1_t20_otype:arr_i:31_j:5,33.48477,0.0,hdslay1_t20,31,5,hdslay1,arr,,,,,,
oname:hdslay1_t20_otype:arr_i:31_j:6,33.46458,0.0,hdslay1_t20,31,6,hdslay1,arr,,,,,,
oname:hdslay1_t20_otype:arr_i:31_j:7,33.46389,0.0,hdslay1_t20,31,7,hdslay1,arr,,,,,,
oname:hdslay1_t20_otype:arr_i:31_j:8,33.46898,0.0,hdslay1_t20,31,8,hdslay1,arr,,,,,,
oname:hdslay1_t20_otype:arr_i:31_j:9,33.47647,0.0,hdslay1_t20,31,9,hdslay1,arr,,,,,,
oname:hdslay1_t20_otype:arr_i:32_j:0,1e+30,0.0,hdslay1_t20,32,0,hdslay1,arr,,,,,,
oname:hdslay1_t20_otype:arr_i:32_j:1,33.58128,0.0,hdslay1_t20,32,1,hdslay1,arr,,,,,,
oname:hdslay1_t20_otype:arr_i:32_j:10,33.46842,0.0,hdslay1_t20,32,10,hdslay1,arr,,,,,,
oname:hdslay1_t20_otype:arr_i:32_j:11,33.47792,0.0,hdslay1_t20,32,11,hdslay1,arr,,,,,,
oname:hdslay1_t20_otype:arr_i:32_j:12,33.48852,0.0,hdslay1_t20,32,12,hdslay1,arr,,,,,,
oname:hdslay1_t20_otype:arr_i:32_j:13,33.50947,0.0,hdslay1_t20,32,13,hdslay1,arr,,,,,,
oname:hdslay1_t20_otype:arr_i:32_j:14,33.53685,0.0,hdslay1_t20,32,14,hdslay1,arr,,,,,,
oname:hdslay1_t20_otype:arr_i:32_j:15,33.56422,0.0,hdslay1_t20,32,15,hdslay1,arr,,,,,,
oname:hdslay1_t20_otype:arr_i:32_j:16,33.57196,0.0,hdslay1_t20,32,16,hdslay1,arr,,,,,,
oname:hdslay1_t20_otype:arr_i:32_j:17,33.5768,0.0,hdslay1_t20,32,17,hdslay1,arr,,,,,,
oname:hdslay1_t20_otype:arr_i:32_j:18,33.58083,0.0,hdslay1_t20,32,18,hdslay1,arr,,,,,,
oname:hdslay1_t20_otype:arr_i:32_j:19,33.58303,0.0,hdslay1_t20,32,19,hdslay1,arr,,,,,,
oname:hdslay1_t20_otype:arr_i:32_j:2,33.56499,0.0,hdslay1_t20,32,2,hdslay1,arr,,,,,,
oname:hdslay1_t20_otype:arr_i:32_j:3,33.5407,0.0,hdslay1_t20,32,3,hdslay1,arr,,,,,,
oname:hdslay1_t20_otype:arr_i:32_j:4,33.51002,0.0,hdslay1_t20,32,4,hdslay1,arr,,,,,,
oname:hdslay1_t20_otype:arr_i:32_j:5,33.48474,0.0,hdslay1_t20,32,5,hdslay1,arr,,,,,,
oname:hdslay1_t20_otype:arr_i:32_j:6,33.46901,0.0,hdslay1_t20,32,6,hdslay1,arr,,,,,,
oname:hdslay1_t20_otype:arr_i:32_j:7,33.46226,0.0,hdslay1_t20,32,7,hdslay1,arr,,,,,,
oname:hdslay1_t20_otype:arr_i:32_j:8,33.46083,0.0,hdslay1_t20,32,8,hdslay1,arr,,,,,,
oname:hdslay1_t20_otype:arr_i:32_j:9,33.4626,0.0,hdslay1_t20,32,9,hdslay1,arr,,,,,,
oname:hdslay1_t20_otype:arr_i:33_j:0,1e+30,0.0,hdslay1_t20,33,0,hdslay1,arr,,,,,,
oname:hdslay1_t20_otype:arr_i:33_j:1,1e+30,0.0,hdslay1_t20,33,1,hdslay1,arr,,,,,,
oname:hdslay1_t20_otype:arr_i:33_j:10,33.44268,0.0,hdslay1_t20,33,10,hdslay1,arr,,,,,,
oname:hdslay1_t20_otype:arr_i:33_j:11,33.43673,0.0,hdslay1_t20,33,11,hdslay1,arr,,,,,,
oname:hdslay1_t20_otype:arr_i:33_j:12,33.43642,0.0,hdslay1_t20,33,12,hdslay1,arr,,,,,,
oname:hdslay1_t20_otype:arr_i:33_j:13,33.48076,0.0,hdslay1_t20,33,13,hdslay1,arr,,,,,,
oname:hdslay1_t20_otype:arr_i:33_j:14,33.51684,0.0,hdslay1_t20,33,14,hdslay1,arr,,,,,,
oname:hdslay1_t20_otype:arr_i:33_j:15,33.54986,0.0,hdslay1_t20,33,15,hdslay1,arr,,,,,,
oname:hdslay1_t20_otype:arr_i:33_j:16,33.55979,0.0,hdslay1_t20,33,16,hdslay1,arr,,,,,,
oname:hdslay1_t20_otype:arr_i:33_j:17,33.56683,0.0,hdslay1_t20,33,17,hdslay1,arr,,,,,,
oname:hdslay1_t20_otype:arr_i:33_j:18,33.57201,0.0,hdslay1_t20,33,18,hdslay1,arr,,,,,,
oname:hdslay1_t20_otype:arr_i:33_j:19,33.57525,0.0,hdslay1_t20,33,19,hdslay1,arr,,,,,,
oname:hdslay1_t20_otype:arr_i:33_j:2,33.55151,0.0,hdslay1_t20,33,2,hdslay1,arr,,,,,,
oname:hdslay1_t20_otype:arr_i:33_j:3,33.52728,0.0,hdslay1_t20,33,3,hdslay1,arr,,,,,,
oname:hdslay1_t20_otype:arr_i:33_j:4,33.49582,0.0,hdslay1_t20,33,4,hdslay1,arr,,,,,,
oname:hdslay1_t20_otype:arr_i:33_j:5,33.47536,0.0,hdslay1_t20,33,5,hdslay1,arr,,,,,,
oname:hdslay1_t20_otype:arr_i:33_j:6,33.46179,0.0,hdslay1_t20,33,6,hdslay1,arr,,,,,,
oname:hdslay1_t20_otype:arr_i:33_j:7,33.45286,0.0,hdslay1_t20,33,7,hdslay1,arr,,,,,,
oname:hdslay1_t20_otype:arr_i:33_j:8,33.4475,0.0,hdslay1_t20,33,8,hdslay1,arr,,,,,,
oname:hdslay1_t20_otype:arr_i:33_j:9,33.44461,0.0,hdslay1_t20,33,9,hdslay1,arr,,,,,,
oname:hdslay1_t20_otype:arr_i:34_j:0,1e+30,0.0,hdslay1_t20,34,0,hdslay1,arr,,,,,,
oname:hdslay1_t20_otype:arr_i:34_j:1,1e+30,0.0,hdslay1_t20,34,1,hdslay1,arr,,,,,,
oname:hdslay1_t20_otype:arr_i:34_j:10,33.4137,0.0,hdslay1_t20,34,10,hdslay1,arr,,,,,,
oname:hdslay1_t20_otype:arr_i:34_j:11,33.38223,0.0,hdslay1_t20,34,11,hdslay1,arr,,,,,,
oname:hdslay1_t20_otype:arr_i:34_j:12,33.2932,0.0,hdslay1_t20,34,12,hdslay1,arr,,,,,,
oname:hdslay1_t20_otype:arr_i:34_j:13,33.44073,0.0,hdslay1_t20,34,13,hdslay1,arr,,,,,,
oname:hdslay1_t20_otype:arr_i:34_j:14,33.49863,0.0,hdslay1_t20,34,14,hdslay1,arr,,,,,,
oname:hdslay1_t20_otype:arr_i:34_j:15,33.53448,0.0,hdslay1_t20,34,15,hdslay1,arr,,,,,,
oname:hdslay1_t20_otype:arr_i:34_j:16,33.54529,0.0,hdslay1_t20,34,16,hdslay1,arr,,,,,,
oname:hdslay1_t20_otype:arr_i:34_j:17,33.55495,0.0,hdslay1_t20,34,17,hdslay1,arr,,,,,,
oname:hdslay1_t20_otype:arr_i:34_j:18,33.56325,0.0,hdslay1_t20,34,18,hdslay1,arr,,,,,,
oname:hdslay1_t20_otype:arr_i:34_j:19,33.57045,0.0,hdslay1_t20,34,19,hdslay1,arr,,,,,,
oname:hdslay1_t20_otype:arr_i:34_j:2,1e+30,0.0,hdslay1_t20,34,2,hdslay1,arr,,,,,,
oname:hdslay1_t20_otype:arr_i:34_j:3,33.50319,0.0,hdslay1_t20,34,3,hdslay1,arr,,,,,,
oname:hdslay1_t20_otype:arr_i:34_j:4,33.47348,0.0,hdslay1_t20,34,4,hdslay1,arr,,,,,,
oname:hdslay1_t20_otype:arr_i:34_j:5,33.45869,0.0,hdslay1_t20,34,5,hdslay1,arr,,,,,,
oname:hdslay1_t20_otype:arr_i:34_j:6,33.44465,0.0,hdslay1_t20,34,6,hdslay1,arr,,,,,,
oname:hdslay1_t20_otype:arr_i:34_j:7,33.43586,0.0,hdslay1_t20,34,7,hdslay1,arr,,,,,,
oname:hdslay1_t20_otype:arr_i:34_j:8,33.43062,0.0,hdslay1_t20,34,8,hdslay1,arr,,,,,,
oname:hdslay1_t20_otype:arr_i:34_j:9,33.42512,0.0,hdslay1_t20,34,9,hdslay1,arr,,,,,,
oname:hdslay1_t20_otype:arr_i:35_j:0,1e+30,0.0,hdslay1_t20,35,0,hdslay1,arr,,,,,,
oname:hdslay1_t20_otype:arr_i:35_j:1,1e+30,0.0,hdslay1_t20,35,1,hdslay1,arr,,,,,,
oname:hdslay1_t20_otype:arr_i:35_j:10,33.39389,0.0,hdslay1_t20,35,10,hdslay1,arr,,,,,,
oname:hdslay1_t20_otype:arr_i:35_j:11,33.38541,0.0,hdslay1_t20,35,11,hdslay1,arr,,,,,,
oname:hdslay1_t20_otype:arr_i:35_j:12,33.38332,0.0,hdslay1_t20,35,12,hdslay1,arr,,,,,,
oname:hdslay1_t20_otype:arr_i:35_j:13,33.44464,0.0,hdslay1_t20,35,13,hdslay1,arr,,,,,,
oname:hdslay1_t20_otype:arr_i:35_j:14,33.49268,0.0,hdslay1_t20,35,14,hdslay1,arr,,,,,,
oname:hdslay1_t20_otype:arr_i:35_j:15,33.52249,0.0,hdslay1_t20,35,15,hdslay1,arr,,,,,,
oname:hdslay1_t20_otype:arr_i:35_j:16,33.53141,0.0,hdslay1_t20,35,16,hdslay1,arr,,,,,,
oname:hdslay1_t20_otype:arr_i:35_j:17,33.5406,0.0,hdslay1_t20,35,17,hdslay1,arr,,,,,,
oname:hdslay1_t20_otype:arr_i:35_j:18,33.54856,0.0,hdslay1_t20,35,18,hdslay1,arr,,,,,,
oname:hdslay1_t20_otype:arr_i:35_j:19,1e+30,0.0,hdslay1_t20,35,19,hdslay1,arr,,,,,,
oname:hdslay1_t20_otype:arr_i:35_j:2,1e+30,0.0,hdslay1_t20,35,2,hdslay1,arr,,,,,,
oname:hdslay1_t20_otype:arr_i:35_j:3,1e+30,0.0,hdslay1_t20,35,3,hdslay1,arr,,,,,,
oname:hdslay1_t20_otype:arr_i:35_j:4,33.44789,0.0,hdslay1_t20,35,4,hdslay1,arr,,,,,,
oname:hdslay1_t20_otype:arr_i:35_j:5,33.43533,0.0,hdslay1_t20,35,5,hdslay1,arr,,,,,,
oname:hdslay1_t20_otype:arr_i:35_j:6,33.42114,0.0,hdslay1_t20,35,6,hdslay1,arr,,,,,,
oname:hdslay1_t20_otype:arr_i:35_j:7,33.41217,0.0,hdslay1_t20,35,7,hdslay1,arr,,,,,,
oname:hdslay1_t20_otype:arr_i:35_j:8,33.40832,0.0,hdslay1_t20,35,8,hdslay1,arr,,,,,,
oname:hdslay1_t20_otype:arr_i:35_j:9,33.40326,0.0,hdslay1_t20,35,9,hdslay1,arr,,,,,,
oname:hdslay1_t20_otype:arr_i:36_j:0,1e+30,0.0,hdslay1_t20,36,0,hdslay1,arr,,,,,,
oname:hdslay1_t20_otype:arr_i:36_j:1,1e+30,0.0,hdslay1_t20,36,1,hdslay1,arr,,,,,,
oname:hdslay1_t20_otype:arr_i:36_j:10,33.37632,0.0,hdslay1_t20,36,10,hdslay1,arr,,,,,,
oname:hdslay1_t20_otype:arr_i:36_j:11,33.38238,0.0,hdslay1_t20,36,11,hdslay1,arr,,,,,,
oname:hdslay1_t20_otype:arr_i:36_j:12,33.40104,0.0,hdslay1_t20,36,12,hdslay1,arr,,,,,,
oname:hdslay1_t20_otype:arr_i:36_j:13,33.4443,0.0,hdslay1_t20,36,13,hdslay1,arr,,,,,,
oname:hdslay1_t20_otype:arr_i:36_j:14,33.48411,0.0,hdslay1_t20,36,14,hdslay1,arr,,,,,,
oname:hdslay1_t20_otype:arr_i:36_j:15,33.51222,0.0,hdslay1_t20,36,15,hdslay1,arr,,,,,,
oname:hdslay1_t20_otype:arr_i:36_j:16,33.52001,0.0,hdslay1_t20,36,16,hdslay1,arr,,,,,,
oname:hdslay1_t20_otype:arr_i:36_j:17,33.52916,0.0,hdslay1_t20,36,17,hdslay1,arr,,,,,,
oname:hdslay1_t20_otype:arr_i:36_j:18,33.53902,0.0,hdslay1_t20,36,18,hdslay1,arr,,,,,,
oname:hdslay1_t20_otype:arr_i:36_j:19,1e+30,0.0,hdslay1_t20,36,19,hdslay1,arr,,,,,,
oname:hdslay1_t20_otype:arr_i:36_j:2,1e+30,0.0,hdslay1_t20,36,2,hdslay1,arr,,,,,,
oname:hdslay1_t20_otype:arr_i:36_j:3,1e+30,0.0,hdslay1_t20,36,3,hdslay1,arr,,,,,,
oname:hdslay1_t20_otype:arr_i:36_j:4,33.43151,0.0,hdslay1_t20,36,4,hdslay1,arr,,,,,,
oname:hdslay1_t20_otype:arr_i:36_j:5,33.40774,0.0,hdslay1_t20,36,5,hdslay1,arr,,,,,,
oname:hdslay1_t20_otype:arr_i:36_j:6,33.39322,0.0,hdslay1_t20,36,6,hdslay1,arr,,,,,,
oname:hdslay1_t20_otype:arr_i:36_j:7,33.38507,0.0,hdslay1_t20,36,7,hdslay1,arr,,,,,,
oname:hdslay1_t20_otype:arr_i:36_j:8,33.38092,0.0,hdslay1_t20,36,8,hdslay1,arr,,,,,,
oname:hdslay1_t20_otype:arr_i:36_j:9,33.37946,0.0,hdslay1_t20,36,9,hdslay1,arr,,,,,,
oname:hdslay1_t20_otype:arr_i:37_j:0,1e+30,0.0,hdslay1_t20,37,0,hdslay1,arr,,,,,,
oname:hdslay1_t20_otype:arr_i:37_j:1,1e+30,0.0,hdslay1_t20,37,1,hdslay1,arr,,,,,,
oname:hdslay1_t20_otype:arr_i:37_j:10,33.35424,0.0,hdslay1_t20,37,10,hdslay1,arr,,,,,,
oname:hdslay1_t20_otype:arr_i:37_j:11,33.36494,0.0,hdslay1_t20,37,11,hdslay1,arr,,,,,,
oname:hdslay1_t20_otype:arr_i:37_j:12,33.39209,0.0,hdslay1_t20,37,12,hdslay1,arr,,,,,,
oname:hdslay1_t20_otype:arr_i:37_j:13,33.43183,0.0,hdslay1_t20,37,13,hdslay1,arr,,,,,,
oname:hdslay1_t20_otype:arr_i:37_j:14,33.47084,0.0,hdslay1_t20,37,14,hdslay1,arr,,,,,,
oname:hdslay1_t20_otype:arr_i:37_j:15,33.50161,0.0,hdslay1_t20,37,15,hdslay1,arr,,,,,,
oname:hdslay1_t20_otype:arr_i:37_j:16,33.51093,0.0,hdslay1_t20,37,16,hdslay1,arr,,,,,,
oname:hdslay1_t20_otype:arr_i:37_j:17,33.51924,0.0,hdslay1_t20,37,17,hdslay1,arr,,,,,,
oname:hdslay1_t20_otype:arr_i:37_j:18,1e+30,0.0,hdslay1_t20,37,18,hdslay1,arr,,,,,,
oname:hdslay1_t20_otype:arr_i:37_j:19,1e+30,0.0,hdslay1_t20,37,19,hdslay1,arr,,,,,,
oname:hdslay1_t20_otype:arr_i:37_j:2,1e+30,0.0,hdslay1_t20,37,2,hdslay1,arr,,,,,,
oname:hdslay1_t20_otype:arr_i:37_j:3,1e+30,0.0,hdslay1_t20,37,3,hdslay1,arr,,,,,,
oname:hdslay1_t20_otype:arr_i:37_j:4,1e+30,0.0,hdslay1_t20,37,4,hdslay1,arr,,,,,,
oname:hdslay1_t20_otype:arr_i:37_j:5,33.36204,0.0,hdslay1_t20,37,5,hdslay1,arr,,,,,,
oname:hdslay1_t20_otype:arr_i:37_j:6,33.36043,0.0,hdslay1_t20,37,6,hdslay1,arr,,,,,,
oname:hdslay1_t20_otype:arr_i:37_j:7,33.35696,0.0,hdslay1_t20,37,7,hdslay1,arr,,,,,,
oname:hdslay1_t20_otype:arr_i:37_j:8,33.3528,0.0,hdslay1_t20,37,8,hdslay1,arr,,,,,,
oname:hdslay1_t20_otype:arr_i:37_j:9,33.3529,0.0,hdslay1_t20,37,9,hdslay1,arr,,,,,,
oname:hdslay1_t20_otype:arr_i:38_j:0,1e+30,0.0,hdslay1_t20,38,0,hdslay1,arr,,,,,,
oname:hdslay1_t20_otype:arr_i:38_j:1,1e+30,0.0,hdslay1_t20,38,1,hdslay1,arr,,,,,,
oname:hdslay1_t20_otype:arr_i:38_j:10,33.31395,0.0,hdslay1_t20,38,10,hdslay1,arr,,,,,,
oname:hdslay1_t20_otype:arr_i:38_j:11,33.32303,0.0,hdslay1_t20,38,11,hdslay1,arr,,,,,,
oname:hdslay1_t20_otype:arr_i:38_j:12,33.35533,0.0,hdslay1_t20,38,12,hdslay1,arr,,,,,,
oname:hdslay1_t20_otype:arr_i:38_j:13,33.40061,0.0,hdslay1_t20,38,13,hdslay1,arr,,,,,,
oname:hdslay1_t20_otype:arr_i:38_j:14,33.44984,0.0,hdslay1_t20,38,14,hdslay1,arr,,,,,,
oname:hdslay1_t20_otype:arr_i:38_j:15,33.49836,0.0,hdslay1_t20,38,15,hdslay1,arr,,,,,,
oname:hdslay1_t20_otype:arr_i:38_j:16,33.50602,0.0,hdslay1_t20,38,16,hdslay1,arr,,,,,,
oname:hdslay1_t20_otype:arr_i:38_j:17,1e+30,0.0,hdslay1_t20,38,17,hdslay1,arr,,,,,,
oname:hdslay1_t20_otype:arr_i:38_j:18,1e+30,0.0,hdslay1_t20,38,18,hdslay1,arr,,,,,,
oname:hdslay1_t20_otype:arr_i:38_j:19,1e+30,0.0,hdslay1_t20,38,19,hdslay1,arr,,,,,,
oname:hdslay1_t20_otype:arr_i:38_j:2,1e+30,0.0,hdslay1_t20,38,2,hdslay1,arr,,,,,,
oname:hdslay1_t20_otype:arr_i:38_j:3,1e+30,0.0,hdslay1_t20,38,3,hdslay1,arr,,,,,,
oname:hdslay1_t20_otype:arr_i:38_j:4,1e+30,0.0,hdslay1_t20,38,4,hdslay1,arr,,,,,,
oname:hdslay1_t20_otype:arr_i:38_j:5,33.31938,0.0,hdslay1_t20,38,5,hdslay1,arr,,,,,,
oname:hdslay1_t20_otype:arr_i:38_j:6,33.32083,0.0,hdslay1_t20,38,6,hdslay1,arr,,,,,,
oname:hdslay1_t20_otype:arr_i:38_j:7,33.31593,0.0,hdslay1_t20,38,7,hdslay1,arr,,,,,,
oname:hdslay1_t20_otype:arr_i:38_j:8,33.31522,0.0,hdslay1_t20,38,8,hdslay1,arr,,,,,,
oname:hdslay1_t20_otype:arr_i:38_j:9,33.31445,0.0,hdslay1_t20,38,9,hdslay1,arr,,,,,,
oname:hdslay1_t20_otype:arr_i:39_j:0,1e+30,0.0,hdslay1_t20,39,0,hdslay1,arr,,,,,,
oname:hdslay1_t20_otype:arr_i:39_j:1,1e+30,0.0,hdslay1_t20,39,1,hdslay1,arr,,,,,,
oname:hdslay1_t20_otype:arr_i:39_j:10,33.23947,0.0,hdslay1_t20,39,10,hdslay1,arr,,,,,,
oname:hdslay1_t20_otype:arr_i:39_j:11,33.26,0.0,hdslay1_t20,39,11,hdslay1,arr,,,,,,
oname:hdslay1_t20_otype:arr_i:39_j:12,33.29416,0.0,hdslay1_t20,39,12,hdslay1,arr,,,,,,
oname:hdslay1_t20_otype:arr_i:39_j:13,33.3443,0.0,hdslay1_t20,39,13,hdslay1,arr,,,,,,
oname:hdslay1_t20_otype:arr_i:39_j:14,33.40354,0.0,hdslay1_t20,39,14,hdslay1,arr,,,,,,
oname:hdslay1_t20_otype:arr_i:39_j:15,33.48145,0.0,hdslay1_t20,39,15,hdslay1,arr,,,,,,
oname:hdslay1_t20_otype:arr_i:39_j:16,1e+30,0.0,hdslay1_t20,39,16,hdslay1,arr,,,,,,
oname:hdslay1_t20_otype:arr_i:39_j:17,1e+30,0.0,hdslay1_t20,39,17,hdslay1,arr,,,,,,
oname:hdslay1_t20_otype:arr_i:39_j:18,1e+30,0.0,hdslay1_t20,39,18,hdslay1,arr,,,,,,
oname:hdslay1_t20_otype:arr_i:39_j:19,1e+30,0.0,hdslay1_t20,39,19,hdslay1,arr,,,,,,
oname:hdslay1_t20_otype:arr_i:39_j:2,1e+30,0.0,hdslay1_t20,39,2,hdslay1,arr,,,,,,
oname:hdslay1_t20_otype:arr_i:39_j:3,1e+30,0.0,hdslay1_t20,39,3,hdslay1,arr,,,,,,
oname:hdslay1_t20_otype:arr_i:39_j:4,1e+30,0.0,hdslay1_t20,39,4,hdslay1,arr,,,,,,
oname:hdslay1_t20_otype:arr_i:39_j:5,33.26495,0.0,hdslay1_t20,39,5,hdslay1,arr,,,,,,
oname:hdslay1_t20_otype:arr_i:39_j:6,33.26156,0.0,hdslay1_t20,39,6,hdslay1,arr,,,,,,
oname:hdslay1_t20_otype:arr_i:39_j:7,33.26129,0.0,hdslay1_t20,39,7,hdslay1,arr,,,,,,
oname:hdslay1_t20_otype:arr_i:39_j:8,33.25774,0.0,hdslay1_t20,39,8,hdslay1,arr,,,,,,
oname:hdslay1_t20_otype:arr_i:39_j:9,33.25028,0.0,hdslay1_t20,39,9,hdslay1,arr,,,,,,
oname:hdslay1_t20_otype:arr_i:3_j:0,35.11397,0.0,hdslay1_t20,3,0,hdslay1,arr,,,,,,
oname:hdslay1_t20_otype:arr_i:3_j:1,35.10452,0.0,hdslay1_t20,3,1,hdslay1,arr,,,,,,
oname:hdslay1_t20_otype:arr_i:3_j:10,34.46156,0.0,hdslay1_t20,3,10,hdslay1,arr,,,,,,
oname:hdslay1_t20_otype:arr_i:3_j:11,34.40986,0.0,hdslay1_t20,3,11,hdslay1,arr,,,,,,
oname:hdslay1_t20_otype:arr_i:3_j:12,34.3581,0.0,hdslay1_t20,3,12,hdslay1,arr,,,,,,
oname:hdslay1_t20_otype:arr_i:3_j:13,34.30069,0.0,hdslay1_t20,3,13,hdslay1,arr,,,,,,
oname:hdslay1_t20_otype:arr_i:3_j:14,34.25242,0.0,hdslay1_t20,3,14,hdslay1,arr,,,,,,
oname:hdslay1_t20_otype:arr_i:3_j:15,34.21027,0.0,hdslay1_t20,3,15,hdslay1,arr,,,,,,
oname:hdslay1_t20_otype:arr_i:3_j:16,34.19813,0.0,hdslay1_t20,3,16,hdslay1,arr,,,,,,
oname:hdslay1_t20_otype:arr_i:3_j:17,34.18668,0.0,hdslay1_t20,3,17,hdslay1,arr,,,,,,
oname:hdslay1_t20_otype:arr_i:3_j:18,34.1781,0.0,hdslay1_t20,3,18,hdslay1,arr,,,,,,
oname:hdslay1_t20_otype:arr_i:3_j:19,34.17471,0.0,hdslay1_t20,3,19,hdslay1,arr,,,,,,
oname:hdslay1_t20_otype:arr_i:3_j:2,35.09122,0.0,hdslay1_t20,3,2,hdslay1,arr,,,,,,
oname:hdslay1_t20_otype:arr_i:3_j:3,35.05999,0.0,hdslay1_t20,3,3,hdslay1,arr,,,,,,
oname:hdslay1_t20_otype:arr_i:3_j:4,35.0071,0.0,hdslay1_t20,3,4,hdslay1,arr,,,,,,
oname:hdslay1_t20_otype:arr_i:3_j:5,34.92891,0.0,hdslay1_t20,3,5,hdslay1,arr,,,,,,
oname:hdslay1_t20_otype:arr_i:3_j:6,34.82253,0.0,hdslay1_t20,3,6,hdslay1,arr,,,,,,
oname:hdslay1_t20_otype:arr_i:3_j:7,34.70803,0.0,hdslay1_t20,3,7,hdslay1,arr,,,,,,
oname:hdslay1_t20_otype:arr_i:3_j:8,34.60652,0.0,hdslay1_t20,3,8,hdslay1,arr,,,,,,
oname:hdslay1_t20_otype:arr_i:3_j:9,34.5263,0.0,hdslay1_t20,3,9,hdslay1,arr,,,,,,
oname:hdslay1_t20_otype:arr_i:4_j:0,35.08645,0.0,hdslay1_t20,4,0,hdslay1,arr,,,,,,
oname:hdslay1_t20_otype:arr_i:4_j:1,35.08182,0.0,hdslay1_t20,4,1,hdslay1,arr,,,,,,
oname:hdslay1_t20_otype:arr_i:4_j:10,34.45644,0.0,hdslay1_t20,4,10,hdslay1,arr,,,,,,
oname:hdslay1_t20_otype:arr_i:4_j:11,34.40088,0.0,hdslay1_t20,4,11,hdslay1,arr,,,,,,
oname:hdslay1_t20_otype:arr_i:4_j:12,34.33707,0.0,hdslay1_t20,4,12,hdslay1,arr,,,,,,
oname:hdslay1_t20_otype:arr_i:4_j:13,34.27704,0.0,hdslay1_t20,4,13,hdslay1,arr,,,,,,
oname:hdslay1_t20_otype:arr_i:4_j:14,34.2287,0.0,hdslay1_t20,4,14,hdslay1,arr,,,,,,
oname:hdslay1_t20_otype:arr_i:4_j:15,34.18819,0.0,hdslay1_t20,4,15,hdslay1,arr,,,,,,
oname:hdslay1_t20_otype:arr_i:4_j:16,34.17213,0.0,hdslay1_t20,4,16,hdslay1,arr,,,,,,
oname:hdslay1_t20_otype:arr_i:4_j:17,34.1614,0.0,hdslay1_t20,4,17,hdslay1,arr,,,,,,
oname:hdslay1_t20_otype:arr_i:4_j:18,34.15668,0.0,hdslay1_t20,4,18,hdslay1,arr,,,,,,
oname:hdslay1_t20_otype:arr_i:4_j:19,34.15554,0.0,hdslay1_t20,4,19,hdslay1,arr,,,,,,
oname:hdslay1_t20_otype:arr_i:4_j:2,35.07248,0.0,hdslay1_t20,4,2,hdslay1,arr,,,,,,
oname:hdslay1_t20_otype:arr_i:4_j:3,35.04782,0.0,hdslay1_t20,4,3,hdslay1,arr,,,,,,
oname:hdslay1_t20_otype:arr_i:4_j:4,35.00398,0.0,hdslay1_t20,4,4,hdslay1,arr,,,,,,
oname:hdslay1_t20_otype:arr_i:4_j:5,34.93855,0.0,hdslay1_t20,4,5,hdslay1,arr,,,,,,
oname:hdslay1_t20_otype:arr_i:4_j:6,34.84578,0.0,hdslay1_t20,4,6,hdslay1,arr,,,,,,
oname:hdslay1_t20_otype:arr_i:4_j:7,34.72799,0.0,hdslay1_t20,4,7,hdslay1,arr,,,,,,
oname:hdslay1_t20_otype:arr_i:4_j:8,34.61538,0.0,hdslay1_t20,4,8,hdslay1,arr,,,,,,
oname:hdslay1_t20_otype:arr_i:4_j:9,34.52672,0.0,hdslay1_t20,4,9,hdslay1,arr,,,,,,
oname:hdslay1_t20_otype:arr_i:5_j:0,35.06322,0.0,hdslay1_t20,5,0,hdslay1,arr,,,,,,
oname:hdslay1_t20_otype:arr_i:5_j:1,35.06117,0.0,hdslay1_t20,5,1,hdslay1,arr,,,,,,
oname:hdslay1_t20_otype:arr_i:5_j:10,34.44284,0.0,hdslay1_t20,5,10,hdslay1,arr,,,,,,
oname:hdslay1_t20_otype:arr_i:5_j:11,34.37989,0.0,hdslay1_t20,5,11,hdslay1,arr,,,,,,
oname:hdslay1_t20_otype:arr_i:5_j:12,34.3116,0.0,hdslay1_t20,5,12,hdslay1,arr,,,,,,
oname:hdslay1_t20_otype:arr_i:5_j:13,34.24806,0.0,hdslay1_t20,5,13,hdslay1,arr,,,,,,
oname:hdslay1_t20_otype:arr_i:5_j:14,34.19509,0.0,hdslay1_t20,5,14,hdslay1,arr,,,,,,
oname:hdslay1_t20_otype:arr_i:5_j:15,34.15584,0.0,hdslay1_t20,5,15,hdslay1,arr,,,,,,
oname:hdslay1_t20_otype:arr_i:5_j:16,34.14313,0.0,hdslay1_t20,5,16,hdslay1,arr,,,,,,
oname:hdslay1_t20_otype:arr_i:5_j:17,34.13361,0.0,hdslay1_t20,5,17,hdslay1,arr,,,,,,
oname:hdslay1_t20_otype:arr_i:5_j:18,34.13204,0.0,hdslay1_t20,5,18,hdslay1,arr,,,,,,
oname:hdslay1_t20_otype:arr_i:5_j:19,34.1335,0.0,hdslay1_t20,5,19,hdslay1,arr,,,,,,
oname:hdslay1_t20_otype:arr_i:5_j:2,35.05307,0.0,hdslay1_t20,5,2,hdslay1,arr,,,,,,
oname:hdslay1_t20_otype:arr_i:5_j:3,35.0331,0.0,hdslay1_t20,5,3,hdslay1,arr,,,,,,
oname:hdslay1_t20_otype:arr_i:5_j:4,34.99797,0.0,hdslay1_t20,5,4,hdslay1,arr,,,,,,
oname:hdslay1_t20_otype:arr_i:5_j:5,34.93645,0.0,hdslay1_t20,5,5,hdslay1,arr,,,,,,
oname:hdslay1_t20_otype:arr_i:5_j:6,34.84639,0.0,hdslay1_t20,5,6,hdslay1,arr,,,,,,
oname:hdslay1_t20_otype:arr_i:5_j:7,34.74368,0.0,hdslay1_t20,5,7,hdslay1,arr,,,,,,
oname:hdslay1_t20_otype:arr_i:5_j:8,34.63208,0.0,hdslay1_t20,5,8,hdslay1,arr,,,,,,
oname:hdslay1_t20_otype:arr_i:5_j:9,34.52123,0.0,hdslay1_t20,5,9,hdslay1,arr,,,,,,
oname:hdslay1_t20_otype:arr_i:6_j:0,35.04738,0.0,hdslay1_t20,6,0,hdslay1,arr,,,,,,
oname:hdslay1_t20_otype:arr_i:6_j:1,35.04526,0.0,hdslay1_t20,6,1,hdslay1,arr,,,,,,
oname:hdslay1_t20_otype:arr_i:6_j:10,34.41557,0.0,hdslay1_t20,6,10,hdslay1,arr,,,,,,
oname:hdslay1_t20_otype:arr_i:6_j:11,34.34508,0.0,hdslay1_t20,6,11,hdslay1,arr,,,,,,
oname:hdslay1_t20_otype:arr_i:6_j:12,34.26725,0.0,hdslay1_t20,6,12,hdslay1,arr,,,,,,
oname:hdslay1_t20_otype:arr_i:6_j:13,34.19711,0.0,hdslay1_t20,6,13,hdslay1,arr,,,,,,
oname:hdslay1_t20_otype:arr_i:6_j:14,34.14832,0.0,hdslay1_t20,6,14,hdslay1,arr,,,,,,
oname:hdslay1_t20_otype:arr_i:6_j:15,34.11361,0.0,hdslay1_t20,6,15,hdslay1,arr,,,,,,
oname:hdslay1_t20_otype:arr_i:6_j:16,34.10746,0.0,hdslay1_t20,6,16,hdslay1,arr,,,,,,
oname:hdslay1_t20_otype:arr_i:6_j:17,34.10077,0.0,hdslay1_t20,6,17,hdslay1,arr,,,,,,
oname:hdslay1_t20_otype:arr_i:6_j:18,34.09898,0.0,hdslay1_t20,6,18,hdslay1,arr,,,,,,
oname:hdslay1_t20_otype:arr_i:6_j:19,34.09732,0.0,hdslay1_t20,6,19,hdslay1,arr,,,,,,
oname:hdslay1_t20_otype:arr_i:6_j:2,35.03873,0.0,hdslay1_t20,6,2,hdslay1,arr,,,,,,
oname:hdslay1_t20_otype:arr_i:6_j:3,35.02542,0.0,hdslay1_t20,6,3,hdslay1,arr,,,,,,
oname:hdslay1_t20_otype:arr_i:6_j:4,34.9956,0.0,hdslay1_t20,6,4,hdslay1,arr,,,,,,
oname:hdslay1_t20_otype:arr_i:6_j:5,34.92851,0.0,hdslay1_t20,6,5,hdslay1,arr,,,,,,
oname:hdslay1_t20_otype:arr_i:6_j:6,34.83289,0.0,hdslay1_t20,6,6,hdslay1,arr,,,,,,
oname:hdslay1_t20_otype:arr_i:6_j:7,34.73105,0.0,hdslay1_t20,6,7,hdslay1,arr,,,,,,
oname:hdslay1_t20_otype:arr_i:6_j:8,34.62026,0.0,hdslay1_t20,6,8,hdslay1,arr,,,,,,
oname:hdslay1_t20_otype:arr_i:6_j:9,34.50226,0.0,hdslay1_t20,6,9,hdslay1,arr,,,,,,
oname:hdslay1_t20_otype:arr_i:7_j:0,35.03453,0.0,hdslay1_t20,7,0,hdslay1,arr,,,,,,
oname:hdslay1_t20_otype:arr_i:7_j:1,35.0334,0.0,hdslay1_t20,7,1,hdslay1,arr,,,,,,
oname:hdslay1_t20_otype:arr_i:7_j:10,34.35888,0.0,hdslay1_t20,7,10,hdslay1,arr,,,,,,
oname:hdslay1_t20_otype:arr_i:7_j:11,34.28545,0.0,hdslay1_t20,7,11,hdslay1,arr,,,,,,
oname:hdslay1_t20_otype:arr_i:7_j:12,34.19774,0.0,hdslay1_t20,7,12,hdslay1,arr,,,,,,
oname:hdslay1_t20_otype:arr_i:7_j:13,34.12833,0.0,hdslay1_t20,7,13,hdslay1,arr,,,,,,
oname:hdslay1_t20_otype:arr_i:7_j:14,34.08701,0.0,hdslay1_t20,7,14,hdslay1,arr,,,,,,
oname:hdslay1_t20_otype:arr_i:7_j:15,34.06045,0.0,hdslay1_t20,7,15,hdslay1,arr,,,,,,
oname:hdslay1_t20_otype:arr_i:7_j:16,34.05179,0.0,hdslay1_t20,7,16,hdslay1,arr,,,,,,
oname:hdslay1_t20_otype:arr_i:7_j:17,34.05687,0.0,hdslay1_t20,7,17,hdslay1,arr,,,,,,
oname:hdslay1_t20_otype:arr_i:7_j:18,34.05556,0.0,hdslay1_t20,7,18,hdslay1,arr,,,,,,
oname:hdslay1_t20_otype:arr_i:7_j:19,34.05312,0.0,hdslay1_t20,7,19,hdslay1,arr,,,,,,
oname:hdslay1_t20_otype:arr_i:7_j:2,35.02932,0.0,hdslay1_t20,7,2,hdslay1,arr,,,,,,
oname:hdslay1_t20_otype:arr_i:7_j:3,35.02077,0.0,hdslay1_t20,7,3,hdslay1,arr,,,,,,
oname:hdslay1_t20_otype:arr_i:7_j:4,34.98988,0.0,hdslay1_t20,7,4,hdslay1,arr,,,,,,
oname:hdslay1_t20_otype:arr_i:7_j:5,34.92101,0.0,hdslay1_t20,7,5,hdslay1,arr,,,,,,
oname:hdslay1_t20_otype:arr_i:7_j:6,34.83227,0.0,hdslay1_t20,7,6,hdslay1,arr,,,,,,
oname:hdslay1_t20_otype:arr_i:7_j:7,34.7066,0.0,hdslay1_t20,7,7,hdslay1,arr,,,,,,
oname:hdslay1_t20_otype:arr_i:7_j:8,34.56332,0.0,hdslay1_t20,7,8,hdslay1,arr,,,,,,
oname:hdslay1_t20_otype:arr_i:7_j:9,34.43907,0.0,hdslay1_t20,7,9,hdslay1,arr,,,,,,
oname:hdslay1_t20_otype:arr_i:8_j:0,35.02183,0.0,hdslay1_t20,8,0,hdslay1,arr,,,,,,
oname:hdslay1_t20_otype:arr_i:8_j:1,35.02125,0.0,hdslay1_t20,8,1,hdslay1,arr,,,,,,
oname:hdslay1_t20_otype:arr_i:8_j:10,34.2707,0.0,hdslay1_t20,8,10,hdslay1,arr,,,,,,
oname:hdslay1_t20_otype:arr_i:8_j:11,34.19048,0.0,hdslay1_t20,8,11,hdslay1,arr,,,,,,
oname:hdslay1_t20_otype:arr_i:8_j:12,34.10172,0.0,hdslay1_t20,8,12,hdslay1,arr,,,,,,
oname:hdslay1_t20_otype:arr_i:8_j:13,34.04788,0.0,hdslay1_t20,8,13,hdslay1,arr,,,,,,
oname:hdslay1_t20_otype:arr_i:8_j:14,34.0163,0.0,hdslay1_t20,8,14,hdslay1,arr,,,,,,
oname:hdslay1_t20_otype:arr_i:8_j:15,33.99787,0.0,hdslay1_t20,8,15,hdslay1,arr,,,,,,
oname:hdslay1_t20_otype:arr_i:8_j:16,33.98467,0.0,hdslay1_t20,8,16,hdslay1,arr,,,,,,
oname:hdslay1_t20_otype:arr_i:8_j:17,33.99898,0.0,hdslay1_t20,8,17,hdslay1,arr,,,,,,
oname:hdslay1_t20_otype:arr_i:8_j:18,34.01032,0.0,hdslay1_t20,8,18,hdslay1,arr,,,,,,
oname:hdslay1_t20_otype:arr_i:8_j:19,34.01281,0.0,hdslay1_t20,8,19,hdslay1,arr,,,,,,
oname:hdslay1_t20_otype:arr_i:8_j:2,35.02138,0.0,hdslay1_t20,8,2,hdslay1,arr,,,,,,
oname:hdslay1_t20_otype:arr_i:8_j:3,35.01865,0.0,hdslay1_t20,8,3,hdslay1,arr,,,,,,
oname:hdslay1_t20_otype:arr_i:8_j:4,1e+30,0.0,hdslay1_t20,8,4,hdslay1,arr,,,,,,
oname:hdslay1_t20_otype:arr_i:8_j:5,1e+30,0.0,hdslay1_t20,8,5,hdslay1,arr,,,,,,
oname:hdslay1_t20_otype:arr_i:8_j:6,1e+30,0.0,hdslay1_t20,8,6,hdslay1,arr,,,,,,
oname:hdslay1_t20_otype:arr_i:8_j:7,34.59718,0.0,hdslay1_t20,8,7,hdslay1,arr,,,,,,
oname:hdslay1_t20_otype:arr_i:8_j:8,34.44448,0.0,hdslay1_t20,8,8,hdslay1,arr,,,,,,
oname:hdslay1_t20_otype:arr_i:8_j:9,34.34565,0.0,hdslay1_t20,8,9,hdslay1,arr,,,,,,
oname:hdslay1_t20_otype:arr_i:9_j:0,35.0051,0.0,hdslay1_t20,9,0,hdslay1,arr,,,,,,
oname:hdslay1_t20_otype:arr_i:9_j:1,35.00198,0.0,hdslay1_t20,9,1,hdslay1,arr,,,,,,
oname:hdslay1_t20_otype:arr_i:9_j:10,34.1665,0.0,hdslay1_t20,9,10,hdslay1,arr,,,,,,
oname:hdslay1_t20_otype:arr_i:9_j:11,34.08685,0.0,hdslay1_t20,9,11,hdslay1,arr,,,,,,
oname:hdslay1_t20_otype:arr_i:9_j:12,34.01322,0.0,hdslay1_t20,9,12,hdslay1,arr,,,,,,
oname:hdslay1_t20_otype:arr_i:9_j:13,33.9746,0.0,hdslay1_t20,9,13,hdslay1,arr,,,,,,
oname:hdslay1_t20_otype:arr_i:9_j:14,33.95796,0.0,hdslay1_t20,9,14,hdslay1,arr,,,,,,
oname:hdslay1_t20_otype:arr_i:9_j:15,33.94724,0.0,hdslay1_t20,9,15,hdslay1,arr,,,,,,
oname:hdslay1_t20_otype:arr_i:9_j:16,33.89871,0.0,hdslay1_t20,9,16,hdslay1,arr,,,,,,
oname:hdslay1_t20_otype:arr_i:9_j:17,33.95182,0.0,hdslay1_t20,9,17,hdslay1,arr,,,,,,
oname:hdslay1_t20_otype:arr_i:9_j:18,33.97312,0.0,hdslay1_t20,9,18,hdslay1,arr,,,,,,
oname:hdslay1_t20_otype:arr_i:9_j:19,33.98148,0.0,hdslay1_t20,9,19,hdslay1,arr,,,,,,
oname:hdslay1_t20_otype:arr_i:9_j:2,35.00277,0.0,hdslay1_t20,9,2,hdslay1,arr,,,,,,
oname:hdslay1_t20_otype:arr_i:9_j:3,34.99829,0.0,hdslay1_t20,9,3,hdslay1,arr,,,,,,
oname:hdslay1_t20_otype:arr_i:9_j:4,1e+30,0.0,hdslay1_t20,9,4,hdslay1,arr,,,,,,
oname:hdslay1_t20_otype:arr_i:9_j:5,1e+30,0.0,hdslay1_t20,9,5,hdslay1,arr,,,,,,
oname:hdslay1_t20_otype:arr_i:9_j:6,1e+30,0.0,hdslay1_t20,9,6,hdslay1,arr,,,,,,
oname:hdslay1_t20_otype:arr_i:9_j:7,1e+30,0.0,hdslay1_t20,9,7,hdslay1,arr,,,,,,
oname:hdslay1_t20_otype:arr_i:9_j:8,34.26653,0.0,hdslay1_t20,9,8,hdslay1,arr,,,,,,
oname:hdslay1_t20_otype:arr_i:9_j:9,34.22097,0.0,hdslay1_t20,9,9,hdslay1,arr,,,,,,
oname:hdslay1_t21_otype:arr_i:0_j:0,34.95936,0.0,hdslay1_t21,0,0,hdslay1,arr,,,,,,
oname:hdslay1_t21_otype:arr_i:0_j:1,34.94769,0.0,hdslay1_t21,0,1,hdslay1,arr,,,,,,
oname:hdslay1_t21_otype:arr_i:0_j:10,34.38663,0.0,hdslay1_t21,0,10,hdslay1,arr,,,,,,
oname:hdslay1_t21_otype:arr_i:0_j:11,34.34047,0.0,hdslay1_t21,0,11,hdslay1,arr,,,,,,
oname:hdslay1_t21_otype:arr_i:0_j:12,34.30423,0.0,hdslay1_t21,0,12,hdslay1,arr,,,,,,
oname:hdslay1_t21_otype:arr_i:0_j:13,34.26904,0.0,hdslay1_t21,0,13,hdslay1,arr,,,,,,
oname:hdslay1_t21_otype:arr_i:0_j:14,34.23343,0.0,hdslay1_t21,0,14,hdslay1,arr,,,,,,
oname:hdslay1_t21_otype:arr_i:0_j:15,34.19151,0.0,hdslay1_t21,0,15,hdslay1,arr,,,,,,
oname:hdslay1_t21_otype:arr_i:0_j:16,34.18459,0.0,hdslay1_t21,0,16,hdslay1,arr,,,,,,
oname:hdslay1_t21_otype:arr_i:0_j:17,34.17736,0.0,hdslay1_t21,0,17,hdslay1,arr,,,,,,
oname:hdslay1_t21_otype:arr_i:0_j:18,34.17088,0.0,hdslay1_t21,0,18,hdslay1,arr,,,,,,
oname:hdslay1_t21_otype:arr_i:0_j:19,34.16772,0.0,hdslay1_t21,0,19,hdslay1,arr,,,,,,
oname:hdslay1_t21_otype:arr_i:0_j:2,34.92412,0.0,hdslay1_t21,0,2,hdslay1,arr,,,,,,
oname:hdslay1_t21_otype:arr_i:0_j:3,34.89433,0.0,hdslay1_t21,0,3,hdslay1,arr,,,,,,
oname:hdslay1_t21_otype:arr_i:0_j:4,34.84483,0.0,hdslay1_t21,0,4,hdslay1,arr,,,,,,
oname:hdslay1_t21_otype:arr_i:0_j:5,34.76318,0.0,hdslay1_t21,0,5,hdslay1,arr,,,,,,
oname:hdslay1_t21_otype:arr_i:0_j:6,34.66387,0.0,hdslay1_t21,0,6,hdslay1,arr,,,,,,
oname:hdslay1_t21_otype:arr_i:0_j:7,34.57457,0.0,hdslay1_t21,0,7,hdslay1,arr,,,,,,
oname:hdslay1_t21_otype:arr_i:0_j:8,34.49876,0.0,hdslay1_t21,0,8,hdslay1,arr,,,,,,
oname:hdslay1_t21_otype:arr_i:0_j:9,34.43725,0.0,hdslay1_t21,0,9,hdslay1,arr,,,,,,
oname:hdslay1_t21_otype:arr_i:10_j:0,34.80514,0.0,hdslay1_t21,10,0,hdslay1,arr,,,,,,
oname:hdslay1_t21_otype:arr_i:10_j:1,34.80233,0.0,hdslay1_t21,10,1,hdslay1,arr,,,,,,
oname:hdslay1_t21_otype:arr_i:10_j:10,34.00619,0.0,hdslay1_t21,10,10,hdslay1,arr,,,,,,
oname:hdslay1_t21_otype:arr_i:10_j:11,33.94368,0.0,hdslay1_t21,10,11,hdslay1,arr,,,,,,
oname:hdslay1_t21_otype:arr_i:10_j:12,33.88647,0.0,hdslay1_t21,10,12,hdslay1,arr,,,,,,
oname:hdslay1_t21_otype:arr_i:10_j:13,33.85131,0.0,hdslay1_t21,10,13,hdslay1,arr,,,,,,
oname:hdslay1_t21_otype:arr_i:10_j:14,33.86978,0.0,hdslay1_t21,10,14,hdslay1,arr,,,,,,
oname:hdslay1_t21_otype:arr_i:10_j:15,33.87996,0.0,hdslay1_t21,10,15,hdslay1,arr,,,,,,
oname:hdslay1_t21_otype:arr_i:10_j:16,33.87769,0.0,hdslay1_t21,10,16,hdslay1,arr,,,,,,
oname:hdslay1_t21_otype:arr_i:10_j:17,33.89206,0.0,hdslay1_t21,10,17,hdslay1,arr,,,,,,
oname:hdslay1_t21_otype:arr_i:10_j:18,33.90269,0.0,hdslay1_t21,10,18,hdslay1,arr,,,,,,
oname:hdslay1_t21_otype:arr_i:10_j:19,33.90837,0.0,hdslay1_t21,10,19,hdslay1,arr,,,,,,
oname:hdslay1_t21_otype:arr_i:10_j:2,34.8006,0.0,hdslay1_t21,10,2,hdslay1,arr,,,,,,
oname:hdslay1_t21_otype:arr_i:10_j:3,34.79652,0.0,hdslay1_t21,10,3,hdslay1,arr,,,,,,
oname:hdslay1_t21_otype:arr_i:10_j:4,1e+30,0.0,hdslay1_t21,10,4,hdslay1,arr,,,,,,
oname:hdslay1_t21_otype:arr_i:10_j:5,1e+30,0.0,hdslay1_t21,10,5,hdslay1,arr,,,,,,
oname:hdslay1_t21_otype:arr_i:10_j:6,1e+30,0.0,hdslay1_t21,10,6,hdslay1,arr,,,,,,
oname:hdslay1_t21_otype:arr_i:10_j:7,1e+30,0.0,hdslay1_t21,10,7,hdslay1,arr,,,,,,
oname:hdslay1_t21_otype:arr_i:10_j:8,34.06114,0.0,hdslay1_t21,10,8,hdslay1,arr,,,,,,
oname:hdslay1_t21_otype:arr_i:10_j:9,34.03938,0.0,hdslay1_t21,10,9,hdslay1,arr,,,,,,
oname:hdslay1_t21_otype:arr_i:11_j:0,34.75224,0.0,hdslay1_t21,11,0,hdslay1,arr,,,,,,
oname:hdslay1_t21_otype:arr_i:11_j:1,34.7506,0.0,hdslay1_t21,11,1,hdslay1,arr,,,,,,
oname:hdslay1_t21_otype:arr_i:11_j:10,33.94411,0.0,hdslay1_t21,11,10,hdslay1,arr,,,,,,
oname:hdslay1_t21_otype:arr_i:11_j:11,33.89653,0.0,hdslay1_t21,11,11,hdslay1,arr,,,,,,
oname:hdslay1_t21_otype:arr_i:11_j:12,33.83776,0.0,hdslay1_t21,11,12,hdslay1,arr,,,,,,
oname:hdslay1_t21_otype:arr_i:11_j:13,33.74506,0.0,hdslay1_t21,11,13,hdslay1,arr,,,,,,
oname:hdslay1_t21_otype:arr_i:11_j:14,33.8378,0.0,hdslay1_t21,11,14,hdslay1,arr,,,,,,
oname:hdslay1_t21_otype:arr_i:11_j:15,33.86945,0.0,hdslay1_t21,11,15,hdslay1,arr,,,,,,
oname:hdslay1_t21_otype:arr_i:11_j:16,33.87813,0.0,hdslay1_t21,11,16,hdslay1,arr,,,,,,
oname:hdslay1_t21_otype:arr_i:11_j:17,33.88793,0.0,hdslay1_t21,11,17,hdslay1,arr,,,,,,
oname:hdslay1_t21_otype:arr_i:11_j:18,33.89588,0.0,hdslay1_t21,11,18,hdslay1,arr,,,,,,
oname:hdslay1_t21_otype:arr_i:11_j:19,33.9,0.0,hdslay1_t21,11,19,hdslay1,arr,,,,,,
oname:hdslay1_t21_otype:arr_i:11_j:2,34.74918,0.0,hdslay1_t21,11,2,hdslay1,arr,,,,,,
oname:hdslay1_t21_otype:arr_i:11_j:3,34.75206,0.0,hdslay1_t21,11,3,hdslay1,arr,,,,,,
oname:hdslay1_t21_otype:arr_i:11_j:4,1e+30,0.0,hdslay1_t21,11,4,hdslay1,arr,,,,,,
oname:hdslay1_t21_otype:arr_i:11_j:5,1e+30,0.0,hdslay1_t21,11,5,hdslay1,arr,,,,,,
oname:hdslay1_t21_otype:arr_i:11_j:6,1e+30,0.0,hdslay1_t21,11,6,hdslay1,arr,,,,,,
oname:hdslay1_t21_otype:arr_i:11_j:7,1e+30,0.0,hdslay1_t21,11,7,hdslay1,arr,,,,,,
oname:hdslay1_t21_otype:arr_i:11_j:8,33.98632,0.0,hdslay1_t21,11,8,hdslay1,arr,,,,,,
oname:hdslay1_t21_otype:arr_i:11_j:9,33.9726,0.0,hdslay1_t21,11,9,hdslay1,arr,,,,,,
oname:hdslay1_t21_otype:arr_i:12_j:0,34.69604,0.0,hdslay1_t21,12,0,hdslay1,arr,,,,,,
oname:hdslay1_t21_otype:arr_i:12_j:1,34.69358,0.0,hdslay1_t21,12,1,hdslay1,arr,,,,,,
oname:hdslay1_t21_otype:arr_i:12_j:10,33.91079,0.0,hdslay1_t21,12,10,hdslay1,arr,,,,,,
oname:hdslay1_t21_otype:arr_i:12_j:11,33.88096,0.0,hdslay1_t21,12,11,hdslay1,arr,,,,,,
oname:hdslay1_t21_otype:arr_i:12_j:12,33.84502,0.0,hdslay1_t21,12,12,hdslay1,arr,,,,,,
oname:hdslay1_t21_otype:arr_i:12_j:13,33.81749,0.0,hdslay1_t21,12,13,hdslay1,arr,,,,,,
oname:hdslay1_t21_otype:arr_i:12_j:14,33.84488,0.0,hdslay1_t21,12,14,hdslay1,arr,,,,,,
oname:hdslay1_t21_otype:arr_i:12_j:15,33.86796,0.0,hdslay1_t21,12,15,hdslay1,arr,,,,,,
oname:hdslay1_t21_otype:arr_i:12_j:16,33.87637,0.0,hdslay1_t21,12,16,hdslay1,arr,,,,,,
oname:hdslay1_t21_otype:arr_i:12_j:17,33.88392,0.0,hdslay1_t21,12,17,hdslay1,arr,,,,,,
oname:hdslay1_t21_otype:arr_i:12_j:18,33.89034,0.0,hdslay1_t21,12,18,hdslay1,arr,,,,,,
oname:hdslay1_t21_otype:arr_i:12_j:19,33.89378,0.0,hdslay1_t21,12,19,hdslay1,arr,,,,,,
oname:hdslay1_t21_otype:arr_i:12_j:2,34.69501,0.0,hdslay1_t21,12,2,hdslay1,arr,,,,,,
oname:hdslay1_t21_otype:arr_i:12_j:3,34.69658,0.0,hdslay1_t21,12,3,hdslay1,arr,,,,,,
oname:hdslay1_t21_otype:arr_i:12_j:4,1e+30,0.0,hdslay1_t21,12,4,hdslay1,arr,,,,,,
oname:hdslay1_t21_otype:arr_i:12_j:5,1e+30,0.0,hdslay1_t21,12,5,hdslay1,arr,,,,,,
oname:hdslay1_t21_otype:arr_i:12_j:6,1e+30,0.0,hdslay1_t21,12,6,hdslay1,arr,,,,,,
oname:hdslay1_t21_otype:arr_i:12_j:7,1e+30,0.0,hdslay1_t21,12,7,hdslay1,arr,,,,,,
oname:hdslay1_t21_otype:arr_i:12_j:8,33.94107,0.0,hdslay1_t21,12,8,hdslay1,arr,,,,,,
oname:hdslay1_t21_otype:arr_i:12_j:9,33.92816,0.0,hdslay1_t21,12,9,hdslay1,arr,,,,,,
oname:hdslay1_t21_otype:arr_i:13_j:0,34.63309,0.0,hdslay1_t21,13,0,hdslay1,arr,,,,,,
oname:hdslay1_t21_otype:arr_i:13_j:1,34.63675,0.0,hdslay1_t21,13,1,hdslay1,arr,,,,,,
oname:hdslay1_t21_otype:arr_i:13_j:10,33.88892,0.0,hdslay1_t21,13,10,hdslay1,arr,,,,,,
oname:hdslay1_t21_otype:arr_i:13_j:11,33.87134,0.0,hdslay1_t21,13,11,hdslay1,arr,,,,,,
oname:hdslay1_t21_otype:arr_i:13_j:12,33.84909,0.0,hdslay1_t21,13,12,hdslay1,arr,,,,,,
oname:hdslay1_t21_otype:arr_i:13_j:13,33.83851,0.0,hdslay1_t21,13,13,hdslay1,arr,,,,,,
oname:hdslay1_t21_otype:arr_i:13_j:14,33.85044,0.0,hdslay1_t21,13,14,hdslay1,arr,,,,,,
oname:hdslay1_t21_otype:arr_i:13_j:15,33.86665,0.0,hdslay1_t21,13,15,hdslay1,arr,,,,,,
oname:hdslay1_t21_otype:arr_i:13_j:16,33.87228,0.0,hdslay1_t21,13,16,hdslay1,arr,,,,,,
oname:hdslay1_t21_otype:arr_i:13_j:17,33.87863,0.0,hdslay1_t21,13,17,hdslay1,arr,,,,,,
oname:hdslay1_t21_otype:arr_i:13_j:18,33.884,0.0,hdslay1_t21,13,18,hdslay1,arr,,,,,,
oname:hdslay1_t21_otype:arr_i:13_j:19,33.88777,0.0,hdslay1_t21,13,19,hdslay1,arr,,,,,,
oname:hdslay1_t21_otype:arr_i:13_j:2,34.63889,0.0,hdslay1_t21,13,2,hdslay1,arr,,,,,,
oname:hdslay1_t21_otype:arr_i:13_j:3,34.63702,0.0,hdslay1_t21,13,3,hdslay1,arr,,,,,,
oname:hdslay1_t21_otype:arr_i:13_j:4,1e+30,0.0,hdslay1_t21,13,4,hdslay1,arr,,,,,,
oname:hdslay1_t21_otype:arr_i:13_j:5,1e+30,0.0,hdslay1_t21,13,5,hdslay1,arr,,,,,,
oname:hdslay1_t21_otype:arr_i:13_j:6,1e+30,0.0,hdslay1_t21,13,6,hdslay1,arr,,,,,,
oname:hdslay1_t21_otype:arr_i:13_j:7,1e+30,0.0,hdslay1_t21,13,7,hdslay1,arr,,,,,,
oname:hdslay1_t21_otype:arr_i:13_j:8,33.9019,0.0,hdslay1_t21,13,8,hdslay1,arr,,,,,,
oname:hdslay1_t21_otype:arr_i:13_j:9,33.89492,0.0,hdslay1_t21,13,9,hdslay1,arr,,,,,,
oname:hdslay1_t21_otype:arr_i:14_j:0,34.55103,0.0,hdslay1_t21,14,0,hdslay1,arr,,,,,,
oname:hdslay1_t21_otype:arr_i:14_j:1,34.56145,0.0,hdslay1_t21,14,1,hdslay1,arr,,,,,,
oname:hdslay1_t21_otype:arr_i:14_j:10,33.86437,0.0,hdslay1_t21,14,10,hdslay1,arr,,,,,,
oname:hdslay1_t21_otype:arr_i:14_j:11,33.85085,0.0,hdslay1_t21,14,11,hdslay1,arr,,,,,,
oname:hdslay1_t21_otype:arr_i:14_j:12,33.83914,0.0,hdslay1_t21,14,12,hdslay1,arr,,,,,,
oname:hdslay1_t21_otype:arr_i:14_j:13,33.83639,0.0,hdslay1_t21,14,13,hdslay1,arr,,,,,,
oname:hdslay1_t21_otype:arr_i:14_j:14,33.84545,0.0,hdslay1_t21,14,14,hdslay1,arr,,,,,,
oname:hdslay1_t21_otype:arr_i:14_j:15,33.85926,0.0,hdslay1_t21,14,15,hdslay1,arr,,,,,,
oname:hdslay1_t21_otype:arr_i:14_j:16,33.86576,0.0,hdslay1_t21,14,16,hdslay1,arr,,,,,,
oname:hdslay1_t21_otype:arr_i:14_j:17,33.87086,0.0,hdslay1_t21,14,17,hdslay1,arr,,,,,,
oname:hdslay1_t21_otype:arr_i:14_j:18,33.87559,0.0,hdslay1_t21,14,18,hdslay1,arr,,,,,,
oname:hdslay1_t21_otype:arr_i:14_j:19,33.87926,0.0,hdslay1_t21,14,19,hdslay1,arr,,,,,,
oname:hdslay1_t21_otype:arr_i:14_j:2,34.56241,0.0,hdslay1_t21,14,2,hdslay1,arr,,,,,,
oname:hdslay1_t21_otype:arr_i:14_j:3,34.56206,0.0,hdslay1_t21,14,3,hdslay1,arr,,,,,,
oname:hdslay1_t21_otype:arr_i:14_j:4,1e+30,0.0,hdslay1_t21,14,4,hdslay1,arr,,,,,,
oname:hdslay1_t21_otype:arr_i:14_j:5,1e+30,0.0,hdslay1_t21,14,5,hdslay1,arr,,,,,,
oname:hdslay1_t21_otype:arr_i:14_j:6,1e+30,0.0,hdslay1_t21,14,6,hdslay1,arr,,,,,,
oname:hdslay1_t21_otype:arr_i:14_j:7,1e+30,0.0,hdslay1_t21,14,7,hdslay1,arr,,,,,,
oname:hdslay1_t21_otype:arr_i:14_j:8,33.86659,0.0,hdslay1_t21,14,8,hdslay1,arr,,,,,,
oname:hdslay1_t21_otype:arr_i:14_j:9,33.86745,0.0,hdslay1_t21,14,9,hdslay1,arr,,,,,,
oname:hdslay1_t21_otype:arr_i:15_j:0,34.4751,0.0,hdslay1_t21,15,0,hdslay1,arr,,,,,,
oname:hdslay1_t21_otype:arr_i:15_j:1,34.48179,0.0,hdslay1_t21,15,1,hdslay1,arr,,,,,,
oname:hdslay1_t21_otype:arr_i:15_j:10,33.82817,0.0,hdslay1_t21,15,10,hdslay1,arr,,,,,,
oname:hdslay1_t21_otype:arr_i:15_j:11,33.8186,0.0,hdslay1_t21,15,11,hdslay1,arr,,,,,,
oname:hdslay1_t21_otype:arr_i:15_j:12,33.81679,0.0,hdslay1_t21,15,12,hdslay1,arr,,,,,,
oname:hdslay1_t21_otype:arr_i:15_j:13,33.81855,0.0,hdslay1_t21,15,13,hdslay1,arr,,,,,,
oname:hdslay1_t21_otype:arr_i:15_j:14,33.83071,0.0,hdslay1_t21,15,14,hdslay1,arr,,,,,,
oname:hdslay1_t21_otype:arr_i:15_j:15,33.84639,0.0,hdslay1_t21,15,15,hdslay1,arr,,,,,,
oname:hdslay1_t21_otype:arr_i:15_j:16,33.85433,0.0,hdslay1_t21,15,16,hdslay1,arr,,,,,,
oname:hdslay1_t21_otype:arr_i:15_j:17,33.86063,0.0,hdslay1_t21,15,17,hdslay1,arr,,,,,,
oname:hdslay1_t21_otype:arr_i:15_j:18,33.86505,0.0,hdslay1_t21,15,18,hdslay1,arr,,,,,,
oname:hdslay1_t21_otype:arr_i:15_j:19,33.86768,0.0,hdslay1_t21,15,19,hdslay1,arr,,,,,,
oname:hdslay1_t21_otype:arr_i:15_j:2,34.47389,0.0,hdslay1_t21,15,2,hdslay1,arr,,,,,,
oname:hdslay1_t21_otype:arr_i:15_j:3,34.46778,0.0,hdslay1_t21,15,3,hdslay1,arr,,,,,,
oname:hdslay1_t21_otype:arr_i:15_j:4,1e+30,0.0,hdslay1_t21,15,4,hdslay1,arr,,,,,,
oname:hdslay1_t21_otype:arr_i:15_j:5,1e+30,0.0,hdslay1_t21,15,5,hdslay1,arr,,,,,,
oname:hdslay1_t21_otype:arr_i:15_j:6,1e+30,0.0,hdslay1_t21,15,6,hdslay1,arr,,,,,,
oname:hdslay1_t21_otype:arr_i:15_j:7,1e+30,0.0,hdslay1_t21,15,7,hdslay1,arr,,,,,,
oname:hdslay1_t21_otype:arr_i:15_j:8,33.83194,0.0,hdslay1_t21,15,8,hdslay1,arr,,,,,,
oname:hdslay1_t21_otype:arr_i:15_j:9,33.83078,0.0,hdslay1_t21,15,9,hdslay1,arr,,,,,,
oname:hdslay1_t21_otype:arr_i:16_j:0,34.40156,0.0,hdslay1_t21,16,0,hdslay1,arr,,,,,,
oname:hdslay1_t21_otype:arr_i:16_j:1,34.39267,0.0,hdslay1_t21,16,1,hdslay1,arr,,,,,,
oname:hdslay1_t21_otype:arr_i:16_j:10,33.7763,0.0,hdslay1_t21,16,10,hdslay1,arr,,,,,,
oname:hdslay1_t21_otype:arr_i:16_j:11,33.77386,0.0,hdslay1_t21,16,11,hdslay1,arr,,,,,,
oname:hdslay1_t21_otype:arr_i:16_j:12,33.77785,0.0,hdslay1_t21,16,12,hdslay1,arr,,,,,,
oname:hdslay1_t21_otype:arr_i:16_j:13,33.78796,0.0,hdslay1_t21,16,13,hdslay1,arr,,,,,,
oname:hdslay1_t21_otype:arr_i:16_j:14,33.80282,0.0,hdslay1_t21,16,14,hdslay1,arr,,,,,,
oname:hdslay1_t21_otype:arr_i:16_j:15,33.82433,0.0,hdslay1_t21,16,15,hdslay1,arr,,,,,,
oname:hdslay1_t21_otype:arr_i:16_j:16,33.83287,0.0,hdslay1_t21,16,16,hdslay1,arr,,,,,,
oname:hdslay1_t21_otype:arr_i:16_j:17,33.83995,0.0,hdslay1_t21,16,17,hdslay1,arr,,,,,,
oname:hdslay1_t21_otype:arr_i:16_j:18,33.84629,0.0,hdslay1_t21,16,18,hdslay1,arr,,,,,,
oname:hdslay1_t21_otype:arr_i:16_j:19,33.85071,0.0,hdslay1_t21,16,19,hdslay1,arr,,,,,,
oname:hdslay1_t21_otype:arr_i:16_j:2,34.38021,0.0,hdslay1_t21,16,2,hdslay1,arr,,,,,,
oname:hdslay1_t21_otype:arr_i:16_j:3,34.3791,0.0,hdslay1_t21,16,3,hdslay1,arr,,,,,,
oname:hdslay1_t21_otype:arr_i:16_j:4,1e+30,0.0,hdslay1_t21,16,4,hdslay1,arr,,,,,,
oname:hdslay1_t21_otype:arr_i:16_j:5,1e+30,0.0,hdslay1_t21,16,5,hdslay1,arr,,,,,,
oname:hdslay1_t21_otype:arr_i:16_j:6,1e+30,0.0,hdslay1_t21,16,6,hdslay1,arr,,,,,,
oname:hdslay1_t21_otype:arr_i:16_j:7,1e+30,0.0,hdslay1_t21,16,7,hdslay1,arr,,,,,,
oname:hdslay1_t21_otype:arr_i:16_j:8,33.78223,0.0,hdslay1_t21,16,8,hdslay1,arr,,,,,,
oname:hdslay1_t21_otype:arr_i:16_j:9,33.78227,0.0,hdslay1_t21,16,9,hdslay1,arr,,,,,,
oname:hdslay1_t21_otype:arr_i:17_j:0,34.30846,0.0,hdslay1_t21,17,0,hdslay1,arr,,,,,,
oname:hdslay1_t21_otype:arr_i:17_j:1,34.30026,0.0,hdslay1_t21,17,1,hdslay1,arr,,,,,,
oname:hdslay1_t21_otype:arr_i:17_j:10,33.71853,0.0,hdslay1_t21,17,10,hdslay1,arr,,,,,,
oname:hdslay1_t21_otype:arr_i:17_j:11,33.71847,0.0,hdslay1_t21,17,11,hdslay1,arr,,,,,,
oname:hdslay1_t21_otype:arr_i:17_j:12,33.71875,0.0,hdslay1_t21,17,12,hdslay1,arr,,,,,,
oname:hdslay1_t21_otype:arr_i:17_j:13,33.73453,0.0,hdslay1_t21,17,13,hdslay1,arr,,,,,,
oname:hdslay1_t21_otype:arr_i:17_j:14,33.75208,0.0,hdslay1_t21,17,14,hdslay1,arr,,,,,,
oname:hdslay1_t21_otype:arr_i:17_j:15,33.78752,0.0,hdslay1_t21,17,15,hdslay1,arr,,,,,,
oname:hdslay1_t21_otype:arr_i:17_j:16,33.79893,0.0,hdslay1_t21,17,16,hdslay1,arr,,,,,,
oname:hdslay1_t21_otype:arr_i:17_j:17,33.80945,0.0,hdslay1_t21,17,17,hdslay1,arr,,,,,,
oname:hdslay1_t21_otype:arr_i:17_j:18,33.82011,0.0,hdslay1_t21,17,18,hdslay1,arr,,,,,,
oname:hdslay1_t21_otype:arr_i:17_j:19,33.82463,0.0,hdslay1_t21,17,19,hdslay1,arr,,,,,,
oname:hdslay1_t21_otype:arr_i:17_j:2,34.30298,0.0,hdslay1_t21,17,2,hdslay1,arr,,,,,,
oname:hdslay1_t21_otype:arr_i:17_j:3,34.31375,0.0,hdslay1_t21,17,3,hdslay1,arr,,,,,,
oname:hdslay1_t21_otype:arr_i:17_j:4,1e+30,0.0,hdslay1_t21,17,4,hdslay1,arr,,,,,,
oname:hdslay1_t21_otype:arr_i:17_j:5,1e+30,0.0,hdslay1_t21,17,5,hdslay1,arr,,,,,,
oname:hdslay1_t21_otype:arr_i:17_j:6,1e+30,0.0,hdslay1_t21,17,6,hdslay1,arr,,,,,,
oname:hdslay1_t21_otype:arr_i:17_j:7,1e+30,0.0,hdslay1_t21,17,7,hdslay1,arr,,,,,,
oname:hdslay1_t21_otype:arr_i:17_j:8,33.72733,0.0,hdslay1_t21,17,8,hdslay1,arr,,,,,,
oname:hdslay1_t21_otype:arr_i:17_j:9,33.72548,0.0,hdslay1_t21,17,9,hdslay1,arr,,,,,,
oname:hdslay1_t21_otype:arr_i:18_j:0,34.20443,0.0,hdslay1_t21,18,0,hdslay1,arr,,,,,,
oname:hdslay1_t21_otype:arr_i:18_j:1,34.20706,0.0,hdslay1_t21,18,1,hdslay1,arr,,,,,,
oname:hdslay1_t21_otype:arr_i:18_j:10,33.67002,0.0,hdslay1_t21,18,10,hdslay1,arr,,,,,,
oname:hdslay1_t21_otype:arr_i:18_j:11,33.66372,0.0,hdslay1_t21,18,11,hdslay1,arr,,,,,,
oname:hdslay1_t21_otype:arr_i:18_j:12,33.65979,0.0,hdslay1_t21,18,12,hdslay1,arr,,,,,,
oname:hdslay1_t21_otype:arr_i:18_j:13,33.66335,0.0,hdslay1_t21,18,13,hdslay1,arr,,,,,,
oname:hdslay1_t21_otype:arr_i:18_j:14,33.67535,0.0,hdslay1_t21,18,14,hdslay1,arr,,,,,,
oname:hdslay1_t21_otype:arr_i:18_j:15,33.73781,0.0,hdslay1_t21,18,15,hdslay1,arr,,,,,,
oname:hdslay1_t21_otype:arr_i:18_j:16,33.75619,0.0,hdslay1_t21,18,16,hdslay1,arr,,,,,,
oname:hdslay1_t21_otype:arr_i:18_j:17,33.77392,0.0,hdslay1_t21,18,17,hdslay1,arr,,,,,,
oname:hdslay1_t21_otype:arr_i:18_j:18,33.78962,0.0,hdslay1_t21,18,18,hdslay1,arr,,,,,,
oname:hdslay1_t21_otype:arr_i:18_j:19,33.79576,0.0,hdslay1_t21,18,19,hdslay1,arr,,,,,,
oname:hdslay1_t21_otype:arr_i:18_j:2,34.21873,0.0,hdslay1_t21,18,2,hdslay1,arr,,,,,,
oname:hdslay1_t21_otype:arr_i:18_j:3,34.23729,0.0,hdslay1_t21,18,3,hdslay1,arr,,,,,,
oname:hdslay1_t21_otype:arr_i:18_j:4,1e+30,0.0,hdslay1_t21,18,4,hdslay1,arr,,,,,,
oname:hdslay1_t21_otype:arr_i:18_j:5,1e+30,0.0,hdslay1_t21,18,5,hdslay1,arr,,,,,,
oname:hdslay1_t21_otype:arr_i:18_j:6,1e+30,0.0,hdslay1_t21,18,6,hdslay1,arr,,,,,,
oname:hdslay1_t21_otype:arr_i:18_j:7,1e+30,0.0,hdslay1_t21,18,7,hdslay1,arr,,,,,,
oname:hdslay1_t21_otype:arr_i:18_j:8,33.67819,0.0,hdslay1_t21,18,8,hdslay1,arr,,,,,,
oname:hdslay1_t21_otype:arr_i:18_j:9,33.67385,0.0,hdslay1_t21,18,9,hdslay1,arr,,,,,,
oname:hdslay1_t21_otype:arr_i:19_j:0,34.103,0.0,hdslay1_t21,19,0,hdslay1,arr,,,,,,
oname:hdslay1_t21_otype:arr_i:19_j:1,34.1029,0.0,hdslay1_t21,19,1,hdslay1,arr,,,,,,
oname:hdslay1_t21_otype:arr_i:19_j:10,33.62838,0.0,hdslay1_t21,19,10,hdslay1,arr,,,,,,
oname:hdslay1_t21_otype:arr_i:19_j:11,33.6169,0.0,hdslay1_t21,19,11,hdslay1,arr,,,,,,
oname:hdslay1_t21_otype:arr_i:19_j:12,33.60901,0.0,hdslay1_t21,19,12,hdslay1,arr,,,,,,
oname:hdslay1_t21_otype:arr_i:19_j:13,33.58873,0.0,hdslay1_t21,19,13,hdslay1,arr,,,,,,
oname:hdslay1_t21_otype:arr_i:19_j:14,33.56199,0.0,hdslay1_t21,19,14,hdslay1,arr,,,,,,
oname:hdslay1_t21_otype:arr_i:19_j:15,33.67797,0.0,hdslay1_t21,19,15,hdslay1,arr,,,,,,
oname:hdslay1_t21_otype:arr_i:19_j:16,33.71357,0.0,hdslay1_t21,19,16,hdslay1,arr,,,,,,
oname:hdslay1_t21_otype:arr_i:19_j:17,33.73437,0.0,hdslay1_t21,19,17,hdslay1,arr,,,,,,
oname:hdslay1_t21_otype:arr_i:19_j:18,33.74896,0.0,hdslay1_t21,19,18,hdslay1,arr,,,,,,
oname:hdslay1_t21_otype:arr_i:19_j:19,33.76017,0.0,hdslay1_t21,19,19,hdslay1,arr,,,,,,
oname:hdslay1_t21_otype:arr_i:19_j:2,34.11321,0.0,hdslay1_t21,19,2,hdslay1,arr,,,,,,
oname:hdslay1_t21_otype:arr_i:19_j:3,34.13111,0.0,hdslay1_t21,19,3,hdslay1,arr,,,,,,
oname:hdslay1_t21_otype:arr_i:19_j:4,1e+30,0.0,hdslay1_t21,19,4,hdslay1,arr,,,,,,
oname:hdslay1_t21_otype:arr_i:19_j:5,1e+30,0.0,hdslay1_t21,19,5,hdslay1,arr,,,,,,
oname:hdslay1_t21_otype:arr_i:19_j:6,1e+30,0.0,hdslay1_t21,19,6,hdslay1,arr,,,,,,
oname:hdslay1_t21_otype:arr_i:19_j:7,1e+30,0.0,hdslay1_t21,19,7,hdslay1,arr,,,,,,
oname:hdslay1_t21_otype:arr_i:19_j:8,33.63727,0.0,hdslay1_t21,19,8,hdslay1,arr,,,,,,
oname:hdslay1_t21_otype:arr_i:19_j:9,33.63369,0.0,hdslay1_t21,19,9,hdslay1,arr,,,,,,
oname:hdslay1_t21_otype:arr_i:1_j:0,34.95603,0.0,hdslay1_t21,1,0,hdslay1,arr,,,,,,
oname:hdslay1_t21_otype:arr_i:1_j:1,34.94444,0.0,hdslay1_t21,1,1,hdslay1,arr,,,,,,
oname:hdslay1_t21_otype:arr_i:1_j:10,34.38338,0.0,hdslay1_t21,1,10,hdslay1,arr,,,,,,
oname:hdslay1_t21_otype:arr_i:1_j:11,34.33887,0.0,hdslay1_t21,1,11,hdslay1,arr,,,,,,
oname:hdslay1_t21_otype:arr_i:1_j:12,34.3011,0.0,hdslay1_t21,1,12,hdslay1,arr,,,,,,
oname:hdslay1_t21_otype:arr_i:1_j:13,34.26626,0.0,hdslay1_t21,1,13,hdslay1,arr,,,,,,
oname:hdslay1_t21_otype:arr_i:1_j:14,34.22906,0.0,hdslay1_t21,1,14,hdslay1,arr,,,,,,
oname:hdslay1_t21_otype:arr_i:1_j:15,34.19011,0.0,hdslay1_t21,1,15,hdslay1,arr,,,,,,
oname:hdslay1_t21_otype:arr_i:1_j:16,34.1811,0.0,hdslay1_t21,1,16,hdslay1,arr,,,,,,
oname:hdslay1_t21_otype:arr_i:1_j:17,34.17269,0.0,hdslay1_t21,1,17,hdslay1,arr,,,,,,
oname:hdslay1_t21_otype:arr_i:1_j:18,34.16558,0.0,hdslay1_t21,1,18,hdslay1,arr,,,,,,
oname:hdslay1_t21_otype:arr_i:1_j:19,34.16154,0.0,hdslay1_t21,1,19,hdslay1,arr,,,,,,
oname:hdslay1_t21_otype:arr_i:1_j:2,34.92208,0.0,hdslay1_t21,1,2,hdslay1,arr,,,,,,
oname:hdslay1_t21_otype:arr_i:1_j:3,34.88952,0.0,hdslay1_t21,1,3,hdslay1,arr,,,,,,
oname:hdslay1_t21_otype:arr_i:1_j:4,34.84057,0.0,hdslay1_t21,1,4,hdslay1,arr,,,,,,
oname:hdslay1_t21_otype:arr_i:1_j:5,34.77211,0.0,hdslay1_t21,1,5,hdslay1,arr,,,,,,
oname:hdslay1_t21_otype:arr_i:1_j:6,34.68133,0.0,hdslay1_t21,1,6,hdslay1,arr,,,,,,
oname:hdslay1_t21_otype:arr_i:1_j:7,34.57771,0.0,hdslay1_t21,1,7,hdslay1,arr,,,,,,
oname:hdslay1_t21_otype:arr_i:1_j:8,34.49405,0.0,hdslay1_t21,1,8,hdslay1,arr,,,,,,
oname:hdslay1_t21_otype:arr_i:1_j:9,34.43262,0.0,hdslay1_t21,1,9,hdslay1,arr,,,,,,
oname:hdslay1_t21_otype:arr_i:20_j:0,34.00752,0.0,hdslay1_t21,20,0,hdslay1,arr,,,,,,
oname:hdslay1_t21_otype:arr_i:20_j:1,34.01078,0.0,hdslay1_t21,20,1,hdslay1,arr,,,,,,
oname:hdslay1_t21_otype:arr_i:20_j:10,33.59923,0.0,hdslay1_t21,20,10,hdslay1,arr,,,,,,
oname:hdslay1_t21_otype:arr_i:20_j:11,33.59201,0.0,hdslay1_t21,20,11,hdslay1,arr,,,,,,
oname:hdslay1_t21_otype:arr_i:20_j:12,33.5788,0.0,hdslay1_t21,20,12,hdslay1,arr,,,,,,
oname:hdslay1_t21_otype:arr_i:20_j:13,33.52307,0.0,hdslay1_t21,20,13,hdslay1,arr,,,,,,
oname:hdslay1_t21_otype:arr_i:20_j:14,33.33386,0.0,hdslay1_t21,20,14,hdslay1,arr,,,,,,
oname:hdslay1_t21_otype:arr_i:20_j:15,33.59238,0.0,hdslay1_t21,20,15,hdslay1,arr,,,,,,
oname:hdslay1_t21_otype:arr_i:20_j:16,33.67241,0.0,hdslay1_t21,20,16,hdslay1,arr,,,,,,
oname:hdslay1_t21_otype:arr_i:20_j:17,33.70381,0.0,hdslay1_t21,20,17,hdslay1,arr,,,,,,
oname:hdslay1_t21_otype:arr_i:20_j:18,33.71605,0.0,hdslay1_t21,20,18,hdslay1,arr,,,,,,
oname:hdslay1_t21_otype:arr_i:20_j:19,33.72546,0.0,hdslay1_t21,20,19,hdslay1,arr,,,,,,
oname:hdslay1_t21_otype:arr_i:20_j:2,34.00805,0.0,hdslay1_t21,20,2,hdslay1,arr,,,,,,
oname:hdslay1_t21_otype:arr_i:20_j:3,34.00406,0.0,hdslay1_t21,20,3,hdslay1,arr,,,,,,
oname:hdslay1_t21_otype:arr_i:20_j:4,1e+30,0.0,hdslay1_t21,20,4,hdslay1,arr,,,,,,
oname:hdslay1_t21_otype:arr_i:20_j:5,1e+30,0.0,hdslay1_t21,20,5,hdslay1,arr,,,,,,
oname:hdslay1_t21_otype:arr_i:20_j:6,1e+30,0.0,hdslay1_t21,20,6,hdslay1,arr,,,,,,
oname:hdslay1_t21_otype:arr_i:20_j:7,1e+30,0.0,hdslay1_t21,20,7,hdslay1,arr,,,,,,
oname:hdslay1_t21_otype:arr_i:20_j:8,33.60461,0.0,hdslay1_t21,20,8,hdslay1,arr,,,,,,
oname:hdslay1_t21_otype:arr_i:20_j:9,33.60424,0.0,hdslay1_t21,20,9,hdslay1,arr,,,,,,
oname:hdslay1_t21_otype:arr_i:21_j:0,33.92054,0.0,hdslay1_t21,21,0,hdslay1,arr,,,,,,
oname:hdslay1_t21_otype:arr_i:21_j:1,33.9238,0.0,hdslay1_t21,21,1,hdslay1,arr,,,,,,
oname:hdslay1_t21_otype:arr_i:21_j:10,33.58171,0.0,hdslay1_t21,21,10,hdslay1,arr,,,,,,
oname:hdslay1_t21_otype:arr_i:21_j:11,33.58105,0.0,hdslay1_t21,21,11,hdslay1,arr,,,,,,
oname:hdslay1_t21_otype:arr_i:21_j:12,33.57373,0.0,hdslay1_t21,21,12,hdslay1,arr,,,,,,
oname:hdslay1_t21_otype:arr_i:21_j:13,33.55287,0.0,hdslay1_t21,21,13,hdslay1,arr,,,,,,
oname:hdslay1_t21_otype:arr_i:21_j:14,33.5307,0.0,hdslay1_t21,21,14,hdslay1,arr,,,,,,
oname:hdslay1_t21_otype:arr_i:21_j:15,33.61528,0.0,hdslay1_t21,21,15,hdslay1,arr,,,,,,
oname:hdslay1_t21_otype:arr_i:21_j:16,33.65588,0.0,hdslay1_t21,21,16,hdslay1,arr,,,,,,
oname:hdslay1_t21_otype:arr_i:21_j:17,33.68491,0.0,hdslay1_t21,21,17,hdslay1,arr,,,,,,
oname:hdslay1_t21_otype:arr_i:21_j:18,33.69857,0.0,hdslay1_t21,21,18,hdslay1,arr,,,,,,
oname:hdslay1_t21_otype:arr_i:21_j:19,33.70381,0.0,hdslay1_t21,21,19,hdslay1,arr,,,,,,
oname:hdslay1_t21_otype:arr_i:21_j:2,33.9081,0.0,hdslay1_t21,21,2,hdslay1,arr,,,,,,
oname:hdslay1_t21_otype:arr_i:21_j:3,33.8786,0.0,hdslay1_t21,21,3,hdslay1,arr,,,,,,
oname:hdslay1_t21_otype:arr_i:21_j:4,1e+30,0.0,hdslay1_t21,21,4,hdslay1,arr,,,,,,
oname:hdslay1_t21_otype:arr_i:21_j:5,1e+30,0.0,hdslay1_t21,21,5,hdslay1,arr,,,,,,
oname:hdslay1_t21_otype:arr_i:21_j:6,33.54267,0.0,hdslay1_t21,21,6,hdslay1,arr,,,,,,
oname:hdslay1_t21_otype:arr_i:21_j:7,33.55497,0.0,hdslay1_t21,21,7,hdslay1,arr,,,,,,
oname:hdslay1_t21_otype:arr_i:21_j:8,33.57458,0.0,hdslay1_t21,21,8,hdslay1,arr,,,,,,
oname:hdslay1_t21_otype:arr_i:21_j:9,33.58183,0.0,hdslay1_t21,21,9,hdslay1,arr,,,,,,
oname:hdslay1_t21_otype:arr_i:22_j:0,33.83369,0.0,hdslay1_t21,22,0,hdslay1,arr,,,,,,
oname:hdslay1_t21_otype:arr_i:22_j:1,33.81663,0.0,hdslay1_t21,22,1,hdslay1,arr,,,,,,
oname:hdslay1_t21_otype:arr_i:22_j:10,33.56695,0.0,hdslay1_t21,22,10,hdslay1,arr,,,,,,
oname:hdslay1_t21_otype:arr_i:22_j:11,33.57092,0.0,hdslay1_t21,22,11,hdslay1,arr,,,,,,
oname:hdslay1_t21_otype:arr_i:22_j:12,33.57238,0.0,hdslay1_t21,22,12,hdslay1,arr,,,,,,
oname:hdslay1_t21_otype:arr_i:22_j:13,33.57487,0.0,hdslay1_t21,22,13,hdslay1,arr,,,,,,
oname:hdslay1_t21_otype:arr_i:22_j:14,33.58688,0.0,hdslay1_t21,22,14,hdslay1,arr,,,,,,
oname:hdslay1_t21_otype:arr_i:22_j:15,33.62922,0.0,hdslay1_t21,22,15,hdslay1,arr,,,,,,
oname:hdslay1_t21_otype:arr_i:22_j:16,33.65071,0.0,hdslay1_t21,22,16,hdslay1,arr,,,,,,
oname:hdslay1_t21_otype:arr_i:22_j:17,33.67023,0.0,hdslay1_t21,22,17,hdslay1,arr,,,,,,
oname:hdslay1_t21_otype:arr_i:22_j:18,33.68205,0.0,hdslay1_t21,22,18,hdslay1,arr,,,,,,
oname:hdslay1_t21_otype:arr_i:22_j:19,33.68684,0.0,hdslay1_t21,22,19,hdslay1,arr,,,,,,
oname:hdslay1_t21_otype:arr_i:22_j:2,33.79307,0.0,hdslay1_t21,22,2,hdslay1,arr,,,,,,
oname:hdslay1_t21_otype:arr_i:22_j:3,33.72334,0.0,hdslay1_t21,22,3,hdslay1,arr,,,,,,
oname:hdslay1_t21_otype:arr_i:22_j:4,33.60272,0.0,hdslay1_t21,22,4,hdslay1,arr,,,,,,
oname:hdslay1_t21_otype:arr_i:22_j:5,1e+30,0.0,hdslay1_t21,22,5,hdslay1,arr,,,,,,
oname:hdslay1_t21_otype:arr_i:22_j:6,33.5279,0.0,hdslay1_t21,22,6,hdslay1,arr,,,,,,
oname:hdslay1_t21_otype:arr_i:22_j:7,33.53916,0.0,hdslay1_t21,22,7,hdslay1,arr,,,,,,
oname:hdslay1_t21_otype:arr_i:22_j:8,33.5532,0.0,hdslay1_t21,22,8,hdslay1,arr,,,,,,
oname:hdslay1_t21_otype:arr_i:22_j:9,33.5628,0.0,hdslay1_t21,22,9,hdslay1,arr,,,,,,
oname:hdslay1_t21_otype:arr_i:23_j:0,33.7355,0.0,hdslay1_t21,23,0,hdslay1,arr,,,,,,
oname:hdslay1_t21_otype:arr_i:23_j:1,33.71193,0.0,hdslay1_t21,23,1,hdslay1,arr,,,,,,
oname:hdslay1_t21_otype:arr_i:23_j:10,33.54561,0.0,hdslay1_t21,23,10,hdslay1,arr,,,,,,
oname:hdslay1_t21_otype:arr_i:23_j:11,33.5552,0.0,hdslay1_t21,23,11,hdslay1,arr,,,,,,
oname:hdslay1_t21_otype:arr_i:23_j:12,33.56747,0.0,hdslay1_t21,23,12,hdslay1,arr,,,,,,
oname:hdslay1_t21_otype:arr_i:23_j:13,33.58445,0.0,hdslay1_t21,23,13,hdslay1,arr,,,,,,
oname:hdslay1_t21_otype:arr_i:23_j:14,33.60701,0.0,hdslay1_t21,23,14,hdslay1,arr,,,,,,
oname:hdslay1_t21_otype:arr_i:23_j:15,33.64197,0.0,hdslay1_t21,23,15,hdslay1,arr,,,,,,
oname:hdslay1_t21_otype:arr_i:23_j:16,33.65071,0.0,hdslay1_t21,23,16,hdslay1,arr,,,,,,
oname:hdslay1_t21_otype:arr_i:23_j:17,33.66169,0.0,hdslay1_t21,23,17,hdslay1,arr,,,,,,
oname:hdslay1_t21_otype:arr_i:23_j:18,33.66974,0.0,hdslay1_t21,23,18,hdslay1,arr,,,,,,
oname:hdslay1_t21_otype:arr_i:23_j:19,33.67241,0.0,hdslay1_t21,23,19,hdslay1,arr,,,,,,
oname:hdslay1_t21_otype:arr_i:23_j:2,33.67349,0.0,hdslay1_t21,23,2,hdslay1,arr,,,,,,
oname:hdslay1_t21_otype:arr_i:23_j:3,33.59468,0.0,hdslay1_t21,23,3,hdslay1,arr,,,,,,
oname:hdslay1_t21_otype:arr_i:23_j:4,33.50505,0.0,hdslay1_t21,23,4,hdslay1,arr,,,,,,
oname:hdslay1_t21_otype:arr_i:23_j:5,33.48486,0.0,hdslay1_t21,23,5,hdslay1,arr,,,,,,
oname:hdslay1_t21_otype:arr_i:23_j:6,33.50174,0.0,hdslay1_t21,23,6,hdslay1,arr,,,,,,
oname:hdslay1_t21_otype:arr_i:23_j:7,33.51605,0.0,hdslay1_t21,23,7,hdslay1,arr,,,,,,
oname:hdslay1_t21_otype:arr_i:23_j:8,33.52924,0.0,hdslay1_t21,23,8,hdslay1,arr,,,,,,
oname:hdslay1_t21_otype:arr_i:23_j:9,33.5389,0.0,hdslay1_t21,23,9,hdslay1,arr,,,,,,
oname:hdslay1_t21_otype:arr_i:24_j:0,33.65136,0.0,hdslay1_t21,24,0,hdslay1,arr,,,,,,
oname:hdslay1_t21_otype:arr_i:24_j:1,33.63424,0.0,hdslay1_t21,24,1,hdslay1,arr,,,,,,
oname:hdslay1_t21_otype:arr_i:24_j:10,33.51584,0.0,hdslay1_t21,24,10,hdslay1,arr,,,,,,
oname:hdslay1_t21_otype:arr_i:24_j:11,33.53323,0.0,hdslay1_t21,24,11,hdslay1,arr,,,,,,
oname:hdslay1_t21_otype:arr_i:24_j:12,33.55553,0.0,hdslay1_t21,24,12,hdslay1,arr,,,,,,
oname:hdslay1_t21_otype:arr_i:24_j:13,33.5823,0.0,hdslay1_t21,24,13,hdslay1,arr,,,,,,
oname:hdslay1_t21_otype:arr_i:24_j:14,33.61166,0.0,hdslay1_t21,24,14,hdslay1,arr,,,,,,
oname:hdslay1_t21_otype:arr_i:24_j:15,33.6472,0.0,hdslay1_t21,24,15,hdslay1,arr,,,,,,
oname:hdslay1_t21_otype:arr_i:24_j:16,33.64769,0.0,hdslay1_t21,24,16,hdslay1,arr,,,,,,
oname:hdslay1_t21_otype:arr_i:24_j:17,33.65168,0.0,hdslay1_t21,24,17,hdslay1,arr,,,,,,
oname:hdslay1_t21_otype:arr_i:24_j:18,33.6571,0.0,hdslay1_t21,24,18,hdslay1,arr,,,,,,
oname:hdslay1_t21_otype:arr_i:24_j:19,33.66065,0.0,hdslay1_t21,24,19,hdslay1,arr,,,,,,
oname:hdslay1_t21_otype:arr_i:24_j:2,33.59124,0.0,hdslay1_t21,24,2,hdslay1,arr,,,,,,
oname:hdslay1_t21_otype:arr_i:24_j:3,33.5163,0.0,hdslay1_t21,24,3,hdslay1,arr,,,,,,
oname:hdslay1_t21_otype:arr_i:24_j:4,33.38182,0.0,hdslay1_t21,24,4,hdslay1,arr,,,,,,
oname:hdslay1_t21_otype:arr_i:24_j:5,33.44781,0.0,hdslay1_t21,24,5,hdslay1,arr,,,,,,
oname:hdslay1_t21_otype:arr_i:24_j:6,33.47549,0.0,hdslay1_t21,24,6,hdslay1,arr,,,,,,
oname:hdslay1_t21_otype:arr_i:24_j:7,33.49255,0.0,hdslay1_t21,24,7,hdslay1,arr,,,,,,
oname:hdslay1_t21_otype:arr_i:24_j:8,33.50554,0.0,hdslay1_t21,24,8,hdslay1,arr,,,,,,
oname:hdslay1_t21_otype:arr_i:24_j:9,33.51068,0.0,hdslay1_t21,24,9,hdslay1,arr,,,,,,
oname:hdslay1_t21_otype:arr_i:25_j:0,33.60186,0.0,hdslay1_t21,25,0,hdslay1,arr,,,,,,
oname:hdslay1_t21_otype:arr_i:25_j:1,33.59015,0.0,hdslay1_t21,25,1,hdslay1,arr,,,,,,
oname:hdslay1_t21_otype:arr_i:25_j:10,33.47852,0.0,hdslay1_t21,25,10,hdslay1,arr,,,,,,
oname:hdslay1_t21_otype:arr_i:25_j:11,33.50738,0.0,hdslay1_t21,25,11,hdslay1,arr,,,,,,
oname:hdslay1_t21_otype:arr_i:25_j:12,33.53893,0.0,hdslay1_t21,25,12,hdslay1,arr,,,,,,
oname:hdslay1_t21_otype:arr_i:25_j:13,33.5698,0.0,hdslay1_t21,25,13,hdslay1,arr,,,,,,
oname:hdslay1_t21_otype:arr_i:25_j:14,33.60302,0.0,hdslay1_t21,25,14,hdslay1,arr,,,,,,
oname:hdslay1_t21_otype:arr_i:25_j:15,33.64071,0.0,hdslay1_t21,25,15,hdslay1,arr,,,,,,
oname:hdslay1_t21_otype:arr_i:25_j:16,33.63909,0.0,hdslay1_t21,25,16,hdslay1,arr,,,,,,
oname:hdslay1_t21_otype:arr_i:25_j:17,33.64054,0.0,hdslay1_t21,25,17,hdslay1,arr,,,,,,
oname:hdslay1_t21_otype:arr_i:25_j:18,33.64283,0.0,hdslay1_t21,25,18,hdslay1,arr,,,,,,
oname:hdslay1_t21_otype:arr_i:25_j:19,33.6457,0.0,hdslay1_t21,25,19,hdslay1,arr,,,,,,
oname:hdslay1_t21_otype:arr_i:25_j:2,33.56064,0.0,hdslay1_t21,25,2,hdslay1,arr,,,,,,
oname:hdslay1_t21_otype:arr_i:25_j:3,33.50822,0.0,hdslay1_t21,25,3,hdslay1,arr,,,,,,
oname:hdslay1_t21_otype:arr_i:25_j:4,33.45043,0.0,hdslay1_t21,25,4,hdslay1,arr,,,,,,
oname:hdslay1_t21_otype:arr_i:25_j:5,33.45202,0.0,hdslay1_t21,25,5,hdslay1,arr,,,,,,
oname:hdslay1_t21_otype:arr_i:25_j:6,33.4593,0.0,hdslay1_t21,25,6,hdslay1,arr,,,,,,
oname:hdslay1_t21_otype:arr_i:25_j:7,33.46893,0.0,hdslay1_t21,25,7,hdslay1,arr,,,,,,
oname:hdslay1_t21_otype:arr_i:25_j:8,33.47785,0.0,hdslay1_t21,25,8,hdslay1,arr,,,,,,
oname:hdslay1_t21_otype:arr_i:25_j:9,33.47738,0.0,hdslay1_t21,25,9,hdslay1,arr,,,,,,
oname:hdslay1_t21_otype:arr_i:26_j:0,33.57471,0.0,hdslay1_t21,26,0,hdslay1,arr,,,,,,
oname:hdslay1_t21_otype:arr_i:26_j:1,33.56378,0.0,hdslay1_t21,26,1,hdslay1,arr,,,,,,
oname:hdslay1_t21_otype:arr_i:26_j:10,33.41088,0.0,hdslay1_t21,26,10,hdslay1,arr,,,,,,
oname:hdslay1_t21_otype:arr_i:26_j:11,33.48101,0.0,hdslay1_t21,26,11,hdslay1,arr,,,,,,
oname:hdslay1_t21_otype:arr_i:26_j:12,33.52188,0.0,hdslay1_t21,26,12,hdslay1,arr,,,,,,
oname:hdslay1_t21_otype:arr_i:26_j:13,33.55565,0.0,hdslay1_t21,26,13,hdslay1,arr,,,,,,
oname:hdslay1_t21_otype:arr_i:26_j:14,33.58681,0.0,hdslay1_t21,26,14,hdslay1,arr,,,,,,
oname:hdslay1_t21_otype:arr_i:26_j:15,33.62631,0.0,hdslay1_t21,26,15,hdslay1,arr,,,,,,
oname:hdslay1_t21_otype:arr_i:26_j:16,33.62157,0.0,hdslay1_t21,26,16,hdslay1,arr,,,,,,
oname:hdslay1_t21_otype:arr_i:26_j:17,33.62294,0.0,hdslay1_t21,26,17,hdslay1,arr,,,,,,
oname:hdslay1_t21_otype:arr_i:26_j:18,33.62749,0.0,hdslay1_t21,26,18,hdslay1,arr,,,,,,
oname:hdslay1_t21_otype:arr_i:26_j:19,33.62916,0.0,hdslay1_t21,26,19,hdslay1,arr,,,,,,
oname:hdslay1_t21_otype:arr_i:26_j:2,33.53742,0.0,hdslay1_t21,26,2,hdslay1,arr,,,,,,
oname:hdslay1_t21_otype:arr_i:26_j:3,33.50283,0.0,hdslay1_t21,26,3,hdslay1,arr,,,,,,
oname:hdslay1_t21_otype:arr_i:26_j:4,33.46792,0.0,hdslay1_t21,26,4,hdslay1,arr,,,,,,
oname:hdslay1_t21_otype:arr_i:26_j:5,33.44874,0.0,hdslay1_t21,26,5,hdslay1,arr,,,,,,
oname:hdslay1_t21_otype:arr_i:26_j:6,33.4412,0.0,hdslay1_t21,26,6,hdslay1,arr,,,,,,
oname:hdslay1_t21_otype:arr_i:26_j:7,33.44209,0.0,hdslay1_t21,26,7,hdslay1,arr,,,,,,
oname:hdslay1_t21_otype:arr_i:26_j:8,33.44543,0.0,hdslay1_t21,26,8,hdslay1,arr,,,,,,
oname:hdslay1_t21_otype:arr_i:26_j:9,33.4413,0.0,hdslay1_t21,26,9,hdslay1,arr,,,,,,
oname:hdslay1_t21_otype:arr_i:27_j:0,33.55397,0.0,hdslay1_t21,27,0,hdslay1,arr,,,,,,
oname:hdslay1_t21_otype:arr_i:27_j:1,33.54366,0.0,hdslay1_t21,27,1,hdslay1,arr,,,,,,
oname:hdslay1_t21_otype:arr_i:27_j:10,33.44727,0.0,hdslay1_t21,27,10,hdslay1,arr,,,,,,
oname:hdslay1_t21_otype:arr_i:27_j:11,33.48225,0.0,hdslay1_t21,27,11,hdslay1,arr,,,,,,
oname:hdslay1_t21_otype:arr_i:27_j:12,33.51027,0.0,hdslay1_t21,27,12,hdslay1,arr,,,,,,
oname:hdslay1_t21_otype:arr_i:27_j:13,33.54463,0.0,hdslay1_t21,27,13,hdslay1,arr,,,,,,
oname:hdslay1_t21_otype:arr_i:27_j:14,33.57707,0.0,hdslay1_t21,27,14,hdslay1,arr,,,,,,
oname:hdslay1_t21_otype:arr_i:27_j:15,33.60038,0.0,hdslay1_t21,27,15,hdslay1,arr,,,,,,
oname:hdslay1_t21_otype:arr_i:27_j:16,33.60185,0.0,hdslay1_t21,27,16,hdslay1,arr,,,,,,
oname:hdslay1_t21_otype:arr_i:27_j:17,33.60482,0.0,hdslay1_t21,27,17,hdslay1,arr,,,,,,
oname:hdslay1_t21_otype:arr_i:27_j:18,33.60889,0.0,hdslay1_t21,27,18,hdslay1,arr,,,,,,
oname:hdslay1_t21_otype:arr_i:27_j:19,33.61233,0.0,hdslay1_t21,27,19,hdslay1,arr,,,,,,
oname:hdslay1_t21_otype:arr_i:27_j:2,33.52037,0.0,hdslay1_t21,27,2,hdslay1,arr,,,,,,
oname:hdslay1_t21_otype:arr_i:27_j:3,33.49211,0.0,hdslay1_t21,27,3,hdslay1,arr,,,,,,
oname:hdslay1_t21_otype:arr_i:27_j:4,33.46083,0.0,hdslay1_t21,27,4,hdslay1,arr,,,,,,
oname:hdslay1_t21_otype:arr_i:27_j:5,33.43243,0.0,hdslay1_t21,27,5,hdslay1,arr,,,,,,
oname:hdslay1_t21_otype:arr_i:27_j:6,33.41751,0.0,hdslay1_t21,27,6,hdslay1,arr,,,,,,
oname:hdslay1_t21_otype:arr_i:27_j:7,33.41785,0.0,hdslay1_t21,27,7,hdslay1,arr,,,,,,
oname:hdslay1_t21_otype:arr_i:27_j:8,33.42532,0.0,hdslay1_t21,27,8,hdslay1,arr,,,,,,
oname:hdslay1_t21_otype:arr_i:27_j:9,33.43634,0.0,hdslay1_t21,27,9,hdslay1,arr,,,,,,
oname:hdslay1_t21_otype:arr_i:28_j:0,33.53803,0.0,hdslay1_t21,28,0,hdslay1,arr,,,,,,
oname:hdslay1_t21_otype:arr_i:28_j:1,33.52816,0.0,hdslay1_t21,28,1,hdslay1,arr,,,,,,
oname:hdslay1_t21_otype:arr_i:28_j:10,33.44987,0.0,hdslay1_t21,28,10,hdslay1,arr,,,,,,
oname:hdslay1_t21_otype:arr_i:28_j:11,33.47444,0.0,hdslay1_t21,28,11,hdslay1,arr,,,,,,
oname:hdslay1_t21_otype:arr_i:28_j:12,33.50218,0.0,hdslay1_t21,28,12,hdslay1,arr,,,,,,
oname:hdslay1_t21_otype:arr_i:28_j:13,33.53459,0.0,hdslay1_t21,28,13,hdslay1,arr,,,,,,
oname:hdslay1_t21_otype:arr_i:28_j:14,33.56664,0.0,hdslay1_t21,28,14,hdslay1,arr,,,,,,
oname:hdslay1_t21_otype:arr_i:28_j:15,33.59008,0.0,hdslay1_t21,28,15,hdslay1,arr,,,,,,
oname:hdslay1_t21_otype:arr_i:28_j:16,33.58989,0.0,hdslay1_t21,28,16,hdslay1,arr,,,,,,
oname:hdslay1_t21_otype:arr_i:28_j:17,33.59149,0.0,hdslay1_t21,28,17,hdslay1,arr,,,,,,
oname:hdslay1_t21_otype:arr_i:28_j:18,33.59299,0.0,hdslay1_t21,28,18,hdslay1,arr,,,,,,
oname:hdslay1_t21_otype:arr_i:28_j:19,33.59566,0.0,hdslay1_t21,28,19,hdslay1,arr,,,,,,
oname:hdslay1_t21_otype:arr_i:28_j:2,33.50654,0.0,hdslay1_t21,28,2,hdslay1,arr,,,,,,
oname:hdslay1_t21_otype:arr_i:28_j:3,33.47664,0.0,hdslay1_t21,28,3,hdslay1,arr,,,,,,
oname:hdslay1_t21_otype:arr_i:28_j:4,33.44057,0.0,hdslay1_t21,28,4,hdslay1,arr,,,,,,
oname:hdslay1_t21_otype:arr_i:28_j:5,33.40163,0.0,hdslay1_t21,28,5,hdslay1,arr,,,,,,
oname:hdslay1_t21_otype:arr_i:28_j:6,33.36726,0.0,hdslay1_t21,28,6,hdslay1,arr,,,,,,
oname:hdslay1_t21_otype:arr_i:28_j:7,33.38688,0.0,hdslay1_t21,28,7,hdslay1,arr,,,,,,
oname:hdslay1_t21_otype:arr_i:28_j:8,33.40726,0.0,hdslay1_t21,28,8,hdslay1,arr,,,,,,
oname:hdslay1_t21_otype:arr_i:28_j:9,33.429,0.0,hdslay1_t21,28,9,hdslay1,arr,,,,,,
oname:hdslay1_t21_otype:arr_i:29_j:0,33.52317,0.0,hdslay1_t21,29,0,hdslay1,arr,,,,,,
oname:hdslay1_t21_otype:arr_i:29_j:1,33.51314,0.0,hdslay1_t21,29,1,hdslay1,arr,,,,,,
oname:hdslay1_t21_otype:arr_i:29_j:10,33.44134,0.0,hdslay1_t21,29,10,hdslay1,arr,,,,,,
oname:hdslay1_t21_otype:arr_i:29_j:11,33.46614,0.0,hdslay1_t21,29,11,hdslay1,arr,,,,,,
oname:hdslay1_t21_otype:arr_i:29_j:12,33.48901,0.0,hdslay1_t21,29,12,hdslay1,arr,,,,,,
oname:hdslay1_t21_otype:arr_i:29_j:13,33.51673,0.0,hdslay1_t21,29,13,hdslay1,arr,,,,,,
oname:hdslay1_t21_otype:arr_i:29_j:14,33.54939,0.0,hdslay1_t21,29,14,hdslay1,arr,,,,,,
oname:hdslay1_t21_otype:arr_i:29_j:15,33.58035,0.0,hdslay1_t21,29,15,hdslay1,arr,,,,,,
oname:hdslay1_t21_otype:arr_i:29_j:16,33.57631,0.0,hdslay1_t21,29,16,hdslay1,arr,,,,,,
oname:hdslay1_t21_otype:arr_i:29_j:17,33.57657,0.0,hdslay1_t21,29,17,hdslay1,arr,,,,,,
oname:hdslay1_t21_otype:arr_i:29_j:18,33.57903,0.0,hdslay1_t21,29,18,hdslay1,arr,,,,,,
oname:hdslay1_t21_otype:arr_i:29_j:19,33.58045,0.0,hdslay1_t21,29,19,hdslay1,arr,,,,,,
oname:hdslay1_t21_otype:arr_i:29_j:2,33.48963,0.0,hdslay1_t21,29,2,hdslay1,arr,,,,,,
oname:hdslay1_t21_otype:arr_i:29_j:3,33.45867,0.0,hdslay1_t21,29,3,hdslay1,arr,,,,,,
oname:hdslay1_t21_otype:arr_i:29_j:4,33.42071,0.0,hdslay1_t21,29,4,hdslay1,arr,,,,,,
oname:hdslay1_t21_otype:arr_i:29_j:5,33.36185,0.0,hdslay1_t21,29,5,hdslay1,arr,,,,,,
oname:hdslay1_t21_otype:arr_i:29_j:6,33.26619,0.0,hdslay1_t21,29,6,hdslay1,arr,,,,,,
oname:hdslay1_t21_otype:arr_i:29_j:7,33.35101,0.0,hdslay1_t21,29,7,hdslay1,arr,,,,,,
oname:hdslay1_t21_otype:arr_i:29_j:8,33.39081,0.0,hdslay1_t21,29,8,hdslay1,arr,,,,,,
oname:hdslay1_t21_otype:arr_i:29_j:9,33.41682,0.0,hdslay1_t21,29,9,hdslay1,arr,,,,,,
oname:hdslay1_t21_otype:arr_i:2_j:0,34.94928,0.0,hdslay1_t21,2,0,hdslay1,arr,,,,,,
oname:hdslay1_t21_otype:arr_i:2_j:1,34.93748,0.0,hdslay1_t21,2,1,hdslay1,arr,,,,,,
oname:hdslay1_t21_otype:arr_i:2_j:10,34.38062,0.0,hdslay1_t21,2,10,hdslay1,arr,,,,,,
oname:hdslay1_t21_otype:arr_i:2_j:11,34.33789,0.0,hdslay1_t21,2,11,hdslay1,arr,,,,,,
oname:hdslay1_t21_otype:arr_i:2_j:12,34.29779,0.0,hdslay1_t21,2,12,hdslay1,arr,,,,,,
oname:hdslay1_t21_otype:arr_i:2_j:13,34.25572,0.0,hdslay1_t21,2,13,hdslay1,arr,,,,,,
oname:hdslay1_t21_otype:arr_i:2_j:14,34.21558,0.0,hdslay1_t21,2,14,hdslay1,arr,,,,,,
oname:hdslay1_t21_otype:arr_i:2_j:15,34.18191,0.0,hdslay1_t21,2,15,hdslay1,arr,,,,,,
oname:hdslay1_t21_otype:arr_i:2_j:16,34.17184,0.0,hdslay1_t21,2,16,hdslay1,arr,,,,,,
oname:hdslay1_t21_otype:arr_i:2_j:17,34.1617,0.0,hdslay1_t21,2,17,hdslay1,arr,,,,,,
oname:hdslay1_t21_otype:arr_i:2_j:18,34.15234,0.0,hdslay1_t21,2,18,hdslay1,arr,,,,,,
oname:hdslay1_t21_otype:arr_i:2_j:19,34.14902,0.0,hdslay1_t21,2,19,hdslay1,arr,,,,,,
oname:hdslay1_t21_otype:arr_i:2_j:2,34.92036,0.0,hdslay1_t21,2,2,hdslay1,arr,,,,,,
oname:hdslay1_t21_otype:arr_i:2_j:3,34.88984,0.0,hdslay1_t21,2,3,hdslay1,arr,,,,,,
oname:hdslay1_t21_otype:arr_i:2_j:4,34.83966,0.0,hdslay1_t21,2,4,hdslay1,arr,,,,,,
oname:hdslay1_t21_otype:arr_i:2_j:5,34.77121,0.0,hdslay1_t21,2,5,hdslay1,arr,,,,,,
oname:hdslay1_t21_otype:arr_i:2_j:6,34.6836,0.0,hdslay1_t21,2,6,hdslay1,arr,,,,,,
oname:hdslay1_t21_otype:arr_i:2_j:7,34.57869,0.0,hdslay1_t21,2,7,hdslay1,arr,,,,,,
oname:hdslay1_t21_otype:arr_i:2_j:8,34.49246,0.0,hdslay1_t21,2,8,hdslay1,arr,,,,,,
oname:hdslay1_t21_otype:arr_i:2_j:9,34.42997,0.0,hdslay1_t21,2,9,hdslay1,arr,,,,,,
oname:hdslay1_t21_otype:arr_i:30_j:0,33.50796,0.0,hdslay1_t21,30,0,hdslay1,arr,,,,,,
oname:hdslay1_t21_otype:arr_i:30_j:1,33.49639,0.0,hdslay1_t21,30,1,hdslay1,arr,,,,,,
oname:hdslay1_t21_otype:arr_i:30_j:10,33.4311,0.0,hdslay1_t21,30,10,hdslay1,arr,,,,,,
oname:hdslay1_t21_otype:arr_i:30_j:11,33.45132,0.0,hdslay1_t21,30,11,hdslay1,arr,,,,,,
oname:hdslay1_t21_otype:arr_i:30_j:12,33.47276,0.0,hdslay1_t21,30,12,hdslay1,arr,,,,,,
oname:hdslay1_t21_otype:arr_i:30_j:13,33.49895,0.0,hdslay1_t21,30,13,hdslay1,arr,,,,,,
oname:hdslay1_t21_otype:arr_i:30_j:14,33.52801,0.0,hdslay1_t21,30,14,hdslay1,arr,,,,,,
oname:hdslay1_t21_otype:arr_i:30_j:15,33.55235,0.0,hdslay1_t21,30,15,hdslay1,arr,,,,,,
oname:hdslay1_t21_otype:arr_i:30_j:16,33.5565,0.0,hdslay1_t21,30,16,hdslay1,arr,,,,,,
oname:hdslay1_t21_otype:arr_i:30_j:17,33.55932,0.0,hdslay1_t21,30,17,hdslay1,arr,,,,,,
oname:hdslay1_t21_otype:arr_i:30_j:18,33.56244,0.0,hdslay1_t21,30,18,hdslay1,arr,,,,,,
oname:hdslay1_t21_otype:arr_i:30_j:19,33.56312,0.0,hdslay1_t21,30,19,hdslay1,arr,,,,,,
oname:hdslay1_t21_otype:arr_i:30_j:2,33.47606,0.0,hdslay1_t21,30,2,hdslay1,arr,,,,,,
oname:hdslay1_t21_otype:arr_i:30_j:3,33.45187,0.0,hdslay1_t21,30,3,hdslay1,arr,,,,,,
oname:hdslay1_t21_otype:arr_i:30_j:4,33.41797,0.0,hdslay1_t21,30,4,hdslay1,arr,,,,,,
oname:hdslay1_t21_otype:arr_i:30_j:5,33.3776,0.0,hdslay1_t21,30,5,hdslay1,arr,,,,,,
oname:hdslay1_t21_otype:arr_i:30_j:6,33.34408,0.0,hdslay1_t21,30,6,hdslay1,arr,,,,,,
oname:hdslay1_t21_otype:arr_i:30_j:7,33.36861,0.0,hdslay1_t21,30,7,hdslay1,arr,,,,,,
oname:hdslay1_t21_otype:arr_i:30_j:8,33.39064,0.0,hdslay1_t21,30,8,hdslay1,arr,,,,,,
oname:hdslay1_t21_otype:arr_i:30_j:9,33.41013,0.0,hdslay1_t21,30,9,hdslay1,arr,,,,,,
oname:hdslay1_t21_otype:arr_i:31_j:0,33.49736,0.0,hdslay1_t21,31,0,hdslay1,arr,,,,,,
oname:hdslay1_t21_otype:arr_i:31_j:1,33.48253,0.0,hdslay1_t21,31,1,hdslay1,arr,,,,,,
oname:hdslay1_t21_otype:arr_i:31_j:10,33.41854,0.0,hdslay1_t21,31,10,hdslay1,arr,,,,,,
oname:hdslay1_t21_otype:arr_i:31_j:11,33.43693,0.0,hdslay1_t21,31,11,hdslay1,arr,,,,,,
oname:hdslay1_t21_otype:arr_i:31_j:12,33.45382,0.0,hdslay1_t21,31,12,hdslay1,arr,,,,,,
oname:hdslay1_t21_otype:arr_i:31_j:13,33.478,0.0,hdslay1_t21,31,13,hdslay1,arr,,,,,,
oname:hdslay1_t21_otype:arr_i:31_j:14,33.50839,0.0,hdslay1_t21,31,14,hdslay1,arr,,,,,,
oname:hdslay1_t21_otype:arr_i:31_j:15,33.53323,0.0,hdslay1_t21,31,15,hdslay1,arr,,,,,,
oname:hdslay1_t21_otype:arr_i:31_j:16,33.54003,0.0,hdslay1_t21,31,16,hdslay1,arr,,,,,,
oname:hdslay1_t21_otype:arr_i:31_j:17,33.54427,0.0,hdslay1_t21,31,17,hdslay1,arr,,,,,,
oname:hdslay1_t21_otype:arr_i:31_j:18,33.5472,0.0,hdslay1_t21,31,18,hdslay1,arr,,,,,,
oname:hdslay1_t21_otype:arr_i:31_j:19,33.54862,0.0,hdslay1_t21,31,19,hdslay1,arr,,,,,,
oname:hdslay1_t21_otype:arr_i:31_j:2,33.46723,0.0,hdslay1_t21,31,2,hdslay1,arr,,,,,,
oname:hdslay1_t21_otype:arr_i:31_j:3,33.4469,0.0,hdslay1_t21,31,3,hdslay1,arr,,,,,,
oname:hdslay1_t21_otype:arr_i:31_j:4,33.41787,0.0,hdslay1_t21,31,4,hdslay1,arr,,,,,,
oname:hdslay1_t21_otype:arr_i:31_j:5,33.39041,0.0,hdslay1_t21,31,5,hdslay1,arr,,,,,,
oname:hdslay1_t21_otype:arr_i:31_j:6,33.3757,0.0,hdslay1_t21,31,6,hdslay1,arr,,,,,,
oname:hdslay1_t21_otype:arr_i:31_j:7,33.37997,0.0,hdslay1_t21,31,7,hdslay1,arr,,,,,,
oname:hdslay1_t21_otype:arr_i:31_j:8,33.38889,0.0,hdslay1_t21,31,8,hdslay1,arr,,,,,,
oname:hdslay1_t21_otype:arr_i:31_j:9,33.40059,0.0,hdslay1_t21,31,9,hdslay1,arr,,,,,,
oname:hdslay1_t21_otype:arr_i:32_j:0,1e+30,0.0,hdslay1_t21,32,0,hdslay1,arr,,,,,,
oname:hdslay1_t21_otype:arr_i:32_j:1,33.47235,0.0,hdslay1_t21,32,1,hdslay1,arr,,,,,,
oname:hdslay1_t21_otype:arr_i:32_j:10,33.39996,0.0,hdslay1_t21,32,10,hdslay1,arr,,,,,,
oname:hdslay1_t21_otype:arr_i:32_j:11,33.41553,0.0,hdslay1_t21,32,11,hdslay1,arr,,,,,,
oname:hdslay1_t21_otype:arr_i:32_j:12,33.43159,0.0,hdslay1_t21,32,12,hdslay1,arr,,,,,,
oname:hdslay1_t21_otype:arr_i:32_j:13,33.45764,0.0,hdslay1_t21,32,13,hdslay1,arr,,,,,,
oname:hdslay1_t21_otype:arr_i:32_j:14,33.48974,0.0,hdslay1_t21,32,14,hdslay1,arr,,,,,,
oname:hdslay1_t21_otype:arr_i:32_j:15,33.52155,0.0,hdslay1_t21,32,15,hdslay1,arr,,,,,,
oname:hdslay1_t21_otype:arr_i:32_j:16,33.52847,0.0,hdslay1_t21,32,16,hdslay1,arr,,,,,,
oname:hdslay1_t21_otype:arr_i:32_j:17,33.53266,0.0,hdslay1_t21,32,17,hdslay1,arr,,,,,,
oname:hdslay1_t21_otype:arr_i:32_j:18,33.53603,0.0,hdslay1_t21,32,18,hdslay1,arr,,,,,,
oname:hdslay1_t21_otype:arr_i:32_j:19,33.53778,0.0,hdslay1_t21,32,19,hdslay1,arr,,,,,,
oname:hdslay1_t21_otype:arr_i:32_j:2,33.45829,0.0,hdslay1_t21,32,2,hdslay1,arr,,,,,,
oname:hdslay1_t21_otype:arr_i:32_j:3,33.43832,0.0,hdslay1_t21,32,3,hdslay1,arr,,,,,,
oname:hdslay1_t21_otype:arr_i:32_j:4,33.41343,0.0,hdslay1_t21,32,4,hdslay1,arr,,,,,,
oname:hdslay1_t21_otype:arr_i:32_j:5,33.39364,0.0,hdslay1_t21,32,5,hdslay1,arr,,,,,,
oname:hdslay1_t21_otype:arr_i:32_j:6,33.38279,0.0,hdslay1_t21,32,6,hdslay1,arr,,,,,,
oname:hdslay1_t21_otype:arr_i:32_j:7,33.38055,0.0,hdslay1_t21,32,7,hdslay1,arr,,,,,,
oname:hdslay1_t21_otype:arr_i:32_j:8,33.38316,0.0,hdslay1_t21,32,8,hdslay1,arr,,,,,,
oname:hdslay1_t21_otype:arr_i:32_j:9,33.38902,0.0,hdslay1_t21,32,9,hdslay1,arr,,,,,,
oname:hdslay1_t21_otype:arr_i:33_j:0,1e+30,0.0,hdslay1_t21,33,0,hdslay1,arr,,,,,,
oname:hdslay1_t21_otype:arr_i:33_j:1,1e+30,0.0,hdslay1_t21,33,1,hdslay1,arr,,,,,,
oname:hdslay1_t21_otype:arr_i:33_j:10,33.37609,0.0,hdslay1_t21,33,10,hdslay1,arr,,,,,,
oname:hdslay1_t21_otype:arr_i:33_j:11,33.37613,0.0,hdslay1_t21,33,11,hdslay1,arr,,,,,,
oname:hdslay1_t21_otype:arr_i:33_j:12,33.38156,0.0,hdslay1_t21,33,12,hdslay1,arr,,,,,,
oname:hdslay1_t21_otype:arr_i:33_j:13,33.43085,0.0,hdslay1_t21,33,13,hdslay1,arr,,,,,,
oname:hdslay1_t21_otype:arr_i:33_j:14,33.47135,0.0,hdslay1_t21,33,14,hdslay1,arr,,,,,,
oname:hdslay1_t21_otype:arr_i:33_j:15,33.50917,0.0,hdslay1_t21,33,15,hdslay1,arr,,,,,,
oname:hdslay1_t21_otype:arr_i:33_j:16,33.51777,0.0,hdslay1_t21,33,16,hdslay1,arr,,,,,,
oname:hdslay1_t21_otype:arr_i:33_j:17,33.52381,0.0,hdslay1_t21,33,17,hdslay1,arr,,,,,,
oname:hdslay1_t21_otype:arr_i:33_j:18,33.52823,0.0,hdslay1_t21,33,18,hdslay1,arr,,,,,,
oname:hdslay1_t21_otype:arr_i:33_j:19,33.53092,0.0,hdslay1_t21,33,19,hdslay1,arr,,,,,,
oname:hdslay1_t21_otype:arr_i:33_j:2,33.44749,0.0,hdslay1_t21,33,2,hdslay1,arr,,,,,,
oname:hdslay1_t21_otype:arr_i:33_j:3,33.42827,0.0,hdslay1_t21,33,3,hdslay1,arr,,,,,,
oname:hdslay1_t21_otype:arr_i:33_j:4,33.40333,0.0,hdslay1_t21,33,4,hdslay1,arr,,,,,,
oname:hdslay1_t21_otype:arr_i:33_j:5,33.38773,0.0,hdslay1_t21,33,5,hdslay1,arr,,,,,,
oname:hdslay1_t21_otype:arr_i:33_j:6,33.37855,0.0,hdslay1_t21,33,6,hdslay1,arr,,,,,,
oname:hdslay1_t21_otype:arr_i:33_j:7,33.37406,0.0,hdslay1_t21,33,7,hdslay1,arr,,,,,,
oname:hdslay1_t21_otype:arr_i:33_j:8,33.37293,0.0,hdslay1_t21,33,8,hdslay1,arr,,,,,,
oname:hdslay1_t21_otype:arr_i:33_j:9,33.37366,0.0,hdslay1_t21,33,9,hdslay1,arr,,,,,,
oname:hdslay1_t21_otype:arr_i:34_j:0,1e+30,0.0,hdslay1_t21,34,0,hdslay1,arr,,,,,,
oname:hdslay1_t21_otype:arr_i:34_j:1,1e+30,0.0,hdslay1_t21,34,1,hdslay1,arr,,,,,,
oname:hdslay1_t21_otype:arr_i:34_j:10,33.34986,0.0,hdslay1_t21,34,10,hdslay1,arr,,,,,,
oname:hdslay1_t21_otype:arr_i:34_j:11,33.3242,0.0,hdslay1_t21,34,11,hdslay1,arr,,,,,,
oname:hdslay1_t21_otype:arr_i:34_j:12,33.24014,0.0,hdslay1_t21,34,12,hdslay1,arr,,,,,,
oname:hdslay1_t21_otype:arr_i:34_j:13,33.39303,0.0,hdslay1_t21,34,13,hdslay1,arr,,,,,,
oname:hdslay1_t21_otype:arr_i:34_j:14,33.4556,0.0,hdslay1_t21,34,14,hdslay1,arr,,,,,,
oname:hdslay1_t21_otype:arr_i:34_j:15,33.49602,0.0,hdslay1_t21,34,15,hdslay1,arr,,,,,,
oname:hdslay1_t21_otype:arr_i:34_j:16,33.50511,0.0,hdslay1_t21,34,16,hdslay1,arr,,,,,,
oname:hdslay1_t21_otype:arr_i:34_j:17,33.51333,0.0,hdslay1_t21,34,17,hdslay1,arr,,,,,,
oname:hdslay1_t21_otype:arr_i:34_j:18,33.52046,0.0,hdslay1_t21,34,18,hdslay1,arr,,,,,,
oname:hdslay1_t21_otype:arr_i:34_j:19,33.52667,0.0,hdslay1_t21,34,19,hdslay1,arr,,,,,,
oname:hdslay1_t21_otype:arr_i:34_j:2,1e+30,0.0,hdslay1_t21,34,2,hdslay1,arr,,,,,,
oname:hdslay1_t21_otype:arr_i:34_j:3,33.40932,0.0,hdslay1_t21,34,3,hdslay1,arr,,,,,,
oname:hdslay1_t21_otype:arr_i:34_j:4,33.38632,0.0,hdslay1_t21,34,4,hdslay1,arr,,,,,,
oname:hdslay1_t21_otype:arr_i:34_j:5,33.37522,0.0,hdslay1_t21,34,5,hdslay1,arr,,,,,,
oname:hdslay1_t21_otype:arr_i:34_j:6,33.36542,0.0,hdslay1_t21,34,6,hdslay1,arr,,,,,,
oname:hdslay1_t21_otype:arr_i:34_j:7,33.36062,0.0,hdslay1_t21,34,7,hdslay1,arr,,,,,,
oname:hdslay1_t21_otype:arr_i:34_j:8,33.35896,0.0,hdslay1_t21,34,8,hdslay1,arr,,,,,,
oname:hdslay1_t21_otype:arr_i:34_j:9,33.35678,0.0,hdslay1_t21,34,9,hdslay1,arr,,,,,,
oname:hdslay1_t21_otype:arr_i:35_j:0,1e+30,0.0,hdslay1_t21,35,0,hdslay1,arr,,,,,,
oname:hdslay1_t21_otype:arr_i:35_j:1,1e+30,0.0,hdslay1_t21,35,1,hdslay1,arr,,,,,,
oname:hdslay1_t21_otype:arr_i:35_j:10,33.33364,0.0,hdslay1_t21,35,10,hdslay1,arr,,,,,,
oname:hdslay1_t21_otype:arr_i:35_j:11,33.32984,0.0,hdslay1_t21,35,11,hdslay1,arr,,,,,,
oname:hdslay1_t21_otype:arr_i:35_j:12,33.33229,0.0,hdslay1_t21,35,12,hdslay1,arr,,,,,,
oname:hdslay1_t21_otype:arr_i:35_j:13,33.39922,0.0,hdslay1_t21,35,13,hdslay1,arr,,,,,,
oname:hdslay1_t21_otype:arr_i:35_j:14,33.4522,0.0,hdslay1_t21,35,14,hdslay1,arr,,,,,,
oname:hdslay1_t21_otype:arr_i:35_j:15,33.4856,0.0,hdslay1_t21,35,15,hdslay1,arr,,,,,,
oname:hdslay1_t21_otype:arr_i:35_j:16,33.49311,0.0,hdslay1_t21,35,16,hdslay1,arr,,,,,,
oname:hdslay1_t21_otype:arr_i:35_j:17,33.50085,0.0,hdslay1_t21,35,17,hdslay1,arr,,,,,,
oname:hdslay1_t21_otype:arr_i:35_j:18,33.50761,0.0,hdslay1_t21,35,18,hdslay1,arr,,,,,,
oname:hdslay1_t21_otype:arr_i:35_j:19,1e+30,0.0,hdslay1_t21,35,19,hdslay1,arr,,,,,,
oname:hdslay1_t21_otype:arr_i:35_j:2,1e+30,0.0,hdslay1_t21,35,2,hdslay1,arr,,,,,,
oname:hdslay1_t21_otype:arr_i:35_j:3,1e+30,0.0,hdslay1_t21,35,3,hdslay1,arr,,,,,,
oname:hdslay1_t21_otype:arr_i:35_j:4,33.36629,0.0,hdslay1_t21,35,4,hdslay1,arr,,,,,,
oname:hdslay1_t21_otype:arr_i:35_j:5,33.35665,0.0,hdslay1_t21,35,5,hdslay1,arr,,,,,,
oname:hdslay1_t21_otype:arr_i:35_j:6,33.34622,0.0,hdslay1_t21,35,6,hdslay1,arr,,,,,,
oname:hdslay1_t21_otype:arr_i:35_j:7,33.34075,0.0,hdslay1_t21,35,7,hdslay1,arr,,,,,,
oname:hdslay1_t21_otype:arr_i:35_j:8,33.34012,0.0,hdslay1_t21,35,8,hdslay1,arr,,,,,,
oname:hdslay1_t21_otype:arr_i:35_j:9,33.33835,0.0,hdslay1_t21,35,9,hdslay1,arr,,,,,,
oname:hdslay1_t21_otype:arr_i:36_j:0,1e+30,0.0,hdslay1_t21,36,0,hdslay1,arr,,,,,,
oname:hdslay1_t21_otype:arr_i:36_j:1,1e+30,0.0,hdslay1_t21,36,1,hdslay1,arr,,,,,,
oname:hdslay1_t21_otype:arr_i:36_j:10,33.31891,0.0,hdslay1_t21,36,10,hdslay1,arr,,,,,,
oname:hdslay1_t21_otype:arr_i:36_j:11,33.3287,0.0,hdslay1_t21,36,11,hdslay1,arr,,,,,,
oname:hdslay1_t21_otype:arr_i:36_j:12,33.35275,0.0,hdslay1_t21,36,12,hdslay1,arr,,,,,,
oname:hdslay1_t21_otype:arr_i:36_j:13,33.40159,0.0,hdslay1_t21,36,13,hdslay1,arr,,,,,,
oname:hdslay1_t21_otype:arr_i:36_j:14,33.4458,0.0,hdslay1_t21,36,14,hdslay1,arr,,,,,,
oname:hdslay1_t21_otype:arr_i:36_j:15,33.47691,0.0,hdslay1_t21,36,15,hdslay1,arr,,,,,,
oname:hdslay1_t21_otype:arr_i:36_j:16,33.48349,0.0,hdslay1_t21,36,16,hdslay1,arr,,,,,,
oname:hdslay1_t21_otype:arr_i:36_j:17,33.49106,0.0,hdslay1_t21,36,17,hdslay1,arr,,,,,,
oname:hdslay1_t21_otype:arr_i:36_j:18,33.49924,0.0,hdslay1_t21,36,18,hdslay1,arr,,,,,,
oname:hdslay1_t21_otype:arr_i:36_j:19,1e+30,0.0,hdslay1_t21,36,19,hdslay1,arr,,,,,,
oname:hdslay1_t21_otype:arr_i:36_j:2,1e+30,0.0,hdslay1_t21,36,2,hdslay1,arr,,,,,,
oname:hdslay1_t21_otype:arr_i:36_j:3,1e+30,0.0,hdslay1_t21,36,3,hdslay1,arr,,,,,,
oname:hdslay1_t21_otype:arr_i:36_j:4,33.35311,0.0,hdslay1_t21,36,4,hdslay1,arr,,,,,,
oname:hdslay1_t21_otype:arr_i:36_j:5,33.33377,0.0,hdslay1_t21,36,5,hdslay1,arr,,,,,,
oname:hdslay1_t21_otype:arr_i:36_j:6,33.32285,0.0,hdslay1_t21,36,6,hdslay1,arr,,,,,,
oname:hdslay1_t21_otype:arr_i:36_j:7,33.31749,0.0,hdslay1_t21,36,7,hdslay1,arr,,,,,,
oname:hdslay1_t21_otype:arr_i:36_j:8,33.31642,0.0,hdslay1_t21,36,8,hdslay1,arr,,,,,,
oname:hdslay1_t21_otype:arr_i:36_j:9,33.31832,0.0,hdslay1_t21,36,9,hdslay1,arr,,,,,,
oname:hdslay1_t21_otype:arr_i:37_j:0,1e+30,0.0,hdslay1_t21,37,0,hdslay1,arr,,,,,,
oname:hdslay1_t21_otype:arr_i:37_j:1,1e+30,0.0,hdslay1_t21,37,1,hdslay1,arr,,,,,,
oname:hdslay1_t21_otype:arr_i:37_j:10,33.29957,0.0,hdslay1_t21,37,10,hdslay1,arr,,,,,,
oname:hdslay1_t21_otype:arr_i:37_j:11,33.31459,0.0,hdslay1_t21,37,11,hdslay1,arr,,,,,,
oname:hdslay1_t21_otype:arr_i:37_j:12,33.34715,0.0,hdslay1_t21,37,12,hdslay1,arr,,,,,,
oname:hdslay1_t21_otype:arr_i:37_j:13,33.3917,0.0,hdslay1_t21,37,13,hdslay1,arr,,,,,,
oname:hdslay1_t21_otype:arr_i:37_j:14,33.43445,0.0,hdslay1_t21,37,14,hdslay1,arr,,,,,,
oname:hdslay1_t21_otype:arr_i:37_j:15,33.46772,0.0,hdslay1_t21,37,15,hdslay1,arr,,,,,,
oname:hdslay1_t21_otype:arr_i:37_j:16,33.47606,0.0,hdslay1_t21,37,16,hdslay1,arr,,,,,,
oname:hdslay1_t21_otype:arr_i:37_j:17,33.48284,0.0,hdslay1_t21,37,17,hdslay1,arr,,,,,,
oname:hdslay1_t21_otype:arr_i:37_j:18,1e+30,0.0,hdslay1_t21,37,18,hdslay1,arr,,,,,,
oname:hdslay1_t21_otype:arr_i:37_j:19,1e+30,0.0,hdslay1_t21,37,19,hdslay1,arr,,,,,,
oname:hdslay1_t21_otype:arr_i:37_j:2,1e+30,0.0,hdslay1_t21,37,2,hdslay1,arr,,,,,,
oname:hdslay1_t21_otype:arr_i:37_j:3,1e+30,0.0,hdslay1_t21,37,3,hdslay1,arr,,,,,,
oname:hdslay1_t21_otype:arr_i:37_j:4,1e+30,0.0,hdslay1_t21,37,4,hdslay1,arr,,,,,,
oname:hdslay1_t21_otype:arr_i:37_j:5,33.29443,0.0,hdslay1_t21,37,5,hdslay1,arr,,,,,,
oname:hdslay1_t21_otype:arr_i:37_j:6,33.29428,0.0,hdslay1_t21,37,6,hdslay1,arr,,,,,,
oname:hdslay1_t21_otype:arr_i:37_j:7,33.29286,0.0,hdslay1_t21,37,7,hdslay1,arr,,,,,,
oname:hdslay1_t21_otype:arr_i:37_j:8,33.29144,0.0,hdslay1_t21,37,8,hdslay1,arr,,,,,,
oname:hdslay1_t21_otype:arr_i:37_j:9,33.29465,0.0,hdslay1_t21,37,9,hdslay1,arr,,,,,,
oname:hdslay1_t21_otype:arr_i:38_j:0,1e+30,0.0,hdslay1_t21,38,0,hdslay1,arr,,,,,,
oname:hdslay1_t21_otype:arr_i:38_j:1,1e+30,0.0,hdslay1_t21,38,1,hdslay1,arr,,,,,,
oname:hdslay1_t21_otype:arr_i:38_j:10,33.26314,0.0,hdslay1_t21,38,10,hdslay1,arr,,,,,,
oname:hdslay1_t21_otype:arr_i:38_j:11,33.2767,0.0,hdslay1_t21,38,11,hdslay1,arr,,,,,,
oname:hdslay1_t21_otype:arr_i:38_j:12,33.31344,0.0,hdslay1_t21,38,12,hdslay1,arr,,,,,,
oname:hdslay1_t21_otype:arr_i:38_j:13,33.3627,0.0,hdslay1_t21,38,13,hdslay1,arr,,,,,,
oname:hdslay1_t21_otype:arr_i:38_j:14,33.41546,0.0,hdslay1_t21,38,14,hdslay1,arr,,,,,,
oname:hdslay1_t21_otype:arr_i:38_j:15,33.46811,0.0,hdslay1_t21,38,15,hdslay1,arr,,,,,,
oname:hdslay1_t21_otype:arr_i:38_j:16,33.47299,0.0,hdslay1_t21,38,16,hdslay1,arr,,,,,,
oname:hdslay1_t21_otype:arr_i:38_j:17,1e+30,0.0,hdslay1_t21,38,17,hdslay1,arr,,,,,,
oname:hdslay1_t21_otype:arr_i:38_j:18,1e+30,0.0,hdslay1_t21,38,18,hdslay1,arr,,,,,,
oname:hdslay1_t21_otype:arr_i:38_j:19,1e+30,0.0,hdslay1_t21,38,19,hdslay1,arr,,,,,,
oname:hdslay1_t21_otype:arr_i:38_j:2,1e+30,0.0,hdslay1_t21,38,2,hdslay1,arr,,,,,,
oname:hdslay1_t21_otype:arr_i:38_j:3,1e+30,0.0,hdslay1_t21,38,3,hdslay1,arr,,,,,,
oname:hdslay1_t21_otype:arr_i:38_j:4,1e+30,0.0,hdslay1_t21,38,4,hdslay1,arr,,,,,,
oname:hdslay1_t21_otype:arr_i:38_j:5,33.25635,0.0,hdslay1_t21,38,5,hdslay1,arr,,,,,,
oname:hdslay1_t21_otype:arr_i:38_j:6,33.25858,0.0,hdslay1_t21,38,6,hdslay1,arr,,,,,,
oname:hdslay1_t21_otype:arr_i:38_j:7,33.2557,0.0,hdslay1_t21,38,7,hdslay1,arr,,,,,,
oname:hdslay1_t21_otype:arr_i:38_j:8,33.25735,0.0,hdslay1_t21,38,8,hdslay1,arr,,,,,,
oname:hdslay1_t21_otype:arr_i:38_j:9,33.25976,0.0,hdslay1_t21,38,9,hdslay1,arr,,,,,,
oname:hdslay1_t21_otype:arr_i:39_j:0,1e+30,0.0,hdslay1_t21,39,0,hdslay1,arr,,,,,,
oname:hdslay1_t21_otype:arr_i:39_j:1,1e+30,0.0,hdslay1_t21,39,1,hdslay1,arr,,,,,,
oname:hdslay1_t21_otype:arr_i:39_j:10,33.19434,0.0,hdslay1_t21,39,10,hdslay1,arr,,,,,,
oname:hdslay1_t21_otype:arr_i:39_j:11,33.21831,0.0,hdslay1_t21,39,11,hdslay1,arr,,,,,,
oname:hdslay1_t21_otype:arr_i:39_j:12,33.25584,0.0,hdslay1_t21,39,12,hdslay1,arr,,,,,,
oname:hdslay1_t21_otype:arr_i:39_j:13,33.30887,0.0,hdslay1_t21,39,13,hdslay1,arr,,,,,,
oname:hdslay1_t21_otype:arr_i:39_j:14,33.37157,0.0,hdslay1_t21,39,14,hdslay1,arr,,,,,,
oname:hdslay1_t21_otype:arr_i:39_j:15,33.4535,0.0,hdslay1_t21,39,15,hdslay1,arr,,,,,,
oname:hdslay1_t21_otype:arr_i:39_j:16,1e+30,0.0,hdslay1_t21,39,16,hdslay1,arr,,,,,,
oname:hdslay1_t21_otype:arr_i:39_j:17,1e+30,0.0,hdslay1_t21,39,17,hdslay1,arr,,,,,,
oname:hdslay1_t21_otype:arr_i:39_j:18,1e+30,0.0,hdslay1_t21,39,18,hdslay1,arr,,,,,,
oname:hdslay1_t21_otype:arr_i:39_j:19,1e+30,0.0,hdslay1_t21,39,19,hdslay1,arr,,,,,,
oname:hdslay1_t21_otype:arr_i:39_j:2,1e+30,0.0,hdslay1_t21,39,2,hdslay1,arr,,,,,,
oname:hdslay1_t21_otype:arr_i:39_j:3,1e+30,0.0,hdslay1_t21,39,3,hdslay1,arr,,,,,,
oname:hdslay1_t21_otype:arr_i:39_j:4,1e+30,0.0,hdslay1_t21,39,4,hdslay1,arr,,,,,,
oname:hdslay1_t21_otype:arr_i:39_j:5,33.20651,0.0,hdslay1_t21,39,5,hdslay1,arr,,,,,,
oname:hdslay1_t21_otype:arr_i:39_j:6,33.20434,0.0,hdslay1_t21,39,6,hdslay1,arr,,,,,,
oname:hdslay1_t21_otype:arr_i:39_j:7,33.20551,0.0,hdslay1_t21,39,7,hdslay1,arr,,,,,,
oname:hdslay1_t21_otype:arr_i:39_j:8,33.20409,0.0,hdslay1_t21,39,8,hdslay1,arr,,,,,,
oname:hdslay1_t21_otype:arr_i:39_j:9,33.20022,0.0,hdslay1_t21,39,9,hdslay1,arr,,,,,,
oname:hdslay1_t21_otype:arr_i:3_j:0,34.93287,0.0,hdslay1_t21,3,0,hdslay1,arr,,,,,,
oname:hdslay1_t21_otype:arr_i:3_j:1,34.92367,0.0,hdslay1_t21,3,1,hdslay1,arr,,,,,,
oname:hdslay1_t21_otype:arr_i:3_j:10,34.37429,0.0,hdslay1_t21,3,10,hdslay1,arr,,,,,,
oname:hdslay1_t21_otype:arr_i:3_j:11,34.33087,0.0,hdslay1_t21,3,11,hdslay1,arr,,,,,,
oname:hdslay1_t21_otype:arr_i:3_j:12,34.28753,0.0,hdslay1_t21,3,12,hdslay1,arr,,,,,,
oname:hdslay1_t21_otype:arr_i:3_j:13,34.23942,0.0,hdslay1_t21,3,13,hdslay1,arr,,,,,,
oname:hdslay1_t21_otype:arr_i:3_j:14,34.1994,0.0,hdslay1_t21,3,14,hdslay1,arr,,,,,,
oname:hdslay1_t21_otype:arr_i:3_j:15,34.16479,0.0,hdslay1_t21,3,15,hdslay1,arr,,,,,,
oname:hdslay1_t21_otype:arr_i:3_j:16,34.15278,0.0,hdslay1_t21,3,16,hdslay1,arr,,,,,,
oname:hdslay1_t21_otype:arr_i:3_j:17,34.14107,0.0,hdslay1_t21,3,17,hdslay1,arr,,,,,,
oname:hdslay1_t21_otype:arr_i:3_j:18,34.13182,0.0,hdslay1_t21,3,18,hdslay1,arr,,,,,,
oname:hdslay1_t21_otype:arr_i:3_j:19,34.12822,0.0,hdslay1_t21,3,19,hdslay1,arr,,,,,,
oname:hdslay1_t21_otype:arr_i:3_j:2,34.91153,0.0,hdslay1_t21,3,2,hdslay1,arr,,,,,,
oname:hdslay1_t21_otype:arr_i:3_j:3,34.88546,0.0,hdslay1_t21,3,3,hdslay1,arr,,,,,,
oname:hdslay1_t21_otype:arr_i:3_j:4,34.84165,0.0,hdslay1_t21,3,4,hdslay1,arr,,,,,,
oname:hdslay1_t21_otype:arr_i:3_j:5,34.77542,0.0,hdslay1_t21,3,5,hdslay1,arr,,,,,,
oname:hdslay1_t21_otype:arr_i:3_j:6,34.68438,0.0,hdslay1_t21,3,6,hdslay1,arr,,,,,,
oname:hdslay1_t21_otype:arr_i:3_j:7,34.58594,0.0,hdslay1_t21,3,7,hdslay1,arr,,,,,,
oname:hdslay1_t21_otype:arr_i:3_j:8,34.49864,0.0,hdslay1_t21,3,8,hdslay1,arr,,,,,,
oname:hdslay1_t21_otype:arr_i:3_j:9,34.42967,0.0,hdslay1_t21,3,9,hdslay1,arr,,,,,,
oname:hdslay1_t21_otype:arr_i:4_j:0,34.90786,0.0,hdslay1_t21,4,0,hdslay1,arr,,,,,,
oname:hdslay1_t21_otype:arr_i:4_j:1,34.90347,0.0,hdslay1_t21,4,1,hdslay1,arr,,,,,,
oname:hdslay1_t21_otype:arr_i:4_j:10,34.36625,0.0,hdslay1_t21,4,10,hdslay1,arr,,,,,,
oname:hdslay1_t21_otype:arr_i:4_j:11,34.31974,0.0,hdslay1_t21,4,11,hdslay1,arr,,,,,,
oname:hdslay1_t21_otype:arr_i:4_j:12,34.26629,0.0,hdslay1_t21,4,12,hdslay1,arr,,,,,,
oname:hdslay1_t21_otype:arr_i:4_j:13,34.21634,0.0,hdslay1_t21,4,13,hdslay1,arr,,,,,,
oname:hdslay1_t21_otype:arr_i:4_j:14,34.17612,0.0,hdslay1_t21,4,14,hdslay1,arr,,,,,,
oname:hdslay1_t21_otype:arr_i:4_j:15,34.14244,0.0,hdslay1_t21,4,15,hdslay1,arr,,,,,,
oname:hdslay1_t21_otype:arr_i:4_j:16,34.12666,0.0,hdslay1_t21,4,16,hdslay1,arr,,,,,,
oname:hdslay1_t21_otype:arr_i:4_j:17,34.11577,0.0,hdslay1_t21,4,17,hdslay1,arr,,,,,,
oname:hdslay1_t21_otype:arr_i:4_j:18,34.11055,0.0,hdslay1_t21,4,18,hdslay1,arr,,,,,,
oname:hdslay1_t21_otype:arr_i:4_j:19,34.1091,0.0,hdslay1_t21,4,19,hdslay1,arr,,,,,,
oname:hdslay1_t21_otype:arr_i:4_j:2,34.8949,0.0,hdslay1_t21,4,2,hdslay1,arr,,,,,,
oname:hdslay1_t21_otype:arr_i:4_j:3,34.87405,0.0,hdslay1_t21,4,3,hdslay1,arr,,,,,,
oname:hdslay1_t21_otype:arr_i:4_j:4,34.83683,0.0,hdslay1_t21,4,4,hdslay1,arr,,,,,,
oname:hdslay1_t21_otype:arr_i:4_j:5,34.78195,0.0,hdslay1_t21,4,5,hdslay1,arr,,,,,,
oname:hdslay1_t21_otype:arr_i:4_j:6,34.70123,0.0,hdslay1_t21,4,6,hdslay1,arr,,,,,,
oname:hdslay1_t21_otype:arr_i:4_j:7,34.59951,0.0,hdslay1_t21,4,7,hdslay1,arr,,,,,,
oname:hdslay1_t21_otype:arr_i:4_j:8,34.50259,0.0,hdslay1_t21,4,8,hdslay1,arr,,,,,,
oname:hdslay1_t21_otype:arr_i:4_j:9,34.4262,0.0,hdslay1_t21,4,9,hdslay1,arr,,,,,,
oname:hdslay1_t21_otype:arr_i:5_j:0,34.88772,0.0,hdslay1_t21,5,0,hdslay1,arr,,,,,,
oname:hdslay1_t21_otype:arr_i:5_j:1,34.8858,0.0,hdslay1_t21,5,1,hdslay1,arr,,,,,,
oname:hdslay1_t21_otype:arr_i:5_j:10,34.35027,0.0,hdslay1_t21,5,10,hdslay1,arr,,,,,,
oname:hdslay1_t21_otype:arr_i:5_j:11,34.29754,0.0,hdslay1_t21,5,11,hdslay1,arr,,,,,,
oname:hdslay1_t21_otype:arr_i:5_j:12,34.24044,0.0,hdslay1_t21,5,12,hdslay1,arr,,,,,,
oname:hdslay1_t21_otype:arr_i:5_j:13,34.18753,0.0,hdslay1_t21,5,13,hdslay1,arr,,,,,,
oname:hdslay1_t21_otype:arr_i:5_j:14,34.14319,0.0,hdslay1_t21,5,14,hdslay1,arr,,,,,,
oname:hdslay1_t21_otype:arr_i:5_j:15,34.11097,0.0,hdslay1_t21,5,15,hdslay1,arr,,,,,,
oname:hdslay1_t21_otype:arr_i:5_j:16,34.09779,0.0,hdslay1_t21,5,16,hdslay1,arr,,,,,,
oname:hdslay1_t21_otype:arr_i:5_j:17,34.08791,0.0,hdslay1_t21,5,17,hdslay1,arr,,,,,,
oname:hdslay1_t21_otype:arr_i:5_j:18,34.08585,0.0,hdslay1_t21,5,18,hdslay1,arr,,,,,,
oname:hdslay1_t21_otype:arr_i:5_j:19,34.08688,0.0,hdslay1_t21,5,19,hdslay1,arr,,,,,,
oname:hdslay1_t21_otype:arr_i:5_j:2,34.8788,0.0,hdslay1_t21,5,2,hdslay1,arr,,,,,,
oname:hdslay1_t21_otype:arr_i:5_j:3,34.86184,0.0,hdslay1_t21,5,3,hdslay1,arr,,,,,,
oname:hdslay1_t21_otype:arr_i:5_j:4,34.83134,0.0,hdslay1_t21,5,4,hdslay1,arr,,,,,,
oname:hdslay1_t21_otype:arr_i:5_j:5,34.77797,0.0,hdslay1_t21,5,5,hdslay1,arr,,,,,,
oname:hdslay1_t21_otype:arr_i:5_j:6,34.69896,0.0,hdslay1_t21,5,6,hdslay1,arr,,,,,,
oname:hdslay1_t21_otype:arr_i:5_j:7,34.60953,0.0,hdslay1_t21,5,7,hdslay1,arr,,,,,,
oname:hdslay1_t21_otype:arr_i:5_j:8,34.51249,0.0,hdslay1_t21,5,8,hdslay1,arr,,,,,,
oname:hdslay1_t21_otype:arr_i:5_j:9,34.41669,0.0,hdslay1_t21,5,9,hdslay1,arr,,,,,,
oname:hdslay1_t21_otype:arr_i:6_j:0,34.87372,0.0,hdslay1_t21,6,0,hdslay1,arr,,,,,,
oname:hdslay1_t21_otype:arr_i:6_j:1,34.87176,0.0,hdslay1_t21,6,1,hdslay1,arr,,,,,,
oname:hdslay1_t21_otype:arr_i:6_j:10,34.3234,0.0,hdslay1_t21,6,10,hdslay1,arr,,,,,,
oname:hdslay1_t21_otype:arr_i:6_j:11,34.26342,0.0,hdslay1_t21,6,11,hdslay1,arr,,,,,,
oname:hdslay1_t21_otype:arr_i:6_j:12,34.19745,0.0,hdslay1_t21,6,12,hdslay1,arr,,,,,,
oname:hdslay1_t21_otype:arr_i:6_j:13,34.13811,0.0,hdslay1_t21,6,13,hdslay1,arr,,,,,,
oname:hdslay1_t21_otype:arr_i:6_j:14,34.09707,0.0,hdslay1_t21,6,14,hdslay1,arr,,,,,,
oname:hdslay1_t21_otype:arr_i:6_j:15,34.06905,0.0,hdslay1_t21,6,15,hdslay1,arr,,,,,,
oname:hdslay1_t21_otype:arr_i:6_j:16,34.06191,0.0,hdslay1_t21,6,16,hdslay1,arr,,,,,,
oname:hdslay1_t21_otype:arr_i:6_j:17,34.05455,0.0,hdslay1_t21,6,17,hdslay1,arr,,,,,,
oname:hdslay1_t21_otype:arr_i:6_j:18,34.05206,0.0,hdslay1_t21,6,18,hdslay1,arr,,,,,,
oname:hdslay1_t21_otype:arr_i:6_j:19,34.04981,0.0,hdslay1_t21,6,19,hdslay1,arr,,,,,,
oname:hdslay1_t21_otype:arr_i:6_j:2,34.86599,0.0,hdslay1_t21,6,2,hdslay1,arr,,,,,,
oname:hdslay1_t21_otype:arr_i:6_j:3,34.85489,0.0,hdslay1_t21,6,3,hdslay1,arr,,,,,,
oname:hdslay1_t21_otype:arr_i:6_j:4,34.82886,0.0,hdslay1_t21,6,4,hdslay1,arr,,,,,,
oname:hdslay1_t21_otype:arr_i:6_j:5,34.76956,0.0,hdslay1_t21,6,5,hdslay1,arr,,,,,,
oname:hdslay1_t21_otype:arr_i:6_j:6,34.6857,0.0,hdslay1_t21,6,6,hdslay1,arr,,,,,,
oname:hdslay1_t21_otype:arr_i:6_j:7,34.59704,0.0,hdslay1_t21,6,7,hdslay1,arr,,,,,,
oname:hdslay1_t21_otype:arr_i:6_j:8,34.50048,0.0,hdslay1_t21,6,8,hdslay1,arr,,,,,,
oname:hdslay1_t21_otype:arr_i:6_j:9,34.39778,0.0,hdslay1_t21,6,9,hdslay1,arr,,,,,,
oname:hdslay1_t21_otype:arr_i:7_j:0,34.86208,0.0,hdslay1_t21,7,0,hdslay1,arr,,,,,,
oname:hdslay1_t21_otype:arr_i:7_j:1,34.86101,0.0,hdslay1_t21,7,1,hdslay1,arr,,,,,,
oname:hdslay1_t21_otype:arr_i:7_j:10,34.26982,0.0,hdslay1_t21,7,10,hdslay1,arr,,,,,,
oname:hdslay1_t21_otype:arr_i:7_j:11,34.20622,0.0,hdslay1_t21,7,11,hdslay1,arr,,,,,,
oname:hdslay1_t21_otype:arr_i:7_j:12,34.13042,0.0,hdslay1_t21,7,12,hdslay1,arr,,,,,,
oname:hdslay1_t21_otype:arr_i:7_j:13,34.07085,0.0,hdslay1_t21,7,13,hdslay1,arr,,,,,,
oname:hdslay1_t21_otype:arr_i:7_j:14,34.03619,0.0,hdslay1_t21,7,14,hdslay1,arr,,,,,,
oname:hdslay1_t21_otype:arr_i:7_j:15,34.01504,0.0,hdslay1_t21,7,15,hdslay1,arr,,,,,,
oname:hdslay1_t21_otype:arr_i:7_j:16,34.00511,0.0,hdslay1_t21,7,16,hdslay1,arr,,,,,,
oname:hdslay1_t21_otype:arr_i:7_j:17,34.0093,0.0,hdslay1_t21,7,17,hdslay1,arr,,,,,,
oname:hdslay1_t21_otype:arr_i:7_j:18,34.00691,0.0,hdslay1_t21,7,18,hdslay1,arr,,,,,,
oname:hdslay1_t21_otype:arr_i:7_j:19,34.00387,0.0,hdslay1_t21,7,19,hdslay1,arr,,,,,,
oname:hdslay1_t21_otype:arr_i:7_j:2,34.85733,0.0,hdslay1_t21,7,2,hdslay1,arr,,,,,,
oname:hdslay1_t21_otype:arr_i:7_j:3,34.85001,0.0,hdslay1_t21,7,3,hdslay1,arr,,,,,,
oname:hdslay1_t21_otype:arr_i:7_j:4,34.82317,0.0,hdslay1_t21,7,4,hdslay1,arr,,,,,,
oname:hdslay1_t21_otype:arr_i:7_j:5,34.76251,0.0,hdslay1_t21,7,5,hdslay1,arr,,,,,,
oname:hdslay1_t21_otype:arr_i:7_j:6,34.68513,0.0,hdslay1_t21,7,6,hdslay1,arr,,,,,,
oname:hdslay1_t21_otype:arr_i:7_j:7,34.57532,0.0,hdslay1_t21,7,7,hdslay1,arr,,,,,,
oname:hdslay1_t21_otype:arr_i:7_j:8,34.44997,0.0,hdslay1_t21,7,8,hdslay1,arr,,,,,,
oname:hdslay1_t21_otype:arr_i:7_j:9,34.34002,0.0,hdslay1_t21,7,9,hdslay1,arr,,,,,,
oname:hdslay1_t21_otype:arr_i:8_j:0,34.85051,0.0,hdslay1_t21,8,0,hdslay1,arr,,,,,,
oname:hdslay1_t21_otype:arr_i:8_j:1,34.84988,0.0,hdslay1_t21,8,1,hdslay1,arr,,,,,,
oname:hdslay1_t21_otype:arr_i:8_j:10,34.18763,0.0,hdslay1_t21,8,10,hdslay1,arr,,,,,,
oname:hdslay1_t21_otype:arr_i:8_j:11,34.11655,0.0,hdslay1_t21,8,11,hdslay1,arr,,,,,,
oname:hdslay1_t21_otype:arr_i:8_j:12,34.03772,0.0,hdslay1_t21,8,12,hdslay1,arr,,,,,,
oname:hdslay1_t21_otype:arr_i:8_j:13,33.99166,0.0,hdslay1_t21,8,13,hdslay1,arr,,,,,,
oname:hdslay1_t21_otype:arr_i:8_j:14,33.96524,0.0,hdslay1_t21,8,14,hdslay1,arr,,,,,,
oname:hdslay1_t21_otype:arr_i:8_j:15,33.95145,0.0,hdslay1_t21,8,15,hdslay1,arr,,,,,,
oname:hdslay1_t21_otype:arr_i:8_j:16,33.93655,0.0,hdslay1_t21,8,16,hdslay1,arr,,,,,,
oname:hdslay1_t21_otype:arr_i:8_j:17,33.9494,0.0,hdslay1_t21,8,17,hdslay1,arr,,,,,,
oname:hdslay1_t21_otype:arr_i:8_j:18,33.95967,0.0,hdslay1_t21,8,18,hdslay1,arr,,,,,,
oname:hdslay1_t21_otype:arr_i:8_j:19,33.96155,0.0,hdslay1_t21,8,19,hdslay1,arr,,,,,,
oname:hdslay1_t21_otype:arr_i:8_j:2,34.85005,0.0,hdslay1_t21,8,2,hdslay1,arr,,,,,,
oname:hdslay1_t21_otype:arr_i:8_j:3,34.84747,0.0,hdslay1_t21,8,3,hdslay1,arr,,,,,,
oname:hdslay1_t21_otype:arr_i:8_j:4,1e+30,0.0,hdslay1_t21,8,4,hdslay1,arr,,,,,,
oname:hdslay1_t21_otype:arr_i:8_j:5,1e+30,0.0,hdslay1_t21,8,5,hdslay1,arr,,,,,,
oname:hdslay1_t21_otype:arr_i:8_j:6,1e+30,0.0,hdslay1_t21,8,6,hdslay1,arr,,,,,,
oname:hdslay1_t21_otype:arr_i:8_j:7,34.47986,0.0,hdslay1_t21,8,7,hdslay1,arr,,,,,,
oname:hdslay1_t21_otype:arr_i:8_j:8,34.34361,0.0,hdslay1_t21,8,8,hdslay1,arr,,,,,,
oname:hdslay1_t21_otype:arr_i:8_j:9,34.2542,0.0,hdslay1_t21,8,9,hdslay1,arr,,,,,,
oname:hdslay1_t21_otype:arr_i:9_j:0,34.83521,0.0,hdslay1_t21,9,0,hdslay1,arr,,,,,,
oname:hdslay1_t21_otype:arr_i:9_j:1,34.83237,0.0,hdslay1_t21,9,1,hdslay1,arr,,,,,,
oname:hdslay1_t21_otype:arr_i:9_j:10,34.09015,0.0,hdslay1_t21,9,10,hdslay1,arr,,,,,,
oname:hdslay1_t21_otype:arr_i:9_j:11,34.01793,0.0,hdslay1_t21,9,11,hdslay1,arr,,,,,,
oname:hdslay1_t21_otype:arr_i:9_j:12,33.95135,0.0,hdslay1_t21,9,12,hdslay1,arr,,,,,,
oname:hdslay1_t21_otype:arr_i:9_j:13,33.91841,0.0,hdslay1_t21,9,13,hdslay1,arr,,,,,,
oname:hdslay1_t21_otype:arr_i:9_j:14,33.90619,0.0,hdslay1_t21,9,14,hdslay1,arr,,,,,,
oname:hdslay1_t21_otype:arr_i:9_j:15,33.89896,0.0,hdslay1_t21,9,15,hdslay1,arr,,,,,,
oname:hdslay1_t21_otype:arr_i:9_j:16,33.84864,0.0,hdslay1_t21,9,16,hdslay1,arr,,,,,,
oname:hdslay1_t21_otype:arr_i:9_j:17,33.90013,0.0,hdslay1_t21,9,17,hdslay1,arr,,,,,,
oname:hdslay1_t21_otype:arr_i:9_j:18,33.92033,0.0,hdslay1_t21,9,18,hdslay1,arr,,,,,,
oname:hdslay1_t21_otype:arr_i:9_j:19,33.92802,0.0,hdslay1_t21,9,19,hdslay1,arr,,,,,,
oname:hdslay1_t21_otype:arr_i:9_j:2,34.83321,0.0,hdslay1_t21,9,2,hdslay1,arr,,,,,,
oname:hdslay1_t21_otype:arr_i:9_j:3,34.82917,0.0,hdslay1_t21,9,3,hdslay1,arr,,,,,,
oname:hdslay1_t21_otype:arr_i:9_j:4,1e+30,0.0,hdslay1_t21,9,4,hdslay1,arr,,,,,,
oname:hdslay1_t21_otype:arr_i:9_j:5,1e+30,0.0,hdslay1_t21,9,5,hdslay1,arr,,,,,,
oname:hdslay1_t21_otype:arr_i:9_j:6,1e+30,0.0,hdslay1_t21,9,6,hdslay1,arr,,,,,,
oname:hdslay1_t21_otype:arr_i:9_j:7,1e+30,0.0,hdslay1_t21,9,7,hdslay1,arr,,,,,,
oname:hdslay1_t21_otype:arr_i:9_j:8,34.17935,0.0,hdslay1_t21,9,8,hdslay1,arr,,,,,,
oname:hdslay1_t21_otype:arr_i:9_j:9,34.13798,0.0,hdslay1_t21,9,9,hdslay1,arr,,,,,,
oname:hdslay1_t22_otype:arr_i:0_j:0,34.757,0.0,hdslay1_t22,0,0,hdslay1,arr,,,,,,
oname:hdslay1_t22_otype:arr_i:0_j:1,34.74726,0.0,hdslay1_t22,0,1,hdslay1,arr,,,,,,
oname:hdslay1_t22_otype:arr_i:0_j:10,34.29265,0.0,hdslay1_t22,0,10,hdslay1,arr,,,,,,
oname:hdslay1_t22_otype:arr_i:0_j:11,34.2554,0.0,hdslay1_t22,0,11,hdslay1,arr,,,,,,
oname:hdslay1_t22_otype:arr_i:0_j:12,34.22675,0.0,hdslay1_t22,0,12,hdslay1,arr,,,,,,
oname:hdslay1_t22_otype:arr_i:0_j:13,34.19961,0.0,hdslay1_t22,0,13,hdslay1,arr,,,,,,
oname:hdslay1_t22_otype:arr_i:0_j:14,34.17291,0.0,hdslay1_t22,0,14,hdslay1,arr,,,,,,
oname:hdslay1_t22_otype:arr_i:0_j:15,34.1427,0.0,hdslay1_t22,0,15,hdslay1,arr,,,,,,
oname:hdslay1_t22_otype:arr_i:0_j:16,34.13369,0.0,hdslay1_t22,0,16,hdslay1,arr,,,,,,
oname:hdslay1_t22_otype:arr_i:0_j:17,34.12466,0.0,hdslay1_t22,0,17,hdslay1,arr,,,,,,
oname:hdslay1_t22_otype:arr_i:0_j:18,34.11688,0.0,hdslay1_t22,0,18,hdslay1,arr,,,,,,
oname:hdslay1_t22_otype:arr_i:0_j:19,34.11317,0.0,hdslay1_t22,0,19,hdslay1,arr,,,,,,
oname:hdslay1_t22_otype:arr_i:0_j:2,34.72847,0.0,hdslay1_t22,0,2,hdslay1,arr,,,,,,
oname:hdslay1_t22_otype:arr_i:0_j:3,34.70483,0.0,hdslay1_t22,0,3,hdslay1,arr,,,,,,
oname:hdslay1_t22_otype:arr_i:0_j:4,34.66592,0.0,hdslay1_t22,0,4,hdslay1,arr,,,,,,
oname:hdslay1_t22_otype:arr_i:0_j:5,34.60012,0.0,hdslay1_t22,0,5,hdslay1,arr,,,,,,
oname:hdslay1_t22_otype:arr_i:0_j:6,34.51988,0.0,hdslay1_t22,0,6,hdslay1,arr,,,,,,
oname:hdslay1_t22_otype:arr_i:0_j:7,34.44691,0.0,hdslay1_t22,0,7,hdslay1,arr,,,,,,
oname:hdslay1_t22_otype:arr_i:0_j:8,34.38477,0.0,hdslay1_t22,0,8,hdslay1,arr,,,,,,
oname:hdslay1_t22_otype:arr_i:0_j:9,34.33416,0.0,hdslay1_t22,0,9,hdslay1,arr,,,,,,
oname:hdslay1_t22_otype:arr_i:10_j:0,34.61472,0.0,hdslay1_t22,10,0,hdslay1,arr,,,,,,
oname:hdslay1_t22_otype:arr_i:10_j:1,34.61235,0.0,hdslay1_t22,10,1,hdslay1,arr,,,,,,
oname:hdslay1_t22_otype:arr_i:10_j:10,33.92416,0.0,hdslay1_t22,10,10,hdslay1,arr,,,,,,
oname:hdslay1_t22_otype:arr_i:10_j:11,33.86912,0.0,hdslay1_t22,10,11,hdslay1,arr,,,,,,
oname:hdslay1_t22_otype:arr_i:10_j:12,33.81868,0.0,hdslay1_t22,10,12,hdslay1,arr,,,,,,
oname:hdslay1_t22_otype:arr_i:10_j:13,33.7892,0.0,hdslay1_t22,10,13,hdslay1,arr,,,,,,
oname:hdslay1_t22_otype:arr_i:10_j:14,33.81229,0.0,hdslay1_t22,10,14,hdslay1,arr,,,,,,
oname:hdslay1_t22_otype:arr_i:10_j:15,33.82608,0.0,hdslay1_t22,10,15,hdslay1,arr,,,,,,
oname:hdslay1_t22_otype:arr_i:10_j:16,33.82235,0.0,hdslay1_t22,10,16,hdslay1,arr,,,,,,
oname:hdslay1_t22_otype:arr_i:10_j:17,33.83522,0.0,hdslay1_t22,10,17,hdslay1,arr,,,,,,
oname:hdslay1_t22_otype:arr_i:10_j:18,33.84468,0.0,hdslay1_t22,10,18,hdslay1,arr,,,,,,
oname:hdslay1_t22_otype:arr_i:10_j:19,33.84978,0.0,hdslay1_t22,10,19,hdslay1,arr,,,,,,
oname:hdslay1_t22_otype:arr_i:10_j:2,34.61095,0.0,hdslay1_t22,10,2,hdslay1,arr,,,,,,
oname:hdslay1_t22_otype:arr_i:10_j:3,34.60734,0.0,hdslay1_t22,10,3,hdslay1,arr,,,,,,
oname:hdslay1_t22_otype:arr_i:10_j:4,1e+30,0.0,hdslay1_t22,10,4,hdslay1,arr,,,,,,
oname:hdslay1_t22_otype:arr_i:10_j:5,1e+30,0.0,hdslay1_t22,10,5,hdslay1,arr,,,,,,
oname:hdslay1_t22_otype:arr_i:10_j:6,1e+30,0.0,hdslay1_t22,10,6,hdslay1,arr,,,,,,
oname:hdslay1_t22_otype:arr_i:10_j:7,1e+30,0.0,hdslay1_t22,10,7,hdslay1,arr,,,,,,
oname:hdslay1_t22_otype:arr_i:10_j:8,33.97018,0.0,hdslay1_t22,10,8,hdslay1,arr,,,,,,
oname:hdslay1_t22_otype:arr_i:10_j:9,33.95174,0.0,hdslay1_t22,10,9,hdslay1,arr,,,,,,
oname:hdslay1_t22_otype:arr_i:11_j:0,34.56571,0.0,hdslay1_t22,11,0,hdslay1,arr,,,,,,
oname:hdslay1_t22_otype:arr_i:11_j:1,34.56449,0.0,hdslay1_t22,11,1,hdslay1,arr,,,,,,
oname:hdslay1_t22_otype:arr_i:11_j:10,33.86368,0.0,hdslay1_t22,11,10,hdslay1,arr,,,,,,
oname:hdslay1_t22_otype:arr_i:11_j:11,33.82257,0.0,hdslay1_t22,11,11,hdslay1,arr,,,,,,
oname:hdslay1_t22_otype:arr_i:11_j:12,33.76962,0.0,hdslay1_t22,11,12,hdslay1,arr,,,,,,
oname:hdslay1_t22_otype:arr_i:11_j:13,33.68191,0.0,hdslay1_t22,11,13,hdslay1,arr,,,,,,
oname:hdslay1_t22_otype:arr_i:11_j:14,33.78003,0.0,hdslay1_t22,11,14,hdslay1,arr,,,,,,
oname:hdslay1_t22_otype:arr_i:11_j:15,33.81632,0.0,hdslay1_t22,11,15,hdslay1,arr,,,,,,
oname:hdslay1_t22_otype:arr_i:11_j:16,33.82247,0.0,hdslay1_t22,11,16,hdslay1,arr,,,,,,
oname:hdslay1_t22_otype:arr_i:11_j:17,33.83031,0.0,hdslay1_t22,11,17,hdslay1,arr,,,,,,
oname:hdslay1_t22_otype:arr_i:11_j:18,33.83692,0.0,hdslay1_t22,11,18,hdslay1,arr,,,,,,
oname:hdslay1_t22_otype:arr_i:11_j:19,33.84045,0.0,hdslay1_t22,11,19,hdslay1,arr,,,,,,
oname:hdslay1_t22_otype:arr_i:11_j:2,34.56369,0.0,hdslay1_t22,11,2,hdslay1,arr,,,,,,
oname:hdslay1_t22_otype:arr_i:11_j:3,34.56674,0.0,hdslay1_t22,11,3,hdslay1,arr,,,,,,
oname:hdslay1_t22_otype:arr_i:11_j:4,1e+30,0.0,hdslay1_t22,11,4,hdslay1,arr,,,,,,
oname:hdslay1_t22_otype:arr_i:11_j:5,1e+30,0.0,hdslay1_t22,11,5,hdslay1,arr,,,,,,
oname:hdslay1_t22_otype:arr_i:11_j:6,1e+30,0.0,hdslay1_t22,11,6,hdslay1,arr,,,,,,
oname:hdslay1_t22_otype:arr_i:11_j:7,1e+30,0.0,hdslay1_t22,11,7,hdslay1,arr,,,,,,
oname:hdslay1_t22_otype:arr_i:11_j:8,33.89916,0.0,hdslay1_t22,11,8,hdslay1,arr,,,,,,
oname:hdslay1_t22_otype:arr_i:11_j:9,33.88769,0.0,hdslay1_t22,11,9,hdslay1,arr,,,,,,
oname:hdslay1_t22_otype:arr_i:12_j:0,34.51392,0.0,hdslay1_t22,12,0,hdslay1,arr,,,,,,
oname:hdslay1_t22_otype:arr_i:12_j:1,34.51199,0.0,hdslay1_t22,12,1,hdslay1,arr,,,,,,
oname:hdslay1_t22_otype:arr_i:12_j:10,33.83014,0.0,hdslay1_t22,12,10,hdslay1,arr,,,,,,
oname:hdslay1_t22_otype:arr_i:12_j:11,33.80597,0.0,hdslay1_t22,12,11,hdslay1,arr,,,,,,
oname:hdslay1_t22_otype:arr_i:12_j:12,33.77573,0.0,hdslay1_t22,12,12,hdslay1,arr,,,,,,
oname:hdslay1_t22_otype:arr_i:12_j:13,33.75317,0.0,hdslay1_t22,12,13,hdslay1,arr,,,,,,
oname:hdslay1_t22_otype:arr_i:12_j:14,33.78639,0.0,hdslay1_t22,12,14,hdslay1,arr,,,,,,
oname:hdslay1_t22_otype:arr_i:12_j:15,33.8144,0.0,hdslay1_t22,12,15,hdslay1,arr,,,,,,
oname:hdslay1_t22_otype:arr_i:12_j:16,33.81989,0.0,hdslay1_t22,12,16,hdslay1,arr,,,,,,
oname:hdslay1_t22_otype:arr_i:12_j:17,33.82535,0.0,hdslay1_t22,12,17,hdslay1,arr,,,,,,
oname:hdslay1_t22_otype:arr_i:12_j:18,33.83021,0.0,hdslay1_t22,12,18,hdslay1,arr,,,,,,
oname:hdslay1_t22_otype:arr_i:12_j:19,33.83298,0.0,hdslay1_t22,12,19,hdslay1,arr,,,,,,
oname:hdslay1_t22_otype:arr_i:12_j:2,34.51406,0.0,hdslay1_t22,12,2,hdslay1,arr,,,,,,
oname:hdslay1_t22_otype:arr_i:12_j:3,34.51636,0.0,hdslay1_t22,12,3,hdslay1,arr,,,,,,
oname:hdslay1_t22_otype:arr_i:12_j:4,1e+30,0.0,hdslay1_t22,12,4,hdslay1,arr,,,,,,
oname:hdslay1_t22_otype:arr_i:12_j:5,1e+30,0.0,hdslay1_t22,12,5,hdslay1,arr,,,,,,
oname:hdslay1_t22_otype:arr_i:12_j:6,1e+30,0.0,hdslay1_t22,12,6,hdslay1,arr,,,,,,
oname:hdslay1_t22_otype:arr_i:12_j:7,1e+30,0.0,hdslay1_t22,12,7,hdslay1,arr,,,,,,
oname:hdslay1_t22_otype:arr_i:12_j:8,33.85509,0.0,hdslay1_t22,12,8,hdslay1,arr,,,,,,
oname:hdslay1_t22_otype:arr_i:12_j:9,33.84405,0.0,hdslay1_t22,12,9,hdslay1,arr,,,,,,
oname:hdslay1_t22_otype:arr_i:13_j:0,34.4555,0.0,hdslay1_t22,13,0,hdslay1,arr,,,,,,
oname:hdslay1_t22_otype:arr_i:13_j:1,34.45976,0.0,hdslay1_t22,13,1,hdslay1,arr,,,,,,
oname:hdslay1_t22_otype:arr_i:13_j:10,33.80739,0.0,hdslay1_t22,13,10,hdslay1,arr,,,,,,
oname:hdslay1_t22_otype:arr_i:13_j:11,33.79459,0.0,hdslay1_t22,13,11,hdslay1,arr,,,,,,
oname:hdslay1_t22_otype:arr_i:13_j:12,33.77818,0.0,hdslay1_t22,13,12,hdslay1,arr,,,,,,
oname:hdslay1_t22_otype:arr_i:13_j:13,33.77311,0.0,hdslay1_t22,13,13,hdslay1,arr,,,,,,
oname:hdslay1_t22_otype:arr_i:13_j:14,33.79096,0.0,hdslay1_t22,13,14,hdslay1,arr,,,,,,
oname:hdslay1_t22_otype:arr_i:13_j:15,33.81275,0.0,hdslay1_t22,13,15,hdslay1,arr,,,,,,
oname:hdslay1_t22_otype:arr_i:13_j:16,33.81486,0.0,hdslay1_t22,13,16,hdslay1,arr,,,,,,
oname:hdslay1_t22_otype:arr_i:13_j:17,33.819,0.0,hdslay1_t22,13,17,hdslay1,arr,,,,,,
oname:hdslay1_t22_otype:arr_i:13_j:18,33.82256,0.0,hdslay1_t22,13,18,hdslay1,arr,,,,,,
oname:hdslay1_t22_otype:arr_i:13_j:19,33.82549,0.0,hdslay1_t22,13,19,hdslay1,arr,,,,,,
oname:hdslay1_t22_otype:arr_i:13_j:2,34.46303,0.0,hdslay1_t22,13,2,hdslay1,arr,,,,,,
oname:hdslay1_t22_otype:arr_i:13_j:3,34.46241,0.0,hdslay1_t22,13,3,hdslay1,arr,,,,,,
oname:hdslay1_t22_otype:arr_i:13_j:4,1e+30,0.0,hdslay1_t22,13,4,hdslay1,arr,,,,,,
oname:hdslay1_t22_otype:arr_i:13_j:5,1e+30,0.0,hdslay1_t22,13,5,hdslay1,arr,,,,,,
oname:hdslay1_t22_otype:arr_i:13_j:6,1e+30,0.0,hdslay1_t22,13,6,hdslay1,arr,,,,,,
oname:hdslay1_t22_otype:arr_i:13_j:7,1e+30,0.0,hdslay1_t22,13,7,hdslay1,arr,,,,,,
oname:hdslay1_t22_otype:arr_i:13_j:8,33.8162,0.0,hdslay1_t22,13,8,hdslay1,arr,,,,,,
oname:hdslay1_t22_otype:arr_i:13_j:9,33.81078,0.0,hdslay1_t22,13,9,hdslay1,arr,,,,,,
oname:hdslay1_t22_otype:arr_i:14_j:0,34.37945,0.0,hdslay1_t22,14,0,hdslay1,arr,,,,,,
oname:hdslay1_t22_otype:arr_i:14_j:1,34.39012,0.0,hdslay1_t22,14,1,hdslay1,arr,,,,,,
oname:hdslay1_t22_otype:arr_i:14_j:10,33.78194,0.0,hdslay1_t22,14,10,hdslay1,arr,,,,,,
oname:hdslay1_t22_otype:arr_i:14_j:11,33.77263,0.0,hdslay1_t22,14,11,hdslay1,arr,,,,,,
oname:hdslay1_t22_otype:arr_i:14_j:12,33.76671,0.0,hdslay1_t22,14,12,hdslay1,arr,,,,,,
oname:hdslay1_t22_otype:arr_i:14_j:13,33.76954,0.0,hdslay1_t22,14,13,hdslay1,arr,,,,,,
oname:hdslay1_t22_otype:arr_i:14_j:14,33.78427,0.0,hdslay1_t22,14,14,hdslay1,arr,,,,,,
oname:hdslay1_t22_otype:arr_i:14_j:15,33.80384,0.0,hdslay1_t22,14,15,hdslay1,arr,,,,,,
oname:hdslay1_t22_otype:arr_i:14_j:16,33.80713,0.0,hdslay1_t22,14,16,hdslay1,arr,,,,,,
oname:hdslay1_t22_otype:arr_i:14_j:17,33.81001,0.0,hdslay1_t22,14,17,hdslay1,arr,,,,,,
oname:hdslay1_t22_otype:arr_i:14_j:18,33.81288,0.0,hdslay1_t22,14,18,hdslay1,arr,,,,,,
oname:hdslay1_t22_otype:arr_i:14_j:19,33.81538,0.0,hdslay1_t22,14,19,hdslay1,arr,,,,,,
oname:hdslay1_t22_otype:arr_i:14_j:2,34.39197,0.0,hdslay1_t22,14,2,hdslay1,arr,,,,,,
oname:hdslay1_t22_otype:arr_i:14_j:3,34.39269,0.0,hdslay1_t22,14,3,hdslay1,arr,,,,,,
oname:hdslay1_t22_otype:arr_i:14_j:4,1e+30,0.0,hdslay1_t22,14,4,hdslay1,arr,,,,,,
oname:hdslay1_t22_otype:arr_i:14_j:5,1e+30,0.0,hdslay1_t22,14,5,hdslay1,arr,,,,,,
oname:hdslay1_t22_otype:arr_i:14_j:6,1e+30,0.0,hdslay1_t22,14,6,hdslay1,arr,,,,,,
oname:hdslay1_t22_otype:arr_i:14_j:7,1e+30,0.0,hdslay1_t22,14,7,hdslay1,arr,,,,,,
oname:hdslay1_t22_otype:arr_i:14_j:8,33.78127,0.0,hdslay1_t22,14,8,hdslay1,arr,,,,,,
oname:hdslay1_t22_otype:arr_i:14_j:9,33.78296,0.0,hdslay1_t22,14,9,hdslay1,arr,,,,,,
oname:hdslay1_t22_otype:arr_i:15_j:0,34.30818,0.0,hdslay1_t22,15,0,hdslay1,arr,,,,,,
oname:hdslay1_t22_otype:arr_i:15_j:1,34.31516,0.0,hdslay1_t22,15,1,hdslay1,arr,,,,,,
oname:hdslay1_t22_otype:arr_i:15_j:10,33.74554,0.0,hdslay1_t22,15,10,hdslay1,arr,,,,,,
oname:hdslay1_t22_otype:arr_i:15_j:11,33.73993,0.0,hdslay1_t22,15,11,hdslay1,arr,,,,,,
oname:hdslay1_t22_otype:arr_i:15_j:12,33.74314,0.0,hdslay1_t22,15,12,hdslay1,arr,,,,,,
oname:hdslay1_t22_otype:arr_i:15_j:13,33.75012,0.0,hdslay1_t22,15,13,hdslay1,arr,,,,,,
oname:hdslay1_t22_otype:arr_i:15_j:14,33.76792,0.0,hdslay1_t22,15,14,hdslay1,arr,,,,,,
oname:hdslay1_t22_otype:arr_i:15_j:15,33.78963,0.0,hdslay1_t22,15,15,hdslay1,arr,,,,,,
oname:hdslay1_t22_otype:arr_i:15_j:16,33.79417,0.0,hdslay1_t22,15,16,hdslay1,arr,,,,,,
oname:hdslay1_t22_otype:arr_i:15_j:17,33.79798,0.0,hdslay1_t22,15,17,hdslay1,arr,,,,,,
oname:hdslay1_t22_otype:arr_i:15_j:18,33.8005,0.0,hdslay1_t22,15,18,hdslay1,arr,,,,,,
oname:hdslay1_t22_otype:arr_i:15_j:19,33.80164,0.0,hdslay1_t22,15,19,hdslay1,arr,,,,,,
oname:hdslay1_t22_otype:arr_i:15_j:2,34.30848,0.0,hdslay1_t22,15,2,hdslay1,arr,,,,,,
oname:hdslay1_t22_otype:arr_i:15_j:3,34.30334,0.0,hdslay1_t22,15,3,hdslay1,arr,,,,,,
oname:hdslay1_t22_otype:arr_i:15_j:4,1e+30,0.0,hdslay1_t22,15,4,hdslay1,arr,,,,,,
oname:hdslay1_t22_otype:arr_i:15_j:5,1e+30,0.0,hdslay1_t22,15,5,hdslay1,arr,,,,,,
oname:hdslay1_t22_otype:arr_i:15_j:6,1e+30,0.0,hdslay1_t22,15,6,hdslay1,arr,,,,,,
oname:hdslay1_t22_otype:arr_i:15_j:7,1e+30,0.0,hdslay1_t22,15,7,hdslay1,arr,,,,,,
oname:hdslay1_t22_otype:arr_i:15_j:8,33.74645,0.0,hdslay1_t22,15,8,hdslay1,arr,,,,,,
oname:hdslay1_t22_otype:arr_i:15_j:9,33.74609,0.0,hdslay1_t22,15,9,hdslay1,arr,,,,,,
oname:hdslay1_t22_otype:arr_i:16_j:0,34.23847,0.0,hdslay1_t22,16,0,hdslay1,arr,,,,,,
oname:hdslay1_t22_otype:arr_i:16_j:1,34.22998,0.0,hdslay1_t22,16,1,hdslay1,arr,,,,,,
oname:hdslay1_t22_otype:arr_i:16_j:10,33.69305,0.0,hdslay1_t22,16,10,hdslay1,arr,,,,,,
oname:hdslay1_t22_otype:arr_i:16_j:11,33.69392,0.0,hdslay1_t22,16,11,hdslay1,arr,,,,,,
oname:hdslay1_t22_otype:arr_i:16_j:12,33.70255,0.0,hdslay1_t22,16,12,hdslay1,arr,,,,,,
oname:hdslay1_t22_otype:arr_i:16_j:13,33.71754,0.0,hdslay1_t22,16,13,hdslay1,arr,,,,,,
oname:hdslay1_t22_otype:arr_i:16_j:14,33.73738,0.0,hdslay1_t22,16,14,hdslay1,arr,,,,,,
oname:hdslay1_t22_otype:arr_i:16_j:15,33.76521,0.0,hdslay1_t22,16,15,hdslay1,arr,,,,,,
oname:hdslay1_t22_otype:arr_i:16_j:16,33.77038,0.0,hdslay1_t22,16,16,hdslay1,arr,,,,,,
oname:hdslay1_t22_otype:arr_i:16_j:17,33.77451,0.0,hdslay1_t22,16,17,hdslay1,arr,,,,,,
oname:hdslay1_t22_otype:arr_i:16_j:18,33.77863,0.0,hdslay1_t22,16,18,hdslay1,arr,,,,,,
oname:hdslay1_t22_otype:arr_i:16_j:19,33.78165,0.0,hdslay1_t22,16,19,hdslay1,arr,,,,,,
oname:hdslay1_t22_otype:arr_i:16_j:2,34.21859,0.0,hdslay1_t22,16,2,hdslay1,arr,,,,,,
oname:hdslay1_t22_otype:arr_i:16_j:3,34.21815,0.0,hdslay1_t22,16,3,hdslay1,arr,,,,,,
oname:hdslay1_t22_otype:arr_i:16_j:4,1e+30,0.0,hdslay1_t22,16,4,hdslay1,arr,,,,,,
oname:hdslay1_t22_otype:arr_i:16_j:5,1e+30,0.0,hdslay1_t22,16,5,hdslay1,arr,,,,,,
oname:hdslay1_t22_otype:arr_i:16_j:6,1e+30,0.0,hdslay1_t22,16,6,hdslay1,arr,,,,,,
oname:hdslay1_t22_otype:arr_i:16_j:7,1e+30,0.0,hdslay1_t22,16,7,hdslay1,arr,,,,,,
oname:hdslay1_t22_otype:arr_i:16_j:8,33.69662,0.0,hdslay1_t22,16,8,hdslay1,arr,,,,,,
oname:hdslay1_t22_otype:arr_i:16_j:9,33.69727,0.0,hdslay1_t22,16,9,hdslay1,arr,,,,,,
oname:hdslay1_t22_otype:arr_i:17_j:0,34.14902,0.0,hdslay1_t22,17,0,hdslay1,arr,,,,,,
oname:hdslay1_t22_otype:arr_i:17_j:1,34.14111,0.0,hdslay1_t22,17,1,hdslay1,arr,,,,,,
oname:hdslay1_t22_otype:arr_i:17_j:10,33.63495,0.0,hdslay1_t22,17,10,hdslay1,arr,,,,,,
oname:hdslay1_t22_otype:arr_i:17_j:11,33.63745,0.0,hdslay1_t22,17,11,hdslay1,arr,,,,,,
oname:hdslay1_t22_otype:arr_i:17_j:12,33.64134,0.0,hdslay1_t22,17,12,hdslay1,arr,,,,,,
oname:hdslay1_t22_otype:arr_i:17_j:13,33.66185,0.0,hdslay1_t22,17,13,hdslay1,arr,,,,,,
oname:hdslay1_t22_otype:arr_i:17_j:14,33.6855,0.0,hdslay1_t22,17,14,hdslay1,arr,,,,,,
oname:hdslay1_t22_otype:arr_i:17_j:15,33.72926,0.0,hdslay1_t22,17,15,hdslay1,arr,,,,,,
oname:hdslay1_t22_otype:arr_i:17_j:16,33.73507,0.0,hdslay1_t22,17,16,hdslay1,arr,,,,,,
oname:hdslay1_t22_otype:arr_i:17_j:17,33.74179,0.0,hdslay1_t22,17,17,hdslay1,arr,,,,,,
oname:hdslay1_t22_otype:arr_i:17_j:18,33.75003,0.0,hdslay1_t22,17,18,hdslay1,arr,,,,,,
oname:hdslay1_t22_otype:arr_i:17_j:19,33.75289,0.0,hdslay1_t22,17,19,hdslay1,arr,,,,,,
oname:hdslay1_t22_otype:arr_i:17_j:2,34.14419,0.0,hdslay1_t22,17,2,hdslay1,arr,,,,,,
oname:hdslay1_t22_otype:arr_i:17_j:3,34.15505,0.0,hdslay1_t22,17,3,hdslay1,arr,,,,,,
oname:hdslay1_t22_otype:arr_i:17_j:4,1e+30,0.0,hdslay1_t22,17,4,hdslay1,arr,,,,,,
oname:hdslay1_t22_otype:arr_i:17_j:5,1e+30,0.0,hdslay1_t22,17,5,hdslay1,arr,,,,,,
oname:hdslay1_t22_otype:arr_i:17_j:6,1e+30,0.0,hdslay1_t22,17,6,hdslay1,arr,,,,,,
oname:hdslay1_t22_otype:arr_i:17_j:7,1e+30,0.0,hdslay1_t22,17,7,hdslay1,arr,,,,,,
oname:hdslay1_t22_otype:arr_i:17_j:8,33.64136,0.0,hdslay1_t22,17,8,hdslay1,arr,,,,,,
oname:hdslay1_t22_otype:arr_i:17_j:9,33.64026,0.0,hdslay1_t22,17,9,hdslay1,arr,,,,,,
oname:hdslay1_t22_otype:arr_i:18_j:0,34.04933,0.0,hdslay1_t22,18,0,hdslay1,arr,,,,,,
oname:hdslay1_t22_otype:arr_i:18_j:1,34.0518,0.0,hdslay1_t22,18,1,hdslay1,arr,,,,,,
oname:hdslay1_t22_otype:arr_i:18_j:10,33.58585,0.0,hdslay1_t22,18,10,hdslay1,arr,,,,,,
oname:hdslay1_t22_otype:arr_i:18_j:11,33.58202,0.0,hdslay1_t22,18,11,hdslay1,arr,,,,,,
oname:hdslay1_t22_otype:arr_i:18_j:12,33.5813,0.0,hdslay1_t22,18,12,hdslay1,arr,,,,,,
oname:hdslay1_t22_otype:arr_i:18_j:13,33.58962,0.0,hdslay1_t22,18,13,hdslay1,arr,,,,,,
oname:hdslay1_t22_otype:arr_i:18_j:14,33.60933,0.0,hdslay1_t22,18,14,hdslay1,arr,,,,,,
oname:hdslay1_t22_otype:arr_i:18_j:15,33.68328,0.0,hdslay1_t22,18,15,hdslay1,arr,,,,,,
oname:hdslay1_t22_otype:arr_i:18_j:16,33.69332,0.0,hdslay1_t22,18,16,hdslay1,arr,,,,,,
oname:hdslay1_t22_otype:arr_i:18_j:17,33.7061,0.0,hdslay1_t22,18,17,hdslay1,arr,,,,,,
oname:hdslay1_t22_otype:arr_i:18_j:18,33.71833,0.0,hdslay1_t22,18,18,hdslay1,arr,,,,,,
oname:hdslay1_t22_otype:arr_i:18_j:19,33.72282,0.0,hdslay1_t22,18,19,hdslay1,arr,,,,,,
oname:hdslay1_t22_otype:arr_i:18_j:2,34.06339,0.0,hdslay1_t22,18,2,hdslay1,arr,,,,,,
oname:hdslay1_t22_otype:arr_i:18_j:3,34.08171,0.0,hdslay1_t22,18,3,hdslay1,arr,,,,,,
oname:hdslay1_t22_otype:arr_i:18_j:4,1e+30,0.0,hdslay1_t22,18,4,hdslay1,arr,,,,,,
oname:hdslay1_t22_otype:arr_i:18_j:5,1e+30,0.0,hdslay1_t22,18,5,hdslay1,arr,,,,,,
oname:hdslay1_t22_otype:arr_i:18_j:6,1e+30,0.0,hdslay1_t22,18,6,hdslay1,arr,,,,,,
oname:hdslay1_t22_otype:arr_i:18_j:7,1e+30,0.0,hdslay1_t22,18,7,hdslay1,arr,,,,,,
oname:hdslay1_t22_otype:arr_i:18_j:8,33.59172,0.0,hdslay1_t22,18,8,hdslay1,arr,,,,,,
oname:hdslay1_t22_otype:arr_i:18_j:9,33.58813,0.0,hdslay1_t22,18,9,hdslay1,arr,,,,,,
oname:hdslay1_t22_otype:arr_i:19_j:0,33.95194,0.0,hdslay1_t22,19,0,hdslay1,arr,,,,,,
oname:hdslay1_t22_otype:arr_i:19_j:1,33.95192,0.0,hdslay1_t22,19,1,hdslay1,arr,,,,,,
oname:hdslay1_t22_otype:arr_i:19_j:10,33.54421,0.0,hdslay1_t22,19,10,hdslay1,arr,,,,,,
oname:hdslay1_t22_otype:arr_i:19_j:11,33.53515,0.0,hdslay1_t22,19,11,hdslay1,arr,,,,,,
oname:hdslay1_t22_otype:arr_i:19_j:12,33.53009,0.0,hdslay1_t22,19,12,hdslay1,arr,,,,,,
oname:hdslay1_t22_otype:arr_i:19_j:13,33.51505,0.0,hdslay1_t22,19,13,hdslay1,arr,,,,,,
oname:hdslay1_t22_otype:arr_i:19_j:14,33.49702,0.0,hdslay1_t22,19,14,hdslay1,arr,,,,,,
oname:hdslay1_t22_otype:arr_i:19_j:15,33.62631,0.0,hdslay1_t22,19,15,hdslay1,arr,,,,,,
oname:hdslay1_t22_otype:arr_i:19_j:16,33.6523,0.0,hdslay1_t22,19,16,hdslay1,arr,,,,,,
oname:hdslay1_t22_otype:arr_i:19_j:17,33.66749,0.0,hdslay1_t22,19,17,hdslay1,arr,,,,,,
oname:hdslay1_t22_otype:arr_i:19_j:18,33.67858,0.0,hdslay1_t22,19,18,hdslay1,arr,,,,,,
oname:hdslay1_t22_otype:arr_i:19_j:19,33.68792,0.0,hdslay1_t22,19,19,hdslay1,arr,,,,,,
oname:hdslay1_t22_otype:arr_i:19_j:2,33.96219,0.0,hdslay1_t22,19,2,hdslay1,arr,,,,,,
oname:hdslay1_t22_otype:arr_i:19_j:3,33.98003,0.0,hdslay1_t22,19,3,hdslay1,arr,,,,,,
oname:hdslay1_t22_otype:arr_i:19_j:4,1e+30,0.0,hdslay1_t22,19,4,hdslay1,arr,,,,,,
oname:hdslay1_t22_otype:arr_i:19_j:5,1e+30,0.0,hdslay1_t22,19,5,hdslay1,arr,,,,,,
oname:hdslay1_t22_otype:arr_i:19_j:6,1e+30,0.0,hdslay1_t22,19,6,hdslay1,arr,,,,,,
oname:hdslay1_t22_otype:arr_i:19_j:7,1e+30,0.0,hdslay1_t22,19,7,hdslay1,arr,,,,,,
oname:hdslay1_t22_otype:arr_i:19_j:8,33.5504,0.0,hdslay1_t22,19,8,hdslay1,arr,,,,,,
oname:hdslay1_t22_otype:arr_i:19_j:9,33.54767,0.0,hdslay1_t22,19,9,hdslay1,arr,,,,,,
oname:hdslay1_t22_otype:arr_i:1_j:0,34.7543,0.0,hdslay1_t22,1,0,hdslay1,arr,,,,,,
oname:hdslay1_t22_otype:arr_i:1_j:1,34.74434,0.0,hdslay1_t22,1,1,hdslay1,arr,,,,,,
oname:hdslay1_t22_otype:arr_i:1_j:10,34.28901,0.0,hdslay1_t22,1,10,hdslay1,arr,,,,,,
oname:hdslay1_t22_otype:arr_i:1_j:11,34.2532,0.0,hdslay1_t22,1,11,hdslay1,arr,,,,,,
oname:hdslay1_t22_otype:arr_i:1_j:12,34.22347,0.0,hdslay1_t22,1,12,hdslay1,arr,,,,,,
oname:hdslay1_t22_otype:arr_i:1_j:13,34.19644,0.0,hdslay1_t22,1,13,hdslay1,arr,,,,,,
oname:hdslay1_t22_otype:arr_i:1_j:14,34.16805,0.0,hdslay1_t22,1,14,hdslay1,arr,,,,,,
oname:hdslay1_t22_otype:arr_i:1_j:15,34.13903,0.0,hdslay1_t22,1,15,hdslay1,arr,,,,,,
oname:hdslay1_t22_otype:arr_i:1_j:16,34.12948,0.0,hdslay1_t22,1,16,hdslay1,arr,,,,,,
oname:hdslay1_t22_otype:arr_i:1_j:17,34.12003,0.0,hdslay1_t22,1,17,hdslay1,arr,,,,,,
oname:hdslay1_t22_otype:arr_i:1_j:18,34.11176,0.0,hdslay1_t22,1,18,hdslay1,arr,,,,,,
oname:hdslay1_t22_otype:arr_i:1_j:19,34.10732,0.0,hdslay1_t22,1,19,hdslay1,arr,,,,,,
oname:hdslay1_t22_otype:arr_i:1_j:2,34.72618,0.0,hdslay1_t22,1,2,hdslay1,arr,,,,,,
oname:hdslay1_t22_otype:arr_i:1_j:3,34.70039,0.0,hdslay1_t22,1,3,hdslay1,arr,,,,,,
oname:hdslay1_t22_otype:arr_i:1_j:4,34.66164,0.0,hdslay1_t22,1,4,hdslay1,arr,,,,,,
oname:hdslay1_t22_otype:arr_i:1_j:5,34.60669,0.0,hdslay1_t22,1,5,hdslay1,arr,,,,,,
oname:hdslay1_t22_otype:arr_i:1_j:6,34.53345,0.0,hdslay1_t22,1,6,hdslay1,arr,,,,,,
oname:hdslay1_t22_otype:arr_i:1_j:7,34.44853,0.0,hdslay1_t22,1,7,hdslay1,arr,,,,,,
oname:hdslay1_t22_otype:arr_i:1_j:8,34.37987,0.0,hdslay1_t22,1,8,hdslay1,arr,,,,,,
oname:hdslay1_t22_otype:arr_i:1_j:9,34.32931,0.0,hdslay1_t22,1,9,hdslay1,arr,,,,,,
oname:hdslay1_t22_otype:arr_i:20_j:0,33.86082,0.0,hdslay1_t22,20,0,hdslay1,arr,,,,,,
oname:hdslay1_t22_otype:arr_i:20_j:1,33.86398,0.0,hdslay1_t22,20,1,hdslay1,arr,,,,,,
oname:hdslay1_t22_otype:arr_i:20_j:10,33.51511,0.0,hdslay1_t22,20,10,hdslay1,arr,,,,,,
oname:hdslay1_t22_otype:arr_i:20_j:11,33.51035,0.0,hdslay1_t22,20,11,hdslay1,arr,,,,,,
oname:hdslay1_t22_otype:arr_i:20_j:12,33.49984,0.0,hdslay1_t22,20,12,hdslay1,arr,,,,,,
oname:hdslay1_t22_otype:arr_i:20_j:13,33.44942,0.0,hdslay1_t22,20,13,hdslay1,arr,,,,,,
oname:hdslay1_t22_otype:arr_i:20_j:14,33.26819,0.0,hdslay1_t22,20,14,hdslay1,arr,,,,,,
oname:hdslay1_t22_otype:arr_i:20_j:15,33.53876,0.0,hdslay1_t22,20,15,hdslay1,arr,,,,,,
oname:hdslay1_t22_otype:arr_i:20_j:16,33.61139,0.0,hdslay1_t22,20,16,hdslay1,arr,,,,,,
oname:hdslay1_t22_otype:arr_i:20_j:17,33.63797,0.0,hdslay1_t22,20,17,hdslay1,arr,,,,,,
oname:hdslay1_t22_otype:arr_i:20_j:18,33.64767,0.0,hdslay1_t22,20,18,hdslay1,arr,,,,,,
oname:hdslay1_t22_otype:arr_i:20_j:19,33.65524,0.0,hdslay1_t22,20,19,hdslay1,arr,,,,,,
oname:hdslay1_t22_otype:arr_i:20_j:2,33.86165,0.0,hdslay1_t22,20,2,hdslay1,arr,,,,,,
oname:hdslay1_t22_otype:arr_i:20_j:3,33.85834,0.0,hdslay1_t22,20,3,hdslay1,arr,,,,,,
oname:hdslay1_t22_otype:arr_i:20_j:4,1e+30,0.0,hdslay1_t22,20,4,hdslay1,arr,,,,,,
oname:hdslay1_t22_otype:arr_i:20_j:5,1e+30,0.0,hdslay1_t22,20,5,hdslay1,arr,,,,,,
oname:hdslay1_t22_otype:arr_i:20_j:6,1e+30,0.0,hdslay1_t22,20,6,hdslay1,arr,,,,,,
oname:hdslay1_t22_otype:arr_i:20_j:7,1e+30,0.0,hdslay1_t22,20,7,hdslay1,arr,,,,,,
oname:hdslay1_t22_otype:arr_i:20_j:8,33.51695,0.0,hdslay1_t22,20,8,hdslay1,arr,,,,,,
oname:hdslay1_t22_otype:arr_i:20_j:9,33.51794,0.0,hdslay1_t22,20,9,hdslay1,arr,,,,,,
oname:hdslay1_t22_otype:arr_i:21_j:0,33.77804,0.0,hdslay1_t22,21,0,hdslay1,arr,,,,,,
oname:hdslay1_t22_otype:arr_i:21_j:1,33.78117,0.0,hdslay1_t22,21,1,hdslay1,arr,,,,,,
oname:hdslay1_t22_otype:arr_i:21_j:10,33.49736,0.0,hdslay1_t22,21,10,hdslay1,arr,,,,,,
oname:hdslay1_t22_otype:arr_i:21_j:11,33.49937,0.0,hdslay1_t22,21,11,hdslay1,arr,,,,,,
oname:hdslay1_t22_otype:arr_i:21_j:12,33.49527,0.0,hdslay1_t22,21,12,hdslay1,arr,,,,,,
oname:hdslay1_t22_otype:arr_i:21_j:13,33.48033,0.0,hdslay1_t22,21,13,hdslay1,arr,,,,,,
oname:hdslay1_t22_otype:arr_i:21_j:14,33.46591,0.0,hdslay1_t22,21,14,hdslay1,arr,,,,,,
oname:hdslay1_t22_otype:arr_i:21_j:15,33.56003,0.0,hdslay1_t22,21,15,hdslay1,arr,,,,,,
oname:hdslay1_t22_otype:arr_i:21_j:16,33.59535,0.0,hdslay1_t22,21,16,hdslay1,arr,,,,,,
oname:hdslay1_t22_otype:arr_i:21_j:17,33.62022,0.0,hdslay1_t22,21,17,hdslay1,arr,,,,,,
oname:hdslay1_t22_otype:arr_i:21_j:18,33.63143,0.0,hdslay1_t22,21,18,hdslay1,arr,,,,,,
oname:hdslay1_t22_otype:arr_i:21_j:19,33.63555,0.0,hdslay1_t22,21,19,hdslay1,arr,,,,,,
oname:hdslay1_t22_otype:arr_i:21_j:2,33.76664,0.0,hdslay1_t22,21,2,hdslay1,arr,,,,,,
oname:hdslay1_t22_otype:arr_i:21_j:3,33.73907,0.0,hdslay1_t22,21,3,hdslay1,arr,,,,,,
oname:hdslay1_t22_otype:arr_i:21_j:4,1e+30,0.0,hdslay1_t22,21,4,hdslay1,arr,,,,,,
oname:hdslay1_t22_otype:arr_i:21_j:5,1e+30,0.0,hdslay1_t22,21,5,hdslay1,arr,,,,,,
oname:hdslay1_t22_otype:arr_i:21_j:6,33.44769,0.0,hdslay1_t22,21,6,hdslay1,arr,,,,,,
oname:hdslay1_t22_otype:arr_i:21_j:7,33.46235,0.0,hdslay1_t22,21,7,hdslay1,arr,,,,,,
oname:hdslay1_t22_otype:arr_i:21_j:8,33.48516,0.0,hdslay1_t22,21,8,hdslay1,arr,,,,,,
oname:hdslay1_t22_otype:arr_i:21_j:9,33.49491,0.0,hdslay1_t22,21,9,hdslay1,arr,,,,,,
oname:hdslay1_t22_otype:arr_i:22_j:0,33.69535,0.0,hdslay1_t22,22,0,hdslay1,arr,,,,,,
oname:hdslay1_t22_otype:arr_i:22_j:1,33.67947,0.0,hdslay1_t22,22,1,hdslay1,arr,,,,,,
oname:hdslay1_t22_otype:arr_i:22_j:10,33.48212,0.0,hdslay1_t22,22,10,hdslay1,arr,,,,,,
oname:hdslay1_t22_otype:arr_i:22_j:11,33.48921,0.0,hdslay1_t22,22,11,hdslay1,arr,,,,,,
oname:hdslay1_t22_otype:arr_i:22_j:12,33.4948,0.0,hdslay1_t22,22,12,hdslay1,arr,,,,,,
oname:hdslay1_t22_otype:arr_i:22_j:13,33.50387,0.0,hdslay1_t22,22,13,hdslay1,arr,,,,,,
oname:hdslay1_t22_otype:arr_i:22_j:14,33.52328,0.0,hdslay1_t22,22,14,hdslay1,arr,,,,,,
oname:hdslay1_t22_otype:arr_i:22_j:15,33.57223,0.0,hdslay1_t22,22,15,hdslay1,arr,,,,,,
oname:hdslay1_t22_otype:arr_i:22_j:16,33.59111,0.0,hdslay1_t22,22,16,hdslay1,arr,,,,,,
oname:hdslay1_t22_otype:arr_i:22_j:17,33.6071,0.0,hdslay1_t22,22,17,hdslay1,arr,,,,,,
oname:hdslay1_t22_otype:arr_i:22_j:18,33.61671,0.0,hdslay1_t22,22,18,hdslay1,arr,,,,,,
oname:hdslay1_t22_otype:arr_i:22_j:19,33.62065,0.0,hdslay1_t22,22,19,hdslay1,arr,,,,,,
oname:hdslay1_t22_otype:arr_i:22_j:2,33.65777,0.0,hdslay1_t22,22,2,hdslay1,arr,,,,,,
oname:hdslay1_t22_otype:arr_i:22_j:3,33.59239,0.0,hdslay1_t22,22,3,hdslay1,arr,,,,,,
oname:hdslay1_t22_otype:arr_i:22_j:4,33.47892,0.0,hdslay1_t22,22,4,hdslay1,arr,,,,,,
oname:hdslay1_t22_otype:arr_i:22_j:5,1e+30,0.0,hdslay1_t22,22,5,hdslay1,arr,,,,,,
oname:hdslay1_t22_otype:arr_i:22_j:6,33.431,0.0,hdslay1_t22,22,6,hdslay1,arr,,,,,,
oname:hdslay1_t22_otype:arr_i:22_j:7,33.44504,0.0,hdslay1_t22,22,7,hdslay1,arr,,,,,,
oname:hdslay1_t22_otype:arr_i:22_j:8,33.46236,0.0,hdslay1_t22,22,8,hdslay1,arr,,,,,,
oname:hdslay1_t22_otype:arr_i:22_j:9,33.47507,0.0,hdslay1_t22,22,9,hdslay1,arr,,,,,,
oname:hdslay1_t22_otype:arr_i:23_j:0,33.60234,0.0,hdslay1_t22,23,0,hdslay1,arr,,,,,,
oname:hdslay1_t22_otype:arr_i:23_j:1,33.58049,0.0,hdslay1_t22,23,1,hdslay1,arr,,,,,,
oname:hdslay1_t22_otype:arr_i:23_j:10,33.46052,0.0,hdslay1_t22,23,10,hdslay1,arr,,,,,,
oname:hdslay1_t22_otype:arr_i:23_j:11,33.4739,0.0,hdslay1_t22,23,11,hdslay1,arr,,,,,,
oname:hdslay1_t22_otype:arr_i:23_j:12,33.49112,0.0,hdslay1_t22,23,12,hdslay1,arr,,,,,,
oname:hdslay1_t22_otype:arr_i:23_j:13,33.51494,0.0,hdslay1_t22,23,13,hdslay1,arr,,,,,,
oname:hdslay1_t22_otype:arr_i:23_j:14,33.54506,0.0,hdslay1_t22,23,14,hdslay1,arr,,,,,,
oname:hdslay1_t22_otype:arr_i:23_j:15,33.58769,0.0,hdslay1_t22,23,15,hdslay1,arr,,,,,,
oname:hdslay1_t22_otype:arr_i:23_j:16,33.59303,0.0,hdslay1_t22,23,16,hdslay1,arr,,,,,,
oname:hdslay1_t22_otype:arr_i:23_j:17,33.60056,0.0,hdslay1_t22,23,17,hdslay1,arr,,,,,,
oname:hdslay1_t22_otype:arr_i:23_j:18,33.60632,0.0,hdslay1_t22,23,18,hdslay1,arr,,,,,,
oname:hdslay1_t22_otype:arr_i:23_j:19,33.60826,0.0,hdslay1_t22,23,19,hdslay1,arr,,,,,,
oname:hdslay1_t22_otype:arr_i:23_j:2,33.54446,0.0,hdslay1_t22,23,2,hdslay1,arr,,,,,,
oname:hdslay1_t22_otype:arr_i:23_j:3,33.47056,0.0,hdslay1_t22,23,3,hdslay1,arr,,,,,,
oname:hdslay1_t22_otype:arr_i:23_j:4,33.38699,0.0,hdslay1_t22,23,4,hdslay1,arr,,,,,,
oname:hdslay1_t22_otype:arr_i:23_j:5,33.37539,0.0,hdslay1_t22,23,5,hdslay1,arr,,,,,,
oname:hdslay1_t22_otype:arr_i:23_j:6,33.40059,0.0,hdslay1_t22,23,6,hdslay1,arr,,,,,,
oname:hdslay1_t22_otype:arr_i:23_j:7,33.41958,0.0,hdslay1_t22,23,7,hdslay1,arr,,,,,,
oname:hdslay1_t22_otype:arr_i:23_j:8,33.43668,0.0,hdslay1_t22,23,8,hdslay1,arr,,,,,,
oname:hdslay1_t22_otype:arr_i:23_j:9,33.45013,0.0,hdslay1_t22,23,9,hdslay1,arr,,,,,,
oname:hdslay1_t22_otype:arr_i:24_j:0,33.52305,0.0,hdslay1_t22,24,0,hdslay1,arr,,,,,,
oname:hdslay1_t22_otype:arr_i:24_j:1,33.50715,0.0,hdslay1_t22,24,1,hdslay1,arr,,,,,,
oname:hdslay1_t22_otype:arr_i:24_j:10,33.43117,0.0,hdslay1_t22,24,10,hdslay1,arr,,,,,,
oname:hdslay1_t22_otype:arr_i:24_j:11,33.45284,0.0,hdslay1_t22,24,11,hdslay1,arr,,,,,,
oname:hdslay1_t22_otype:arr_i:24_j:12,33.48033,0.0,hdslay1_t22,24,12,hdslay1,arr,,,,,,
oname:hdslay1_t22_otype:arr_i:24_j:13,33.51412,0.0,hdslay1_t22,24,13,hdslay1,arr,,,,,,
oname:hdslay1_t22_otype:arr_i:24_j:14,33.55145,0.0,hdslay1_t22,24,14,hdslay1,arr,,,,,,
oname:hdslay1_t22_otype:arr_i:24_j:15,33.59609,0.0,hdslay1_t22,24,15,hdslay1,arr,,,,,,
oname:hdslay1_t22_otype:arr_i:24_j:16,33.59239,0.0,hdslay1_t22,24,16,hdslay1,arr,,,,,,
oname:hdslay1_t22_otype:arr_i:24_j:17,33.59328,0.0,hdslay1_t22,24,17,hdslay1,arr,,,,,,
oname:hdslay1_t22_otype:arr_i:24_j:18,33.59604,0.0,hdslay1_t22,24,18,hdslay1,arr,,,,,,
oname:hdslay1_t22_otype:arr_i:24_j:19,33.59833,0.0,hdslay1_t22,24,19,hdslay1,arr,,,,,,
oname:hdslay1_t22_otype:arr_i:24_j:2,33.4666,0.0,hdslay1_t22,24,2,hdslay1,arr,,,,,,
oname:hdslay1_t22_otype:arr_i:24_j:3,33.39542,0.0,hdslay1_t22,24,3,hdslay1,arr,,,,,,
oname:hdslay1_t22_otype:arr_i:24_j:4,33.26597,0.0,hdslay1_t22,24,4,hdslay1,arr,,,,,,
oname:hdslay1_t22_otype:arr_i:24_j:5,33.3386,0.0,hdslay1_t22,24,5,hdslay1,arr,,,,,,
oname:hdslay1_t22_otype:arr_i:24_j:6,33.37227,0.0,hdslay1_t22,24,6,hdslay1,arr,,,,,,
oname:hdslay1_t22_otype:arr_i:24_j:7,33.39437,0.0,hdslay1_t22,24,7,hdslay1,arr,,,,,,
oname:hdslay1_t22_otype:arr_i:24_j:8,33.41194,0.0,hdslay1_t22,24,8,hdslay1,arr,,,,,,
oname:hdslay1_t22_otype:arr_i:24_j:9,33.42164,0.0,hdslay1_t22,24,9,hdslay1,arr,,,,,,
oname:hdslay1_t22_otype:arr_i:25_j:0,33.47672,0.0,hdslay1_t22,25,0,hdslay1,arr,,,,,,
oname:hdslay1_t22_otype:arr_i:25_j:1,33.46577,0.0,hdslay1_t22,25,1,hdslay1,arr,,,,,,
oname:hdslay1_t22_otype:arr_i:25_j:10,33.39495,0.0,hdslay1_t22,25,10,hdslay1,arr,,,,,,
oname:hdslay1_t22_otype:arr_i:25_j:11,33.42827,0.0,hdslay1_t22,25,11,hdslay1,arr,,,,,,
oname:hdslay1_t22_otype:arr_i:25_j:12,33.46562,0.0,hdslay1_t22,25,12,hdslay1,arr,,,,,,
oname:hdslay1_t22_otype:arr_i:25_j:13,33.50308,0.0,hdslay1_t22,25,13,hdslay1,arr,,,,,,
oname:hdslay1_t22_otype:arr_i:25_j:14,33.54432,0.0,hdslay1_t22,25,14,hdslay1,arr,,,,,,
oname:hdslay1_t22_otype:arr_i:25_j:15,33.5917,0.0,hdslay1_t22,25,15,hdslay1,arr,,,,,,
oname:hdslay1_t22_otype:arr_i:25_j:16,33.58573,0.0,hdslay1_t22,25,16,hdslay1,arr,,,,,,
oname:hdslay1_t22_otype:arr_i:25_j:17,33.58397,0.0,hdslay1_t22,25,17,hdslay1,arr,,,,,,
oname:hdslay1_t22_otype:arr_i:25_j:18,33.58407,0.0,hdslay1_t22,25,18,hdslay1,arr,,,,,,
oname:hdslay1_t22_otype:arr_i:25_j:19,33.58545,0.0,hdslay1_t22,25,19,hdslay1,arr,,,,,,
oname:hdslay1_t22_otype:arr_i:25_j:2,33.43821,0.0,hdslay1_t22,25,2,hdslay1,arr,,,,,,
oname:hdslay1_t22_otype:arr_i:25_j:3,33.38934,0.0,hdslay1_t22,25,3,hdslay1,arr,,,,,,
oname:hdslay1_t22_otype:arr_i:25_j:4,33.33632,0.0,hdslay1_t22,25,4,hdslay1,arr,,,,,,
oname:hdslay1_t22_otype:arr_i:25_j:5,33.34295,0.0,hdslay1_t22,25,5,hdslay1,arr,,,,,,
oname:hdslay1_t22_otype:arr_i:25_j:6,33.35525,0.0,hdslay1_t22,25,6,hdslay1,arr,,,,,,
oname:hdslay1_t22_otype:arr_i:25_j:7,33.3699,0.0,hdslay1_t22,25,7,hdslay1,arr,,,,,,
oname:hdslay1_t22_otype:arr_i:25_j:8,33.3843,0.0,hdslay1_t22,25,8,hdslay1,arr,,,,,,
oname:hdslay1_t22_otype:arr_i:25_j:9,33.38945,0.0,hdslay1_t22,25,9,hdslay1,arr,,,,,,
oname:hdslay1_t22_otype:arr_i:26_j:0,33.45145,0.0,hdslay1_t22,26,0,hdslay1,arr,,,,,,
oname:hdslay1_t22_otype:arr_i:26_j:1,33.44128,0.0,hdslay1_t22,26,1,hdslay1,arr,,,,,,
oname:hdslay1_t22_otype:arr_i:26_j:10,33.32844,0.0,hdslay1_t22,26,10,hdslay1,arr,,,,,,
oname:hdslay1_t22_otype:arr_i:26_j:11,33.40453,0.0,hdslay1_t22,26,11,hdslay1,arr,,,,,,
oname:hdslay1_t22_otype:arr_i:26_j:12,33.45147,0.0,hdslay1_t22,26,12,hdslay1,arr,,,,,,
oname:hdslay1_t22_otype:arr_i:26_j:13,33.49164,0.0,hdslay1_t22,26,13,hdslay1,arr,,,,,,
oname:hdslay1_t22_otype:arr_i:26_j:14,33.53055,0.0,hdslay1_t22,26,14,hdslay1,arr,,,,,,
oname:hdslay1_t22_otype:arr_i:26_j:15,33.58029,0.0,hdslay1_t22,26,15,hdslay1,arr,,,,,,
oname:hdslay1_t22_otype:arr_i:26_j:16,33.5708,0.0,hdslay1_t22,26,16,hdslay1,arr,,,,,,
oname:hdslay1_t22_otype:arr_i:26_j:17,33.5692,0.0,hdslay1_t22,26,17,hdslay1,arr,,,,,,
oname:hdslay1_t22_otype:arr_i:26_j:18,33.57116,0.0,hdslay1_t22,26,18,hdslay1,arr,,,,,,
oname:hdslay1_t22_otype:arr_i:26_j:19,33.57163,0.0,hdslay1_t22,26,19,hdslay1,arr,,,,,,
oname:hdslay1_t22_otype:arr_i:26_j:2,33.4169,0.0,hdslay1_t22,26,2,hdslay1,arr,,,,,,
oname:hdslay1_t22_otype:arr_i:26_j:3,33.38529,0.0,hdslay1_t22,26,3,hdslay1,arr,,,,,,
oname:hdslay1_t22_otype:arr_i:26_j:4,33.35439,0.0,hdslay1_t22,26,4,hdslay1,arr,,,,,,
oname:hdslay1_t22_otype:arr_i:26_j:5,33.34063,0.0,hdslay1_t22,26,5,hdslay1,arr,,,,,,
oname:hdslay1_t22_otype:arr_i:26_j:6,33.33792,0.0,hdslay1_t22,26,6,hdslay1,arr,,,,,,
oname:hdslay1_t22_otype:arr_i:26_j:7,33.34345,0.0,hdslay1_t22,26,7,hdslay1,arr,,,,,,
oname:hdslay1_t22_otype:arr_i:26_j:8,33.35268,0.0,hdslay1_t22,26,8,hdslay1,arr,,,,,,
oname:hdslay1_t22_otype:arr_i:26_j:9,33.35442,0.0,hdslay1_t22,26,9,hdslay1,arr,,,,,,
oname:hdslay1_t22_otype:arr_i:27_j:0,33.43228,0.0,hdslay1_t22,27,0,hdslay1,arr,,,,,,
oname:hdslay1_t22_otype:arr_i:27_j:1,33.42277,0.0,hdslay1_t22,27,1,hdslay1,arr,,,,,,
oname:hdslay1_t22_otype:arr_i:27_j:10,33.36773,0.0,hdslay1_t22,27,10,hdslay1,arr,,,,,,
oname:hdslay1_t22_otype:arr_i:27_j:11,33.40886,0.0,hdslay1_t22,27,11,hdslay1,arr,,,,,,
oname:hdslay1_t22_otype:arr_i:27_j:12,33.44205,0.0,hdslay1_t22,27,12,hdslay1,arr,,,,,,
oname:hdslay1_t22_otype:arr_i:27_j:13,33.48365,0.0,hdslay1_t22,27,13,hdslay1,arr,,,,,,
oname:hdslay1_t22_otype:arr_i:27_j:14,33.52421,0.0,hdslay1_t22,27,14,hdslay1,arr,,,,,,
oname:hdslay1_t22_otype:arr_i:27_j:15,33.55384,0.0,hdslay1_t22,27,15,hdslay1,arr,,,,,,
oname:hdslay1_t22_otype:arr_i:27_j:16,33.55333,0.0,hdslay1_t22,27,16,hdslay1,arr,,,,,,
oname:hdslay1_t22_otype:arr_i:27_j:17,33.55398,0.0,hdslay1_t22,27,17,hdslay1,arr,,,,,,
oname:hdslay1_t22_otype:arr_i:27_j:18,33.55564,0.0,hdslay1_t22,27,18,hdslay1,arr,,,,,,
oname:hdslay1_t22_otype:arr_i:27_j:19,33.55762,0.0,hdslay1_t22,27,19,hdslay1,arr,,,,,,
oname:hdslay1_t22_otype:arr_i:27_j:2,33.40135,0.0,hdslay1_t22,27,2,hdslay1,arr,,,,,,
oname:hdslay1_t22_otype:arr_i:27_j:3,33.37582,0.0,hdslay1_t22,27,3,hdslay1,arr,,,,,,
oname:hdslay1_t22_otype:arr_i:27_j:4,33.34863,0.0,hdslay1_t22,27,4,hdslay1,arr,,,,,,
oname:hdslay1_t22_otype:arr_i:27_j:5,33.32577,0.0,hdslay1_t22,27,5,hdslay1,arr,,,,,,
oname:hdslay1_t22_otype:arr_i:27_j:6,33.31593,0.0,hdslay1_t22,27,6,hdslay1,arr,,,,,,
oname:hdslay1_t22_otype:arr_i:27_j:7,33.3209,0.0,hdslay1_t22,27,7,hdslay1,arr,,,,,,
oname:hdslay1_t22_otype:arr_i:27_j:8,33.3337,0.0,hdslay1_t22,27,8,hdslay1,arr,,,,,,
oname:hdslay1_t22_otype:arr_i:27_j:9,33.35045,0.0,hdslay1_t22,27,9,hdslay1,arr,,,,,,
oname:hdslay1_t22_otype:arr_i:28_j:0,33.41768,0.0,hdslay1_t22,28,0,hdslay1,arr,,,,,,
oname:hdslay1_t22_otype:arr_i:28_j:1,33.40871,0.0,hdslay1_t22,28,1,hdslay1,arr,,,,,,
oname:hdslay1_t22_otype:arr_i:28_j:10,33.37264,0.0,hdslay1_t22,28,10,hdslay1,arr,,,,,,
oname:hdslay1_t22_otype:arr_i:28_j:11,33.40248,0.0,hdslay1_t22,28,11,hdslay1,arr,,,,,,
oname:hdslay1_t22_otype:arr_i:28_j:12,33.43654,0.0,hdslay1_t22,28,12,hdslay1,arr,,,,,,
oname:hdslay1_t22_otype:arr_i:28_j:13,33.47605,0.0,hdslay1_t22,28,13,hdslay1,arr,,,,,,
oname:hdslay1_t22_otype:arr_i:28_j:14,33.5153,0.0,hdslay1_t22,28,14,hdslay1,arr,,,,,,
oname:hdslay1_t22_otype:arr_i:28_j:15,33.54435,0.0,hdslay1_t22,28,15,hdslay1,arr,,,,,,
oname:hdslay1_t22_otype:arr_i:28_j:16,33.5426,0.0,hdslay1_t22,28,16,hdslay1,arr,,,,,,
oname:hdslay1_t22_otype:arr_i:28_j:17,33.54227,0.0,hdslay1_t22,28,17,hdslay1,arr,,,,,,
oname:hdslay1_t22_otype:arr_i:28_j:18,33.5421,0.0,hdslay1_t22,28,18,hdslay1,arr,,,,,,
oname:hdslay1_t22_otype:arr_i:28_j:19,33.54368,0.0,hdslay1_t22,28,19,hdslay1,arr,,,,,,
oname:hdslay1_t22_otype:arr_i:28_j:2,33.38891,0.0,hdslay1_t22,28,2,hdslay1,arr,,,,,,
oname:hdslay1_t22_otype:arr_i:28_j:3,33.36197,0.0,hdslay1_t22,28,3,hdslay1,arr,,,,,,
oname:hdslay1_t22_otype:arr_i:28_j:4,33.33039,0.0,hdslay1_t22,28,4,hdslay1,arr,,,,,,
oname:hdslay1_t22_otype:arr_i:28_j:5,33.29672,0.0,hdslay1_t22,28,5,hdslay1,arr,,,,,,
oname:hdslay1_t22_otype:arr_i:28_j:6,33.26773,0.0,hdslay1_t22,28,6,hdslay1,arr,,,,,,
oname:hdslay1_t22_otype:arr_i:28_j:7,33.29258,0.0,hdslay1_t22,28,7,hdslay1,arr,,,,,,
oname:hdslay1_t22_otype:arr_i:28_j:8,33.31769,0.0,hdslay1_t22,28,8,hdslay1,arr,,,,,,
oname:hdslay1_t22_otype:arr_i:28_j:9,33.34554,0.0,hdslay1_t22,28,9,hdslay1,arr,,,,,,
oname:hdslay1_t22_otype:arr_i:29_j:0,33.40454,0.0,hdslay1_t22,29,0,hdslay1,arr,,,,,,
oname:hdslay1_t22_otype:arr_i:29_j:1,33.39554,0.0,hdslay1_t22,29,1,hdslay1,arr,,,,,,
oname:hdslay1_t22_otype:arr_i:29_j:10,33.36604,0.0,hdslay1_t22,29,10,hdslay1,arr,,,,,,
oname:hdslay1_t22_otype:arr_i:29_j:11,33.39705,0.0,hdslay1_t22,29,11,hdslay1,arr,,,,,,
oname:hdslay1_t22_otype:arr_i:29_j:12,33.42554,0.0,hdslay1_t22,29,12,hdslay1,arr,,,,,,
oname:hdslay1_t22_otype:arr_i:29_j:13,33.45915,0.0,hdslay1_t22,29,13,hdslay1,arr,,,,,,
oname:hdslay1_t22_otype:arr_i:29_j:14,33.49891,0.0,hdslay1_t22,29,14,hdslay1,arr,,,,,,
oname:hdslay1_t22_otype:arr_i:29_j:15,33.53691,0.0,hdslay1_t22,29,15,hdslay1,arr,,,,,,
oname:hdslay1_t22_otype:arr_i:29_j:16,33.53023,0.0,hdslay1_t22,29,16,hdslay1,arr,,,,,,
oname:hdslay1_t22_otype:arr_i:29_j:17,33.52884,0.0,hdslay1_t22,29,17,hdslay1,arr,,,,,,
oname:hdslay1_t22_otype:arr_i:29_j:18,33.52988,0.0,hdslay1_t22,29,18,hdslay1,arr,,,,,,
oname:hdslay1_t22_otype:arr_i:29_j:19,33.53048,0.0,hdslay1_t22,29,19,hdslay1,arr,,,,,,
oname:hdslay1_t22_otype:arr_i:29_j:2,33.37434,0.0,hdslay1_t22,29,2,hdslay1,arr,,,,,,
oname:hdslay1_t22_otype:arr_i:29_j:3,33.34658,0.0,hdslay1_t22,29,3,hdslay1,arr,,,,,,
oname:hdslay1_t22_otype:arr_i:29_j:4,33.31282,0.0,hdslay1_t22,29,4,hdslay1,arr,,,,,,
oname:hdslay1_t22_otype:arr_i:29_j:5,33.25963,0.0,hdslay1_t22,29,5,hdslay1,arr,,,,,,
oname:hdslay1_t22_otype:arr_i:29_j:6,33.16929,0.0,hdslay1_t22,29,6,hdslay1,arr,,,,,,
oname:hdslay1_t22_otype:arr_i:29_j:7,33.25919,0.0,hdslay1_t22,29,7,hdslay1,arr,,,,,,
oname:hdslay1_t22_otype:arr_i:29_j:8,33.30406,0.0,hdslay1_t22,29,8,hdslay1,arr,,,,,,
oname:hdslay1_t22_otype:arr_i:29_j:9,33.33567,0.0,hdslay1_t22,29,9,hdslay1,arr,,,,,,
oname:hdslay1_t22_otype:arr_i:2_j:0,34.74811,0.0,hdslay1_t22,2,0,hdslay1,arr,,,,,,
oname:hdslay1_t22_otype:arr_i:2_j:1,34.73747,0.0,hdslay1_t22,2,1,hdslay1,arr,,,,,,
oname:hdslay1_t22_otype:arr_i:2_j:10,34.28502,0.0,hdslay1_t22,2,10,hdslay1,arr,,,,,,
oname:hdslay1_t22_otype:arr_i:2_j:11,34.25067,0.0,hdslay1_t22,2,11,hdslay1,arr,,,,,,
oname:hdslay1_t22_otype:arr_i:2_j:12,34.21908,0.0,hdslay1_t22,2,12,hdslay1,arr,,,,,,
oname:hdslay1_t22_otype:arr_i:2_j:13,34.18619,0.0,hdslay1_t22,2,13,hdslay1,arr,,,,,,
oname:hdslay1_t22_otype:arr_i:2_j:14,34.15512,0.0,hdslay1_t22,2,14,hdslay1,arr,,,,,,
oname:hdslay1_t22_otype:arr_i:2_j:15,34.12979,0.0,hdslay1_t22,2,15,hdslay1,arr,,,,,,
oname:hdslay1_t22_otype:arr_i:2_j:16,34.11973,0.0,hdslay1_t22,2,16,hdslay1,arr,,,,,,
oname:hdslay1_t22_otype:arr_i:2_j:17,34.10904,0.0,hdslay1_t22,2,17,hdslay1,arr,,,,,,
oname:hdslay1_t22_otype:arr_i:2_j:18,34.09883,0.0,hdslay1_t22,2,18,hdslay1,arr,,,,,,
oname:hdslay1_t22_otype:arr_i:2_j:19,34.09514,0.0,hdslay1_t22,2,19,hdslay1,arr,,,,,,
oname:hdslay1_t22_otype:arr_i:2_j:2,34.72287,0.0,hdslay1_t22,2,2,hdslay1,arr,,,,,,
oname:hdslay1_t22_otype:arr_i:2_j:3,34.69931,0.0,hdslay1_t22,2,3,hdslay1,arr,,,,,,
oname:hdslay1_t22_otype:arr_i:2_j:4,34.65964,0.0,hdslay1_t22,2,4,hdslay1,arr,,,,,,
oname:hdslay1_t22_otype:arr_i:2_j:5,34.60459,0.0,hdslay1_t22,2,5,hdslay1,arr,,,,,,
oname:hdslay1_t22_otype:arr_i:2_j:6,34.5331,0.0,hdslay1_t22,2,6,hdslay1,arr,,,,,,
oname:hdslay1_t22_otype:arr_i:2_j:7,34.44731,0.0,hdslay1_t22,2,7,hdslay1,arr,,,,,,
oname:hdslay1_t22_otype:arr_i:2_j:8,34.37648,0.0,hdslay1_t22,2,8,hdslay1,arr,,,,,,
oname:hdslay1_t22_otype:arr_i:2_j:9,34.32536,0.0,hdslay1_t22,2,9,hdslay1,arr,,,,,,
oname:hdslay1_t22_otype:arr_i:30_j:0,33.39153,0.0,hdslay1_t22,30,0,hdslay1,arr,,,,,,
oname:hdslay1_t22_otype:arr_i:30_j:1,33.38135,0.0,hdslay1_t22,30,1,hdslay1,arr,,,,,,
oname:hdslay1_t22_otype:arr_i:30_j:10,33.35816,0.0,hdslay1_t22,30,10,hdslay1,arr,,,,,,
oname:hdslay1_t22_otype:arr_i:30_j:11,33.38409,0.0,hdslay1_t22,30,11,hdslay1,arr,,,,,,
oname:hdslay1_t22_otype:arr_i:30_j:12,33.41091,0.0,hdslay1_t22,30,12,hdslay1,arr,,,,,,
oname:hdslay1_t22_otype:arr_i:30_j:13,33.44297,0.0,hdslay1_t22,30,13,hdslay1,arr,,,,,,
oname:hdslay1_t22_otype:arr_i:30_j:14,33.47822,0.0,hdslay1_t22,30,14,hdslay1,arr,,,,,,
oname:hdslay1_t22_otype:arr_i:30_j:15,33.50735,0.0,hdslay1_t22,30,15,hdslay1,arr,,,,,,
oname:hdslay1_t22_otype:arr_i:30_j:16,33.51092,0.0,hdslay1_t22,30,16,hdslay1,arr,,,,,,
oname:hdslay1_t22_otype:arr_i:30_j:17,33.51291,0.0,hdslay1_t22,30,17,hdslay1,arr,,,,,,
oname:hdslay1_t22_otype:arr_i:30_j:18,33.51507,0.0,hdslay1_t22,30,18,hdslay1,arr,,,,,,
oname:hdslay1_t22_otype:arr_i:30_j:19,33.51534,0.0,hdslay1_t22,30,19,hdslay1,arr,,,,,,
oname:hdslay1_t22_otype:arr_i:30_j:2,33.36322,0.0,hdslay1_t22,30,2,hdslay1,arr,,,,,,
oname:hdslay1_t22_otype:arr_i:30_j:3,33.342,0.0,hdslay1_t22,30,3,hdslay1,arr,,,,,,
oname:hdslay1_t22_otype:arr_i:30_j:4,33.31273,0.0,hdslay1_t22,30,4,hdslay1,arr,,,,,,
oname:hdslay1_t22_otype:arr_i:30_j:5,33.27822,0.0,hdslay1_t22,30,5,hdslay1,arr,,,,,,
oname:hdslay1_t22_otype:arr_i:30_j:6,33.25025,0.0,hdslay1_t22,30,6,hdslay1,arr,,,,,,
oname:hdslay1_t22_otype:arr_i:30_j:7,33.28046,0.0,hdslay1_t22,30,7,hdslay1,arr,,,,,,
oname:hdslay1_t22_otype:arr_i:30_j:8,33.3073,0.0,hdslay1_t22,30,8,hdslay1,arr,,,,,,
oname:hdslay1_t22_otype:arr_i:30_j:9,33.33174,0.0,hdslay1_t22,30,9,hdslay1,arr,,,,,,
oname:hdslay1_t22_otype:arr_i:31_j:0,33.38255,0.0,hdslay1_t22,31,0,hdslay1,arr,,,,,,
oname:hdslay1_t22_otype:arr_i:31_j:1,33.36982,0.0,hdslay1_t22,31,1,hdslay1,arr,,,,,,
oname:hdslay1_t22_otype:arr_i:31_j:10,33.34742,0.0,hdslay1_t22,31,10,hdslay1,arr,,,,,,
oname:hdslay1_t22_otype:arr_i:31_j:11,33.37198,0.0,hdslay1_t22,31,11,hdslay1,arr,,,,,,
oname:hdslay1_t22_otype:arr_i:31_j:12,33.39401,0.0,hdslay1_t22,31,12,hdslay1,arr,,,,,,
oname:hdslay1_t22_otype:arr_i:31_j:13,33.4238,0.0,hdslay1_t22,31,13,hdslay1,arr,,,,,,
oname:hdslay1_t22_otype:arr_i:31_j:14,33.45972,0.0,hdslay1_t22,31,14,hdslay1,arr,,,,,,
oname:hdslay1_t22_otype:arr_i:31_j:15,33.48859,0.0,hdslay1_t22,31,15,hdslay1,arr,,,,,,
oname:hdslay1_t22_otype:arr_i:31_j:16,33.49529,0.0,hdslay1_t22,31,16,hdslay1,arr,,,,,,
oname:hdslay1_t22_otype:arr_i:31_j:17,33.49904,0.0,hdslay1_t22,31,17,hdslay1,arr,,,,,,
oname:hdslay1_t22_otype:arr_i:31_j:18,33.50135,0.0,hdslay1_t22,31,18,hdslay1,arr,,,,,,
oname:hdslay1_t22_otype:arr_i:31_j:19,33.50241,0.0,hdslay1_t22,31,19,hdslay1,arr,,,,,,
oname:hdslay1_t22_otype:arr_i:31_j:2,33.3567,0.0,hdslay1_t22,31,2,hdslay1,arr,,,,,,
oname:hdslay1_t22_otype:arr_i:31_j:3,33.33989,0.0,hdslay1_t22,31,3,hdslay1,arr,,,,,,
oname:hdslay1_t22_otype:arr_i:31_j:4,33.31639,0.0,hdslay1_t22,31,4,hdslay1,arr,,,,,,
oname:hdslay1_t22_otype:arr_i:31_j:5,33.2951,0.0,hdslay1_t22,31,5,hdslay1,arr,,,,,,
oname:hdslay1_t22_otype:arr_i:31_j:6,33.28595,0.0,hdslay1_t22,31,6,hdslay1,arr,,,,,,
oname:hdslay1_t22_otype:arr_i:31_j:7,33.2952,0.0,hdslay1_t22,31,7,hdslay1,arr,,,,,,
oname:hdslay1_t22_otype:arr_i:31_j:8,33.30802,0.0,hdslay1_t22,31,8,hdslay1,arr,,,,,,
oname:hdslay1_t22_otype:arr_i:31_j:9,33.32402,0.0,hdslay1_t22,31,9,hdslay1,arr,,,,,,
oname:hdslay1_t22_otype:arr_i:32_j:0,1e+30,0.0,hdslay1_t22,32,0,hdslay1,arr,,,,,,
oname:hdslay1_t22_otype:arr_i:32_j:1,33.36149,0.0,hdslay1_t22,32,1,hdslay1,arr,,,,,,
oname:hdslay1_t22_otype:arr_i:32_j:10,33.33088,0.0,hdslay1_t22,32,10,hdslay1,arr,,,,,,
oname:hdslay1_t22_otype:arr_i:32_j:11,33.35267,0.0,hdslay1_t22,32,11,hdslay1,arr,,,,,,
oname:hdslay1_t22_otype:arr_i:32_j:12,33.37428,0.0,hdslay1_t22,32,12,hdslay1,arr,,,,,,
oname:hdslay1_t22_otype:arr_i:32_j:13,33.40547,0.0,hdslay1_t22,32,13,hdslay1,arr,,,,,,
oname:hdslay1_t22_otype:arr_i:32_j:14,33.44231,0.0,hdslay1_t22,32,14,hdslay1,arr,,,,,,
oname:hdslay1_t22_otype:arr_i:32_j:15,33.47853,0.0,hdslay1_t22,32,15,hdslay1,arr,,,,,,
oname:hdslay1_t22_otype:arr_i:32_j:16,33.48484,0.0,hdslay1_t22,32,16,hdslay1,arr,,,,,,
oname:hdslay1_t22_otype:arr_i:32_j:17,33.48852,0.0,hdslay1_t22,32,17,hdslay1,arr,,,,,,
oname:hdslay1_t22_otype:arr_i:32_j:18,33.49135,0.0,hdslay1_t22,32,18,hdslay1,arr,,,,,,
oname:hdslay1_t22_otype:arr_i:32_j:19,33.49275,0.0,hdslay1_t22,32,19,hdslay1,arr,,,,,,
oname:hdslay1_t22_otype:arr_i:32_j:2,33.35005,0.0,hdslay1_t22,32,2,hdslay1,arr,,,,,,
oname:hdslay1_t22_otype:arr_i:32_j:3,33.33468,0.0,hdslay1_t22,32,3,hdslay1,arr,,,,,,
oname:hdslay1_t22_otype:arr_i:32_j:4,33.31584,0.0,hdslay1_t22,32,4,hdslay1,arr,,,,,,
oname:hdslay1_t22_otype:arr_i:32_j:5,33.30167,0.0,hdslay1_t22,32,5,hdslay1,arr,,,,,,
oname:hdslay1_t22_otype:arr_i:32_j:6,33.29572,0.0,hdslay1_t22,32,6,hdslay1,arr,,,,,,
oname:hdslay1_t22_otype:arr_i:32_j:7,33.29797,0.0,hdslay1_t22,32,7,hdslay1,arr,,,,,,
oname:hdslay1_t22_otype:arr_i:32_j:8,33.30466,0.0,hdslay1_t22,32,8,hdslay1,arr,,,,,,
oname:hdslay1_t22_otype:arr_i:32_j:9,33.31469,0.0,hdslay1_t22,32,9,hdslay1,arr,,,,,,
oname:hdslay1_t22_otype:arr_i:33_j:0,1e+30,0.0,hdslay1_t22,33,0,hdslay1,arr,,,,,,
oname:hdslay1_t22_otype:arr_i:33_j:1,1e+30,0.0,hdslay1_t22,33,1,hdslay1,arr,,,,,,
oname:hdslay1_t22_otype:arr_i:33_j:10,33.30878,0.0,hdslay1_t22,33,10,hdslay1,arr,,,,,,
oname:hdslay1_t22_otype:arr_i:33_j:11,33.31495,0.0,hdslay1_t22,33,11,hdslay1,arr,,,,,,
oname:hdslay1_t22_otype:arr_i:33_j:12,33.3262,0.0,hdslay1_t22,33,12,hdslay1,arr,,,,,,
oname:hdslay1_t22_otype:arr_i:33_j:13,33.38048,0.0,hdslay1_t22,33,13,hdslay1,arr,,,,,,
oname:hdslay1_t22_otype:arr_i:33_j:14,33.42537,0.0,hdslay1_t22,33,14,hdslay1,arr,,,,,,
oname:hdslay1_t22_otype:arr_i:33_j:15,33.46789,0.0,hdslay1_t22,33,15,hdslay1,arr,,,,,,
oname:hdslay1_t22_otype:arr_i:33_j:16,33.47538,0.0,hdslay1_t22,33,16,hdslay1,arr,,,,,,
oname:hdslay1_t22_otype:arr_i:33_j:17,33.48063,0.0,hdslay1_t22,33,17,hdslay1,arr,,,,,,
oname:hdslay1_t22_otype:arr_i:33_j:18,33.4844,0.0,hdslay1_t22,33,18,hdslay1,arr,,,,,,
oname:hdslay1_t22_otype:arr_i:33_j:19,33.48666,0.0,hdslay1_t22,33,19,hdslay1,arr,,,,,,
oname:hdslay1_t22_otype:arr_i:33_j:2,33.34219,0.0,hdslay1_t22,33,2,hdslay1,arr,,,,,,
oname:hdslay1_t22_otype:arr_i:33_j:3,33.32814,0.0,hdslay1_t22,33,3,hdslay1,arr,,,,,,
oname:hdslay1_t22_otype:arr_i:33_j:4,33.30988,0.0,hdslay1_t22,33,4,hdslay1,arr,,,,,,
oname:hdslay1_t22_otype:arr_i:33_j:5,33.2992,0.0,hdslay1_t22,33,5,hdslay1,arr,,,,,,
oname:hdslay1_t22_otype:arr_i:33_j:6,33.29438,0.0,hdslay1_t22,33,6,hdslay1,arr,,,,,,
oname:hdslay1_t22_otype:arr_i:33_j:7,33.29437,0.0,hdslay1_t22,33,7,hdslay1,arr,,,,,,
oname:hdslay1_t22_otype:arr_i:33_j:8,33.29748,0.0,hdslay1_t22,33,8,hdslay1,arr,,,,,,
oname:hdslay1_t22_otype:arr_i:33_j:9,33.30187,0.0,hdslay1_t22,33,9,hdslay1,arr,,,,,,
oname:hdslay1_t22_otype:arr_i:34_j:0,1e+30,0.0,hdslay1_t22,34,0,hdslay1,arr,,,,,,
oname:hdslay1_t22_otype:arr_i:34_j:1,1e+30,0.0,hdslay1_t22,34,1,hdslay1,arr,,,,,,
oname:hdslay1_t22_otype:arr_i:34_j:10,33.28521,0.0,hdslay1_t22,34,10,hdslay1,arr,,,,,,
oname:hdslay1_t22_otype:arr_i:34_j:11,33.26548,0.0,hdslay1_t22,34,11,hdslay1,arr,,,,,,
oname:hdslay1_t22_otype:arr_i:34_j:12,33.18647,0.0,hdslay1_t22,34,12,hdslay1,arr,,,,,,
oname:hdslay1_t22_otype:arr_i:34_j:13,33.3447,0.0,hdslay1_t22,34,13,hdslay1,arr,,,,,,
oname:hdslay1_t22_otype:arr_i:34_j:14,33.41184,0.0,hdslay1_t22,34,14,hdslay1,arr,,,,,,
oname:hdslay1_t22_otype:arr_i:34_j:15,33.45667,0.0,hdslay1_t22,34,15,hdslay1,arr,,,,,,
oname:hdslay1_t22_otype:arr_i:34_j:16,33.46432,0.0,hdslay1_t22,34,16,hdslay1,arr,,,,,,
oname:hdslay1_t22_otype:arr_i:34_j:17,33.47132,0.0,hdslay1_t22,34,17,hdslay1,arr,,,,,,
oname:hdslay1_t22_otype:arr_i:34_j:18,33.47748,0.0,hdslay1_t22,34,18,hdslay1,arr,,,,,,
oname:hdslay1_t22_otype:arr_i:34_j:19,33.48287,0.0,hdslay1_t22,34,19,hdslay1,arr,,,,,,
oname:hdslay1_t22_otype:arr_i:34_j:2,1e+30,0.0,hdslay1_t22,34,2,hdslay1,arr,,,,,,
oname:hdslay1_t22_otype:arr_i:34_j:3,33.31454,0.0,hdslay1_t22,34,3,hdslay1,arr,,,,,,
oname:hdslay1_t22_otype:arr_i:34_j:4,33.29817,0.0,hdslay1_t22,34,4,hdslay1,arr,,,,,,
oname:hdslay1_t22_otype:arr_i:34_j:5,33.29076,0.0,hdslay1_t22,34,5,hdslay1,arr,,,,,,
oname:hdslay1_t22_otype:arr_i:34_j:6,33.28519,0.0,hdslay1_t22,34,6,hdslay1,arr,,,,,,
oname:hdslay1_t22_otype:arr_i:34_j:7,33.28439,0.0,hdslay1_t22,34,7,hdslay1,arr,,,,,,
oname:hdslay1_t22_otype:arr_i:34_j:8,33.28634,0.0,hdslay1_t22,34,8,hdslay1,arr,,,,,,
oname:hdslay1_t22_otype:arr_i:34_j:9,33.28753,0.0,hdslay1_t22,34,9,hdslay1,arr,,,,,,
oname:hdslay1_t22_otype:arr_i:35_j:0,1e+30,0.0,hdslay1_t22,35,0,hdslay1,arr,,,,,,
oname:hdslay1_t22_otype:arr_i:35_j:1,1e+30,0.0,hdslay1_t22,35,1,hdslay1,arr,,,,,,
oname:hdslay1_t22_otype:arr_i:35_j:10,33.27253,0.0,hdslay1_t22,35,10,hdslay1,arr,,,,,,
oname:hdslay1_t22_otype:arr_i:35_j:11,33.2735,0.0,hdslay1_t22,35,11,hdslay1,arr,,,,,,
oname:hdslay1_t22_otype:arr_i:35_j:12,33.28052,0.0,hdslay1_t22,35,12,hdslay1,arr,,,,,,
oname:hdslay1_t22_otype:arr_i:35_j:13,33.35299,0.0,hdslay1_t22,35,13,hdslay1,arr,,,,,,
oname:hdslay1_t22_otype:arr_i:35_j:14,33.41072,0.0,hdslay1_t22,35,14,hdslay1,arr,,,,,,
oname:hdslay1_t22_otype:arr_i:35_j:15,33.44755,0.0,hdslay1_t22,35,15,hdslay1,arr,,,,,,
oname:hdslay1_t22_otype:arr_i:35_j:16,33.45388,0.0,hdslay1_t22,35,16,hdslay1,arr,,,,,,
oname:hdslay1_t22_otype:arr_i:35_j:17,33.46041,0.0,hdslay1_t22,35,17,hdslay1,arr,,,,,,
oname:hdslay1_t22_otype:arr_i:35_j:18,33.46618,0.0,hdslay1_t22,35,18,hdslay1,arr,,,,,,
oname:hdslay1_t22_otype:arr_i:35_j:19,1e+30,0.0,hdslay1_t22,35,19,hdslay1,arr,,,,,,
oname:hdslay1_t22_otype:arr_i:35_j:2,1e+30,0.0,hdslay1_t22,35,2,hdslay1,arr,,,,,,
oname:hdslay1_t22_otype:arr_i:35_j:3,1e+30,0.0,hdslay1_t22,35,3,hdslay1,arr,,,,,,
oname:hdslay1_t22_otype:arr_i:35_j:4,33.2836,0.0,hdslay1_t22,35,4,hdslay1,arr,,,,,,
oname:hdslay1_t22_otype:arr_i:35_j:5,33.27687,0.0,hdslay1_t22,35,5,hdslay1,arr,,,,,,
oname:hdslay1_t22_otype:arr_i:35_j:6,33.2702,0.0,hdslay1_t22,35,6,hdslay1,arr,,,,,,
oname:hdslay1_t22_otype:arr_i:35_j:7,33.26823,0.0,hdslay1_t22,35,7,hdslay1,arr,,,,,,
oname:hdslay1_t22_otype:arr_i:35_j:8,33.27089,0.0,hdslay1_t22,35,8,hdslay1,arr,,,,,,
oname:hdslay1_t22_otype:arr_i:35_j:9,33.27248,0.0,hdslay1_t22,35,9,hdslay1,arr,,,,,,
oname:hdslay1_t22_otype:arr_i:36_j:0,1e+30,0.0,hdslay1_t22,36,0,hdslay1,arr,,,,,,
oname:hdslay1_t22_otype:arr_i:36_j:1,1e+30,0.0,hdslay1_t22,36,1,hdslay1,arr,,,,,,
oname:hdslay1_t22_otype:arr_i:36_j:10,33.26058,0.0,hdslay1_t22,36,10,hdslay1,arr,,,,,,
oname:hdslay1_t22_otype:arr_i:36_j:11,33.27417,0.0,hdslay1_t22,36,11,hdslay1,arr,,,,,,
oname:hdslay1_t22_otype:arr_i:36_j:12,33.30358,0.0,hdslay1_t22,36,12,hdslay1,arr,,,,,,
oname:hdslay1_t22_otype:arr_i:36_j:13,33.35784,0.0,hdslay1_t22,36,13,hdslay1,arr,,,,,,
oname:hdslay1_t22_otype:arr_i:36_j:14,33.40621,0.0,hdslay1_t22,36,14,hdslay1,arr,,,,,,
oname:hdslay1_t22_otype:arr_i:36_j:15,33.44014,0.0,hdslay1_t22,36,15,hdslay1,arr,,,,,,
oname:hdslay1_t22_otype:arr_i:36_j:16,33.4457,0.0,hdslay1_t22,36,16,hdslay1,arr,,,,,,
oname:hdslay1_t22_otype:arr_i:36_j:17,33.45198,0.0,hdslay1_t22,36,17,hdslay1,arr,,,,,,
oname:hdslay1_t22_otype:arr_i:36_j:18,33.45878,0.0,hdslay1_t22,36,18,hdslay1,arr,,,,,,
oname:hdslay1_t22_otype:arr_i:36_j:19,1e+30,0.0,hdslay1_t22,36,19,hdslay1,arr,,,,,,
oname:hdslay1_t22_otype:arr_i:36_j:2,1e+30,0.0,hdslay1_t22,36,2,hdslay1,arr,,,,,,
oname:hdslay1_t22_otype:arr_i:36_j:3,1e+30,0.0,hdslay1_t22,36,3,hdslay1,arr,,,,,,
oname:hdslay1_t22_otype:arr_i:36_j:4,33.27354,0.0,hdslay1_t22,36,4,hdslay1,arr,,,,,,
oname:hdslay1_t22_otype:arr_i:36_j:5,33.25857,0.0,hdslay1_t22,36,5,hdslay1,arr,,,,,,
oname:hdslay1_t22_otype:arr_i:36_j:6,33.25127,0.0,hdslay1_t22,36,6,hdslay1,arr,,,,,,
oname:hdslay1_t22_otype:arr_i:36_j:7,33.24874,0.0,hdslay1_t22,36,7,hdslay1,arr,,,,,,
oname:hdslay1_t22_otype:arr_i:36_j:8,33.2508,0.0,hdslay1_t22,36,8,hdslay1,arr,,,,,,
oname:hdslay1_t22_otype:arr_i:36_j:9,33.25617,0.0,hdslay1_t22,36,9,hdslay1,arr,,,,,,
oname:hdslay1_t22_otype:arr_i:37_j:0,1e+30,0.0,hdslay1_t22,37,0,hdslay1,arr,,,,,,
oname:hdslay1_t22_otype:arr_i:37_j:1,1e+30,0.0,hdslay1_t22,37,1,hdslay1,arr,,,,,,
oname:hdslay1_t22_otype:arr_i:37_j:10,33.24394,0.0,hdslay1_t22,37,10,hdslay1,arr,,,,,,
oname:hdslay1_t22_otype:arr_i:37_j:11,33.26334,0.0,hdslay1_t22,37,11,hdslay1,arr,,,,,,
oname:hdslay1_t22_otype:arr_i:37_j:12,33.3012,0.0,hdslay1_t22,37,12,hdslay1,arr,,,,,,
oname:hdslay1_t22_otype:arr_i:37_j:13,33.35033,0.0,hdslay1_t22,37,13,hdslay1,arr,,,,,,
oname:hdslay1_t22_otype:arr_i:37_j:14,33.39651,0.0,hdslay1_t22,37,14,hdslay1,arr,,,,,,
oname:hdslay1_t22_otype:arr_i:37_j:15,33.43205,0.0,hdslay1_t22,37,15,hdslay1,arr,,,,,,
oname:hdslay1_t22_otype:arr_i:37_j:16,33.4396,0.0,hdslay1_t22,37,16,hdslay1,arr,,,,,,
oname:hdslay1_t22_otype:arr_i:37_j:17,33.44514,0.0,hdslay1_t22,37,17,hdslay1,arr,,,,,,
oname:hdslay1_t22_otype:arr_i:37_j:18,1e+30,0.0,hdslay1_t22,37,18,hdslay1,arr,,,,,,
oname:hdslay1_t22_otype:arr_i:37_j:19,1e+30,0.0,hdslay1_t22,37,19,hdslay1,arr,,,,,,
oname:hdslay1_t22_otype:arr_i:37_j:2,1e+30,0.0,hdslay1_t22,37,2,hdslay1,arr,,,,,,
oname:hdslay1_t22_otype:arr_i:37_j:3,1e+30,0.0,hdslay1_t22,37,3,hdslay1,arr,,,,,,
oname:hdslay1_t22_otype:arr_i:37_j:4,1e+30,0.0,hdslay1_t22,37,4,hdslay1,arr,,,,,,
oname:hdslay1_t22_otype:arr_i:37_j:5,33.22555,0.0,hdslay1_t22,37,5,hdslay1,arr,,,,,,
oname:hdslay1_t22_otype:arr_i:37_j:6,33.22686,0.0,hdslay1_t22,37,6,hdslay1,arr,,,,,,
oname:hdslay1_t22_otype:arr_i:37_j:7,33.22754,0.0,hdslay1_t22,37,7,hdslay1,arr,,,,,,
oname:hdslay1_t22_otype:arr_i:37_j:8,33.22894,0.0,hdslay1_t22,37,8,hdslay1,arr,,,,,,
oname:hdslay1_t22_otype:arr_i:37_j:9,33.23534,0.0,hdslay1_t22,37,9,hdslay1,arr,,,,,,
oname:hdslay1_t22_otype:arr_i:38_j:0,1e+30,0.0,hdslay1_t22,38,0,hdslay1,arr,,,,,,
oname:hdslay1_t22_otype:arr_i:38_j:1,1e+30,0.0,hdslay1_t22,38,1,hdslay1,arr,,,,,,
oname:hdslay1_t22_otype:arr_i:38_j:10,33.21139,0.0,hdslay1_t22,38,10,hdslay1,arr,,,,,,
oname:hdslay1_t22_otype:arr_i:38_j:11,33.22946,0.0,hdslay1_t22,38,11,hdslay1,arr,,,,,,
oname:hdslay1_t22_otype:arr_i:38_j:12,33.2705,0.0,hdslay1_t22,38,12,hdslay1,arr,,,,,,
oname:hdslay1_t22_otype:arr_i:38_j:13,33.32345,0.0,hdslay1_t22,38,13,hdslay1,arr,,,,,,
oname:hdslay1_t22_otype:arr_i:38_j:14,33.37926,0.0,hdslay1_t22,38,14,hdslay1,arr,,,,,,
oname:hdslay1_t22_otype:arr_i:38_j:15,33.43534,0.0,hdslay1_t22,38,15,hdslay1,arr,,,,,,
oname:hdslay1_t22_otype:arr_i:38_j:16,33.43799,0.0,hdslay1_t22,38,16,hdslay1,arr,,,,,,
oname:hdslay1_t22_otype:arr_i:38_j:17,1e+30,0.0,hdslay1_t22,38,17,hdslay1,arr,,,,,,
oname:hdslay1_t22_otype:arr_i:38_j:18,1e+30,0.0,hdslay1_t22,38,18,hdslay1,arr,,,,,,
oname:hdslay1_t22_otype:arr_i:38_j:19,1e+30,0.0,hdslay1_t22,38,19,hdslay1,arr,,,,,,
oname:hdslay1_t22_otype:arr_i:38_j:2,1e+30,0.0,hdslay1_t22,38,2,hdslay1,arr,,,,,,
oname:hdslay1_t22_otype:arr_i:38_j:3,1e+30,0.0,hdslay1_t22,38,3,hdslay1,arr,,,,,,
oname:hdslay1_t22_otype:arr_i:38_j:4,1e+30,0.0,hdslay1_t22,38,4,hdslay1,arr,,,,,,
oname:hdslay1_t22_otype:arr_i:38_j:5,33.19202,0.0,hdslay1_t22,38,5,hdslay1,arr,,,,,,
oname:hdslay1_t22_otype:arr_i:38_j:6,33.19506,0.0,hdslay1_t22,38,6,hdslay1,arr,,,,,,
oname:hdslay1_t22_otype:arr_i:38_j:7,33.19425,0.0,hdslay1_t22,38,7,hdslay1,arr,,,,,,
oname:hdslay1_t22_otype:arr_i:38_j:8,33.19833,0.0,hdslay1_t22,38,8,hdslay1,arr,,,,,,
oname:hdslay1_t22_otype:arr_i:38_j:9,33.20403,0.0,hdslay1_t22,38,9,hdslay1,arr,,,,,,
oname:hdslay1_t22_otype:arr_i:39_j:0,1e+30,0.0,hdslay1_t22,39,0,hdslay1,arr,,,,,,
oname:hdslay1_t22_otype:arr_i:39_j:1,1e+30,0.0,hdslay1_t22,39,1,hdslay1,arr,,,,,,
oname:hdslay1_t22_otype:arr_i:39_j:10,33.14837,0.0,hdslay1_t22,39,10,hdslay1,arr,,,,,,
oname:hdslay1_t22_otype:arr_i:39_j:11,33.17578,0.0,hdslay1_t22,39,11,hdslay1,arr,,,,,,
oname:hdslay1_t22_otype:arr_i:39_j:12,33.21651,0.0,hdslay1_t22,39,12,hdslay1,arr,,,,,,
oname:hdslay1_t22_otype:arr_i:39_j:13,33.27208,0.0,hdslay1_t22,39,13,hdslay1,arr,,,,,,
oname:hdslay1_t22_otype:arr_i:39_j:14,33.33755,0.0,hdslay1_t22,39,14,hdslay1,arr,,,,,,
oname:hdslay1_t22_otype:arr_i:39_j:15,33.42229,0.0,hdslay1_t22,39,15,hdslay1,arr,,,,,,
oname:hdslay1_t22_otype:arr_i:39_j:16,1e+30,0.0,hdslay1_t22,39,16,hdslay1,arr,,,,,,
oname:hdslay1_t22_otype:arr_i:39_j:17,1e+30,0.0,hdslay1_t22,39,17,hdslay1,arr,,,,,,
oname:hdslay1_t22_otype:arr_i:39_j:18,1e+30,0.0,hdslay1_t22,39,18,hdslay1,arr,,,,,,
oname:hdslay1_t22_otype:arr_i:39_j:19,1e+30,0.0,hdslay1_t22,39,19,hdslay1,arr,,,,,,
oname:hdslay1_t22_otype:arr_i:39_j:2,1e+30,0.0,hdslay1_t22,39,2,hdslay1,arr,,,,,,
oname:hdslay1_t22_otype:arr_i:39_j:3,1e+30,0.0,hdslay1_t22,39,3,hdslay1,arr,,,,,,
oname:hdslay1_t22_otype:arr_i:39_j:4,1e+30,0.0,hdslay1_t22,39,4,hdslay1,arr,,,,,,
oname:hdslay1_t22_otype:arr_i:39_j:5,33.14684,0.0,hdslay1_t22,39,5,hdslay1,arr,,,,,,
oname:hdslay1_t22_otype:arr_i:39_j:6,33.14591,0.0,hdslay1_t22,39,6,hdslay1,arr,,,,,,
oname:hdslay1_t22_otype:arr_i:39_j:7,33.14857,0.0,hdslay1_t22,39,7,hdslay1,arr,,,,,,
oname:hdslay1_t22_otype:arr_i:39_j:8,33.14936,0.0,hdslay1_t22,39,8,hdslay1,arr,,,,,,
oname:hdslay1_t22_otype:arr_i:39_j:9,33.14921,0.0,hdslay1_t22,39,9,hdslay1,arr,,,,,,
oname:hdslay1_t22_otype:arr_i:3_j:0,34.73255,0.0,hdslay1_t22,3,0,hdslay1,arr,,,,,,
oname:hdslay1_t22_otype:arr_i:3_j:1,34.72403,0.0,hdslay1_t22,3,1,hdslay1,arr,,,,,,
oname:hdslay1_t22_otype:arr_i:3_j:10,34.27707,0.0,hdslay1_t22,3,10,hdslay1,arr,,,,,,
oname:hdslay1_t22_otype:arr_i:3_j:11,34.24251,0.0,hdslay1_t22,3,11,hdslay1,arr,,,,,,
oname:hdslay1_t22_otype:arr_i:3_j:12,34.2082,0.0,hdslay1_t22,3,12,hdslay1,arr,,,,,,
oname:hdslay1_t22_otype:arr_i:3_j:13,34.17014,0.0,hdslay1_t22,3,13,hdslay1,arr,,,,,,
oname:hdslay1_t22_otype:arr_i:3_j:14,34.13911,0.0,hdslay1_t22,3,14,hdslay1,arr,,,,,,
oname:hdslay1_t22_otype:arr_i:3_j:15,34.11279,0.0,hdslay1_t22,3,15,hdslay1,arr,,,,,,
oname:hdslay1_t22_otype:arr_i:3_j:16,34.10061,0.0,hdslay1_t22,3,16,hdslay1,arr,,,,,,
oname:hdslay1_t22_otype:arr_i:3_j:17,34.08838,0.0,hdslay1_t22,3,17,hdslay1,arr,,,,,,
oname:hdslay1_t22_otype:arr_i:3_j:18,34.07842,0.0,hdslay1_t22,3,18,hdslay1,arr,,,,,,
oname:hdslay1_t22_otype:arr_i:3_j:19,34.07458,0.0,hdslay1_t22,3,19,hdslay1,arr,,,,,,
oname:hdslay1_t22_otype:arr_i:3_j:2,34.71358,0.0,hdslay1_t22,3,2,hdslay1,arr,,,,,,
oname:hdslay1_t22_otype:arr_i:3_j:3,34.69317,0.0,hdslay1_t22,3,3,hdslay1,arr,,,,,,
oname:hdslay1_t22_otype:arr_i:3_j:4,34.65889,0.0,hdslay1_t22,3,4,hdslay1,arr,,,,,,
oname:hdslay1_t22_otype:arr_i:3_j:5,34.60559,0.0,hdslay1_t22,3,5,hdslay1,arr,,,,,,
oname:hdslay1_t22_otype:arr_i:3_j:6,34.53133,0.0,hdslay1_t22,3,6,hdslay1,arr,,,,,,
oname:hdslay1_t22_otype:arr_i:3_j:7,34.45054,0.0,hdslay1_t22,3,7,hdslay1,arr,,,,,,
oname:hdslay1_t22_otype:arr_i:3_j:8,34.37883,0.0,hdslay1_t22,3,8,hdslay1,arr,,,,,,
oname:hdslay1_t22_otype:arr_i:3_j:9,34.32225,0.0,hdslay1_t22,3,9,hdslay1,arr,,,,,,
oname:hdslay1_t22_otype:arr_i:4_j:0,34.70949,0.0,hdslay1_t22,4,0,hdslay1,arr,,,,,,
oname:hdslay1_t22_otype:arr_i:4_j:1,34.7057,0.0,hdslay1_t22,4,1,hdslay1,arr,,,,,,
oname:hdslay1_t22_otype:arr_i:4_j:10,34.26642,0.0,hdslay1_t22,4,10,hdslay1,arr,,,,,,
oname:hdslay1_t22_otype:arr_i:4_j:11,34.22947,0.0,hdslay1_t22,4,11,hdslay1,arr,,,,,,
oname:hdslay1_t22_otype:arr_i:4_j:12,34.18698,0.0,hdslay1_t22,4,12,hdslay1,arr,,,,,,
oname:hdslay1_t22_otype:arr_i:4_j:13,34.14773,0.0,hdslay1_t22,4,13,hdslay1,arr,,,,,,
oname:hdslay1_t22_otype:arr_i:4_j:14,34.11629,0.0,hdslay1_t22,4,14,hdslay1,arr,,,,,,
oname:hdslay1_t22_otype:arr_i:4_j:15,34.09012,0.0,hdslay1_t22,4,15,hdslay1,arr,,,,,,
oname:hdslay1_t22_otype:arr_i:4_j:16,34.07438,0.0,hdslay1_t22,4,16,hdslay1,arr,,,,,,
oname:hdslay1_t22_otype:arr_i:4_j:17,34.06311,0.0,hdslay1_t22,4,17,hdslay1,arr,,,,,,
oname:hdslay1_t22_otype:arr_i:4_j:18,34.05731,0.0,hdslay1_t22,4,18,hdslay1,arr,,,,,,
oname:hdslay1_t22_otype:arr_i:4_j:19,34.05554,0.0,hdslay1_t22,4,19,hdslay1,arr,,,,,,
oname:hdslay1_t22_otype:arr_i:4_j:2,34.69836,0.0,hdslay1_t22,4,2,hdslay1,arr,,,,,,
oname:hdslay1_t22_otype:arr_i:4_j:3,34.68186,0.0,hdslay1_t22,4,3,hdslay1,arr,,,,,,
oname:hdslay1_t22_otype:arr_i:4_j:4,34.65213,0.0,hdslay1_t22,4,4,hdslay1,arr,,,,,,
oname:hdslay1_t22_otype:arr_i:4_j:5,34.60858,0.0,hdslay1_t22,4,5,hdslay1,arr,,,,,,
oname:hdslay1_t22_otype:arr_i:4_j:6,34.54164,0.0,hdslay1_t22,4,6,hdslay1,arr,,,,,,
oname:hdslay1_t22_otype:arr_i:4_j:7,34.45776,0.0,hdslay1_t22,4,7,hdslay1,arr,,,,,,
oname:hdslay1_t22_otype:arr_i:4_j:8,34.37815,0.0,hdslay1_t22,4,8,hdslay1,arr,,,,,,
oname:hdslay1_t22_otype:arr_i:4_j:9,34.31526,0.0,hdslay1_t22,4,9,hdslay1,arr,,,,,,
oname:hdslay1_t22_otype:arr_i:5_j:0,34.69178,0.0,hdslay1_t22,5,0,hdslay1,arr,,,,,,
oname:hdslay1_t22_otype:arr_i:5_j:1,34.69026,0.0,hdslay1_t22,5,1,hdslay1,arr,,,,,,
oname:hdslay1_t22_otype:arr_i:5_j:10,34.24832,0.0,hdslay1_t22,5,10,hdslay1,arr,,,,,,
oname:hdslay1_t22_otype:arr_i:5_j:11,34.20628,0.0,hdslay1_t22,5,11,hdslay1,arr,,,,,,
oname:hdslay1_t22_otype:arr_i:5_j:12,34.16084,0.0,hdslay1_t22,5,12,hdslay1,arr,,,,,,
oname:hdslay1_t22_otype:arr_i:5_j:13,34.1191,0.0,hdslay1_t22,5,13,hdslay1,arr,,,,,,
oname:hdslay1_t22_otype:arr_i:5_j:14,34.08406,0.0,hdslay1_t22,5,14,hdslay1,arr,,,,,,
oname:hdslay1_t22_otype:arr_i:5_j:15,34.05959,0.0,hdslay1_t22,5,15,hdslay1,arr,,,,,,
oname:hdslay1_t22_otype:arr_i:5_j:16,34.04573,0.0,hdslay1_t22,5,16,hdslay1,arr,,,,,,
oname:hdslay1_t22_otype:arr_i:5_j:17,34.0353,0.0,hdslay1_t22,5,17,hdslay1,arr,,,,,,
oname:hdslay1_t22_otype:arr_i:5_j:18,34.03265,0.0,hdslay1_t22,5,18,hdslay1,arr,,,,,,
oname:hdslay1_t22_otype:arr_i:5_j:19,34.03329,0.0,hdslay1_t22,5,19,hdslay1,arr,,,,,,
oname:hdslay1_t22_otype:arr_i:5_j:2,34.68472,0.0,hdslay1_t22,5,2,hdslay1,arr,,,,,,
oname:hdslay1_t22_otype:arr_i:5_j:3,34.6713,0.0,hdslay1_t22,5,3,hdslay1,arr,,,,,,
oname:hdslay1_t22_otype:arr_i:5_j:4,34.64651,0.0,hdslay1_t22,5,4,hdslay1,arr,,,,,,
oname:hdslay1_t22_otype:arr_i:5_j:5,34.60264,0.0,hdslay1_t22,5,5,hdslay1,arr,,,,,,
oname:hdslay1_t22_otype:arr_i:5_j:6,34.53644,0.0,hdslay1_t22,5,6,hdslay1,arr,,,,,,
oname:hdslay1_t22_otype:arr_i:5_j:7,34.46189,0.0,hdslay1_t22,5,7,hdslay1,arr,,,,,,
oname:hdslay1_t22_otype:arr_i:5_j:8,34.38122,0.0,hdslay1_t22,5,8,hdslay1,arr,,,,,,
oname:hdslay1_t22_otype:arr_i:5_j:9,34.30203,0.0,hdslay1_t22,5,9,hdslay1,arr,,,,,,
oname:hdslay1_t22_otype:arr_i:6_j:0,34.67914,0.0,hdslay1_t22,6,0,hdslay1,arr,,,,,,
oname:hdslay1_t22_otype:arr_i:6_j:1,34.67757,0.0,hdslay1_t22,6,1,hdslay1,arr,,,,,,
oname:hdslay1_t22_otype:arr_i:6_j:10,34.22142,0.0,hdslay1_t22,6,10,hdslay1,arr,,,,,,
oname:hdslay1_t22_otype:arr_i:6_j:11,34.17274,0.0,hdslay1_t22,6,11,hdslay1,arr,,,,,,
oname:hdslay1_t22_otype:arr_i:6_j:12,34.11931,0.0,hdslay1_t22,6,12,hdslay1,arr,,,,,,
oname:hdslay1_t22_otype:arr_i:6_j:13,34.07136,0.0,hdslay1_t22,6,13,hdslay1,arr,,,,,,
oname:hdslay1_t22_otype:arr_i:6_j:14,34.03879,0.0,hdslay1_t22,6,14,hdslay1,arr,,,,,,
oname:hdslay1_t22_otype:arr_i:6_j:15,34.01819,0.0,hdslay1_t22,6,15,hdslay1,arr,,,,,,
oname:hdslay1_t22_otype:arr_i:6_j:16,34.00982,0.0,hdslay1_t22,6,16,hdslay1,arr,,,,,,
oname:hdslay1_t22_otype:arr_i:6_j:17,34.00167,0.0,hdslay1_t22,6,17,hdslay1,arr,,,,,,
oname:hdslay1_t22_otype:arr_i:6_j:18,33.99848,0.0,hdslay1_t22,6,18,hdslay1,arr,,,,,,
oname:hdslay1_t22_otype:arr_i:6_j:19,33.9957,0.0,hdslay1_t22,6,19,hdslay1,arr,,,,,,
oname:hdslay1_t22_otype:arr_i:6_j:2,34.67287,0.0,hdslay1_t22,6,2,hdslay1,arr,,,,,,
oname:hdslay1_t22_otype:arr_i:6_j:3,34.66446,0.0,hdslay1_t22,6,3,hdslay1,arr,,,,,,
oname:hdslay1_t22_otype:arr_i:6_j:4,34.64337,0.0,hdslay1_t22,6,4,hdslay1,arr,,,,,,
oname:hdslay1_t22_otype:arr_i:6_j:5,34.59369,0.0,hdslay1_t22,6,5,hdslay1,arr,,,,,,
oname:hdslay1_t22_otype:arr_i:6_j:6,34.52339,0.0,hdslay1_t22,6,6,hdslay1,arr,,,,,,
oname:hdslay1_t22_otype:arr_i:6_j:7,34.44927,0.0,hdslay1_t22,6,7,hdslay1,arr,,,,,,
oname:hdslay1_t22_otype:arr_i:6_j:8,34.36835,0.0,hdslay1_t22,6,8,hdslay1,arr,,,,,,
oname:hdslay1_t22_otype:arr_i:6_j:9,34.28247,0.0,hdslay1_t22,6,9,hdslay1,arr,,,,,,
oname:hdslay1_t22_otype:arr_i:7_j:0,34.6683,0.0,hdslay1_t22,7,0,hdslay1,arr,,,,,,
oname:hdslay1_t22_otype:arr_i:7_j:1,34.66748,0.0,hdslay1_t22,7,1,hdslay1,arr,,,,,,
oname:hdslay1_t22_otype:arr_i:7_j:10,34.17054,0.0,hdslay1_t22,7,10,hdslay1,arr,,,,,,
oname:hdslay1_t22_otype:arr_i:7_j:11,34.11781,0.0,hdslay1_t22,7,11,hdslay1,arr,,,,,,
oname:hdslay1_t22_otype:arr_i:7_j:12,34.05494,0.0,hdslay1_t22,7,12,hdslay1,arr,,,,,,
oname:hdslay1_t22_otype:arr_i:7_j:13,34.00603,0.0,hdslay1_t22,7,13,hdslay1,arr,,,,,,
oname:hdslay1_t22_otype:arr_i:7_j:14,33.97875,0.0,hdslay1_t22,7,14,hdslay1,arr,,,,,,
oname:hdslay1_t22_otype:arr_i:7_j:15,33.9637,0.0,hdslay1_t22,7,15,hdslay1,arr,,,,,,
oname:hdslay1_t22_otype:arr_i:7_j:16,33.95245,0.0,hdslay1_t22,7,16,hdslay1,arr,,,,,,
oname:hdslay1_t22_otype:arr_i:7_j:17,33.95564,0.0,hdslay1_t22,7,17,hdslay1,arr,,,,,,
oname:hdslay1_t22_otype:arr_i:7_j:18,33.95233,0.0,hdslay1_t22,7,18,hdslay1,arr,,,,,,
oname:hdslay1_t22_otype:arr_i:7_j:19,33.94879,0.0,hdslay1_t22,7,19,hdslay1,arr,,,,,,
oname:hdslay1_t22_otype:arr_i:7_j:2,34.66452,0.0,hdslay1_t22,7,2,hdslay1,arr,,,,,,
oname:hdslay1_t22_otype:arr_i:7_j:3,34.65889,0.0,hdslay1_t22,7,3,hdslay1,arr,,,,,,
oname:hdslay1_t22_otype:arr_i:7_j:4,34.63751,0.0,hdslay1_t22,7,4,hdslay1,arr,,,,,,
oname:hdslay1_t22_otype:arr_i:7_j:5,34.58695,0.0,hdslay1_t22,7,5,hdslay1,arr,,,,,,
oname:hdslay1_t22_otype:arr_i:7_j:6,34.52242,0.0,hdslay1_t22,7,6,hdslay1,arr,,,,,,
oname:hdslay1_t22_otype:arr_i:7_j:7,34.42977,0.0,hdslay1_t22,7,7,hdslay1,arr,,,,,,
oname:hdslay1_t22_otype:arr_i:7_j:8,34.32361,0.0,hdslay1_t22,7,8,hdslay1,arr,,,,,,
oname:hdslay1_t22_otype:arr_i:7_j:9,34.22962,0.0,hdslay1_t22,7,9,hdslay1,arr,,,,,,
oname:hdslay1_t22_otype:arr_i:8_j:0,34.6574,0.0,hdslay1_t22,8,0,hdslay1,arr,,,,,,
oname:hdslay1_t22_otype:arr_i:8_j:1,34.65684,0.0,hdslay1_t22,8,1,hdslay1,arr,,,,,,
oname:hdslay1_t22_otype:arr_i:8_j:10,34.09407,0.0,hdslay1_t22,8,10,hdslay1,arr,,,,,,
oname:hdslay1_t22_otype:arr_i:8_j:11,34.03334,0.0,hdslay1_t22,8,11,hdslay1,arr,,,,,,
oname:hdslay1_t22_otype:arr_i:8_j:12,33.966,0.0,hdslay1_t22,8,12,hdslay1,arr,,,,,,
oname:hdslay1_t22_otype:arr_i:8_j:13,33.92875,0.0,hdslay1_t22,8,13,hdslay1,arr,,,,,,
oname:hdslay1_t22_otype:arr_i:8_j:14,33.90827,0.0,hdslay1_t22,8,14,hdslay1,arr,,,,,,
oname:hdslay1_t22_otype:arr_i:8_j:15,33.89976,0.0,hdslay1_t22,8,15,hdslay1,arr,,,,,,
oname:hdslay1_t22_otype:arr_i:8_j:16,33.88315,0.0,hdslay1_t22,8,16,hdslay1,arr,,,,,,
oname:hdslay1_t22_otype:arr_i:8_j:17,33.89467,0.0,hdslay1_t22,8,17,hdslay1,arr,,,,,,
oname:hdslay1_t22_otype:arr_i:8_j:18,33.90397,0.0,hdslay1_t22,8,18,hdslay1,arr,,,,,,
oname:hdslay1_t22_otype:arr_i:8_j:19,33.90535,0.0,hdslay1_t22,8,19,hdslay1,arr,,,,,,
oname:hdslay1_t22_otype:arr_i:8_j:2,34.65726,0.0,hdslay1_t22,8,2,hdslay1,arr,,,,,,
oname:hdslay1_t22_otype:arr_i:8_j:3,34.65507,0.0,hdslay1_t22,8,3,hdslay1,arr,,,,,,
oname:hdslay1_t22_otype:arr_i:8_j:4,1e+30,0.0,hdslay1_t22,8,4,hdslay1,arr,,,,,,
oname:hdslay1_t22_otype:arr_i:8_j:5,1e+30,0.0,hdslay1_t22,8,5,hdslay1,arr,,,,,,
oname:hdslay1_t22_otype:arr_i:8_j:6,1e+30,0.0,hdslay1_t22,8,6,hdslay1,arr,,,,,,
oname:hdslay1_t22_otype:arr_i:8_j:7,34.34824,0.0,hdslay1_t22,8,7,hdslay1,arr,,,,,,
oname:hdslay1_t22_otype:arr_i:8_j:8,34.22949,0.0,hdslay1_t22,8,8,hdslay1,arr,,,,,,
oname:hdslay1_t22_otype:arr_i:8_j:9,34.1512,0.0,hdslay1_t22,8,9,hdslay1,arr,,,,,,
oname:hdslay1_t22_otype:arr_i:9_j:0,34.64297,0.0,hdslay1_t22,9,0,hdslay1,arr,,,,,,
oname:hdslay1_t22_otype:arr_i:9_j:1,34.64037,0.0,hdslay1_t22,9,1,hdslay1,arr,,,,,,
oname:hdslay1_t22_otype:arr_i:9_j:10,34.00366,0.0,hdslay1_t22,9,10,hdslay1,arr,,,,,,
oname:hdslay1_t22_otype:arr_i:9_j:11,33.94029,0.0,hdslay1_t22,9,11,hdslay1,arr,,,,,,
oname:hdslay1_t22_otype:arr_i:9_j:12,33.88234,0.0,hdslay1_t22,9,12,hdslay1,arr,,,,,,
oname:hdslay1_t22_otype:arr_i:9_j:13,33.85619,0.0,hdslay1_t22,9,13,hdslay1,arr,,,,,,
oname:hdslay1_t22_otype:arr_i:9_j:14,33.84923,0.0,hdslay1_t22,9,14,hdslay1,arr,,,,,,
oname:hdslay1_t22_otype:arr_i:9_j:15,33.84606,0.0,hdslay1_t22,9,15,hdslay1,arr,,,,,,
oname:hdslay1_t22_otype:arr_i:9_j:16,33.79409,0.0,hdslay1_t22,9,16,hdslay1,arr,,,,,,
oname:hdslay1_t22_otype:arr_i:9_j:17,33.8442,0.0,hdslay1_t22,9,17,hdslay1,arr,,,,,,
oname:hdslay1_t22_otype:arr_i:9_j:18,33.86342,0.0,hdslay1_t22,9,18,hdslay1,arr,,,,,,
oname:hdslay1_t22_otype:arr_i:9_j:19,33.87054,0.0,hdslay1_t22,9,19,hdslay1,arr,,,,,,
oname:hdslay1_t22_otype:arr_i:9_j:2,34.64132,0.0,hdslay1_t22,9,2,hdslay1,arr,,,,,,
oname:hdslay1_t22_otype:arr_i:9_j:3,34.63764,0.0,hdslay1_t22,9,3,hdslay1,arr,,,,,,
oname:hdslay1_t22_otype:arr_i:9_j:4,1e+30,0.0,hdslay1_t22,9,4,hdslay1,arr,,,,,,
oname:hdslay1_t22_otype:arr_i:9_j:5,1e+30,0.0,hdslay1_t22,9,5,hdslay1,arr,,,,,,
oname:hdslay1_t22_otype:arr_i:9_j:6,1e+30,0.0,hdslay1_t22,9,6,hdslay1,arr,,,,,,
oname:hdslay1_t22_otype:arr_i:9_j:7,1e+30,0.0,hdslay1_t22,9,7,hdslay1,arr,,,,,,
oname:hdslay1_t22_otype:arr_i:9_j:8,34.08042,0.0,hdslay1_t22,9,8,hdslay1,arr,,,,,,
oname:hdslay1_t22_otype:arr_i:9_j:9,34.04417,0.0,hdslay1_t22,9,9,hdslay1,arr,,,,,,
oname:hdslay1_t23_otype:arr_i:0_j:0,34.58205,0.0,hdslay1_t23,0,0,hdslay1,arr,,,,,,
oname:hdslay1_t23_otype:arr_i:0_j:1,34.57426,0.0,hdslay1_t23,0,1,hdslay1,arr,,,,,,
oname:hdslay1_t23_otype:arr_i:0_j:10,34.20849,0.0,hdslay1_t23,0,10,hdslay1,arr,,,,,,
oname:hdslay1_t23_otype:arr_i:0_j:11,34.1791,0.0,hdslay1_t23,0,11,hdslay1,arr,,,,,,
oname:hdslay1_t23_otype:arr_i:0_j:12,34.15703,0.0,hdslay1_t23,0,12,hdslay1,arr,,,,,,
oname:hdslay1_t23_otype:arr_i:0_j:13,34.13689,0.0,hdslay1_t23,0,13,hdslay1,arr,,,,,,
oname:hdslay1_t23_otype:arr_i:0_j:14,34.11799,0.0,hdslay1_t23,0,14,hdslay1,arr,,,,,,
oname:hdslay1_t23_otype:arr_i:0_j:15,34.09834,0.0,hdslay1_t23,0,15,hdslay1,arr,,,,,,
oname:hdslay1_t23_otype:arr_i:0_j:16,34.08737,0.0,hdslay1_t23,0,16,hdslay1,arr,,,,,,
oname:hdslay1_t23_otype:arr_i:0_j:17,34.07692,0.0,hdslay1_t23,0,17,hdslay1,arr,,,,,,
oname:hdslay1_t23_otype:arr_i:0_j:18,34.06826,0.0,hdslay1_t23,0,18,hdslay1,arr,,,,,,
oname:hdslay1_t23_otype:arr_i:0_j:19,34.06419,0.0,hdslay1_t23,0,19,hdslay1,arr,,,,,,
oname:hdslay1_t23_otype:arr_i:0_j:2,34.55922,0.0,hdslay1_t23,0,2,hdslay1,arr,,,,,,
oname:hdslay1_t23_otype:arr_i:0_j:3,34.54037,0.0,hdslay1_t23,0,3,hdslay1,arr,,,,,,
oname:hdslay1_t23_otype:arr_i:0_j:4,34.50936,0.0,hdslay1_t23,0,4,hdslay1,arr,,,,,,
oname:hdslay1_t23_otype:arr_i:0_j:5,34.45656,0.0,hdslay1_t23,0,5,hdslay1,arr,,,,,,
oname:hdslay1_t23_otype:arr_i:0_j:6,34.39196,0.0,hdslay1_t23,0,6,hdslay1,arr,,,,,,
oname:hdslay1_t23_otype:arr_i:0_j:7,34.33296,0.0,hdslay1_t23,0,7,hdslay1,arr,,,,,,
oname:hdslay1_t23_otype:arr_i:0_j:8,34.28267,0.0,hdslay1_t23,0,8,hdslay1,arr,,,,,,
oname:hdslay1_t23_otype:arr_i:0_j:9,34.24175,0.0,hdslay1_t23,0,9,hdslay1,arr,,,,,,
oname:hdslay1_t23_otype:arr_i:10_j:0,34.44206,0.0,hdslay1_t23,10,0,hdslay1,arr,,,,,,
oname:hdslay1_t23_otype:arr_i:10_j:1,34.43982,0.0,hdslay1_t23,10,1,hdslay1,arr,,,,,,
oname:hdslay1_t23_otype:arr_i:10_j:10,33.84973,0.0,hdslay1_t23,10,10,hdslay1,arr,,,,,,
oname:hdslay1_t23_otype:arr_i:10_j:11,33.80217,0.0,hdslay1_t23,10,11,hdslay1,arr,,,,,,
oname:hdslay1_t23_otype:arr_i:10_j:12,33.75863,0.0,hdslay1_t23,10,12,hdslay1,arr,,,,,,
oname:hdslay1_t23_otype:arr_i:10_j:13,33.7349,0.0,hdslay1_t23,10,13,hdslay1,arr,,,,,,
oname:hdslay1_t23_otype:arr_i:10_j:14,33.76254,0.0,hdslay1_t23,10,14,hdslay1,arr,,,,,,
oname:hdslay1_t23_otype:arr_i:10_j:15,33.77994,0.0,hdslay1_t23,10,15,hdslay1,arr,,,,,,
oname:hdslay1_t23_otype:arr_i:10_j:16,33.7756,0.0,hdslay1_t23,10,16,hdslay1,arr,,,,,,
oname:hdslay1_t23_otype:arr_i:10_j:17,33.78774,0.0,hdslay1_t23,10,17,hdslay1,arr,,,,,,
oname:hdslay1_t23_otype:arr_i:10_j:18,33.79668,0.0,hdslay1_t23,10,18,hdslay1,arr,,,,,,
oname:hdslay1_t23_otype:arr_i:10_j:19,33.8015,0.0,hdslay1_t23,10,19,hdslay1,arr,,,,,,
oname:hdslay1_t23_otype:arr_i:10_j:2,34.43843,0.0,hdslay1_t23,10,2,hdslay1,arr,,,,,,
oname:hdslay1_t23_otype:arr_i:10_j:3,34.4349,0.0,hdslay1_t23,10,3,hdslay1,arr,,,,,,
oname:hdslay1_t23_otype:arr_i:10_j:4,1e+30,0.0,hdslay1_t23,10,4,hdslay1,arr,,,,,,
oname:hdslay1_t23_otype:arr_i:10_j:5,1e+30,0.0,hdslay1_t23,10,5,hdslay1,arr,,,,,,
oname:hdslay1_t23_otype:arr_i:10_j:6,1e+30,0.0,hdslay1_t23,10,6,hdslay1,arr,,,,,,
oname:hdslay1_t23_otype:arr_i:10_j:7,1e+30,0.0,hdslay1_t23,10,7,hdslay1,arr,,,,,,
oname:hdslay1_t23_otype:arr_i:10_j:8,33.88831,0.0,hdslay1_t23,10,8,hdslay1,arr,,,,,,
oname:hdslay1_t23_otype:arr_i:10_j:9,33.87268,0.0,hdslay1_t23,10,9,hdslay1,arr,,,,,,
oname:hdslay1_t23_otype:arr_i:11_j:0,34.39428,0.0,hdslay1_t23,11,0,hdslay1,arr,,,,,,
oname:hdslay1_t23_otype:arr_i:11_j:1,34.39315,0.0,hdslay1_t23,11,1,hdslay1,arr,,,,,,
oname:hdslay1_t23_otype:arr_i:11_j:10,33.79197,0.0,hdslay1_t23,11,10,hdslay1,arr,,,,,,
oname:hdslay1_t23_otype:arr_i:11_j:11,33.75692,0.0,hdslay1_t23,11,11,hdslay1,arr,,,,,,
oname:hdslay1_t23_otype:arr_i:11_j:12,33.70984,0.0,hdslay1_t23,11,12,hdslay1,arr,,,,,,
oname:hdslay1_t23_otype:arr_i:11_j:13,33.62717,0.0,hdslay1_t23,11,13,hdslay1,arr,,,,,,
oname:hdslay1_t23_otype:arr_i:11_j:14,33.73064,0.0,hdslay1_t23,11,14,hdslay1,arr,,,,,,
oname:hdslay1_t23_otype:arr_i:11_j:15,33.77155,0.0,hdslay1_t23,11,15,hdslay1,arr,,,,,,
oname:hdslay1_t23_otype:arr_i:11_j:16,33.77624,0.0,hdslay1_t23,11,16,hdslay1,arr,,,,,,
oname:hdslay1_t23_otype:arr_i:11_j:17,33.78305,0.0,hdslay1_t23,11,17,hdslay1,arr,,,,,,
oname:hdslay1_t23_otype:arr_i:11_j:18,33.78902,0.0,hdslay1_t23,11,18,hdslay1,arr,,,,,,
oname:hdslay1_t23_otype:arr_i:11_j:19,33.79225,0.0,hdslay1_t23,11,19,hdslay1,arr,,,,,,
oname:hdslay1_t23_otype:arr_i:11_j:2,34.3923,0.0,hdslay1_t23,11,2,hdslay1,arr,,,,,,
oname:hdslay1_t23_otype:arr_i:11_j:3,34.39523,0.0,hdslay1_t23,11,3,hdslay1,arr,,,,,,
oname:hdslay1_t23_otype:arr_i:11_j:4,1e+30,0.0,hdslay1_t23,11,4,hdslay1,arr,,,,,,
oname:hdslay1_t23_otype:arr_i:11_j:5,1e+30,0.0,hdslay1_t23,11,5,hdslay1,arr,,,,,,
oname:hdslay1_t23_otype:arr_i:11_j:6,1e+30,0.0,hdslay1_t23,11,6,hdslay1,arr,,,,,,
oname:hdslay1_t23_otype:arr_i:11_j:7,1e+30,0.0,hdslay1_t23,11,7,hdslay1,arr,,,,,,
oname:hdslay1_t23_otype:arr_i:11_j:8,33.8218,0.0,hdslay1_t23,11,8,hdslay1,arr,,,,,,
oname:hdslay1_t23_otype:arr_i:11_j:9,33.81223,0.0,hdslay1_t23,11,9,hdslay1,arr,,,,,,
oname:hdslay1_t23_otype:arr_i:12_j:0,34.3443,0.0,hdslay1_t23,12,0,hdslay1,arr,,,,,,
oname:hdslay1_t23_otype:arr_i:12_j:1,34.34246,0.0,hdslay1_t23,12,1,hdslay1,arr,,,,,,
oname:hdslay1_t23_otype:arr_i:12_j:10,33.75951,0.0,hdslay1_t23,12,10,hdslay1,arr,,,,,,
oname:hdslay1_t23_otype:arr_i:12_j:11,33.7403,0.0,hdslay1_t23,12,11,hdslay1,arr,,,,,,
oname:hdslay1_t23_otype:arr_i:12_j:12,33.71557,0.0,hdslay1_t23,12,12,hdslay1,arr,,,,,,
oname:hdslay1_t23_otype:arr_i:12_j:13,33.69805,0.0,hdslay1_t23,12,13,hdslay1,arr,,,,,,
oname:hdslay1_t23_otype:arr_i:12_j:14,33.73713,0.0,hdslay1_t23,12,14,hdslay1,arr,,,,,,
oname:hdslay1_t23_otype:arr_i:12_j:15,33.77007,0.0,hdslay1_t23,12,15,hdslay1,arr,,,,,,
oname:hdslay1_t23_otype:arr_i:12_j:16,33.77385,0.0,hdslay1_t23,12,16,hdslay1,arr,,,,,,
oname:hdslay1_t23_otype:arr_i:12_j:17,33.77818,0.0,hdslay1_t23,12,17,hdslay1,arr,,,,,,
oname:hdslay1_t23_otype:arr_i:12_j:18,33.78229,0.0,hdslay1_t23,12,18,hdslay1,arr,,,,,,
oname:hdslay1_t23_otype:arr_i:12_j:19,33.78467,0.0,hdslay1_t23,12,19,hdslay1,arr,,,,,,
oname:hdslay1_t23_otype:arr_i:12_j:2,34.34442,0.0,hdslay1_t23,12,2,hdslay1,arr,,,,,,
oname:hdslay1_t23_otype:arr_i:12_j:3,34.3466,0.0,hdslay1_t23,12,3,hdslay1,arr,,,,,,
oname:hdslay1_t23_otype:arr_i:12_j:4,1e+30,0.0,hdslay1_t23,12,4,hdslay1,arr,,,,,,
oname:hdslay1_t23_otype:arr_i:12_j:5,1e+30,0.0,hdslay1_t23,12,5,hdslay1,arr,,,,,,
oname:hdslay1_t23_otype:arr_i:12_j:6,1e+30,0.0,hdslay1_t23,12,6,hdslay1,arr,,,,,,
oname:hdslay1_t23_otype:arr_i:12_j:7,1e+30,0.0,hdslay1_t23,12,7,hdslay1,arr,,,,,,
oname:hdslay1_t23_otype:arr_i:12_j:8,33.78,0.0,hdslay1_t23,12,8,hdslay1,arr,,,,,,
oname:hdslay1_t23_otype:arr_i:12_j:9,33.77057,0.0,hdslay1_t23,12,9,hdslay1,arr,,,,,,
oname:hdslay1_t23_otype:arr_i:13_j:0,34.28837,0.0,hdslay1_t23,13,0,hdslay1,arr,,,,,,
oname:hdslay1_t23_otype:arr_i:13_j:1,34.29243,0.0,hdslay1_t23,13,1,hdslay1,arr,,,,,,
oname:hdslay1_t23_otype:arr_i:13_j:10,33.73678,0.0,hdslay1_t23,13,10,hdslay1,arr,,,,,,
oname:hdslay1_t23_otype:arr_i:13_j:11,33.72824,0.0,hdslay1_t23,13,11,hdslay1,arr,,,,,,
oname:hdslay1_t23_otype:arr_i:13_j:12,33.71758,0.0,hdslay1_t23,13,12,hdslay1,arr,,,,,,
oname:hdslay1_t23_otype:arr_i:13_j:13,33.71801,0.0,hdslay1_t23,13,13,hdslay1,arr,,,,,,
oname:hdslay1_t23_otype:arr_i:13_j:14,33.74175,0.0,hdslay1_t23,13,14,hdslay1,arr,,,,,,
oname:hdslay1_t23_otype:arr_i:13_j:15,33.76901,0.0,hdslay1_t23,13,15,hdslay1,arr,,,,,,
oname:hdslay1_t23_otype:arr_i:13_j:16,33.76889,0.0,hdslay1_t23,13,16,hdslay1,arr,,,,,,
oname:hdslay1_t23_otype:arr_i:13_j:17,33.77171,0.0,hdslay1_t23,13,17,hdslay1,arr,,,,,,
oname:hdslay1_t23_otype:arr_i:13_j:18,33.7744,0.0,hdslay1_t23,13,18,hdslay1,arr,,,,,,
oname:hdslay1_t23_otype:arr_i:13_j:19,33.77692,0.0,hdslay1_t23,13,19,hdslay1,arr,,,,,,
oname:hdslay1_t23_otype:arr_i:13_j:2,34.29554,0.0,hdslay1_t23,13,2,hdslay1,arr,,,,,,
oname:hdslay1_t23_otype:arr_i:13_j:3,34.29494,0.0,hdslay1_t23,13,3,hdslay1,arr,,,,,,
oname:hdslay1_t23_otype:arr_i:13_j:4,1e+30,0.0,hdslay1_t23,13,4,hdslay1,arr,,,,,,
oname:hdslay1_t23_otype:arr_i:13_j:5,1e+30,0.0,hdslay1_t23,13,5,hdslay1,arr,,,,,,
oname:hdslay1_t23_otype:arr_i:13_j:6,1e+30,0.0,hdslay1_t23,13,6,hdslay1,arr,,,,,,
oname:hdslay1_t23_otype:arr_i:13_j:7,1e+30,0.0,hdslay1_t23,13,7,hdslay1,arr,,,,,,
oname:hdslay1_t23_otype:arr_i:13_j:8,33.74232,0.0,hdslay1_t23,13,8,hdslay1,arr,,,,,,
oname:hdslay1_t23_otype:arr_i:13_j:9,33.73818,0.0,hdslay1_t23,13,9,hdslay1,arr,,,,,,
oname:hdslay1_t23_otype:arr_i:14_j:0,34.21591,0.0,hdslay1_t23,14,0,hdslay1,arr,,,,,,
oname:hdslay1_t23_otype:arr_i:14_j:1,34.22606,0.0,hdslay1_t23,14,1,hdslay1,arr,,,,,,
oname:hdslay1_t23_otype:arr_i:14_j:10,33.7113,0.0,hdslay1_t23,14,10,hdslay1,arr,,,,,,
oname:hdslay1_t23_otype:arr_i:14_j:11,33.70614,0.0,hdslay1_t23,14,11,hdslay1,arr,,,,,,
oname:hdslay1_t23_otype:arr_i:14_j:12,33.70586,0.0,hdslay1_t23,14,12,hdslay1,arr,,,,,,
oname:hdslay1_t23_otype:arr_i:14_j:13,33.71414,0.0,hdslay1_t23,14,13,hdslay1,arr,,,,,,
oname:hdslay1_t23_otype:arr_i:14_j:14,33.73456,0.0,hdslay1_t23,14,14,hdslay1,arr,,,,,,
oname:hdslay1_t23_otype:arr_i:14_j:15,33.75957,0.0,hdslay1_t23,14,15,hdslay1,arr,,,,,,
oname:hdslay1_t23_otype:arr_i:14_j:16,33.76086,0.0,hdslay1_t23,14,16,hdslay1,arr,,,,,,
oname:hdslay1_t23_otype:arr_i:14_j:17,33.7624,0.0,hdslay1_t23,14,17,hdslay1,arr,,,,,,
oname:hdslay1_t23_otype:arr_i:14_j:18,33.76433,0.0,hdslay1_t23,14,18,hdslay1,arr,,,,,,
oname:hdslay1_t23_otype:arr_i:14_j:19,33.76627,0.0,hdslay1_t23,14,19,hdslay1,arr,,,,,,
oname:hdslay1_t23_otype:arr_i:14_j:2,34.22786,0.0,hdslay1_t23,14,2,hdslay1,arr,,,,,,
oname:hdslay1_t23_otype:arr_i:14_j:3,34.22856,0.0,hdslay1_t23,14,3,hdslay1,arr,,,,,,
oname:hdslay1_t23_otype:arr_i:14_j:4,1e+30,0.0,hdslay1_t23,14,4,hdslay1,arr,,,,,,
oname:hdslay1_t23_otype:arr_i:14_j:5,1e+30,0.0,hdslay1_t23,14,5,hdslay1,arr,,,,,,
oname:hdslay1_t23_otype:arr_i:14_j:6,1e+30,0.0,hdslay1_t23,14,6,hdslay1,arr,,,,,,
oname:hdslay1_t23_otype:arr_i:14_j:7,1e+30,0.0,hdslay1_t23,14,7,hdslay1,arr,,,,,,
oname:hdslay1_t23_otype:arr_i:14_j:8,33.70782,0.0,hdslay1_t23,14,8,hdslay1,arr,,,,,,
oname:hdslay1_t23_otype:arr_i:14_j:9,33.71039,0.0,hdslay1_t23,14,9,hdslay1,arr,,,,,,
oname:hdslay1_t23_otype:arr_i:15_j:0,34.14819,0.0,hdslay1_t23,15,0,hdslay1,arr,,,,,,
oname:hdslay1_t23_otype:arr_i:15_j:1,34.15482,0.0,hdslay1_t23,15,1,hdslay1,arr,,,,,,
oname:hdslay1_t23_otype:arr_i:15_j:10,33.67514,0.0,hdslay1_t23,15,10,hdslay1,arr,,,,,,
oname:hdslay1_t23_otype:arr_i:15_j:11,33.67353,0.0,hdslay1_t23,15,11,hdslay1,arr,,,,,,
oname:hdslay1_t23_otype:arr_i:15_j:12,33.68174,0.0,hdslay1_t23,15,12,hdslay1,arr,,,,,,
oname:hdslay1_t23_otype:arr_i:15_j:13,33.69427,0.0,hdslay1_t23,15,13,hdslay1,arr,,,,,,
oname:hdslay1_t23_otype:arr_i:15_j:14,33.71786,0.0,hdslay1_t23,15,14,hdslay1,arr,,,,,,
oname:hdslay1_t23_otype:arr_i:15_j:15,33.7451,0.0,hdslay1_t23,15,15,hdslay1,arr,,,,,,
oname:hdslay1_t23_otype:arr_i:15_j:16,33.74756,0.0,hdslay1_t23,15,16,hdslay1,arr,,,,,,
oname:hdslay1_t23_otype:arr_i:15_j:17,33.74988,0.0,hdslay1_t23,15,17,hdslay1,arr,,,,,,
oname:hdslay1_t23_otype:arr_i:15_j:18,33.75141,0.0,hdslay1_t23,15,18,hdslay1,arr,,,,,,
oname:hdslay1_t23_otype:arr_i:15_j:19,33.75191,0.0,hdslay1_t23,15,19,hdslay1,arr,,,,,,
oname:hdslay1_t23_otype:arr_i:15_j:2,34.1485,0.0,hdslay1_t23,15,2,hdslay1,arr,,,,,,
oname:hdslay1_t23_otype:arr_i:15_j:3,34.14366,0.0,hdslay1_t23,15,3,hdslay1,arr,,,,,,
oname:hdslay1_t23_otype:arr_i:15_j:4,1e+30,0.0,hdslay1_t23,15,4,hdslay1,arr,,,,,,
oname:hdslay1_t23_otype:arr_i:15_j:5,1e+30,0.0,hdslay1_t23,15,5,hdslay1,arr,,,,,,
oname:hdslay1_t23_otype:arr_i:15_j:6,1e+30,0.0,hdslay1_t23,15,6,hdslay1,arr,,,,,,
oname:hdslay1_t23_otype:arr_i:15_j:7,1e+30,0.0,hdslay1_t23,15,7,hdslay1,arr,,,,,,
oname:hdslay1_t23_otype:arr_i:15_j:8,33.67305,0.0,hdslay1_t23,15,8,hdslay1,arr,,,,,,
oname:hdslay1_t23_otype:arr_i:15_j:9,33.6735,0.0,hdslay1_t23,15,9,hdslay1,arr,,,,,,
oname:hdslay1_t23_otype:arr_i:16_j:0,34.08202,0.0,hdslay1_t23,16,0,hdslay1,arr,,,,,,
oname:hdslay1_t23_otype:arr_i:16_j:1,34.07399,0.0,hdslay1_t23,16,1,hdslay1,arr,,,,,,
oname:hdslay1_t23_otype:arr_i:16_j:10,33.62227,0.0,hdslay1_t23,16,10,hdslay1,arr,,,,,,
oname:hdslay1_t23_otype:arr_i:16_j:11,33.62676,0.0,hdslay1_t23,16,11,hdslay1,arr,,,,,,
oname:hdslay1_t23_otype:arr_i:16_j:12,33.64038,0.0,hdslay1_t23,16,12,hdslay1,arr,,,,,,
oname:hdslay1_t23_otype:arr_i:16_j:13,33.66106,0.0,hdslay1_t23,16,13,hdslay1,arr,,,,,,
oname:hdslay1_t23_otype:arr_i:16_j:14,33.68616,0.0,hdslay1_t23,16,14,hdslay1,arr,,,,,,
oname:hdslay1_t23_otype:arr_i:16_j:15,33.71989,0.0,hdslay1_t23,16,15,hdslay1,arr,,,,,,
oname:hdslay1_t23_otype:arr_i:16_j:16,33.7234,0.0,hdslay1_t23,16,16,hdslay1,arr,,,,,,
oname:hdslay1_t23_otype:arr_i:16_j:17,33.72591,0.0,hdslay1_t23,16,17,hdslay1,arr,,,,,,
oname:hdslay1_t23_otype:arr_i:16_j:18,33.72869,0.0,hdslay1_t23,16,18,hdslay1,arr,,,,,,
oname:hdslay1_t23_otype:arr_i:16_j:19,33.73095,0.0,hdslay1_t23,16,19,hdslay1,arr,,,,,,
oname:hdslay1_t23_otype:arr_i:16_j:2,34.0632,0.0,hdslay1_t23,16,2,hdslay1,arr,,,,,,
oname:hdslay1_t23_otype:arr_i:16_j:3,34.06279,0.0,hdslay1_t23,16,3,hdslay1,arr,,,,,,
oname:hdslay1_t23_otype:arr_i:16_j:4,1e+30,0.0,hdslay1_t23,16,4,hdslay1,arr,,,,,,
oname:hdslay1_t23_otype:arr_i:16_j:5,1e+30,0.0,hdslay1_t23,16,5,hdslay1,arr,,,,,,
oname:hdslay1_t23_otype:arr_i:16_j:6,1e+30,0.0,hdslay1_t23,16,6,hdslay1,arr,,,,,,
oname:hdslay1_t23_otype:arr_i:16_j:7,1e+30,0.0,hdslay1_t23,16,7,hdslay1,arr,,,,,,
oname:hdslay1_t23_otype:arr_i:16_j:8,33.62311,0.0,hdslay1_t23,16,8,hdslay1,arr,,,,,,
oname:hdslay1_t23_otype:arr_i:16_j:9,33.62447,0.0,hdslay1_t23,16,9,hdslay1,arr,,,,,,
oname:hdslay1_t23_otype:arr_i:17_j:0,33.99724,0.0,hdslay1_t23,17,0,hdslay1,arr,,,,,,
oname:hdslay1_t23_otype:arr_i:17_j:1,33.98977,0.0,hdslay1_t23,17,1,hdslay1,arr,,,,,,
oname:hdslay1_t23_otype:arr_i:17_j:10,33.56404,0.0,hdslay1_t23,17,10,hdslay1,arr,,,,,,
oname:hdslay1_t23_otype:arr_i:17_j:11,33.56959,0.0,hdslay1_t23,17,11,hdslay1,arr,,,,,,
oname:hdslay1_t23_otype:arr_i:17_j:12,33.57786,0.0,hdslay1_t23,17,12,hdslay1,arr,,,,,,
oname:hdslay1_t23_otype:arr_i:17_j:13,33.6039,0.0,hdslay1_t23,17,13,hdslay1,arr,,,,,,
oname:hdslay1_t23_otype:arr_i:17_j:14,33.63415,0.0,hdslay1_t23,17,14,hdslay1,arr,,,,,,
oname:hdslay1_t23_otype:arr_i:17_j:15,33.68564,0.0,hdslay1_t23,17,15,hdslay1,arr,,,,,,
oname:hdslay1_t23_otype:arr_i:17_j:16,33.68847,0.0,hdslay1_t23,17,16,hdslay1,arr,,,,,,
oname:hdslay1_t23_otype:arr_i:17_j:17,33.69307,0.0,hdslay1_t23,17,17,hdslay1,arr,,,,,,
oname:hdslay1_t23_otype:arr_i:17_j:18,33.69979,0.0,hdslay1_t23,17,18,hdslay1,arr,,,,,,
oname:hdslay1_t23_otype:arr_i:17_j:19,33.70174,0.0,hdslay1_t23,17,19,hdslay1,arr,,,,,,
oname:hdslay1_t23_otype:arr_i:17_j:2,33.99269,0.0,hdslay1_t23,17,2,hdslay1,arr,,,,,,
oname:hdslay1_t23_otype:arr_i:17_j:3,34.00298,0.0,hdslay1_t23,17,3,hdslay1,arr,,,,,,
oname:hdslay1_t23_otype:arr_i:17_j:4,1e+30,0.0,hdslay1_t23,17,4,hdslay1,arr,,,,,,
oname:hdslay1_t23_otype:arr_i:17_j:5,1e+30,0.0,hdslay1_t23,17,5,hdslay1,arr,,,,,,
oname:hdslay1_t23_otype:arr_i:17_j:6,1e+30,0.0,hdslay1_t23,17,6,hdslay1,arr,,,,,,
oname:hdslay1_t23_otype:arr_i:17_j:7,1e+30,0.0,hdslay1_t23,17,7,hdslay1,arr,,,,,,
oname:hdslay1_t23_otype:arr_i:17_j:8,33.56781,0.0,hdslay1_t23,17,8,hdslay1,arr,,,,,,
oname:hdslay1_t23_otype:arr_i:17_j:9,33.56755,0.0,hdslay1_t23,17,9,hdslay1,arr,,,,,,
oname:hdslay1_t23_otype:arr_i:18_j:0,33.90291,0.0,hdslay1_t23,18,0,hdslay1,arr,,,,,,
oname:hdslay1_t23_otype:arr_i:18_j:1,33.90528,0.0,hdslay1_t23,18,1,hdslay1,arr,,,,,,
oname:hdslay1_t23_otype:arr_i:18_j:10,33.51497,0.0,hdslay1_t23,18,10,hdslay1,arr,,,,,,
oname:hdslay1_t23_otype:arr_i:18_j:11,33.51407,0.0,hdslay1_t23,18,11,hdslay1,arr,,,,,,
oname:hdslay1_t23_otype:arr_i:18_j:12,33.51727,0.0,hdslay1_t23,18,12,hdslay1,arr,,,,,,
oname:hdslay1_t23_otype:arr_i:18_j:13,33.53097,0.0,hdslay1_t23,18,13,hdslay1,arr,,,,,,
oname:hdslay1_t23_otype:arr_i:18_j:14,33.5581,0.0,hdslay1_t23,18,14,hdslay1,arr,,,,,,
oname:hdslay1_t23_otype:arr_i:18_j:15,33.64229,0.0,hdslay1_t23,18,15,hdslay1,arr,,,,,,
oname:hdslay1_t23_otype:arr_i:18_j:16,33.64772,0.0,hdslay1_t23,18,16,hdslay1,arr,,,,,,
oname:hdslay1_t23_otype:arr_i:18_j:17,33.65787,0.0,hdslay1_t23,18,17,hdslay1,arr,,,,,,
oname:hdslay1_t23_otype:arr_i:18_j:18,33.66797,0.0,hdslay1_t23,18,18,hdslay1,arr,,,,,,
oname:hdslay1_t23_otype:arr_i:18_j:19,33.6714,0.0,hdslay1_t23,18,19,hdslay1,arr,,,,,,
oname:hdslay1_t23_otype:arr_i:18_j:2,33.91623,0.0,hdslay1_t23,18,2,hdslay1,arr,,,,,,
oname:hdslay1_t23_otype:arr_i:18_j:3,33.93353,0.0,hdslay1_t23,18,3,hdslay1,arr,,,,,,
oname:hdslay1_t23_otype:arr_i:18_j:4,1e+30,0.0,hdslay1_t23,18,4,hdslay1,arr,,,,,,
oname:hdslay1_t23_otype:arr_i:18_j:5,1e+30,0.0,hdslay1_t23,18,5,hdslay1,arr,,,,,,
oname:hdslay1_t23_otype:arr_i:18_j:6,1e+30,0.0,hdslay1_t23,18,6,hdslay1,arr,,,,,,
oname:hdslay1_t23_otype:arr_i:18_j:7,1e+30,0.0,hdslay1_t23,18,7,hdslay1,arr,,,,,,
oname:hdslay1_t23_otype:arr_i:18_j:8,33.51812,0.0,hdslay1_t23,18,8,hdslay1,arr,,,,,,
oname:hdslay1_t23_otype:arr_i:18_j:9,33.51543,0.0,hdslay1_t23,18,9,hdslay1,arr,,,,,,
oname:hdslay1_t23_otype:arr_i:19_j:0,33.81097,0.0,hdslay1_t23,19,0,hdslay1,arr,,,,,,
oname:hdslay1_t23_otype:arr_i:19_j:1,33.81096,0.0,hdslay1_t23,19,1,hdslay1,arr,,,,,,
oname:hdslay1_t23_otype:arr_i:19_j:10,33.47346,0.0,hdslay1_t23,19,10,hdslay1,arr,,,,,,
oname:hdslay1_t23_otype:arr_i:19_j:11,33.46712,0.0,hdslay1_t23,19,11,hdslay1,arr,,,,,,
oname:hdslay1_t23_otype:arr_i:19_j:12,33.4653,0.0,hdslay1_t23,19,12,hdslay1,arr,,,,,,
oname:hdslay1_t23_otype:arr_i:19_j:13,33.45567,0.0,hdslay1_t23,19,13,hdslay1,arr,,,,,,
oname:hdslay1_t23_otype:arr_i:19_j:14,33.44586,0.0,hdslay1_t23,19,14,hdslay1,arr,,,,,,
oname:hdslay1_t23_otype:arr_i:19_j:15,33.58699,0.0,hdslay1_t23,19,15,hdslay1,arr,,,,,,
oname:hdslay1_t23_otype:arr_i:19_j:16,33.60739,0.0,hdslay1_t23,19,16,hdslay1,arr,,,,,,
oname:hdslay1_t23_otype:arr_i:19_j:17,33.61955,0.0,hdslay1_t23,19,17,hdslay1,arr,,,,,,
oname:hdslay1_t23_otype:arr_i:19_j:18,33.62842,0.0,hdslay1_t23,19,18,hdslay1,arr,,,,,,
oname:hdslay1_t23_otype:arr_i:19_j:19,33.6366,0.0,hdslay1_t23,19,19,hdslay1,arr,,,,,,
oname:hdslay1_t23_otype:arr_i:19_j:2,33.82064,0.0,hdslay1_t23,19,2,hdslay1,arr,,,,,,
oname:hdslay1_t23_otype:arr_i:19_j:3,33.83742,0.0,hdslay1_t23,19,3,hdslay1,arr,,,,,,
oname:hdslay1_t23_otype:arr_i:19_j:4,1e+30,0.0,hdslay1_t23,19,4,hdslay1,arr,,,,,,
oname:hdslay1_t23_otype:arr_i:19_j:5,1e+30,0.0,hdslay1_t23,19,5,hdslay1,arr,,,,,,
oname:hdslay1_t23_otype:arr_i:19_j:6,1e+30,0.0,hdslay1_t23,19,6,hdslay1,arr,,,,,,
oname:hdslay1_t23_otype:arr_i:19_j:7,1e+30,0.0,hdslay1_t23,19,7,hdslay1,arr,,,,,,
oname:hdslay1_t23_otype:arr_i:19_j:8,33.47662,0.0,hdslay1_t23,19,8,hdslay1,arr,,,,,,
oname:hdslay1_t23_otype:arr_i:19_j:9,33.47491,0.0,hdslay1_t23,19,9,hdslay1,arr,,,,,,
oname:hdslay1_t23_otype:arr_i:1_j:0,34.57922,0.0,hdslay1_t23,1,0,hdslay1,arr,,,,,,
oname:hdslay1_t23_otype:arr_i:1_j:1,34.57114,0.0,hdslay1_t23,1,1,hdslay1,arr,,,,,,
oname:hdslay1_t23_otype:arr_i:1_j:10,34.20484,0.0,hdslay1_t23,1,10,hdslay1,arr,,,,,,
oname:hdslay1_t23_otype:arr_i:1_j:11,34.1766,0.0,hdslay1_t23,1,11,hdslay1,arr,,,,,,
oname:hdslay1_t23_otype:arr_i:1_j:12,34.15375,0.0,hdslay1_t23,1,12,hdslay1,arr,,,,,,
oname:hdslay1_t23_otype:arr_i:1_j:13,34.1334,0.0,hdslay1_t23,1,13,hdslay1,arr,,,,,,
oname:hdslay1_t23_otype:arr_i:1_j:14,34.11273,0.0,hdslay1_t23,1,14,hdslay1,arr,,,,,,
oname:hdslay1_t23_otype:arr_i:1_j:15,34.09253,0.0,hdslay1_t23,1,15,hdslay1,arr,,,,,,
oname:hdslay1_t23_otype:arr_i:1_j:16,34.08237,0.0,hdslay1_t23,1,16,hdslay1,arr,,,,,,
oname:hdslay1_t23_otype:arr_i:1_j:17,34.07198,0.0,hdslay1_t23,1,17,hdslay1,arr,,,,,,
oname:hdslay1_t23_otype:arr_i:1_j:18,34.06298,0.0,hdslay1_t23,1,18,hdslay1,arr,,,,,,
oname:hdslay1_t23_otype:arr_i:1_j:19,34.05823,0.0,hdslay1_t23,1,19,hdslay1,arr,,,,,,
oname:hdslay1_t23_otype:arr_i:1_j:2,34.55671,0.0,hdslay1_t23,1,2,hdslay1,arr,,,,,,
oname:hdslay1_t23_otype:arr_i:1_j:3,34.53624,0.0,hdslay1_t23,1,3,hdslay1,arr,,,,,,
oname:hdslay1_t23_otype:arr_i:1_j:4,34.50532,0.0,hdslay1_t23,1,4,hdslay1,arr,,,,,,
oname:hdslay1_t23_otype:arr_i:1_j:5,34.46123,0.0,hdslay1_t23,1,5,hdslay1,arr,,,,,,
oname:hdslay1_t23_otype:arr_i:1_j:6,34.40236,0.0,hdslay1_t23,1,6,hdslay1,arr,,,,,,
oname:hdslay1_t23_otype:arr_i:1_j:7,34.33361,0.0,hdslay1_t23,1,7,hdslay1,arr,,,,,,
oname:hdslay1_t23_otype:arr_i:1_j:8,34.278,0.0,hdslay1_t23,1,8,hdslay1,arr,,,,,,
oname:hdslay1_t23_otype:arr_i:1_j:9,34.23713,0.0,hdslay1_t23,1,9,hdslay1,arr,,,,,,
oname:hdslay1_t23_otype:arr_i:20_j:0,33.72509,0.0,hdslay1_t23,20,0,hdslay1,arr,,,,,,
oname:hdslay1_t23_otype:arr_i:20_j:1,33.72805,0.0,hdslay1_t23,20,1,hdslay1,arr,,,,,,
oname:hdslay1_t23_otype:arr_i:20_j:10,33.44432,0.0,hdslay1_t23,20,10,hdslay1,arr,,,,,,
oname:hdslay1_t23_otype:arr_i:20_j:11,33.44219,0.0,hdslay1_t23,20,11,hdslay1,arr,,,,,,
oname:hdslay1_t23_otype:arr_i:20_j:12,33.43451,0.0,hdslay1_t23,20,12,hdslay1,arr,,,,,,
oname:hdslay1_t23_otype:arr_i:20_j:13,33.38944,0.0,hdslay1_t23,20,13,hdslay1,arr,,,,,,
oname:hdslay1_t23_otype:arr_i:20_j:14,33.21574,0.0,hdslay1_t23,20,14,hdslay1,arr,,,,,,
oname:hdslay1_t23_otype:arr_i:20_j:15,33.49711,0.0,hdslay1_t23,20,15,hdslay1,arr,,,,,,
oname:hdslay1_t23_otype:arr_i:20_j:16,33.56574,0.0,hdslay1_t23,20,16,hdslay1,arr,,,,,,
oname:hdslay1_t23_otype:arr_i:20_j:17,33.58967,0.0,hdslay1_t23,20,17,hdslay1,arr,,,,,,
oname:hdslay1_t23_otype:arr_i:20_j:18,33.59783,0.0,hdslay1_t23,20,18,hdslay1,arr,,,,,,
oname:hdslay1_t23_otype:arr_i:20_j:19,33.60441,0.0,hdslay1_t23,20,19,hdslay1,arr,,,,,,
oname:hdslay1_t23_otype:arr_i:20_j:2,33.72583,0.0,hdslay1_t23,20,2,hdslay1,arr,,,,,,
oname:hdslay1_t23_otype:arr_i:20_j:3,33.72269,0.0,hdslay1_t23,20,3,hdslay1,arr,,,,,,
oname:hdslay1_t23_otype:arr_i:20_j:4,1e+30,0.0,hdslay1_t23,20,4,hdslay1,arr,,,,,,
oname:hdslay1_t23_otype:arr_i:20_j:5,1e+30,0.0,hdslay1_t23,20,5,hdslay1,arr,,,,,,
oname:hdslay1_t23_otype:arr_i:20_j:6,1e+30,0.0,hdslay1_t23,20,6,hdslay1,arr,,,,,,
oname:hdslay1_t23_otype:arr_i:20_j:7,1e+30,0.0,hdslay1_t23,20,7,hdslay1,arr,,,,,,
oname:hdslay1_t23_otype:arr_i:20_j:8,33.44243,0.0,hdslay1_t23,20,8,hdslay1,arr,,,,,,
oname:hdslay1_t23_otype:arr_i:20_j:9,33.44486,0.0,hdslay1_t23,20,9,hdslay1,arr,,,,,,
oname:hdslay1_t23_otype:arr_i:21_j:0,33.64721,0.0,hdslay1_t23,21,0,hdslay1,arr,,,,,,
oname:hdslay1_t23_otype:arr_i:21_j:1,33.65013,0.0,hdslay1_t23,21,1,hdslay1,arr,,,,,,
oname:hdslay1_t23_otype:arr_i:21_j:10,33.42607,0.0,hdslay1_t23,21,10,hdslay1,arr,,,,,,
oname:hdslay1_t23_otype:arr_i:21_j:11,33.43091,0.0,hdslay1_t23,21,11,hdslay1,arr,,,,,,
oname:hdslay1_t23_otype:arr_i:21_j:12,33.43008,0.0,hdslay1_t23,21,12,hdslay1,arr,,,,,,
oname:hdslay1_t23_otype:arr_i:21_j:13,33.42085,0.0,hdslay1_t23,21,13,hdslay1,arr,,,,,,
oname:hdslay1_t23_otype:arr_i:21_j:14,33.41379,0.0,hdslay1_t23,21,14,hdslay1,arr,,,,,,
oname:hdslay1_t23_otype:arr_i:21_j:15,33.51652,0.0,hdslay1_t23,21,15,hdslay1,arr,,,,,,
oname:hdslay1_t23_otype:arr_i:21_j:16,33.54914,0.0,hdslay1_t23,21,16,hdslay1,arr,,,,,,
oname:hdslay1_t23_otype:arr_i:21_j:17,33.57177,0.0,hdslay1_t23,21,17,hdslay1,arr,,,,,,
oname:hdslay1_t23_otype:arr_i:21_j:18,33.58158,0.0,hdslay1_t23,21,18,hdslay1,arr,,,,,,
oname:hdslay1_t23_otype:arr_i:21_j:19,33.58498,0.0,hdslay1_t23,21,19,hdslay1,arr,,,,,,
oname:hdslay1_t23_otype:arr_i:21_j:2,33.63644,0.0,hdslay1_t23,21,2,hdslay1,arr,,,,,,
oname:hdslay1_t23_otype:arr_i:21_j:3,33.61052,0.0,hdslay1_t23,21,3,hdslay1,arr,,,,,,
oname:hdslay1_t23_otype:arr_i:21_j:4,1e+30,0.0,hdslay1_t23,21,4,hdslay1,arr,,,,,,
oname:hdslay1_t23_otype:arr_i:21_j:5,1e+30,0.0,hdslay1_t23,21,5,hdslay1,arr,,,,,,
oname:hdslay1_t23_otype:arr_i:21_j:6,33.36517,0.0,hdslay1_t23,21,6,hdslay1,arr,,,,,,
oname:hdslay1_t23_otype:arr_i:21_j:7,33.38238,0.0,hdslay1_t23,21,7,hdslay1,arr,,,,,,
oname:hdslay1_t23_otype:arr_i:21_j:8,33.40864,0.0,hdslay1_t23,21,8,hdslay1,arr,,,,,,
oname:hdslay1_t23_otype:arr_i:21_j:9,33.42099,0.0,hdslay1_t23,21,9,hdslay1,arr,,,,,,
oname:hdslay1_t23_otype:arr_i:22_j:0,33.56957,0.0,hdslay1_t23,22,0,hdslay1,arr,,,,,,
oname:hdslay1_t23_otype:arr_i:22_j:1,33.55462,0.0,hdslay1_t23,22,1,hdslay1,arr,,,,,,
oname:hdslay1_t23_otype:arr_i:22_j:10,33.41001,0.0,hdslay1_t23,22,10,hdslay1,arr,,,,,,
oname:hdslay1_t23_otype:arr_i:22_j:11,33.4203,0.0,hdslay1_t23,22,11,hdslay1,arr,,,,,,
oname:hdslay1_t23_otype:arr_i:22_j:12,33.43002,0.0,hdslay1_t23,22,12,hdslay1,arr,,,,,,
oname:hdslay1_t23_otype:arr_i:22_j:13,33.44541,0.0,hdslay1_t23,22,13,hdslay1,arr,,,,,,
oname:hdslay1_t23_otype:arr_i:22_j:14,33.47184,0.0,hdslay1_t23,22,14,hdslay1,arr,,,,,,
oname:hdslay1_t23_otype:arr_i:22_j:15,33.52693,0.0,hdslay1_t23,22,15,hdslay1,arr,,,,,,
oname:hdslay1_t23_otype:arr_i:22_j:16,33.5446,0.0,hdslay1_t23,22,16,hdslay1,arr,,,,,,
oname:hdslay1_t23_otype:arr_i:22_j:17,33.55882,0.0,hdslay1_t23,22,17,hdslay1,arr,,,,,,
oname:hdslay1_t23_otype:arr_i:22_j:18,33.56699,0.0,hdslay1_t23,22,18,hdslay1,arr,,,,,,
oname:hdslay1_t23_otype:arr_i:22_j:19,33.57021,0.0,hdslay1_t23,22,19,hdslay1,arr,,,,,,
oname:hdslay1_t23_otype:arr_i:22_j:2,33.53419,0.0,hdslay1_t23,22,2,hdslay1,arr,,,,,,
oname:hdslay1_t23_otype:arr_i:22_j:3,33.47286,0.0,hdslay1_t23,22,3,hdslay1,arr,,,,,,
oname:hdslay1_t23_otype:arr_i:22_j:4,33.36679,0.0,hdslay1_t23,22,4,hdslay1,arr,,,,,,
oname:hdslay1_t23_otype:arr_i:22_j:5,1e+30,0.0,hdslay1_t23,22,5,hdslay1,arr,,,,,,
oname:hdslay1_t23_otype:arr_i:22_j:6,33.34639,0.0,hdslay1_t23,22,6,hdslay1,arr,,,,,,
oname:hdslay1_t23_otype:arr_i:22_j:7,33.36332,0.0,hdslay1_t23,22,7,hdslay1,arr,,,,,,
oname:hdslay1_t23_otype:arr_i:22_j:8,33.38413,0.0,hdslay1_t23,22,8,hdslay1,arr,,,,,,
oname:hdslay1_t23_otype:arr_i:22_j:9,33.40003,0.0,hdslay1_t23,22,9,hdslay1,arr,,,,,,
oname:hdslay1_t23_otype:arr_i:23_j:0,33.48248,0.0,hdslay1_t23,23,0,hdslay1,arr,,,,,,
oname:hdslay1_t23_otype:arr_i:23_j:1,33.4619,0.0,hdslay1_t23,23,1,hdslay1,arr,,,,,,
oname:hdslay1_t23_otype:arr_i:23_j:10,33.38756,0.0,hdslay1_t23,23,10,hdslay1,arr,,,,,,
oname:hdslay1_t23_otype:arr_i:23_j:11,33.40475,0.0,hdslay1_t23,23,11,hdslay1,arr,,,,,,
oname:hdslay1_t23_otype:arr_i:23_j:12,33.42692,0.0,hdslay1_t23,23,12,hdslay1,arr,,,,,,
oname:hdslay1_t23_otype:arr_i:23_j:13,33.45724,0.0,hdslay1_t23,23,13,hdslay1,arr,,,,,,
oname:hdslay1_t23_otype:arr_i:23_j:14,33.49431,0.0,hdslay1_t23,23,14,hdslay1,arr,,,,,,
oname:hdslay1_t23_otype:arr_i:23_j:15,33.54385,0.0,hdslay1_t23,23,15,hdslay1,arr,,,,,,
oname:hdslay1_t23_otype:arr_i:23_j:16,33.547,0.0,hdslay1_t23,23,16,hdslay1,arr,,,,,,
oname:hdslay1_t23_otype:arr_i:23_j:17,33.55238,0.0,hdslay1_t23,23,17,hdslay1,arr,,,,,,
oname:hdslay1_t23_otype:arr_i:23_j:18,33.5566,0.0,hdslay1_t23,23,18,hdslay1,arr,,,,,,
oname:hdslay1_t23_otype:arr_i:23_j:19,33.55787,0.0,hdslay1_t23,23,19,hdslay1,arr,,,,,,
oname:hdslay1_t23_otype:arr_i:23_j:2,33.42797,0.0,hdslay1_t23,23,2,hdslay1,arr,,,,,,
oname:hdslay1_t23_otype:arr_i:23_j:3,33.35857,0.0,hdslay1_t23,23,3,hdslay1,arr,,,,,,
oname:hdslay1_t23_otype:arr_i:23_j:4,33.28108,0.0,hdslay1_t23,23,4,hdslay1,arr,,,,,,
oname:hdslay1_t23_otype:arr_i:23_j:5,33.27807,0.0,hdslay1_t23,23,5,hdslay1,arr,,,,,,
oname:hdslay1_t23_otype:arr_i:23_j:6,33.31155,0.0,hdslay1_t23,23,6,hdslay1,arr,,,,,,
oname:hdslay1_t23_otype:arr_i:23_j:7,33.33521,0.0,hdslay1_t23,23,7,hdslay1,arr,,,,,,
oname:hdslay1_t23_otype:arr_i:23_j:8,33.35632,0.0,hdslay1_t23,23,8,hdslay1,arr,,,,,,
oname:hdslay1_t23_otype:arr_i:23_j:9,33.37358,0.0,hdslay1_t23,23,9,hdslay1,arr,,,,,,
oname:hdslay1_t23_otype:arr_i:24_j:0,33.40855,0.0,hdslay1_t23,24,0,hdslay1,arr,,,,,,
oname:hdslay1_t23_otype:arr_i:24_j:1,33.39352,0.0,hdslay1_t23,24,1,hdslay1,arr,,,,,,
oname:hdslay1_t23_otype:arr_i:24_j:10,33.35751,0.0,hdslay1_t23,24,10,hdslay1,arr,,,,,,
oname:hdslay1_t23_otype:arr_i:24_j:11,33.38331,0.0,hdslay1_t23,24,11,hdslay1,arr,,,,,,
oname:hdslay1_t23_otype:arr_i:24_j:12,33.41602,0.0,hdslay1_t23,24,12,hdslay1,arr,,,,,,
oname:hdslay1_t23_otype:arr_i:24_j:13,33.45657,0.0,hdslay1_t23,24,13,hdslay1,arr,,,,,,
oname:hdslay1_t23_otype:arr_i:24_j:14,33.50115,0.0,hdslay1_t23,24,14,hdslay1,arr,,,,,,
oname:hdslay1_t23_otype:arr_i:24_j:15,33.55371,0.0,hdslay1_t23,24,15,hdslay1,arr,,,,,,
oname:hdslay1_t23_otype:arr_i:24_j:16,33.54664,0.0,hdslay1_t23,24,16,hdslay1,arr,,,,,,
oname:hdslay1_t23_otype:arr_i:24_j:17,33.54534,0.0,hdslay1_t23,24,17,hdslay1,arr,,,,,,
oname:hdslay1_t23_otype:arr_i:24_j:18,33.54625,0.0,hdslay1_t23,24,18,hdslay1,arr,,,,,,
oname:hdslay1_t23_otype:arr_i:24_j:19,33.5477,0.0,hdslay1_t23,24,19,hdslay1,arr,,,,,,
oname:hdslay1_t23_otype:arr_i:24_j:2,33.35523,0.0,hdslay1_t23,24,2,hdslay1,arr,,,,,,
oname:hdslay1_t23_otype:arr_i:24_j:3,33.2875,0.0,hdslay1_t23,24,3,hdslay1,arr,,,,,,
oname:hdslay1_t23_otype:arr_i:24_j:4,33.16284,0.0,hdslay1_t23,24,4,hdslay1,arr,,,,,,
oname:hdslay1_t23_otype:arr_i:24_j:5,33.24177,0.0,hdslay1_t23,24,5,hdslay1,arr,,,,,,
oname:hdslay1_t23_otype:arr_i:24_j:6,33.28113,0.0,hdslay1_t23,24,6,hdslay1,arr,,,,,,
oname:hdslay1_t23_otype:arr_i:24_j:7,33.30801,0.0,hdslay1_t23,24,7,hdslay1,arr,,,,,,
oname:hdslay1_t23_otype:arr_i:24_j:8,33.33003,0.0,hdslay1_t23,24,8,hdslay1,arr,,,,,,
oname:hdslay1_t23_otype:arr_i:24_j:9,33.34401,0.0,hdslay1_t23,24,9,hdslay1,arr,,,,,,
oname:hdslay1_t23_otype:arr_i:25_j:0,33.36571,0.0,hdslay1_t23,25,0,hdslay1,arr,,,,,,
oname:hdslay1_t23_otype:arr_i:25_j:1,33.35544,0.0,hdslay1_t23,25,1,hdslay1,arr,,,,,,
oname:hdslay1_t23_otype:arr_i:25_j:10,33.32093,0.0,hdslay1_t23,25,10,hdslay1,arr,,,,,,
oname:hdslay1_t23_otype:arr_i:25_j:11,33.35825,0.0,hdslay1_t23,25,11,hdslay1,arr,,,,,,
oname:hdslay1_t23_otype:arr_i:25_j:12,33.40106,0.0,hdslay1_t23,25,12,hdslay1,arr,,,,,,
oname:hdslay1_t23_otype:arr_i:25_j:13,33.44474,0.0,hdslay1_t23,25,13,hdslay1,arr,,,,,,
oname:hdslay1_t23_otype:arr_i:25_j:14,33.49325,0.0,hdslay1_t23,25,14,hdslay1,arr,,,,,,
oname:hdslay1_t23_otype:arr_i:25_j:15,33.54918,0.0,hdslay1_t23,25,15,hdslay1,arr,,,,,,
oname:hdslay1_t23_otype:arr_i:25_j:16,33.53949,0.0,hdslay1_t23,25,16,hdslay1,arr,,,,,,
oname:hdslay1_t23_otype:arr_i:25_j:17,33.53516,0.0,hdslay1_t23,25,17,hdslay1,arr,,,,,,
oname:hdslay1_t23_otype:arr_i:25_j:18,33.53354,0.0,hdslay1_t23,25,18,hdslay1,arr,,,,,,
oname:hdslay1_t23_otype:arr_i:25_j:19,33.53409,0.0,hdslay1_t23,25,19,hdslay1,arr,,,,,,
oname:hdslay1_t23_otype:arr_i:25_j:2,33.32969,0.0,hdslay1_t23,25,2,hdslay1,arr,,,,,,
oname:hdslay1_t23_otype:arr_i:25_j:3,33.28422,0.0,hdslay1_t23,25,3,hdslay1,arr,,,,,,
oname:hdslay1_t23_otype:arr_i:25_j:4,33.23551,0.0,hdslay1_t23,25,4,hdslay1,arr,,,,,,
oname:hdslay1_t23_otype:arr_i:25_j:5,33.24652,0.0,hdslay1_t23,25,5,hdslay1,arr,,,,,,
oname:hdslay1_t23_otype:arr_i:25_j:6,33.26311,0.0,hdslay1_t23,25,6,hdslay1,arr,,,,,,
oname:hdslay1_t23_otype:arr_i:25_j:7,33.28215,0.0,hdslay1_t23,25,7,hdslay1,arr,,,,,,
oname:hdslay1_t23_otype:arr_i:25_j:8,33.3015,0.0,hdslay1_t23,25,8,hdslay1,arr,,,,,,
oname:hdslay1_t23_otype:arr_i:25_j:9,33.31161,0.0,hdslay1_t23,25,9,hdslay1,arr,,,,,,
oname:hdslay1_t23_otype:arr_i:26_j:0,33.34258,0.0,hdslay1_t23,26,0,hdslay1,arr,,,,,,
oname:hdslay1_t23_otype:arr_i:26_j:1,33.33318,0.0,hdslay1_t23,26,1,hdslay1,arr,,,,,,
oname:hdslay1_t23_otype:arr_i:26_j:10,33.25374,0.0,hdslay1_t23,26,10,hdslay1,arr,,,,,,
oname:hdslay1_t23_otype:arr_i:26_j:11,33.33455,0.0,hdslay1_t23,26,11,hdslay1,arr,,,,,,
oname:hdslay1_t23_otype:arr_i:26_j:12,33.38664,0.0,hdslay1_t23,26,12,hdslay1,arr,,,,,,
oname:hdslay1_t23_otype:arr_i:26_j:13,33.43264,0.0,hdslay1_t23,26,13,hdslay1,arr,,,,,,
oname:hdslay1_t23_otype:arr_i:26_j:14,33.47808,0.0,hdslay1_t23,26,14,hdslay1,arr,,,,,,
oname:hdslay1_t23_otype:arr_i:26_j:15,33.53711,0.0,hdslay1_t23,26,15,hdslay1,arr,,,,,,
oname:hdslay1_t23_otype:arr_i:26_j:16,33.52287,0.0,hdslay1_t23,26,16,hdslay1,arr,,,,,,
oname:hdslay1_t23_otype:arr_i:26_j:17,33.51886,0.0,hdslay1_t23,26,17,hdslay1,arr,,,,,,
oname:hdslay1_t23_otype:arr_i:26_j:18,33.5194,0.0,hdslay1_t23,26,18,hdslay1,arr,,,,,,
oname:hdslay1_t23_otype:arr_i:26_j:19,33.51909,0.0,hdslay1_t23,26,19,hdslay1,arr,,,,,,
oname:hdslay1_t23_otype:arr_i:26_j:2,33.3108,0.0,hdslay1_t23,26,2,hdslay1,arr,,,,,,
oname:hdslay1_t23_otype:arr_i:26_j:3,33.28208,0.0,hdslay1_t23,26,3,hdslay1,arr,,,,,,
oname:hdslay1_t23_otype:arr_i:26_j:4,33.25472,0.0,hdslay1_t23,26,4,hdslay1,arr,,,,,,
oname:hdslay1_t23_otype:arr_i:26_j:5,33.24522,0.0,hdslay1_t23,26,5,hdslay1,arr,,,,,,
oname:hdslay1_t23_otype:arr_i:26_j:6,33.24619,0.0,hdslay1_t23,26,6,hdslay1,arr,,,,,,
oname:hdslay1_t23_otype:arr_i:26_j:7,33.25545,0.0,hdslay1_t23,26,7,hdslay1,arr,,,,,,
oname:hdslay1_t23_otype:arr_i:26_j:8,33.26946,0.0,hdslay1_t23,26,8,hdslay1,arr,,,,,,
oname:hdslay1_t23_otype:arr_i:26_j:9,33.27588,0.0,hdslay1_t23,26,9,hdslay1,arr,,,,,,
oname:hdslay1_t23_otype:arr_i:27_j:0,33.32522,0.0,hdslay1_t23,27,0,hdslay1,arr,,,,,,
oname:hdslay1_t23_otype:arr_i:27_j:1,33.31654,0.0,hdslay1_t23,27,1,hdslay1,arr,,,,,,
oname:hdslay1_t23_otype:arr_i:27_j:10,33.29309,0.0,hdslay1_t23,27,10,hdslay1,arr,,,,,,
oname:hdslay1_t23_otype:arr_i:27_j:11,33.3389,0.0,hdslay1_t23,27,11,hdslay1,arr,,,,,,
oname:hdslay1_t23_otype:arr_i:27_j:12,33.3763,0.0,hdslay1_t23,27,12,hdslay1,arr,,,,,,
oname:hdslay1_t23_otype:arr_i:27_j:13,33.42398,0.0,hdslay1_t23,27,13,hdslay1,arr,,,,,,
oname:hdslay1_t23_otype:arr_i:27_j:14,33.47112,0.0,hdslay1_t23,27,14,hdslay1,arr,,,,,,
oname:hdslay1_t23_otype:arr_i:27_j:15,33.506,0.0,hdslay1_t23,27,15,hdslay1,arr,,,,,,
oname:hdslay1_t23_otype:arr_i:27_j:16,33.5032,0.0,hdslay1_t23,27,16,hdslay1,arr,,,,,,
oname:hdslay1_t23_otype:arr_i:27_j:17,33.50193,0.0,hdslay1_t23,27,17,hdslay1,arr,,,,,,
oname:hdslay1_t23_otype:arr_i:27_j:18,33.50208,0.0,hdslay1_t23,27,18,hdslay1,arr,,,,,,
oname:hdslay1_t23_otype:arr_i:27_j:19,33.50336,0.0,hdslay1_t23,27,19,hdslay1,arr,,,,,,
oname:hdslay1_t23_otype:arr_i:27_j:2,33.29708,0.0,hdslay1_t23,27,2,hdslay1,arr,,,,,,
oname:hdslay1_t23_otype:arr_i:27_j:3,33.27411,0.0,hdslay1_t23,27,3,hdslay1,arr,,,,,,
oname:hdslay1_t23_otype:arr_i:27_j:4,33.25027,0.0,hdslay1_t23,27,4,hdslay1,arr,,,,,,
oname:hdslay1_t23_otype:arr_i:27_j:5,33.23149,0.0,hdslay1_t23,27,5,hdslay1,arr,,,,,,
oname:hdslay1_t23_otype:arr_i:27_j:6,33.2252,0.0,hdslay1_t23,27,6,hdslay1,arr,,,,,,
oname:hdslay1_t23_otype:arr_i:27_j:7,33.23352,0.0,hdslay1_t23,27,7,hdslay1,arr,,,,,,
oname:hdslay1_t23_otype:arr_i:27_j:8,33.25022,0.0,hdslay1_t23,27,8,hdslay1,arr,,,,,,
oname:hdslay1_t23_otype:arr_i:27_j:9,33.27123,0.0,hdslay1_t23,27,9,hdslay1,arr,,,,,,
oname:hdslay1_t23_otype:arr_i:28_j:0,33.31214,0.0,hdslay1_t23,28,0,hdslay1,arr,,,,,,
oname:hdslay1_t23_otype:arr_i:28_j:1,33.30402,0.0,hdslay1_t23,28,1,hdslay1,arr,,,,,,
oname:hdslay1_t23_otype:arr_i:28_j:10,33.29754,0.0,hdslay1_t23,28,10,hdslay1,arr,,,,,,
oname:hdslay1_t23_otype:arr_i:28_j:11,33.33128,0.0,hdslay1_t23,28,11,hdslay1,arr,,,,,,
oname:hdslay1_t23_otype:arr_i:28_j:12,33.36989,0.0,hdslay1_t23,28,12,hdslay1,arr,,,,,,
oname:hdslay1_t23_otype:arr_i:28_j:13,33.41521,0.0,hdslay1_t23,28,13,hdslay1,arr,,,,,,
oname:hdslay1_t23_otype:arr_i:28_j:14,33.46073,0.0,hdslay1_t23,28,14,hdslay1,arr,,,,,,
oname:hdslay1_t23_otype:arr_i:28_j:15,33.49482,0.0,hdslay1_t23,28,15,hdslay1,arr,,,,,,
oname:hdslay1_t23_otype:arr_i:28_j:16,33.49053,0.0,hdslay1_t23,28,16,hdslay1,arr,,,,,,
oname:hdslay1_t23_otype:arr_i:28_j:17,33.48808,0.0,hdslay1_t23,28,17,hdslay1,arr,,,,,,
oname:hdslay1_t23_otype:arr_i:28_j:18,33.48625,0.0,hdslay1_t23,28,18,hdslay1,arr,,,,,,
oname:hdslay1_t23_otype:arr_i:28_j:19,33.48721,0.0,hdslay1_t23,28,19,hdslay1,arr,,,,,,
oname:hdslay1_t23_otype:arr_i:28_j:2,33.28613,0.0,hdslay1_t23,28,2,hdslay1,arr,,,,,,
oname:hdslay1_t23_otype:arr_i:28_j:3,33.26187,0.0,hdslay1_t23,28,3,hdslay1,arr,,,,,,
oname:hdslay1_t23_otype:arr_i:28_j:4,33.23353,0.0,hdslay1_t23,28,4,hdslay1,arr,,,,,,
oname:hdslay1_t23_otype:arr_i:28_j:5,33.20341,0.0,hdslay1_t23,28,5,hdslay1,arr,,,,,,
oname:hdslay1_t23_otype:arr_i:28_j:6,33.17787,0.0,hdslay1_t23,28,6,hdslay1,arr,,,,,,
oname:hdslay1_t23_otype:arr_i:28_j:7,33.20609,0.0,hdslay1_t23,28,7,hdslay1,arr,,,,,,
oname:hdslay1_t23_otype:arr_i:28_j:8,33.23437,0.0,hdslay1_t23,28,8,hdslay1,arr,,,,,,
oname:hdslay1_t23_otype:arr_i:28_j:9,33.26627,0.0,hdslay1_t23,28,9,hdslay1,arr,,,,,,
oname:hdslay1_t23_otype:arr_i:29_j:0,33.30055,0.0,hdslay1_t23,29,0,hdslay1,arr,,,,,,
oname:hdslay1_t23_otype:arr_i:29_j:1,33.29247,0.0,hdslay1_t23,29,1,hdslay1,arr,,,,,,
oname:hdslay1_t23_otype:arr_i:29_j:10,33.28995,0.0,hdslay1_t23,29,10,hdslay1,arr,,,,,,
oname:hdslay1_t23_otype:arr_i:29_j:11,33.32485,0.0,hdslay1_t23,29,11,hdslay1,arr,,,,,,
oname:hdslay1_t23_otype:arr_i:29_j:12,33.35704,0.0,hdslay1_t23,29,12,hdslay1,arr,,,,,,
oname:hdslay1_t23_otype:arr_i:29_j:13,33.39535,0.0,hdslay1_t23,29,13,hdslay1,arr,,,,,,
oname:hdslay1_t23_otype:arr_i:29_j:14,33.44119,0.0,hdslay1_t23,29,14,hdslay1,arr,,,,,,
oname:hdslay1_t23_otype:arr_i:29_j:15,33.48611,0.0,hdslay1_t23,29,15,hdslay1,arr,,,,,,
oname:hdslay1_t23_otype:arr_i:29_j:16,33.47513,0.0,hdslay1_t23,29,16,hdslay1,arr,,,,,,
oname:hdslay1_t23_otype:arr_i:29_j:17,33.47133,0.0,hdslay1_t23,29,17,hdslay1,arr,,,,,,
oname:hdslay1_t23_otype:arr_i:29_j:18,33.47104,0.0,hdslay1_t23,29,18,hdslay1,arr,,,,,,
oname:hdslay1_t23_otype:arr_i:29_j:19,33.47084,0.0,hdslay1_t23,29,19,hdslay1,arr,,,,,,
oname:hdslay1_t23_otype:arr_i:29_j:2,33.27342,0.0,hdslay1_t23,29,2,hdslay1,arr,,,,,,
oname:hdslay1_t23_otype:arr_i:29_j:3,33.24832,0.0,hdslay1_t23,29,3,hdslay1,arr,,,,,,
oname:hdslay1_t23_otype:arr_i:29_j:4,33.2174,0.0,hdslay1_t23,29,4,hdslay1,arr,,,,,,
oname:hdslay1_t23_otype:arr_i:29_j:5,33.16761,0.0,hdslay1_t23,29,5,hdslay1,arr,,,,,,
oname:hdslay1_t23_otype:arr_i:29_j:6,33.08032,0.0,hdslay1_t23,29,6,hdslay1,arr,,,,,,
oname:hdslay1_t23_otype:arr_i:29_j:7,33.17317,0.0,hdslay1_t23,29,7,hdslay1,arr,,,,,,
oname:hdslay1_t23_otype:arr_i:29_j:8,33.22096,0.0,hdslay1_t23,29,8,hdslay1,arr,,,,,,
oname:hdslay1_t23_otype:arr_i:29_j:9,33.25585,0.0,hdslay1_t23,29,9,hdslay1,arr,,,,,,
oname:hdslay1_t23_otype:arr_i:2_j:0,34.5729,0.0,hdslay1_t23,2,0,hdslay1,arr,,,,,,
oname:hdslay1_t23_otype:arr_i:2_j:1,34.56411,0.0,hdslay1_t23,2,1,hdslay1,arr,,,,,,
oname:hdslay1_t23_otype:arr_i:2_j:10,34.20035,0.0,hdslay1_t23,2,10,hdslay1,arr,,,,,,
oname:hdslay1_t23_otype:arr_i:2_j:11,34.17314,0.0,hdslay1_t23,2,11,hdslay1,arr,,,,,,
oname:hdslay1_t23_otype:arr_i:2_j:12,34.1487,0.0,hdslay1_t23,2,12,hdslay1,arr,,,,,,
oname:hdslay1_t23_otype:arr_i:2_j:13,34.12357,0.0,hdslay1_t23,2,13,hdslay1,arr,,,,,,
oname:hdslay1_t23_otype:arr_i:2_j:14,34.1003,0.0,hdslay1_t23,2,14,hdslay1,arr,,,,,,
oname:hdslay1_t23_otype:arr_i:2_j:15,34.08227,0.0,hdslay1_t23,2,15,hdslay1,arr,,,,,,
oname:hdslay1_t23_otype:arr_i:2_j:16,34.07197,0.0,hdslay1_t23,2,16,hdslay1,arr,,,,,,
oname:hdslay1_t23_otype:arr_i:2_j:17,34.0606,0.0,hdslay1_t23,2,17,hdslay1,arr,,,,,,
oname:hdslay1_t23_otype:arr_i:2_j:18,34.04982,0.0,hdslay1_t23,2,18,hdslay1,arr,,,,,,
oname:hdslay1_t23_otype:arr_i:2_j:19,34.04585,0.0,hdslay1_t23,2,19,hdslay1,arr,,,,,,
oname:hdslay1_t23_otype:arr_i:2_j:2,34.5526,0.0,hdslay1_t23,2,2,hdslay1,arr,,,,,,
oname:hdslay1_t23_otype:arr_i:2_j:3,34.53416,0.0,hdslay1_t23,2,3,hdslay1,arr,,,,,,
oname:hdslay1_t23_otype:arr_i:2_j:4,34.50259,0.0,hdslay1_t23,2,4,hdslay1,arr,,,,,,
oname:hdslay1_t23_otype:arr_i:2_j:5,34.45852,0.0,hdslay1_t23,2,5,hdslay1,arr,,,,,,
oname:hdslay1_t23_otype:arr_i:2_j:6,34.4008,0.0,hdslay1_t23,2,6,hdslay1,arr,,,,,,
oname:hdslay1_t23_otype:arr_i:2_j:7,34.33128,0.0,hdslay1_t23,2,7,hdslay1,arr,,,,,,
oname:hdslay1_t23_otype:arr_i:2_j:8,34.27396,0.0,hdslay1_t23,2,8,hdslay1,arr,,,,,,
oname:hdslay1_t23_otype:arr_i:2_j:9,34.23276,0.0,hdslay1_t23,2,9,hdslay1,arr,,,,,,
oname:hdslay1_t23_otype:arr_i:30_j:0,33.28926,0.0,hdslay1_t23,30,0,hdslay1,arr,,,,,,
oname:hdslay1_t23_otype:arr_i:30_j:1,33.28032,0.0,hdslay1_t23,30,1,hdslay1,arr,,,,,,
oname:hdslay1_t23_otype:arr_i:30_j:10,33.28105,0.0,hdslay1_t23,30,10,hdslay1,arr,,,,,,
oname:hdslay1_t23_otype:arr_i:30_j:11,33.31,0.0,hdslay1_t23,30,11,hdslay1,arr,,,,,,
oname:hdslay1_t23_otype:arr_i:30_j:12,33.33996,0.0,hdslay1_t23,30,12,hdslay1,arr,,,,,,
oname:hdslay1_t23_otype:arr_i:30_j:13,33.37585,0.0,hdslay1_t23,30,13,hdslay1,arr,,,,,,
oname:hdslay1_t23_otype:arr_i:30_j:14,33.4156,0.0,hdslay1_t23,30,14,hdslay1,arr,,,,,,
oname:hdslay1_t23_otype:arr_i:30_j:15,33.44885,0.0,hdslay1_t23,30,15,hdslay1,arr,,,,,,
oname:hdslay1_t23_otype:arr_i:30_j:16,33.45036,0.0,hdslay1_t23,30,16,hdslay1,arr,,,,,,
oname:hdslay1_t23_otype:arr_i:30_j:17,33.45075,0.0,hdslay1_t23,30,17,hdslay1,arr,,,,,,
oname:hdslay1_t23_otype:arr_i:30_j:18,33.45183,0.0,hdslay1_t23,30,18,hdslay1,arr,,,,,,
oname:hdslay1_t23_otype:arr_i:30_j:19,33.45116,0.0,hdslay1_t23,30,19,hdslay1,arr,,,,,,
oname:hdslay1_t23_otype:arr_i:30_j:2,33.26427,0.0,hdslay1_t23,30,2,hdslay1,arr,,,,,,
oname:hdslay1_t23_otype:arr_i:30_j:3,33.24519,0.0,hdslay1_t23,30,3,hdslay1,arr,,,,,,
oname:hdslay1_t23_otype:arr_i:30_j:4,33.21879,0.0,hdslay1_t23,30,4,hdslay1,arr,,,,,,
oname:hdslay1_t23_otype:arr_i:30_j:5,33.18758,0.0,hdslay1_t23,30,5,hdslay1,arr,,,,,,
oname:hdslay1_t23_otype:arr_i:30_j:6,33.16241,0.0,hdslay1_t23,30,6,hdslay1,arr,,,,,,
oname:hdslay1_t23_otype:arr_i:30_j:7,33.19532,0.0,hdslay1_t23,30,7,hdslay1,arr,,,,,,
oname:hdslay1_t23_otype:arr_i:30_j:8,33.22455,0.0,hdslay1_t23,30,8,hdslay1,arr,,,,,,
oname:hdslay1_t23_otype:arr_i:30_j:9,33.2516,0.0,hdslay1_t23,30,9,hdslay1,arr,,,,,,
oname:hdslay1_t23_otype:arr_i:31_j:0,33.28159,0.0,hdslay1_t23,31,0,hdslay1,arr,,,,,,
oname:hdslay1_t23_otype:arr_i:31_j:1,33.27068,0.0,hdslay1_t23,31,1,hdslay1,arr,,,,,,
oname:hdslay1_t23_otype:arr_i:31_j:10,33.26905,0.0,hdslay1_t23,31,10,hdslay1,arr,,,,,,
oname:hdslay1_t23_otype:arr_i:31_j:11,33.29619,0.0,hdslay1_t23,31,11,hdslay1,arr,,,,,,
oname:hdslay1_t23_otype:arr_i:31_j:12,33.3203,0.0,hdslay1_t23,31,12,hdslay1,arr,,,,,,
oname:hdslay1_t23_otype:arr_i:31_j:13,33.35266,0.0,hdslay1_t23,31,13,hdslay1,arr,,,,,,
oname:hdslay1_t23_otype:arr_i:31_j:14,33.39227,0.0,hdslay1_t23,31,14,hdslay1,arr,,,,,,
oname:hdslay1_t23_otype:arr_i:31_j:15,33.42456,0.0,hdslay1_t23,31,15,hdslay1,arr,,,,,,
oname:hdslay1_t23_otype:arr_i:31_j:16,33.42961,0.0,hdslay1_t23,31,16,hdslay1,arr,,,,,,
oname:hdslay1_t23_otype:arr_i:31_j:17,33.43184,0.0,hdslay1_t23,31,17,hdslay1,arr,,,,,,
oname:hdslay1_t23_otype:arr_i:31_j:18,33.43294,0.0,hdslay1_t23,31,18,hdslay1,arr,,,,,,
oname:hdslay1_t23_otype:arr_i:31_j:19,33.43333,0.0,hdslay1_t23,31,19,hdslay1,arr,,,,,,
oname:hdslay1_t23_otype:arr_i:31_j:2,33.25933,0.0,hdslay1_t23,31,2,hdslay1,arr,,,,,,
oname:hdslay1_t23_otype:arr_i:31_j:3,33.24466,0.0,hdslay1_t23,31,3,hdslay1,arr,,,,,,
oname:hdslay1_t23_otype:arr_i:31_j:4,33.22427,0.0,hdslay1_t23,31,4,hdslay1,arr,,,,,,
oname:hdslay1_t23_otype:arr_i:31_j:5,33.20606,0.0,hdslay1_t23,31,5,hdslay1,arr,,,,,,
oname:hdslay1_t23_otype:arr_i:31_j:6,33.19937,0.0,hdslay1_t23,31,6,hdslay1,arr,,,,,,
oname:hdslay1_t23_otype:arr_i:31_j:7,33.21066,0.0,hdslay1_t23,31,7,hdslay1,arr,,,,,,
oname:hdslay1_t23_otype:arr_i:31_j:8,33.22519,0.0,hdslay1_t23,31,8,hdslay1,arr,,,,,,
oname:hdslay1_t23_otype:arr_i:31_j:9,33.24306,0.0,hdslay1_t23,31,9,hdslay1,arr,,,,,,
oname:hdslay1_t23_otype:arr_i:32_j:0,1e+30,0.0,hdslay1_t23,32,0,hdslay1,arr,,,,,,
oname:hdslay1_t23_otype:arr_i:32_j:1,33.2638,0.0,hdslay1_t23,32,1,hdslay1,arr,,,,,,
oname:hdslay1_t23_otype:arr_i:32_j:10,33.25086,0.0,hdslay1_t23,32,10,hdslay1,arr,,,,,,
oname:hdslay1_t23_otype:arr_i:32_j:11,33.27467,0.0,hdslay1_t23,32,11,hdslay1,arr,,,,,,
oname:hdslay1_t23_otype:arr_i:32_j:12,33.29777,0.0,hdslay1_t23,32,12,hdslay1,arr,,,,,,
oname:hdslay1_t23_otype:arr_i:32_j:13,33.33033,0.0,hdslay1_t23,32,13,hdslay1,arr,,,,,,
oname:hdslay1_t23_otype:arr_i:32_j:14,33.37002,0.0,hdslay1_t23,32,14,hdslay1,arr,,,,,,
oname:hdslay1_t23_otype:arr_i:32_j:15,33.41086,0.0,hdslay1_t23,32,15,hdslay1,arr,,,,,,
oname:hdslay1_t23_otype:arr_i:32_j:16,33.41419,0.0,hdslay1_t23,32,16,hdslay1,arr,,,,,,
oname:hdslay1_t23_otype:arr_i:32_j:17,33.41598,0.0,hdslay1_t23,32,17,hdslay1,arr,,,,,,
oname:hdslay1_t23_otype:arr_i:32_j:18,33.41805,0.0,hdslay1_t23,32,18,hdslay1,arr,,,,,,
oname:hdslay1_t23_otype:arr_i:32_j:19,33.41907,0.0,hdslay1_t23,32,19,hdslay1,arr,,,,,,
oname:hdslay1_t23_otype:arr_i:32_j:2,33.25418,0.0,hdslay1_t23,32,2,hdslay1,arr,,,,,,
oname:hdslay1_t23_otype:arr_i:32_j:3,33.24121,0.0,hdslay1_t23,32,3,hdslay1,arr,,,,,,
oname:hdslay1_t23_otype:arr_i:32_j:4,33.2254,0.0,hdslay1_t23,32,4,hdslay1,arr,,,,,,
oname:hdslay1_t23_otype:arr_i:32_j:5,33.21376,0.0,hdslay1_t23,32,5,hdslay1,arr,,,,,,
oname:hdslay1_t23_otype:arr_i:32_j:6,33.20975,0.0,hdslay1_t23,32,6,hdslay1,arr,,,,,,
oname:hdslay1_t23_otype:arr_i:32_j:7,33.21362,0.0,hdslay1_t23,32,7,hdslay1,arr,,,,,,
oname:hdslay1_t23_otype:arr_i:32_j:8,33.22162,0.0,hdslay1_t23,32,8,hdslay1,arr,,,,,,
oname:hdslay1_t23_otype:arr_i:32_j:9,33.23296,0.0,hdslay1_t23,32,9,hdslay1,arr,,,,,,
oname:hdslay1_t23_otype:arr_i:33_j:0,1e+30,0.0,hdslay1_t23,33,0,hdslay1,arr,,,,,,
oname:hdslay1_t23_otype:arr_i:33_j:1,1e+30,0.0,hdslay1_t23,33,1,hdslay1,arr,,,,,,
oname:hdslay1_t23_otype:arr_i:33_j:10,33.22682,0.0,hdslay1_t23,33,10,hdslay1,arr,,,,,,
oname:hdslay1_t23_otype:arr_i:33_j:11,33.23348,0.0,hdslay1_t23,33,11,hdslay1,arr,,,,,,
oname:hdslay1_t23_otype:arr_i:33_j:12,33.24541,0.0,hdslay1_t23,33,12,hdslay1,arr,,,,,,
oname:hdslay1_t23_otype:arr_i:33_j:13,33.30009,0.0,hdslay1_t23,33,13,hdslay1,arr,,,,,,
oname:hdslay1_t23_otype:arr_i:33_j:14,33.34636,0.0,hdslay1_t23,33,14,hdslay1,arr,,,,,,
oname:hdslay1_t23_otype:arr_i:33_j:15,33.39332,0.0,hdslay1_t23,33,15,hdslay1,arr,,,,,,
oname:hdslay1_t23_otype:arr_i:33_j:16,33.39743,0.0,hdslay1_t23,33,16,hdslay1,arr,,,,,,
oname:hdslay1_t23_otype:arr_i:33_j:17,33.4021,0.0,hdslay1_t23,33,17,hdslay1,arr,,,,,,
oname:hdslay1_t23_otype:arr_i:33_j:18,33.40614,0.0,hdslay1_t23,33,18,hdslay1,arr,,,,,,
oname:hdslay1_t23_otype:arr_i:33_j:19,33.40904,0.0,hdslay1_t23,33,19,hdslay1,arr,,,,,,
oname:hdslay1_t23_otype:arr_i:33_j:2,33.24791,0.0,hdslay1_t23,33,2,hdslay1,arr,,,,,,
oname:hdslay1_t23_otype:arr_i:33_j:3,33.23631,0.0,hdslay1_t23,33,3,hdslay1,arr,,,,,,
oname:hdslay1_t23_otype:arr_i:33_j:4,33.22115,0.0,hdslay1_t23,33,4,hdslay1,arr,,,,,,
oname:hdslay1_t23_otype:arr_i:33_j:5,33.21245,0.0,hdslay1_t23,33,5,hdslay1,arr,,,,,,
oname:hdslay1_t23_otype:arr_i:33_j:6,33.20911,0.0,hdslay1_t23,33,6,hdslay1,arr,,,,,,
oname:hdslay1_t23_otype:arr_i:33_j:7,33.21035,0.0,hdslay1_t23,33,7,hdslay1,arr,,,,,,
oname:hdslay1_t23_otype:arr_i:33_j:8,33.21435,0.0,hdslay1_t23,33,8,hdslay1,arr,,,,,,
oname:hdslay1_t23_otype:arr_i:33_j:9,33.21932,0.0,hdslay1_t23,33,9,hdslay1,arr,,,,,,
oname:hdslay1_t23_otype:arr_i:34_j:0,1e+30,0.0,hdslay1_t23,34,0,hdslay1,arr,,,,,,
oname:hdslay1_t23_otype:arr_i:34_j:1,1e+30,0.0,hdslay1_t23,34,1,hdslay1,arr,,,,,,
oname:hdslay1_t23_otype:arr_i:34_j:10,33.20109,0.0,hdslay1_t23,34,10,hdslay1,arr,,,,,,
oname:hdslay1_t23_otype:arr_i:34_j:11,33.17954,0.0,hdslay1_t23,34,11,hdslay1,arr,,,,,,
oname:hdslay1_t23_otype:arr_i:34_j:12,33.09903,0.0,hdslay1_t23,34,12,hdslay1,arr,,,,,,
oname:hdslay1_t23_otype:arr_i:34_j:13,33.25596,0.0,hdslay1_t23,34,13,hdslay1,arr,,,,,,
oname:hdslay1_t23_otype:arr_i:34_j:14,33.32181,0.0,hdslay1_t23,34,14,hdslay1,arr,,,,,,
oname:hdslay1_t23_otype:arr_i:34_j:15,33.36885,0.0,hdslay1_t23,34,15,hdslay1,arr,,,,,,
oname:hdslay1_t23_otype:arr_i:34_j:16,33.37439,0.0,hdslay1_t23,34,16,hdslay1,arr,,,,,,
oname:hdslay1_t23_otype:arr_i:34_j:17,33.38294,0.0,hdslay1_t23,34,17,hdslay1,arr,,,,,,
oname:hdslay1_t23_otype:arr_i:34_j:18,33.3924,0.0,hdslay1_t23,34,18,hdslay1,arr,,,,,,
oname:hdslay1_t23_otype:arr_i:34_j:19,33.40212,0.0,hdslay1_t23,34,19,hdslay1,arr,,,,,,
oname:hdslay1_t23_otype:arr_i:34_j:2,1e+30,0.0,hdslay1_t23,34,2,hdslay1,arr,,,,,,
oname:hdslay1_t23_otype:arr_i:34_j:3,33.22534,0.0,hdslay1_t23,34,3,hdslay1,arr,,,,,,
oname:hdslay1_t23_otype:arr_i:34_j:4,33.21158,0.0,hdslay1_t23,34,4,hdslay1,arr,,,,,,
oname:hdslay1_t23_otype:arr_i:34_j:5,33.20546,0.0,hdslay1_t23,34,5,hdslay1,arr,,,,,,
oname:hdslay1_t23_otype:arr_i:34_j:6,33.20109,0.0,hdslay1_t23,34,6,hdslay1,arr,,,,,,
oname:hdslay1_t23_otype:arr_i:34_j:7,33.20098,0.0,hdslay1_t23,34,7,hdslay1,arr,,,,,,
oname:hdslay1_t23_otype:arr_i:34_j:8,33.20316,0.0,hdslay1_t23,34,8,hdslay1,arr,,,,,,
oname:hdslay1_t23_otype:arr_i:34_j:9,33.20419,0.0,hdslay1_t23,34,9,hdslay1,arr,,,,,,
oname:hdslay1_t23_otype:arr_i:35_j:0,1e+30,0.0,hdslay1_t23,35,0,hdslay1,arr,,,,,,
oname:hdslay1_t23_otype:arr_i:35_j:1,1e+30,0.0,hdslay1_t23,35,1,hdslay1,arr,,,,,,
oname:hdslay1_t23_otype:arr_i:35_j:10,33.18609,0.0,hdslay1_t23,35,10,hdslay1,arr,,,,,,
oname:hdslay1_t23_otype:arr_i:35_j:11,33.18366,0.0,hdslay1_t23,35,11,hdslay1,arr,,,,,,
oname:hdslay1_t23_otype:arr_i:35_j:12,33.1864,0.0,hdslay1_t23,35,12,hdslay1,arr,,,,,,
oname:hdslay1_t23_otype:arr_i:35_j:13,33.25314,0.0,hdslay1_t23,35,13,hdslay1,arr,,,,,,
oname:hdslay1_t23_otype:arr_i:35_j:14,33.30527,0.0,hdslay1_t23,35,14,hdslay1,arr,,,,,,
oname:hdslay1_t23_otype:arr_i:35_j:15,33.33956,0.0,hdslay1_t23,35,15,hdslay1,arr,,,,,,
oname:hdslay1_t23_otype:arr_i:35_j:16,33.34708,0.0,hdslay1_t23,35,16,hdslay1,arr,,,,,,
oname:hdslay1_t23_otype:arr_i:35_j:17,33.35747,0.0,hdslay1_t23,35,17,hdslay1,arr,,,,,,
oname:hdslay1_t23_otype:arr_i:35_j:18,33.36822,0.0,hdslay1_t23,35,18,hdslay1,arr,,,,,,
oname:hdslay1_t23_otype:arr_i:35_j:19,1e+30,0.0,hdslay1_t23,35,19,hdslay1,arr,,,,,,
oname:hdslay1_t23_otype:arr_i:35_j:2,1e+30,0.0,hdslay1_t23,35,2,hdslay1,arr,,,,,,
oname:hdslay1_t23_otype:arr_i:35_j:3,1e+30,0.0,hdslay1_t23,35,3,hdslay1,arr,,,,,,
oname:hdslay1_t23_otype:arr_i:35_j:4,33.19922,0.0,hdslay1_t23,35,4,hdslay1,arr,,,,,,
oname:hdslay1_t23_otype:arr_i:35_j:5,33.19342,0.0,hdslay1_t23,35,5,hdslay1,arr,,,,,,
oname:hdslay1_t23_otype:arr_i:35_j:6,33.18763,0.0,hdslay1_t23,35,6,hdslay1,arr,,,,,,
oname:hdslay1_t23_otype:arr_i:35_j:7,33.18587,0.0,hdslay1_t23,35,7,hdslay1,arr,,,,,,
oname:hdslay1_t23_otype:arr_i:35_j:8,33.18796,0.0,hdslay1_t23,35,8,hdslay1,arr,,,,,,
oname:hdslay1_t23_otype:arr_i:35_j:9,33.18845,0.0,hdslay1_t23,35,9,hdslay1,arr,,,,,,
oname:hdslay1_t23_otype:arr_i:36_j:0,1e+30,0.0,hdslay1_t23,36,0,hdslay1,arr,,,,,,
oname:hdslay1_t23_otype:arr_i:36_j:1,1e+30,0.0,hdslay1_t23,36,1,hdslay1,arr,,,,,,
oname:hdslay1_t23_otype:arr_i:36_j:10,33.173,0.0,hdslay1_t23,36,10,hdslay1,arr,,,,,,
oname:hdslay1_t23_otype:arr_i:36_j:11,33.1817,0.0,hdslay1_t23,36,11,hdslay1,arr,,,,,,
oname:hdslay1_t23_otype:arr_i:36_j:12,33.20228,0.0,hdslay1_t23,36,12,hdslay1,arr,,,,,,
oname:hdslay1_t23_otype:arr_i:36_j:13,33.24548,0.0,hdslay1_t23,36,13,hdslay1,arr,,,,,,
oname:hdslay1_t23_otype:arr_i:36_j:14,33.2835,0.0,hdslay1_t23,36,14,hdslay1,arr,,,,,,
oname:hdslay1_t23_otype:arr_i:36_j:15,33.30822,0.0,hdslay1_t23,36,15,hdslay1,arr,,,,,,
oname:hdslay1_t23_otype:arr_i:36_j:16,33.32053,0.0,hdslay1_t23,36,16,hdslay1,arr,,,,,,
oname:hdslay1_t23_otype:arr_i:36_j:17,33.33466,0.0,hdslay1_t23,36,17,hdslay1,arr,,,,,,
oname:hdslay1_t23_otype:arr_i:36_j:18,33.35064,0.0,hdslay1_t23,36,18,hdslay1,arr,,,,,,
oname:hdslay1_t23_otype:arr_i:36_j:19,1e+30,0.0,hdslay1_t23,36,19,hdslay1,arr,,,,,,
oname:hdslay1_t23_otype:arr_i:36_j:2,1e+30,0.0,hdslay1_t23,36,2,hdslay1,arr,,,,,,
oname:hdslay1_t23_otype:arr_i:36_j:3,1e+30,0.0,hdslay1_t23,36,3,hdslay1,arr,,,,,,
oname:hdslay1_t23_otype:arr_i:36_j:4,33.19054,0.0,hdslay1_t23,36,4,hdslay1,arr,,,,,,
oname:hdslay1_t23_otype:arr_i:36_j:5,33.17728,0.0,hdslay1_t23,36,5,hdslay1,arr,,,,,,
oname:hdslay1_t23_otype:arr_i:36_j:6,33.17059,0.0,hdslay1_t23,36,6,hdslay1,arr,,,,,,
oname:hdslay1_t23_otype:arr_i:36_j:7,33.16786,0.0,hdslay1_t23,36,7,hdslay1,arr,,,,,,
oname:hdslay1_t23_otype:arr_i:36_j:8,33.16873,0.0,hdslay1_t23,36,8,hdslay1,arr,,,,,,
oname:hdslay1_t23_otype:arr_i:36_j:9,33.17175,0.0,hdslay1_t23,36,9,hdslay1,arr,,,,,,
oname:hdslay1_t23_otype:arr_i:37_j:0,1e+30,0.0,hdslay1_t23,37,0,hdslay1,arr,,,,,,
oname:hdslay1_t23_otype:arr_i:37_j:1,1e+30,0.0,hdslay1_t23,37,1,hdslay1,arr,,,,,,
oname:hdslay1_t23_otype:arr_i:37_j:10,33.15632,0.0,hdslay1_t23,37,10,hdslay1,arr,,,,,,
oname:hdslay1_t23_otype:arr_i:37_j:11,33.16819,0.0,hdslay1_t23,37,11,hdslay1,arr,,,,,,
oname:hdslay1_t23_otype:arr_i:37_j:12,33.1936,0.0,hdslay1_t23,37,12,hdslay1,arr,,,,,,
oname:hdslay1_t23_otype:arr_i:37_j:13,33.22835,0.0,hdslay1_t23,37,13,hdslay1,arr,,,,,,
oname:hdslay1_t23_otype:arr_i:37_j:14,33.26071,0.0,hdslay1_t23,37,14,hdslay1,arr,,,,,,
oname:hdslay1_t23_otype:arr_i:37_j:15,33.28498,0.0,hdslay1_t23,37,15,hdslay1,arr,,,,,,
oname:hdslay1_t23_otype:arr_i:37_j:16,33.29964,0.0,hdslay1_t23,37,16,hdslay1,arr,,,,,,
oname:hdslay1_t23_otype:arr_i:37_j:17,33.31535,0.0,hdslay1_t23,37,17,hdslay1,arr,,,,,,
oname:hdslay1_t23_otype:arr_i:37_j:18,1e+30,0.0,hdslay1_t23,37,18,hdslay1,arr,,,,,,
oname:hdslay1_t23_otype:arr_i:37_j:19,1e+30,0.0,hdslay1_t23,37,19,hdslay1,arr,,,,,,
oname:hdslay1_t23_otype:arr_i:37_j:2,1e+30,0.0,hdslay1_t23,37,2,hdslay1,arr,,,,,,
oname:hdslay1_t23_otype:arr_i:37_j:3,1e+30,0.0,hdslay1_t23,37,3,hdslay1,arr,,,,,,
oname:hdslay1_t23_otype:arr_i:37_j:4,1e+30,0.0,hdslay1_t23,37,4,hdslay1,arr,,,,,,
oname:hdslay1_t23_otype:arr_i:37_j:5,33.14783,0.0,hdslay1_t23,37,5,hdslay1,arr,,,,,,
oname:hdslay1_t23_otype:arr_i:37_j:6,33.14867,0.0,hdslay1_t23,37,6,hdslay1,arr,,,,,,
oname:hdslay1_t23_otype:arr_i:37_j:7,33.1485,0.0,hdslay1_t23,37,7,hdslay1,arr,,,,,,
oname:hdslay1_t23_otype:arr_i:37_j:8,33.14845,0.0,hdslay1_t23,37,8,hdslay1,arr,,,,,,
oname:hdslay1_t23_otype:arr_i:37_j:9,33.15198,0.0,hdslay1_t23,37,9,hdslay1,arr,,,,,,
oname:hdslay1_t23_otype:arr_i:38_j:0,1e+30,0.0,hdslay1_t23,38,0,hdslay1,arr,,,,,,
oname:hdslay1_t23_otype:arr_i:38_j:1,1e+30,0.0,hdslay1_t23,38,1,hdslay1,arr,,,,,,
oname:hdslay1_t23_otype:arr_i:38_j:10,33.12544,0.0,hdslay1_t23,38,10,hdslay1,arr,,,,,,
oname:hdslay1_t23_otype:arr_i:38_j:11,33.13489,0.0,hdslay1_t23,38,11,hdslay1,arr,,,,,,
oname:hdslay1_t23_otype:arr_i:38_j:12,33.1619,0.0,hdslay1_t23,38,12,hdslay1,arr,,,,,,
oname:hdslay1_t23_otype:arr_i:38_j:13,33.19714,0.0,hdslay1_t23,38,13,hdslay1,arr,,,,,,
oname:hdslay1_t23_otype:arr_i:38_j:14,33.23312,0.0,hdslay1_t23,38,14,hdslay1,arr,,,,,,
oname:hdslay1_t23_otype:arr_i:38_j:15,33.26134,0.0,hdslay1_t23,38,15,hdslay1,arr,,,,,,
oname:hdslay1_t23_otype:arr_i:38_j:16,33.28407,0.0,hdslay1_t23,38,16,hdslay1,arr,,,,,,
oname:hdslay1_t23_otype:arr_i:38_j:17,1e+30,0.0,hdslay1_t23,38,17,hdslay1,arr,,,,,,
oname:hdslay1_t23_otype:arr_i:38_j:18,1e+30,0.0,hdslay1_t23,38,18,hdslay1,arr,,,,,,
oname:hdslay1_t23_otype:arr_i:38_j:19,1e+30,0.0,hdslay1_t23,38,19,hdslay1,arr,,,,,,
oname:hdslay1_t23_otype:arr_i:38_j:2,1e+30,0.0,hdslay1_t23,38,2,hdslay1,arr,,,,,,
oname:hdslay1_t23_otype:arr_i:38_j:3,1e+30,0.0,hdslay1_t23,38,3,hdslay1,arr,,,,,,
oname:hdslay1_t23_otype:arr_i:38_j:4,1e+30,0.0,hdslay1_t23,38,4,hdslay1,arr,,,,,,
oname:hdslay1_t23_otype:arr_i:38_j:5,33.11793,0.0,hdslay1_t23,38,5,hdslay1,arr,,,,,,
oname:hdslay1_t23_otype:arr_i:38_j:6,33.12023,0.0,hdslay1_t23,38,6,hdslay1,arr,,,,,,
oname:hdslay1_t23_otype:arr_i:38_j:7,33.11862,0.0,hdslay1_t23,38,7,hdslay1,arr,,,,,,
oname:hdslay1_t23_otype:arr_i:38_j:8,33.12068,0.0,hdslay1_t23,38,8,hdslay1,arr,,,,,,
oname:hdslay1_t23_otype:arr_i:38_j:9,33.12305,0.0,hdslay1_t23,38,9,hdslay1,arr,,,,,,
oname:hdslay1_t23_otype:arr_i:39_j:0,1e+30,0.0,hdslay1_t23,39,0,hdslay1,arr,,,,,,
oname:hdslay1_t23_otype:arr_i:39_j:1,1e+30,0.0,hdslay1_t23,39,1,hdslay1,arr,,,,,,
oname:hdslay1_t23_otype:arr_i:39_j:10,33.06803,0.0,hdslay1_t23,39,10,hdslay1,arr,,,,,,
oname:hdslay1_t23_otype:arr_i:39_j:11,33.08538,0.0,hdslay1_t23,39,11,hdslay1,arr,,,,,,
oname:hdslay1_t23_otype:arr_i:39_j:12,33.11218,0.0,hdslay1_t23,39,12,hdslay1,arr,,,,,,
oname:hdslay1_t23_otype:arr_i:39_j:13,33.14903,0.0,hdslay1_t23,39,13,hdslay1,arr,,,,,,
oname:hdslay1_t23_otype:arr_i:39_j:14,33.18782,0.0,hdslay1_t23,39,14,hdslay1,arr,,,,,,
oname:hdslay1_t23_otype:arr_i:39_j:15,33.23035,0.0,hdslay1_t23,39,15,hdslay1,arr,,,,,,
oname:hdslay1_t23_otype:arr_i:39_j:16,1e+30,0.0,hdslay1_t23,39,16,hdslay1,arr,,,,,,
oname:hdslay1_t23_otype:arr_i:39_j:17,1e+30,0.0,hdslay1_t23,39,17,hdslay1,arr,,,,,,
oname:hdslay1_t23_otype:arr_i:39_j:18,1e+30,0.0,hdslay1_t23,39,18,hdslay1,arr,,,,,,
oname:hdslay1_t23_otype:arr_i:39_j:19,1e+30,0.0,hdslay1_t23,39,19,hdslay1,arr,,,,,,
oname:hdslay1_t23_otype:arr_i:39_j:2,1e+30,0.0,hdslay1_t23,39,2,hdslay1,arr,,,,,,
oname:hdslay1_t23_otype:arr_i:39_j:3,1e+30,0.0,hdslay1_t23,39,3,hdslay1,arr,,,,,,
oname:hdslay1_t23_otype:arr_i:39_j:4,1e+30,0.0,hdslay1_t23,39,4,hdslay1,arr,,,,,,
oname:hdslay1_t23_otype:arr_i:39_j:5,33.07757,0.0,hdslay1_t23,39,5,hdslay1,arr,,,,,,
oname:hdslay1_t23_otype:arr_i:39_j:6,33.07626,0.0,hdslay1_t23,39,6,hdslay1,arr,,,,,,
oname:hdslay1_t23_otype:arr_i:39_j:7,33.0777,0.0,hdslay1_t23,39,7,hdslay1,arr,,,,,,
oname:hdslay1_t23_otype:arr_i:39_j:8,33.07698,0.0,hdslay1_t23,39,8,hdslay1,arr,,,,,,
oname:hdslay1_t23_otype:arr_i:39_j:9,33.07384,0.0,hdslay1_t23,39,9,hdslay1,arr,,,,,,
oname:hdslay1_t23_otype:arr_i:3_j:0,34.55764,0.0,hdslay1_t23,3,0,hdslay1,arr,,,,,,
oname:hdslay1_t23_otype:arr_i:3_j:1,34.55069,0.0,hdslay1_t23,3,1,hdslay1,arr,,,,,,
oname:hdslay1_t23_otype:arr_i:3_j:10,34.19195,0.0,hdslay1_t23,3,10,hdslay1,arr,,,,,,
oname:hdslay1_t23_otype:arr_i:3_j:11,34.16458,0.0,hdslay1_t23,3,11,hdslay1,arr,,,,,,
oname:hdslay1_t23_otype:arr_i:3_j:12,34.13763,0.0,hdslay1_t23,3,12,hdslay1,arr,,,,,,
oname:hdslay1_t23_otype:arr_i:3_j:13,34.10792,0.0,hdslay1_t23,3,13,hdslay1,arr,,,,,,
oname:hdslay1_t23_otype:arr_i:3_j:14,34.08446,0.0,hdslay1_t23,3,14,hdslay1,arr,,,,,,
oname:hdslay1_t23_otype:arr_i:3_j:15,34.06528,0.0,hdslay1_t23,3,15,hdslay1,arr,,,,,,
oname:hdslay1_t23_otype:arr_i:3_j:16,34.05253,0.0,hdslay1_t23,3,16,hdslay1,arr,,,,,,
oname:hdslay1_t23_otype:arr_i:3_j:17,34.03964,0.0,hdslay1_t23,3,17,hdslay1,arr,,,,,,
oname:hdslay1_t23_otype:arr_i:3_j:18,34.02924,0.0,hdslay1_t23,3,18,hdslay1,arr,,,,,,
oname:hdslay1_t23_otype:arr_i:3_j:19,34.02518,0.0,hdslay1_t23,3,19,hdslay1,arr,,,,,,
oname:hdslay1_t23_otype:arr_i:3_j:2,34.54259,0.0,hdslay1_t23,3,2,hdslay1,arr,,,,,,
oname:hdslay1_t23_otype:arr_i:3_j:3,34.52687,0.0,hdslay1_t23,3,3,hdslay1,arr,,,,,,
oname:hdslay1_t23_otype:arr_i:3_j:4,34.4998,0.0,hdslay1_t23,3,4,hdslay1,arr,,,,,,
oname:hdslay1_t23_otype:arr_i:3_j:5,34.45729,0.0,hdslay1_t23,3,5,hdslay1,arr,,,,,,
oname:hdslay1_t23_otype:arr_i:3_j:6,34.39747,0.0,hdslay1_t23,3,6,hdslay1,arr,,,,,,
oname:hdslay1_t23_otype:arr_i:3_j:7,34.33212,0.0,hdslay1_t23,3,7,hdslay1,arr,,,,,,
oname:hdslay1_t23_otype:arr_i:3_j:8,34.27405,0.0,hdslay1_t23,3,8,hdslay1,arr,,,,,,
oname:hdslay1_t23_otype:arr_i:3_j:9,34.2284,0.0,hdslay1_t23,3,9,hdslay1,arr,,,,,,
oname:hdslay1_t23_otype:arr_i:4_j:0,34.53556,0.0,hdslay1_t23,4,0,hdslay1,arr,,,,,,
oname:hdslay1_t23_otype:arr_i:4_j:1,34.53287,0.0,hdslay1_t23,4,1,hdslay1,arr,,,,,,
oname:hdslay1_t23_otype:arr_i:4_j:10,34.18017,0.0,hdslay1_t23,4,10,hdslay1,arr,,,,,,
oname:hdslay1_t23_otype:arr_i:4_j:11,34.15074,0.0,hdslay1_t23,4,11,hdslay1,arr,,,,,,
oname:hdslay1_t23_otype:arr_i:4_j:12,34.11688,0.0,hdslay1_t23,4,12,hdslay1,arr,,,,,,
oname:hdslay1_t23_otype:arr_i:4_j:13,34.08615,0.0,hdslay1_t23,4,13,hdslay1,arr,,,,,,
oname:hdslay1_t23_otype:arr_i:4_j:14,34.06198,0.0,hdslay1_t23,4,14,hdslay1,arr,,,,,,
oname:hdslay1_t23_otype:arr_i:4_j:15,34.04222,0.0,hdslay1_t23,4,15,hdslay1,arr,,,,,,
oname:hdslay1_t23_otype:arr_i:4_j:16,34.02618,0.0,hdslay1_t23,4,16,hdslay1,arr,,,,,,
oname:hdslay1_t23_otype:arr_i:4_j:17,34.01434,0.0,hdslay1_t23,4,17,hdslay1,arr,,,,,,
oname:hdslay1_t23_otype:arr_i:4_j:18,34.00811,0.0,hdslay1_t23,4,18,hdslay1,arr,,,,,,
oname:hdslay1_t23_otype:arr_i:4_j:19,34.00617,0.0,hdslay1_t23,4,19,hdslay1,arr,,,,,,
oname:hdslay1_t23_otype:arr_i:4_j:2,34.52736,0.0,hdslay1_t23,4,2,hdslay1,arr,,,,,,
oname:hdslay1_t23_otype:arr_i:4_j:3,34.51472,0.0,hdslay1_t23,4,3,hdslay1,arr,,,,,,
oname:hdslay1_t23_otype:arr_i:4_j:4,34.49162,0.0,hdslay1_t23,4,4,hdslay1,arr,,,,,,
oname:hdslay1_t23_otype:arr_i:4_j:5,34.45697,0.0,hdslay1_t23,4,5,hdslay1,arr,,,,,,
oname:hdslay1_t23_otype:arr_i:4_j:6,34.40309,0.0,hdslay1_t23,4,6,hdslay1,arr,,,,,,
oname:hdslay1_t23_otype:arr_i:4_j:7,34.33508,0.0,hdslay1_t23,4,7,hdslay1,arr,,,,,,
oname:hdslay1_t23_otype:arr_i:4_j:8,34.2708,0.0,hdslay1_t23,4,8,hdslay1,arr,,,,,,
oname:hdslay1_t23_otype:arr_i:4_j:9,34.21978,0.0,hdslay1_t23,4,9,hdslay1,arr,,,,,,
oname:hdslay1_t23_otype:arr_i:5_j:0,34.51853,0.0,hdslay1_t23,5,0,hdslay1,arr,,,,,,
oname:hdslay1_t23_otype:arr_i:5_j:1,34.51777,0.0,hdslay1_t23,5,1,hdslay1,arr,,,,,,
oname:hdslay1_t23_otype:arr_i:5_j:10,34.16125,0.0,hdslay1_t23,5,10,hdslay1,arr,,,,,,
oname:hdslay1_t23_otype:arr_i:5_j:11,34.12735,0.0,hdslay1_t23,5,11,hdslay1,arr,,,,,,
oname:hdslay1_t23_otype:arr_i:5_j:12,34.09066,0.0,hdslay1_t23,5,12,hdslay1,arr,,,,,,
oname:hdslay1_t23_otype:arr_i:5_j:13,34.05752,0.0,hdslay1_t23,5,13,hdslay1,arr,,,,,,
oname:hdslay1_t23_otype:arr_i:5_j:14,34.03018,0.0,hdslay1_t23,5,14,hdslay1,arr,,,,,,
oname:hdslay1_t23_otype:arr_i:5_j:15,34.0124,0.0,hdslay1_t23,5,15,hdslay1,arr,,,,,,
oname:hdslay1_t23_otype:arr_i:5_j:16,33.9977,0.0,hdslay1_t23,5,16,hdslay1,arr,,,,,,
oname:hdslay1_t23_otype:arr_i:5_j:17,33.98661,0.0,hdslay1_t23,5,17,hdslay1,arr,,,,,,
oname:hdslay1_t23_otype:arr_i:5_j:18,33.98348,0.0,hdslay1_t23,5,18,hdslay1,arr,,,,,,
oname:hdslay1_t23_otype:arr_i:5_j:19,33.98392,0.0,hdslay1_t23,5,19,hdslay1,arr,,,,,,
oname:hdslay1_t23_otype:arr_i:5_j:2,34.51385,0.0,hdslay1_t23,5,2,hdslay1,arr,,,,,,
oname:hdslay1_t23_otype:arr_i:5_j:3,34.50369,0.0,hdslay1_t23,5,3,hdslay1,arr,,,,,,
oname:hdslay1_t23_otype:arr_i:5_j:4,34.48476,0.0,hdslay1_t23,5,4,hdslay1,arr,,,,,,
oname:hdslay1_t23_otype:arr_i:5_j:5,34.44986,0.0,hdslay1_t23,5,5,hdslay1,arr,,,,,,
oname:hdslay1_t23_otype:arr_i:5_j:6,34.39598,0.0,hdslay1_t23,5,6,hdslay1,arr,,,,,,
oname:hdslay1_t23_otype:arr_i:5_j:7,34.33483,0.0,hdslay1_t23,5,7,hdslay1,arr,,,,,,
oname:hdslay1_t23_otype:arr_i:5_j:8,34.26925,0.0,hdslay1_t23,5,8,hdslay1,arr,,,,,,
oname:hdslay1_t23_otype:arr_i:5_j:9,34.20474,0.0,hdslay1_t23,5,9,hdslay1,arr,,,,,,
oname:hdslay1_t23_otype:arr_i:6_j:0,34.50622,0.0,hdslay1_t23,6,0,hdslay1,arr,,,,,,
oname:hdslay1_t23_otype:arr_i:6_j:1,34.50528,0.0,hdslay1_t23,6,1,hdslay1,arr,,,,,,
oname:hdslay1_t23_otype:arr_i:6_j:10,34.13322,0.0,hdslay1_t23,6,10,hdslay1,arr,,,,,,
oname:hdslay1_t23_otype:arr_i:6_j:11,34.09385,0.0,hdslay1_t23,6,11,hdslay1,arr,,,,,,
oname:hdslay1_t23_otype:arr_i:6_j:12,34.0502,0.0,hdslay1_t23,6,12,hdslay1,arr,,,,,,
oname:hdslay1_t23_otype:arr_i:6_j:13,34.01111,0.0,hdslay1_t23,6,13,hdslay1,arr,,,,,,
oname:hdslay1_t23_otype:arr_i:6_j:14,33.9857,0.0,hdslay1_t23,6,14,hdslay1,arr,,,,,,
oname:hdslay1_t23_otype:arr_i:6_j:15,33.97155,0.0,hdslay1_t23,6,15,hdslay1,arr,,,,,,
oname:hdslay1_t23_otype:arr_i:6_j:16,33.96195,0.0,hdslay1_t23,6,16,hdslay1,arr,,,,,,
oname:hdslay1_t23_otype:arr_i:6_j:17,33.95304,0.0,hdslay1_t23,6,17,hdslay1,arr,,,,,,
oname:hdslay1_t23_otype:arr_i:6_j:18,33.94935,0.0,hdslay1_t23,6,18,hdslay1,arr,,,,,,
oname:hdslay1_t23_otype:arr_i:6_j:19,33.94634,0.0,hdslay1_t23,6,19,hdslay1,arr,,,,,,
oname:hdslay1_t23_otype:arr_i:6_j:2,34.50192,0.0,hdslay1_t23,6,2,hdslay1,arr,,,,,,
oname:hdslay1_t23_otype:arr_i:6_j:3,34.496,0.0,hdslay1_t23,6,3,hdslay1,arr,,,,,,
oname:hdslay1_t23_otype:arr_i:6_j:4,34.4803,0.0,hdslay1_t23,6,4,hdslay1,arr,,,,,,
oname:hdslay1_t23_otype:arr_i:6_j:5,34.44068,0.0,hdslay1_t23,6,5,hdslay1,arr,,,,,,
oname:hdslay1_t23_otype:arr_i:6_j:6,34.38311,0.0,hdslay1_t23,6,6,hdslay1,arr,,,,,,
oname:hdslay1_t23_otype:arr_i:6_j:7,34.32163,0.0,hdslay1_t23,6,7,hdslay1,arr,,,,,,
oname:hdslay1_t23_otype:arr_i:6_j:8,34.2543,0.0,hdslay1_t23,6,8,hdslay1,arr,,,,,,
oname:hdslay1_t23_otype:arr_i:6_j:9,34.18309,0.0,hdslay1_t23,6,9,hdslay1,arr,,,,,,
oname:hdslay1_t23_otype:arr_i:7_j:0,34.49544,0.0,hdslay1_t23,7,0,hdslay1,arr,,,,,,
oname:hdslay1_t23_otype:arr_i:7_j:1,34.49516,0.0,hdslay1_t23,7,1,hdslay1,arr,,,,,,
oname:hdslay1_t23_otype:arr_i:7_j:10,34.08321,0.0,hdslay1_t23,7,10,hdslay1,arr,,,,,,
oname:hdslay1_t23_otype:arr_i:7_j:11,34.03995,0.0,hdslay1_t23,7,11,hdslay1,arr,,,,,,
oname:hdslay1_t23_otype:arr_i:7_j:12,33.98777,0.0,hdslay1_t23,7,12,hdslay1,arr,,,,,,
oname:hdslay1_t23_otype:arr_i:7_j:13,33.94762,0.0,hdslay1_t23,7,13,hdslay1,arr,,,,,,
oname:hdslay1_t23_otype:arr_i:7_j:14,33.92671,0.0,hdslay1_t23,7,14,hdslay1,arr,,,,,,
oname:hdslay1_t23_otype:arr_i:7_j:15,33.9171,0.0,hdslay1_t23,7,15,hdslay1,arr,,,,,,
oname:hdslay1_t23_otype:arr_i:7_j:16,33.9048,0.0,hdslay1_t23,7,16,hdslay1,arr,,,,,,
oname:hdslay1_t23_otype:arr_i:7_j:17,33.90714,0.0,hdslay1_t23,7,17,hdslay1,arr,,,,,,
oname:hdslay1_t23_otype:arr_i:7_j:18,33.9034,0.0,hdslay1_t23,7,18,hdslay1,arr,,,,,,
oname:hdslay1_t23_otype:arr_i:7_j:19,33.89962,0.0,hdslay1_t23,7,19,hdslay1,arr,,,,,,
oname:hdslay1_t23_otype:arr_i:7_j:2,34.49323,0.0,hdslay1_t23,7,2,hdslay1,arr,,,,,,
oname:hdslay1_t23_otype:arr_i:7_j:3,34.48952,0.0,hdslay1_t23,7,3,hdslay1,arr,,,,,,
oname:hdslay1_t23_otype:arr_i:7_j:4,34.47419,0.0,hdslay1_t23,7,4,hdslay1,arr,,,,,,
oname:hdslay1_t23_otype:arr_i:7_j:5,34.43397,0.0,hdslay1_t23,7,5,hdslay1,arr,,,,,,
oname:hdslay1_t23_otype:arr_i:7_j:6,34.38091,0.0,hdslay1_t23,7,6,hdslay1,arr,,,,,,
oname:hdslay1_t23_otype:arr_i:7_j:7,34.30263,0.0,hdslay1_t23,7,7,hdslay1,arr,,,,,,
oname:hdslay1_t23_otype:arr_i:7_j:8,34.21204,0.0,hdslay1_t23,7,8,hdslay1,arr,,,,,,
oname:hdslay1_t23_otype:arr_i:7_j:9,34.13245,0.0,hdslay1_t23,7,9,hdslay1,arr,,,,,,
oname:hdslay1_t23_otype:arr_i:8_j:0,34.48446,0.0,hdslay1_t23,8,0,hdslay1,arr,,,,,,
oname:hdslay1_t23_otype:arr_i:8_j:1,34.48418,0.0,hdslay1_t23,8,1,hdslay1,arr,,,,,,
oname:hdslay1_t23_otype:arr_i:8_j:10,34.01004,0.0,hdslay1_t23,8,10,hdslay1,arr,,,,,,
oname:hdslay1_t23_otype:arr_i:8_j:11,33.95861,0.0,hdslay1_t23,8,11,hdslay1,arr,,,,,,
oname:hdslay1_t23_otype:arr_i:8_j:12,33.90191,0.0,hdslay1_t23,8,12,hdslay1,arr,,,,,,
oname:hdslay1_t23_otype:arr_i:8_j:13,33.87243,0.0,hdslay1_t23,8,13,hdslay1,arr,,,,,,
oname:hdslay1_t23_otype:arr_i:8_j:14,33.85741,0.0,hdslay1_t23,8,14,hdslay1,arr,,,,,,
oname:hdslay1_t23_otype:arr_i:8_j:15,33.85371,0.0,hdslay1_t23,8,15,hdslay1,arr,,,,,,
oname:hdslay1_t23_otype:arr_i:8_j:16,33.83586,0.0,hdslay1_t23,8,16,hdslay1,arr,,,,,,
oname:hdslay1_t23_otype:arr_i:8_j:17,33.84659,0.0,hdslay1_t23,8,17,hdslay1,arr,,,,,,
oname:hdslay1_t23_otype:arr_i:8_j:18,33.85533,0.0,hdslay1_t23,8,18,hdslay1,arr,,,,,,
oname:hdslay1_t23_otype:arr_i:8_j:19,33.85646,0.0,hdslay1_t23,8,19,hdslay1,arr,,,,,,
oname:hdslay1_t23_otype:arr_i:8_j:2,34.48515,0.0,hdslay1_t23,8,2,hdslay1,arr,,,,,,
oname:hdslay1_t23_otype:arr_i:8_j:3,34.4837,0.0,hdslay1_t23,8,3,hdslay1,arr,,,,,,
oname:hdslay1_t23_otype:arr_i:8_j:4,1e+30,0.0,hdslay1_t23,8,4,hdslay1,arr,,,,,,
oname:hdslay1_t23_otype:arr_i:8_j:5,1e+30,0.0,hdslay1_t23,8,5,hdslay1,arr,,,,,,
oname:hdslay1_t23_otype:arr_i:8_j:6,1e+30,0.0,hdslay1_t23,8,6,hdslay1,arr,,,,,,
oname:hdslay1_t23_otype:arr_i:8_j:7,34.23065,0.0,hdslay1_t23,8,7,hdslay1,arr,,,,,,
oname:hdslay1_t23_otype:arr_i:8_j:8,34.12602,0.0,hdslay1_t23,8,8,hdslay1,arr,,,,,,
oname:hdslay1_t23_otype:arr_i:8_j:9,34.05868,0.0,hdslay1_t23,8,9,hdslay1,arr,,,,,,
oname:hdslay1_t23_otype:arr_i:9_j:0,34.46999,0.0,hdslay1_t23,9,0,hdslay1,arr,,,,,,
oname:hdslay1_t23_otype:arr_i:9_j:1,34.46754,0.0,hdslay1_t23,9,1,hdslay1,arr,,,,,,
oname:hdslay1_t23_otype:arr_i:9_j:10,33.92492,0.0,hdslay1_t23,9,10,hdslay1,arr,,,,,,
oname:hdslay1_t23_otype:arr_i:9_j:11,33.87007,0.0,hdslay1_t23,9,11,hdslay1,arr,,,,,,
oname:hdslay1_t23_otype:arr_i:9_j:12,33.82076,0.0,hdslay1_t23,9,12,hdslay1,arr,,,,,,
oname:hdslay1_t23_otype:arr_i:9_j:13,33.8012,0.0,hdslay1_t23,9,13,hdslay1,arr,,,,,,
oname:hdslay1_t23_otype:arr_i:9_j:14,33.79932,0.0,hdslay1_t23,9,14,hdslay1,arr,,,,,,
oname:hdslay1_t23_otype:arr_i:9_j:15,33.79998,0.0,hdslay1_t23,9,15,hdslay1,arr,,,,,,
oname:hdslay1_t23_otype:arr_i:9_j:16,33.74699,0.0,hdslay1_t23,9,16,hdslay1,arr,,,,,,
oname:hdslay1_t23_otype:arr_i:9_j:17,33.79645,0.0,hdslay1_t23,9,17,hdslay1,arr,,,,,,
oname:hdslay1_t23_otype:arr_i:9_j:18,33.81515,0.0,hdslay1_t23,9,18,hdslay1,arr,,,,,,
oname:hdslay1_t23_otype:arr_i:9_j:19,33.822,0.0,hdslay1_t23,9,19,hdslay1,arr,,,,,,
oname:hdslay1_t23_otype:arr_i:9_j:2,34.46865,0.0,hdslay1_t23,9,2,hdslay1,arr,,,,,,
oname:hdslay1_t23_otype:arr_i:9_j:3,34.46517,0.0,hdslay1_t23,9,3,hdslay1,arr,,,,,,
oname:hdslay1_t23_otype:arr_i:9_j:4,1e+30,0.0,hdslay1_t23,9,4,hdslay1,arr,,,,,,
oname:hdslay1_t23_otype:arr_i:9_j:5,1e+30,0.0,hdslay1_t23,9,5,hdslay1,arr,,,,,,
oname:hdslay1_t23_otype:arr_i:9_j:6,1e+30,0.0,hdslay1_t23,9,6,hdslay1,arr,,,,,,
oname:hdslay1_t23_otype:arr_i:9_j:7,1e+30,0.0,hdslay1_t23,9,7,hdslay1,arr,,,,,,
oname:hdslay1_t23_otype:arr_i:9_j:8,33.99019,0.0,hdslay1_t23,9,8,hdslay1,arr,,,,,,
oname:hdslay1_t23_otype:arr_i:9_j:9,33.95922,0.0,hdslay1_t23,9,9,hdslay1,arr,,,,,,
oname:hdslay1_t24_otype:arr_i:0_j:0,34.48409,0.0,hdslay1_t24,0,0,hdslay1,arr,,,,,,
oname:hdslay1_t24_otype:arr_i:0_j:1,34.4777,0.0,hdslay1_t24,0,1,hdslay1,arr,,,,,,
oname:hdslay1_t24_otype:arr_i:0_j:10,34.15819,0.0,hdslay1_t24,0,10,hdslay1,arr,,,,,,
oname:hdslay1_t24_otype:arr_i:0_j:11,34.13336,0.0,hdslay1_t24,0,11,hdslay1,arr,,,,,,
oname:hdslay1_t24_otype:arr_i:0_j:12,34.11499,0.0,hdslay1_t24,0,12,hdslay1,arr,,,,,,
oname:hdslay1_t24_otype:arr_i:0_j:13,34.09879,0.0,hdslay1_t24,0,13,hdslay1,arr,,,,,,
oname:hdslay1_t24_otype:arr_i:0_j:14,34.08439,0.0,hdslay1_t24,0,14,hdslay1,arr,,,,,,
oname:hdslay1_t24_otype:arr_i:0_j:15,34.0711,0.0,hdslay1_t24,0,15,hdslay1,arr,,,,,,
oname:hdslay1_t24_otype:arr_i:0_j:16,34.05888,0.0,hdslay1_t24,0,16,hdslay1,arr,,,,,,
oname:hdslay1_t24_otype:arr_i:0_j:17,34.04775,0.0,hdslay1_t24,0,17,hdslay1,arr,,,,,,
oname:hdslay1_t24_otype:arr_i:0_j:18,34.03883,0.0,hdslay1_t24,0,18,hdslay1,arr,,,,,,
oname:hdslay1_t24_otype:arr_i:0_j:19,34.03467,0.0,hdslay1_t24,0,19,hdslay1,arr,,,,,,
oname:hdslay1_t24_otype:arr_i:0_j:2,34.46436,0.0,hdslay1_t24,0,2,hdslay1,arr,,,,,,
oname:hdslay1_t24_otype:arr_i:0_j:3,34.44762,0.0,hdslay1_t24,0,3,hdslay1,arr,,,,,,
oname:hdslay1_t24_otype:arr_i:0_j:4,34.4197,0.0,hdslay1_t24,0,4,hdslay1,arr,,,,,,
oname:hdslay1_t24_otype:arr_i:0_j:5,34.37339,0.0,hdslay1_t24,0,5,hdslay1,arr,,,,,,
oname:hdslay1_t24_otype:arr_i:0_j:6,34.3166,0.0,hdslay1_t24,0,6,hdslay1,arr,,,,,,
oname:hdslay1_t24_otype:arr_i:0_j:7,34.26528,0.0,hdslay1_t24,0,7,hdslay1,arr,,,,,,
oname:hdslay1_t24_otype:arr_i:0_j:8,34.22166,0.0,hdslay1_t24,0,8,hdslay1,arr,,,,,,
oname:hdslay1_t24_otype:arr_i:0_j:9,34.18643,0.0,hdslay1_t24,0,9,hdslay1,arr,,,,,,
oname:hdslay1_t24_otype:arr_i:10_j:0,34.33563,0.0,hdslay1_t24,10,0,hdslay1,arr,,,,,,
oname:hdslay1_t24_otype:arr_i:10_j:1,34.33316,0.0,hdslay1_t24,10,1,hdslay1,arr,,,,,,
oname:hdslay1_t24_otype:arr_i:10_j:10,33.80391,0.0,hdslay1_t24,10,10,hdslay1,arr,,,,,,
oname:hdslay1_t24_otype:arr_i:10_j:11,33.76171,0.0,hdslay1_t24,10,11,hdslay1,arr,,,,,,
oname:hdslay1_t24_otype:arr_i:10_j:12,33.72321,0.0,hdslay1_t24,10,12,hdslay1,arr,,,,,,
oname:hdslay1_t24_otype:arr_i:10_j:13,33.70364,0.0,hdslay1_t24,10,13,hdslay1,arr,,,,,,
oname:hdslay1_t24_otype:arr_i:10_j:14,33.73445,0.0,hdslay1_t24,10,14,hdslay1,arr,,,,,,
oname:hdslay1_t24_otype:arr_i:10_j:15,33.75441,0.0,hdslay1_t24,10,15,hdslay1,arr,,,,,,
oname:hdslay1_t24_otype:arr_i:10_j:16,33.75044,0.0,hdslay1_t24,10,16,hdslay1,arr,,,,,,
oname:hdslay1_t24_otype:arr_i:10_j:17,33.76278,0.0,hdslay1_t24,10,17,hdslay1,arr,,,,,,
oname:hdslay1_t24_otype:arr_i:10_j:18,33.77195,0.0,hdslay1_t24,10,18,hdslay1,arr,,,,,,
oname:hdslay1_t24_otype:arr_i:10_j:19,33.77686,0.0,hdslay1_t24,10,19,hdslay1,arr,,,,,,
oname:hdslay1_t24_otype:arr_i:10_j:2,34.33148,0.0,hdslay1_t24,10,2,hdslay1,arr,,,,,,
oname:hdslay1_t24_otype:arr_i:10_j:3,34.3276,0.0,hdslay1_t24,10,3,hdslay1,arr,,,,,,
oname:hdslay1_t24_otype:arr_i:10_j:4,1e+30,0.0,hdslay1_t24,10,4,hdslay1,arr,,,,,,
oname:hdslay1_t24_otype:arr_i:10_j:5,1e+30,0.0,hdslay1_t24,10,5,hdslay1,arr,,,,,,
oname:hdslay1_t24_otype:arr_i:10_j:6,1e+30,0.0,hdslay1_t24,10,6,hdslay1,arr,,,,,,
oname:hdslay1_t24_otype:arr_i:10_j:7,1e+30,0.0,hdslay1_t24,10,7,hdslay1,arr,,,,,,
oname:hdslay1_t24_otype:arr_i:10_j:8,33.83853,0.0,hdslay1_t24,10,8,hdslay1,arr,,,,,,
oname:hdslay1_t24_otype:arr_i:10_j:9,33.82446,0.0,hdslay1_t24,10,9,hdslay1,arr,,,,,,
oname:hdslay1_t24_otype:arr_i:11_j:0,34.28592,0.0,hdslay1_t24,11,0,hdslay1,arr,,,,,,
oname:hdslay1_t24_otype:arr_i:11_j:1,34.28451,0.0,hdslay1_t24,11,1,hdslay1,arr,,,,,,
oname:hdslay1_t24_otype:arr_i:11_j:10,33.74906,0.0,hdslay1_t24,11,10,hdslay1,arr,,,,,,
oname:hdslay1_t24_otype:arr_i:11_j:11,33.71798,0.0,hdslay1_t24,11,11,hdslay1,arr,,,,,,
oname:hdslay1_t24_otype:arr_i:11_j:12,33.67513,0.0,hdslay1_t24,11,12,hdslay1,arr,,,,,,
oname:hdslay1_t24_otype:arr_i:11_j:13,33.59611,0.0,hdslay1_t24,11,13,hdslay1,arr,,,,,,
oname:hdslay1_t24_otype:arr_i:11_j:14,33.70337,0.0,hdslay1_t24,11,14,hdslay1,arr,,,,,,
oname:hdslay1_t24_otype:arr_i:11_j:15,33.74754,0.0,hdslay1_t24,11,15,hdslay1,arr,,,,,,
oname:hdslay1_t24_otype:arr_i:11_j:16,33.7522,0.0,hdslay1_t24,11,16,hdslay1,arr,,,,,,
oname:hdslay1_t24_otype:arr_i:11_j:17,33.75917,0.0,hdslay1_t24,11,17,hdslay1,arr,,,,,,
oname:hdslay1_t24_otype:arr_i:11_j:18,33.76532,0.0,hdslay1_t24,11,18,hdslay1,arr,,,,,,
oname:hdslay1_t24_otype:arr_i:11_j:19,33.76858,0.0,hdslay1_t24,11,19,hdslay1,arr,,,,,,
oname:hdslay1_t24_otype:arr_i:11_j:2,34.28301,0.0,hdslay1_t24,11,2,hdslay1,arr,,,,,,
oname:hdslay1_t24_otype:arr_i:11_j:3,34.28558,0.0,hdslay1_t24,11,3,hdslay1,arr,,,,,,
oname:hdslay1_t24_otype:arr_i:11_j:4,1e+30,0.0,hdslay1_t24,11,4,hdslay1,arr,,,,,,
oname:hdslay1_t24_otype:arr_i:11_j:5,1e+30,0.0,hdslay1_t24,11,5,hdslay1,arr,,,,,,
oname:hdslay1_t24_otype:arr_i:11_j:6,1e+30,0.0,hdslay1_t24,11,6,hdslay1,arr,,,,,,
oname:hdslay1_t24_otype:arr_i:11_j:7,1e+30,0.0,hdslay1_t24,11,7,hdslay1,arr,,,,,,
oname:hdslay1_t24_otype:arr_i:11_j:8,33.77581,0.0,hdslay1_t24,11,8,hdslay1,arr,,,,,,
oname:hdslay1_t24_otype:arr_i:11_j:9,33.76728,0.0,hdslay1_t24,11,9,hdslay1,arr,,,,,,
oname:hdslay1_t24_otype:arr_i:12_j:0,34.23449,0.0,hdslay1_t24,12,0,hdslay1,arr,,,,,,
oname:hdslay1_t24_otype:arr_i:12_j:1,34.23229,0.0,hdslay1_t24,12,1,hdslay1,arr,,,,,,
oname:hdslay1_t24_otype:arr_i:12_j:10,33.71844,0.0,hdslay1_t24,12,10,hdslay1,arr,,,,,,
oname:hdslay1_t24_otype:arr_i:12_j:11,33.7022,0.0,hdslay1_t24,12,11,hdslay1,arr,,,,,,
oname:hdslay1_t24_otype:arr_i:12_j:12,33.68124,0.0,hdslay1_t24,12,12,hdslay1,arr,,,,,,
oname:hdslay1_t24_otype:arr_i:12_j:13,33.66741,0.0,hdslay1_t24,12,13,hdslay1,arr,,,,,,
oname:hdslay1_t24_otype:arr_i:12_j:14,33.7107,0.0,hdslay1_t24,12,14,hdslay1,arr,,,,,,
oname:hdslay1_t24_otype:arr_i:12_j:15,33.74718,0.0,hdslay1_t24,12,15,hdslay1,arr,,,,,,
oname:hdslay1_t24_otype:arr_i:12_j:16,33.75088,0.0,hdslay1_t24,12,16,hdslay1,arr,,,,,,
oname:hdslay1_t24_otype:arr_i:12_j:17,33.75529,0.0,hdslay1_t24,12,17,hdslay1,arr,,,,,,
oname:hdslay1_t24_otype:arr_i:12_j:18,33.75961,0.0,hdslay1_t24,12,18,hdslay1,arr,,,,,,
oname:hdslay1_t24_otype:arr_i:12_j:19,33.76199,0.0,hdslay1_t24,12,19,hdslay1,arr,,,,,,
oname:hdslay1_t24_otype:arr_i:12_j:2,34.23346,0.0,hdslay1_t24,12,2,hdslay1,arr,,,,,,
oname:hdslay1_t24_otype:arr_i:12_j:3,34.23481,0.0,hdslay1_t24,12,3,hdslay1,arr,,,,,,
oname:hdslay1_t24_otype:arr_i:12_j:4,1e+30,0.0,hdslay1_t24,12,4,hdslay1,arr,,,,,,
oname:hdslay1_t24_otype:arr_i:12_j:5,1e+30,0.0,hdslay1_t24,12,5,hdslay1,arr,,,,,,
oname:hdslay1_t24_otype:arr_i:12_j:6,1e+30,0.0,hdslay1_t24,12,6,hdslay1,arr,,,,,,
oname:hdslay1_t24_otype:arr_i:12_j:7,1e+30,0.0,hdslay1_t24,12,7,hdslay1,arr,,,,,,
oname:hdslay1_t24_otype:arr_i:12_j:8,33.73654,0.0,hdslay1_t24,12,8,hdslay1,arr,,,,,,
oname:hdslay1_t24_otype:arr_i:12_j:9,33.72801,0.0,hdslay1_t24,12,9,hdslay1,arr,,,,,,
oname:hdslay1_t24_otype:arr_i:13_j:0,34.17814,0.0,hdslay1_t24,13,0,hdslay1,arr,,,,,,
oname:hdslay1_t24_otype:arr_i:13_j:1,34.18137,0.0,hdslay1_t24,13,1,hdslay1,arr,,,,,,
oname:hdslay1_t24_otype:arr_i:13_j:10,33.69648,0.0,hdslay1_t24,13,10,hdslay1,arr,,,,,,
oname:hdslay1_t24_otype:arr_i:13_j:11,33.69056,0.0,hdslay1_t24,13,11,hdslay1,arr,,,,,,
oname:hdslay1_t24_otype:arr_i:13_j:12,33.68395,0.0,hdslay1_t24,13,12,hdslay1,arr,,,,,,
oname:hdslay1_t24_otype:arr_i:13_j:13,33.68832,0.0,hdslay1_t24,13,13,hdslay1,arr,,,,,,
oname:hdslay1_t24_otype:arr_i:13_j:14,33.71628,0.0,hdslay1_t24,13,14,hdslay1,arr,,,,,,
oname:hdslay1_t24_otype:arr_i:13_j:15,33.74735,0.0,hdslay1_t24,13,15,hdslay1,arr,,,,,,
oname:hdslay1_t24_otype:arr_i:13_j:16,33.74688,0.0,hdslay1_t24,13,16,hdslay1,arr,,,,,,
oname:hdslay1_t24_otype:arr_i:13_j:17,33.74962,0.0,hdslay1_t24,13,17,hdslay1,arr,,,,,,
oname:hdslay1_t24_otype:arr_i:13_j:18,33.75254,0.0,hdslay1_t24,13,18,hdslay1,arr,,,,,,
oname:hdslay1_t24_otype:arr_i:13_j:19,33.75518,0.0,hdslay1_t24,13,19,hdslay1,arr,,,,,,
oname:hdslay1_t24_otype:arr_i:13_j:2,34.18316,0.0,hdslay1_t24,13,2,hdslay1,arr,,,,,,
oname:hdslay1_t24_otype:arr_i:13_j:3,34.18143,0.0,hdslay1_t24,13,3,hdslay1,arr,,,,,,
oname:hdslay1_t24_otype:arr_i:13_j:4,1e+30,0.0,hdslay1_t24,13,4,hdslay1,arr,,,,,,
oname:hdslay1_t24_otype:arr_i:13_j:5,1e+30,0.0,hdslay1_t24,13,5,hdslay1,arr,,,,,,
oname:hdslay1_t24_otype:arr_i:13_j:6,1e+30,0.0,hdslay1_t24,13,6,hdslay1,arr,,,,,,
oname:hdslay1_t24_otype:arr_i:13_j:7,1e+30,0.0,hdslay1_t24,13,7,hdslay1,arr,,,,,,
oname:hdslay1_t24_otype:arr_i:13_j:8,33.70045,0.0,hdslay1_t24,13,8,hdslay1,arr,,,,,,
oname:hdslay1_t24_otype:arr_i:13_j:9,33.69696,0.0,hdslay1_t24,13,9,hdslay1,arr,,,,,,
oname:hdslay1_t24_otype:arr_i:14_j:0,34.10577,0.0,hdslay1_t24,14,0,hdslay1,arr,,,,,,
oname:hdslay1_t24_otype:arr_i:14_j:1,34.11487,0.0,hdslay1_t24,14,1,hdslay1,arr,,,,,,
oname:hdslay1_t24_otype:arr_i:14_j:10,33.67168,0.0,hdslay1_t24,14,10,hdslay1,arr,,,,,,
oname:hdslay1_t24_otype:arr_i:14_j:11,33.66945,0.0,hdslay1_t24,14,11,hdslay1,arr,,,,,,
oname:hdslay1_t24_otype:arr_i:14_j:12,33.67314,0.0,hdslay1_t24,14,12,hdslay1,arr,,,,,,
oname:hdslay1_t24_otype:arr_i:14_j:13,33.68524,0.0,hdslay1_t24,14,13,hdslay1,arr,,,,,,
oname:hdslay1_t24_otype:arr_i:14_j:14,33.70979,0.0,hdslay1_t24,14,14,hdslay1,arr,,,,,,
oname:hdslay1_t24_otype:arr_i:14_j:15,33.73846,0.0,hdslay1_t24,14,15,hdslay1,arr,,,,,,
oname:hdslay1_t24_otype:arr_i:14_j:16,33.73946,0.0,hdslay1_t24,14,16,hdslay1,arr,,,,,,
oname:hdslay1_t24_otype:arr_i:14_j:17,33.74091,0.0,hdslay1_t24,14,17,hdslay1,arr,,,,,,
oname:hdslay1_t24_otype:arr_i:14_j:18,33.74303,0.0,hdslay1_t24,14,18,hdslay1,arr,,,,,,
oname:hdslay1_t24_otype:arr_i:14_j:19,33.74515,0.0,hdslay1_t24,14,19,hdslay1,arr,,,,,,
oname:hdslay1_t24_otype:arr_i:14_j:2,34.11572,0.0,hdslay1_t24,14,2,hdslay1,arr,,,,,,
oname:hdslay1_t24_otype:arr_i:14_j:3,34.11539,0.0,hdslay1_t24,14,3,hdslay1,arr,,,,,,
oname:hdslay1_t24_otype:arr_i:14_j:4,1e+30,0.0,hdslay1_t24,14,4,hdslay1,arr,,,,,,
oname:hdslay1_t24_otype:arr_i:14_j:5,1e+30,0.0,hdslay1_t24,14,5,hdslay1,arr,,,,,,
oname:hdslay1_t24_otype:arr_i:14_j:6,1e+30,0.0,hdslay1_t24,14,6,hdslay1,arr,,,,,,
oname:hdslay1_t24_otype:arr_i:14_j:7,1e+30,0.0,hdslay1_t24,14,7,hdslay1,arr,,,,,,
oname:hdslay1_t24_otype:arr_i:14_j:8,33.66622,0.0,hdslay1_t24,14,8,hdslay1,arr,,,,,,
oname:hdslay1_t24_otype:arr_i:14_j:9,33.66948,0.0,hdslay1_t24,14,9,hdslay1,arr,,,,,,
oname:hdslay1_t24_otype:arr_i:15_j:0,34.03933,0.0,hdslay1_t24,15,0,hdslay1,arr,,,,,,
oname:hdslay1_t24_otype:arr_i:15_j:1,34.04514,0.0,hdslay1_t24,15,1,hdslay1,arr,,,,,,
oname:hdslay1_t24_otype:arr_i:15_j:10,33.63597,0.0,hdslay1_t24,15,10,hdslay1,arr,,,,,,
oname:hdslay1_t24_otype:arr_i:15_j:11,33.6373,0.0,hdslay1_t24,15,11,hdslay1,arr,,,,,,
oname:hdslay1_t24_otype:arr_i:15_j:12,33.64916,0.0,hdslay1_t24,15,12,hdslay1,arr,,,,,,
oname:hdslay1_t24_otype:arr_i:15_j:13,33.66604,0.0,hdslay1_t24,15,13,hdslay1,arr,,,,,,
oname:hdslay1_t24_otype:arr_i:15_j:14,33.69395,0.0,hdslay1_t24,15,14,hdslay1,arr,,,,,,
oname:hdslay1_t24_otype:arr_i:15_j:15,33.72476,0.0,hdslay1_t24,15,15,hdslay1,arr,,,,,,
oname:hdslay1_t24_otype:arr_i:15_j:16,33.72701,0.0,hdslay1_t24,15,16,hdslay1,arr,,,,,,
oname:hdslay1_t24_otype:arr_i:15_j:17,33.72924,0.0,hdslay1_t24,15,17,hdslay1,arr,,,,,,
oname:hdslay1_t24_otype:arr_i:15_j:18,33.73091,0.0,hdslay1_t24,15,18,hdslay1,arr,,,,,,
oname:hdslay1_t24_otype:arr_i:15_j:19,33.73174,0.0,hdslay1_t24,15,19,hdslay1,arr,,,,,,
oname:hdslay1_t24_otype:arr_i:15_j:2,34.03826,0.0,hdslay1_t24,15,2,hdslay1,arr,,,,,,
oname:hdslay1_t24_otype:arr_i:15_j:3,34.03297,0.0,hdslay1_t24,15,3,hdslay1,arr,,,,,,
oname:hdslay1_t24_otype:arr_i:15_j:4,1e+30,0.0,hdslay1_t24,15,4,hdslay1,arr,,,,,,
oname:hdslay1_t24_otype:arr_i:15_j:5,1e+30,0.0,hdslay1_t24,15,5,hdslay1,arr,,,,,,
oname:hdslay1_t24_otype:arr_i:15_j:6,1e+30,0.0,hdslay1_t24,15,6,hdslay1,arr,,,,,,
oname:hdslay1_t24_otype:arr_i:15_j:7,1e+30,0.0,hdslay1_t24,15,7,hdslay1,arr,,,,,,
oname:hdslay1_t24_otype:arr_i:15_j:8,33.63156,0.0,hdslay1_t24,15,8,hdslay1,arr,,,,,,
oname:hdslay1_t24_otype:arr_i:15_j:9,33.63263,0.0,hdslay1_t24,15,9,hdslay1,arr,,,,,,
oname:hdslay1_t24_otype:arr_i:16_j:0,33.97525,0.0,hdslay1_t24,16,0,hdslay1,arr,,,,,,
oname:hdslay1_t24_otype:arr_i:16_j:1,33.96758,0.0,hdslay1_t24,16,1,hdslay1,arr,,,,,,
oname:hdslay1_t24_otype:arr_i:16_j:10,33.5829,0.0,hdslay1_t24,16,10,hdslay1,arr,,,,,,
oname:hdslay1_t24_otype:arr_i:16_j:11,33.59031,0.0,hdslay1_t24,16,11,hdslay1,arr,,,,,,
oname:hdslay1_t24_otype:arr_i:16_j:12,33.60791,0.0,hdslay1_t24,16,12,hdslay1,arr,,,,,,
oname:hdslay1_t24_otype:arr_i:16_j:13,33.63347,0.0,hdslay1_t24,16,13,hdslay1,arr,,,,,,
oname:hdslay1_t24_otype:arr_i:16_j:14,33.66269,0.0,hdslay1_t24,16,14,hdslay1,arr,,,,,,
oname:hdslay1_t24_otype:arr_i:16_j:15,33.70034,0.0,hdslay1_t24,16,15,hdslay1,arr,,,,,,
oname:hdslay1_t24_otype:arr_i:16_j:16,33.7043,0.0,hdslay1_t24,16,16,hdslay1,arr,,,,,,
oname:hdslay1_t24_otype:arr_i:16_j:17,33.70694,0.0,hdslay1_t24,16,17,hdslay1,arr,,,,,,
oname:hdslay1_t24_otype:arr_i:16_j:18,33.70961,0.0,hdslay1_t24,16,18,hdslay1,arr,,,,,,
oname:hdslay1_t24_otype:arr_i:16_j:19,33.71196,0.0,hdslay1_t24,16,19,hdslay1,arr,,,,,,
oname:hdslay1_t24_otype:arr_i:16_j:2,33.95676,0.0,hdslay1_t24,16,2,hdslay1,arr,,,,,,
oname:hdslay1_t24_otype:arr_i:16_j:3,33.95578,0.0,hdslay1_t24,16,3,hdslay1,arr,,,,,,
oname:hdslay1_t24_otype:arr_i:16_j:4,1e+30,0.0,hdslay1_t24,16,4,hdslay1,arr,,,,,,
oname:hdslay1_t24_otype:arr_i:16_j:5,1e+30,0.0,hdslay1_t24,16,5,hdslay1,arr,,,,,,
oname:hdslay1_t24_otype:arr_i:16_j:6,1e+30,0.0,hdslay1_t24,16,6,hdslay1,arr,,,,,,
oname:hdslay1_t24_otype:arr_i:16_j:7,1e+30,0.0,hdslay1_t24,16,7,hdslay1,arr,,,,,,
oname:hdslay1_t24_otype:arr_i:16_j:8,33.5814,0.0,hdslay1_t24,16,8,hdslay1,arr,,,,,,
oname:hdslay1_t24_otype:arr_i:16_j:9,33.58337,0.0,hdslay1_t24,16,9,hdslay1,arr,,,,,,
oname:hdslay1_t24_otype:arr_i:17_j:0,33.89456,0.0,hdslay1_t24,17,0,hdslay1,arr,,,,,,
oname:hdslay1_t24_otype:arr_i:17_j:1,33.88751,0.0,hdslay1_t24,17,1,hdslay1,arr,,,,,,
oname:hdslay1_t24_otype:arr_i:17_j:10,33.52457,0.0,hdslay1_t24,17,10,hdslay1,arr,,,,,,
oname:hdslay1_t24_otype:arr_i:17_j:11,33.53281,0.0,hdslay1_t24,17,11,hdslay1,arr,,,,,,
oname:hdslay1_t24_otype:arr_i:17_j:12,33.545,0.0,hdslay1_t24,17,12,hdslay1,arr,,,,,,
oname:hdslay1_t24_otype:arr_i:17_j:13,33.57586,0.0,hdslay1_t24,17,13,hdslay1,arr,,,,,,
oname:hdslay1_t24_otype:arr_i:17_j:14,33.61137,0.0,hdslay1_t24,17,14,hdslay1,arr,,,,,,
oname:hdslay1_t24_otype:arr_i:17_j:15,33.66797,0.0,hdslay1_t24,17,15,hdslay1,arr,,,,,,
oname:hdslay1_t24_otype:arr_i:17_j:16,33.67115,0.0,hdslay1_t24,17,16,hdslay1,arr,,,,,,
oname:hdslay1_t24_otype:arr_i:17_j:17,33.67583,0.0,hdslay1_t24,17,17,hdslay1,arr,,,,,,
oname:hdslay1_t24_otype:arr_i:17_j:18,33.68236,0.0,hdslay1_t24,17,18,hdslay1,arr,,,,,,
oname:hdslay1_t24_otype:arr_i:17_j:19,33.68437,0.0,hdslay1_t24,17,19,hdslay1,arr,,,,,,
oname:hdslay1_t24_otype:arr_i:17_j:2,33.88987,0.0,hdslay1_t24,17,2,hdslay1,arr,,,,,,
oname:hdslay1_t24_otype:arr_i:17_j:3,33.89914,0.0,hdslay1_t24,17,3,hdslay1,arr,,,,,,
oname:hdslay1_t24_otype:arr_i:17_j:4,1e+30,0.0,hdslay1_t24,17,4,hdslay1,arr,,,,,,
oname:hdslay1_t24_otype:arr_i:17_j:5,1e+30,0.0,hdslay1_t24,17,5,hdslay1,arr,,,,,,
oname:hdslay1_t24_otype:arr_i:17_j:6,1e+30,0.0,hdslay1_t24,17,6,hdslay1,arr,,,,,,
oname:hdslay1_t24_otype:arr_i:17_j:7,1e+30,0.0,hdslay1_t24,17,7,hdslay1,arr,,,,,,
oname:hdslay1_t24_otype:arr_i:17_j:8,33.52618,0.0,hdslay1_t24,17,8,hdslay1,arr,,,,,,
oname:hdslay1_t24_otype:arr_i:17_j:9,33.52662,0.0,hdslay1_t24,17,9,hdslay1,arr,,,,,,
oname:hdslay1_t24_otype:arr_i:18_j:0,33.80488,0.0,hdslay1_t24,18,0,hdslay1,arr,,,,,,
oname:hdslay1_t24_otype:arr_i:18_j:1,33.80721,0.0,hdslay1_t24,18,1,hdslay1,arr,,,,,,
oname:hdslay1_t24_otype:arr_i:18_j:10,33.47594,0.0,hdslay1_t24,18,10,hdslay1,arr,,,,,,
oname:hdslay1_t24_otype:arr_i:18_j:11,33.47761,0.0,hdslay1_t24,18,11,hdslay1,arr,,,,,,
oname:hdslay1_t24_otype:arr_i:18_j:12,33.48434,0.0,hdslay1_t24,18,12,hdslay1,arr,,,,,,
oname:hdslay1_t24_otype:arr_i:18_j:13,33.50257,0.0,hdslay1_t24,18,13,hdslay1,arr,,,,,,
oname:hdslay1_t24_otype:arr_i:18_j:14,33.53489,0.0,hdslay1_t24,18,14,hdslay1,arr,,,,,,
oname:hdslay1_t24_otype:arr_i:18_j:15,33.62544,0.0,hdslay1_t24,18,15,hdslay1,arr,,,,,,
oname:hdslay1_t24_otype:arr_i:18_j:16,33.63104,0.0,hdslay1_t24,18,16,hdslay1,arr,,,,,,
oname:hdslay1_t24_otype:arr_i:18_j:17,33.64146,0.0,hdslay1_t24,18,17,hdslay1,arr,,,,,,
oname:hdslay1_t24_otype:arr_i:18_j:18,33.65135,0.0,hdslay1_t24,18,18,hdslay1,arr,,,,,,
oname:hdslay1_t24_otype:arr_i:18_j:19,33.65458,0.0,hdslay1_t24,18,19,hdslay1,arr,,,,,,
oname:hdslay1_t24_otype:arr_i:18_j:2,33.81722,0.0,hdslay1_t24,18,2,hdslay1,arr,,,,,,
oname:hdslay1_t24_otype:arr_i:18_j:3,33.83308,0.0,hdslay1_t24,18,3,hdslay1,arr,,,,,,
oname:hdslay1_t24_otype:arr_i:18_j:4,1e+30,0.0,hdslay1_t24,18,4,hdslay1,arr,,,,,,
oname:hdslay1_t24_otype:arr_i:18_j:5,1e+30,0.0,hdslay1_t24,18,5,hdslay1,arr,,,,,,
oname:hdslay1_t24_otype:arr_i:18_j:6,1e+30,0.0,hdslay1_t24,18,6,hdslay1,arr,,,,,,
oname:hdslay1_t24_otype:arr_i:18_j:7,1e+30,0.0,hdslay1_t24,18,7,hdslay1,arr,,,,,,
oname:hdslay1_t24_otype:arr_i:18_j:8,33.47671,0.0,hdslay1_t24,18,8,hdslay1,arr,,,,,,
oname:hdslay1_t24_otype:arr_i:18_j:9,33.47481,0.0,hdslay1_t24,18,9,hdslay1,arr,,,,,,
oname:hdslay1_t24_otype:arr_i:19_j:0,33.71799,0.0,hdslay1_t24,19,0,hdslay1,arr,,,,,,
oname:hdslay1_t24_otype:arr_i:19_j:1,33.71792,0.0,hdslay1_t24,19,1,hdslay1,arr,,,,,,
oname:hdslay1_t24_otype:arr_i:19_j:10,33.43457,0.0,hdslay1_t24,19,10,hdslay1,arr,,,,,,
oname:hdslay1_t24_otype:arr_i:19_j:11,33.43049,0.0,hdslay1_t24,19,11,hdslay1,arr,,,,,,
oname:hdslay1_t24_otype:arr_i:19_j:12,33.43143,0.0,hdslay1_t24,19,12,hdslay1,arr,,,,,,
oname:hdslay1_t24_otype:arr_i:19_j:13,33.42593,0.0,hdslay1_t24,19,13,hdslay1,arr,,,,,,
oname:hdslay1_t24_otype:arr_i:19_j:14,33.42172,0.0,hdslay1_t24,19,14,hdslay1,arr,,,,,,
oname:hdslay1_t24_otype:arr_i:19_j:15,33.57019,0.0,hdslay1_t24,19,15,hdslay1,arr,,,,,,
oname:hdslay1_t24_otype:arr_i:19_j:16,33.59029,0.0,hdslay1_t24,19,16,hdslay1,arr,,,,,,
oname:hdslay1_t24_otype:arr_i:19_j:17,33.60268,0.0,hdslay1_t24,19,17,hdslay1,arr,,,,,,
oname:hdslay1_t24_otype:arr_i:19_j:18,33.61114,0.0,hdslay1_t24,19,18,hdslay1,arr,,,,,,
oname:hdslay1_t24_otype:arr_i:19_j:19,33.61918,0.0,hdslay1_t24,19,19,hdslay1,arr,,,,,,
oname:hdslay1_t24_otype:arr_i:19_j:2,33.7267,0.0,hdslay1_t24,19,2,hdslay1,arr,,,,,,
oname:hdslay1_t24_otype:arr_i:19_j:3,33.74185,0.0,hdslay1_t24,19,3,hdslay1,arr,,,,,,
oname:hdslay1_t24_otype:arr_i:19_j:4,1e+30,0.0,hdslay1_t24,19,4,hdslay1,arr,,,,,,
oname:hdslay1_t24_otype:arr_i:19_j:5,1e+30,0.0,hdslay1_t24,19,5,hdslay1,arr,,,,,,
oname:hdslay1_t24_otype:arr_i:19_j:6,1e+30,0.0,hdslay1_t24,19,6,hdslay1,arr,,,,,,
oname:hdslay1_t24_otype:arr_i:19_j:7,1e+30,0.0,hdslay1_t24,19,7,hdslay1,arr,,,,,,
oname:hdslay1_t24_otype:arr_i:19_j:8,33.43519,0.0,hdslay1_t24,19,8,hdslay1,arr,,,,,,
oname:hdslay1_t24_otype:arr_i:19_j:9,33.4344,0.0,hdslay1_t24,19,9,hdslay1,arr,,,,,,
oname:hdslay1_t24_otype:arr_i:1_j:0,34.48049,0.0,hdslay1_t24,1,0,hdslay1,arr,,,,,,
oname:hdslay1_t24_otype:arr_i:1_j:1,34.47394,0.0,hdslay1_t24,1,1,hdslay1,arr,,,,,,
oname:hdslay1_t24_otype:arr_i:1_j:10,34.15485,0.0,hdslay1_t24,1,10,hdslay1,arr,,,,,,
oname:hdslay1_t24_otype:arr_i:1_j:11,34.13091,0.0,hdslay1_t24,1,11,hdslay1,arr,,,,,,
oname:hdslay1_t24_otype:arr_i:1_j:12,34.11184,0.0,hdslay1_t24,1,12,hdslay1,arr,,,,,,
oname:hdslay1_t24_otype:arr_i:1_j:13,34.09518,0.0,hdslay1_t24,1,13,hdslay1,arr,,,,,,
oname:hdslay1_t24_otype:arr_i:1_j:14,34.07893,0.0,hdslay1_t24,1,14,hdslay1,arr,,,,,,
oname:hdslay1_t24_otype:arr_i:1_j:15,34.06391,0.0,hdslay1_t24,1,15,hdslay1,arr,,,,,,
oname:hdslay1_t24_otype:arr_i:1_j:16,34.05324,0.0,hdslay1_t24,1,16,hdslay1,arr,,,,,,
oname:hdslay1_t24_otype:arr_i:1_j:17,34.04226,0.0,hdslay1_t24,1,17,hdslay1,arr,,,,,,
oname:hdslay1_t24_otype:arr_i:1_j:18,34.03314,0.0,hdslay1_t24,1,18,hdslay1,arr,,,,,,
oname:hdslay1_t24_otype:arr_i:1_j:19,34.02824,0.0,hdslay1_t24,1,19,hdslay1,arr,,,,,,
oname:hdslay1_t24_otype:arr_i:1_j:2,34.46168,0.0,hdslay1_t24,1,2,hdslay1,arr,,,,,,
oname:hdslay1_t24_otype:arr_i:1_j:3,34.44362,0.0,hdslay1_t24,1,3,hdslay1,arr,,,,,,
oname:hdslay1_t24_otype:arr_i:1_j:4,34.41604,0.0,hdslay1_t24,1,4,hdslay1,arr,,,,,,
oname:hdslay1_t24_otype:arr_i:1_j:5,34.37716,0.0,hdslay1_t24,1,5,hdslay1,arr,,,,,,
oname:hdslay1_t24_otype:arr_i:1_j:6,34.32545,0.0,hdslay1_t24,1,6,hdslay1,arr,,,,,,
oname:hdslay1_t24_otype:arr_i:1_j:7,34.26574,0.0,hdslay1_t24,1,7,hdslay1,arr,,,,,,
oname:hdslay1_t24_otype:arr_i:1_j:8,34.21754,0.0,hdslay1_t24,1,8,hdslay1,arr,,,,,,
oname:hdslay1_t24_otype:arr_i:1_j:9,34.1824,0.0,hdslay1_t24,1,9,hdslay1,arr,,,,,,
oname:hdslay1_t24_otype:arr_i:20_j:0,33.63658,0.0,hdslay1_t24,20,0,hdslay1,arr,,,,,,
oname:hdslay1_t24_otype:arr_i:20_j:1,33.63933,0.0,hdslay1_t24,20,1,hdslay1,arr,,,,,,
oname:hdslay1_t24_otype:arr_i:20_j:10,33.40526,0.0,hdslay1_t24,20,10,hdslay1,arr,,,,,,
oname:hdslay1_t24_otype:arr_i:20_j:11,33.40522,0.0,hdslay1_t24,20,11,hdslay1,arr,,,,,,
oname:hdslay1_t24_otype:arr_i:20_j:12,33.39976,0.0,hdslay1_t24,20,12,hdslay1,arr,,,,,,
oname:hdslay1_t24_otype:arr_i:20_j:13,33.35864,0.0,hdslay1_t24,20,13,hdslay1,arr,,,,,,
oname:hdslay1_t24_otype:arr_i:20_j:14,33.19008,0.0,hdslay1_t24,20,14,hdslay1,arr,,,,,,
oname:hdslay1_t24_otype:arr_i:20_j:15,33.47822,0.0,hdslay1_t24,20,15,hdslay1,arr,,,,,,
oname:hdslay1_t24_otype:arr_i:20_j:16,33.54715,0.0,hdslay1_t24,20,16,hdslay1,arr,,,,,,
oname:hdslay1_t24_otype:arr_i:20_j:17,33.57118,0.0,hdslay1_t24,20,17,hdslay1,arr,,,,,,
oname:hdslay1_t24_otype:arr_i:20_j:18,33.57916,0.0,hdslay1_t24,20,18,hdslay1,arr,,,,,,
oname:hdslay1_t24_otype:arr_i:20_j:19,33.58583,0.0,hdslay1_t24,20,19,hdslay1,arr,,,,,,
oname:hdslay1_t24_otype:arr_i:20_j:2,33.63694,0.0,hdslay1_t24,20,2,hdslay1,arr,,,,,,
oname:hdslay1_t24_otype:arr_i:20_j:3,33.63345,0.0,hdslay1_t24,20,3,hdslay1,arr,,,,,,
oname:hdslay1_t24_otype:arr_i:20_j:4,1e+30,0.0,hdslay1_t24,20,4,hdslay1,arr,,,,,,
oname:hdslay1_t24_otype:arr_i:20_j:5,1e+30,0.0,hdslay1_t24,20,5,hdslay1,arr,,,,,,
oname:hdslay1_t24_otype:arr_i:20_j:6,1e+30,0.0,hdslay1_t24,20,6,hdslay1,arr,,,,,,
oname:hdslay1_t24_otype:arr_i:20_j:7,1e+30,0.0,hdslay1_t24,20,7,hdslay1,arr,,,,,,
oname:hdslay1_t24_otype:arr_i:20_j:8,33.40045,0.0,hdslay1_t24,20,8,hdslay1,arr,,,,,,
oname:hdslay1_t24_otype:arr_i:20_j:9,33.40401,0.0,hdslay1_t24,20,9,hdslay1,arr,,,,,,
oname:hdslay1_t24_otype:arr_i:21_j:0,33.56281,0.0,hdslay1_t24,21,0,hdslay1,arr,,,,,,
oname:hdslay1_t24_otype:arr_i:21_j:1,33.56551,0.0,hdslay1_t24,21,1,hdslay1,arr,,,,,,
oname:hdslay1_t24_otype:arr_i:21_j:10,33.3864,0.0,hdslay1_t24,21,10,hdslay1,arr,,,,,,
oname:hdslay1_t24_otype:arr_i:21_j:11,33.39345,0.0,hdslay1_t24,21,11,hdslay1,arr,,,,,,
oname:hdslay1_t24_otype:arr_i:21_j:12,33.39506,0.0,hdslay1_t24,21,12,hdslay1,arr,,,,,,
oname:hdslay1_t24_otype:arr_i:21_j:13,33.38988,0.0,hdslay1_t24,21,13,hdslay1,arr,,,,,,
oname:hdslay1_t24_otype:arr_i:21_j:14,33.38787,0.0,hdslay1_t24,21,14,hdslay1,arr,,,,,,
oname:hdslay1_t24_otype:arr_i:21_j:15,33.49606,0.0,hdslay1_t24,21,15,hdslay1,arr,,,,,,
oname:hdslay1_t24_otype:arr_i:21_j:16,33.52916,0.0,hdslay1_t24,21,16,hdslay1,arr,,,,,,
oname:hdslay1_t24_otype:arr_i:21_j:17,33.55195,0.0,hdslay1_t24,21,17,hdslay1,arr,,,,,,
oname:hdslay1_t24_otype:arr_i:21_j:18,33.56173,0.0,hdslay1_t24,21,18,hdslay1,arr,,,,,,
oname:hdslay1_t24_otype:arr_i:21_j:19,33.56497,0.0,hdslay1_t24,21,19,hdslay1,arr,,,,,,
oname:hdslay1_t24_otype:arr_i:21_j:2,33.55212,0.0,hdslay1_t24,21,2,hdslay1,arr,,,,,,
oname:hdslay1_t24_otype:arr_i:21_j:3,33.52714,0.0,hdslay1_t24,21,3,hdslay1,arr,,,,,,
oname:hdslay1_t24_otype:arr_i:21_j:4,1e+30,0.0,hdslay1_t24,21,4,hdslay1,arr,,,,,,
oname:hdslay1_t24_otype:arr_i:21_j:5,1e+30,0.0,hdslay1_t24,21,5,hdslay1,arr,,,,,,
oname:hdslay1_t24_otype:arr_i:21_j:6,33.3166,0.0,hdslay1_t24,21,6,hdslay1,arr,,,,,,
oname:hdslay1_t24_otype:arr_i:21_j:7,33.33588,0.0,hdslay1_t24,21,7,hdslay1,arr,,,,,,
oname:hdslay1_t24_otype:arr_i:21_j:8,33.36492,0.0,hdslay1_t24,21,8,hdslay1,arr,,,,,,
oname:hdslay1_t24_otype:arr_i:21_j:9,33.37931,0.0,hdslay1_t24,21,9,hdslay1,arr,,,,,,
oname:hdslay1_t24_otype:arr_i:22_j:0,33.48957,0.0,hdslay1_t24,22,0,hdslay1,arr,,,,,,
oname:hdslay1_t24_otype:arr_i:22_j:1,33.47508,0.0,hdslay1_t24,22,1,hdslay1,arr,,,,,,
oname:hdslay1_t24_otype:arr_i:22_j:10,33.36943,0.0,hdslay1_t24,22,10,hdslay1,arr,,,,,,
oname:hdslay1_t24_otype:arr_i:22_j:11,33.38217,0.0,hdslay1_t24,22,11,hdslay1,arr,,,,,,
oname:hdslay1_t24_otype:arr_i:22_j:12,33.39492,0.0,hdslay1_t24,22,12,hdslay1,arr,,,,,,
oname:hdslay1_t24_otype:arr_i:22_j:13,33.41474,0.0,hdslay1_t24,22,13,hdslay1,arr,,,,,,
oname:hdslay1_t24_otype:arr_i:22_j:14,33.446,0.0,hdslay1_t24,22,14,hdslay1,arr,,,,,,
oname:hdslay1_t24_otype:arr_i:22_j:15,33.50518,0.0,hdslay1_t24,22,15,hdslay1,arr,,,,,,
oname:hdslay1_t24_otype:arr_i:22_j:16,33.52328,0.0,hdslay1_t24,22,16,hdslay1,arr,,,,,,
oname:hdslay1_t24_otype:arr_i:22_j:17,33.53785,0.0,hdslay1_t24,22,17,hdslay1,arr,,,,,,
oname:hdslay1_t24_otype:arr_i:22_j:18,33.54569,0.0,hdslay1_t24,22,18,hdslay1,arr,,,,,,
oname:hdslay1_t24_otype:arr_i:22_j:19,33.54853,0.0,hdslay1_t24,22,19,hdslay1,arr,,,,,,
oname:hdslay1_t24_otype:arr_i:22_j:2,33.45503,0.0,hdslay1_t24,22,2,hdslay1,arr,,,,,,
oname:hdslay1_t24_otype:arr_i:22_j:3,33.39635,0.0,hdslay1_t24,22,3,hdslay1,arr,,,,,,
oname:hdslay1_t24_otype:arr_i:22_j:4,33.29588,0.0,hdslay1_t24,22,4,hdslay1,arr,,,,,,
oname:hdslay1_t24_otype:arr_i:22_j:5,1e+30,0.0,hdslay1_t24,22,5,hdslay1,arr,,,,,,
oname:hdslay1_t24_otype:arr_i:22_j:6,33.29617,0.0,hdslay1_t24,22,6,hdslay1,arr,,,,,,
oname:hdslay1_t24_otype:arr_i:22_j:7,33.31534,0.0,hdslay1_t24,22,7,hdslay1,arr,,,,,,
oname:hdslay1_t24_otype:arr_i:22_j:8,33.3389,0.0,hdslay1_t24,22,8,hdslay1,arr,,,,,,
oname:hdslay1_t24_otype:arr_i:22_j:9,33.35726,0.0,hdslay1_t24,22,9,hdslay1,arr,,,,,,
oname:hdslay1_t24_otype:arr_i:23_j:0,33.40736,0.0,hdslay1_t24,23,0,hdslay1,arr,,,,,,
oname:hdslay1_t24_otype:arr_i:23_j:1,33.38731,0.0,hdslay1_t24,23,1,hdslay1,arr,,,,,,
oname:hdslay1_t24_otype:arr_i:23_j:10,33.34589,0.0,hdslay1_t24,23,10,hdslay1,arr,,,,,,
oname:hdslay1_t24_otype:arr_i:23_j:11,33.3659,0.0,hdslay1_t24,23,11,hdslay1,arr,,,,,,
oname:hdslay1_t24_otype:arr_i:23_j:12,33.39173,0.0,hdslay1_t24,23,12,hdslay1,arr,,,,,,
oname:hdslay1_t24_otype:arr_i:23_j:13,33.42656,0.0,hdslay1_t24,23,13,hdslay1,arr,,,,,,
oname:hdslay1_t24_otype:arr_i:23_j:14,33.46821,0.0,hdslay1_t24,23,14,hdslay1,arr,,,,,,
oname:hdslay1_t24_otype:arr_i:23_j:15,33.52213,0.0,hdslay1_t24,23,15,hdslay1,arr,,,,,,
oname:hdslay1_t24_otype:arr_i:23_j:16,33.52482,0.0,hdslay1_t24,23,16,hdslay1,arr,,,,,,
oname:hdslay1_t24_otype:arr_i:23_j:17,33.52984,0.0,hdslay1_t24,23,17,hdslay1,arr,,,,,,
oname:hdslay1_t24_otype:arr_i:23_j:18,33.53362,0.0,hdslay1_t24,23,18,hdslay1,arr,,,,,,
oname:hdslay1_t24_otype:arr_i:23_j:19,33.53449,0.0,hdslay1_t24,23,19,hdslay1,arr,,,,,,
oname:hdslay1_t24_otype:arr_i:23_j:2,33.35463,0.0,hdslay1_t24,23,2,hdslay1,arr,,,,,,
oname:hdslay1_t24_otype:arr_i:23_j:3,33.28817,0.0,hdslay1_t24,23,3,hdslay1,arr,,,,,,
oname:hdslay1_t24_otype:arr_i:23_j:4,33.21513,0.0,hdslay1_t24,23,4,hdslay1,arr,,,,,,
oname:hdslay1_t24_otype:arr_i:23_j:5,33.2184,0.0,hdslay1_t24,23,5,hdslay1,arr,,,,,,
oname:hdslay1_t24_otype:arr_i:23_j:6,33.25793,0.0,hdslay1_t24,23,6,hdslay1,arr,,,,,,
oname:hdslay1_t24_otype:arr_i:23_j:7,33.28504,0.0,hdslay1_t24,23,7,hdslay1,arr,,,,,,
oname:hdslay1_t24_otype:arr_i:23_j:8,33.3092,0.0,hdslay1_t24,23,8,hdslay1,arr,,,,,,
oname:hdslay1_t24_otype:arr_i:23_j:9,33.32932,0.0,hdslay1_t24,23,9,hdslay1,arr,,,,,,
oname:hdslay1_t24_otype:arr_i:24_j:0,33.33776,0.0,hdslay1_t24,24,0,hdslay1,arr,,,,,,
oname:hdslay1_t24_otype:arr_i:24_j:1,33.32304,0.0,hdslay1_t24,24,1,hdslay1,arr,,,,,,
oname:hdslay1_t24_otype:arr_i:24_j:10,33.31445,0.0,hdslay1_t24,24,10,hdslay1,arr,,,,,,
oname:hdslay1_t24_otype:arr_i:24_j:11,33.34318,0.0,hdslay1_t24,24,11,hdslay1,arr,,,,,,
oname:hdslay1_t24_otype:arr_i:24_j:12,33.37981,0.0,hdslay1_t24,24,12,hdslay1,arr,,,,,,
oname:hdslay1_t24_otype:arr_i:24_j:13,33.4251,0.0,hdslay1_t24,24,13,hdslay1,arr,,,,,,
oname:hdslay1_t24_otype:arr_i:24_j:14,33.47436,0.0,hdslay1_t24,24,14,hdslay1,arr,,,,,,
oname:hdslay1_t24_otype:arr_i:24_j:15,33.53167,0.0,hdslay1_t24,24,15,hdslay1,arr,,,,,,
oname:hdslay1_t24_otype:arr_i:24_j:16,33.52297,0.0,hdslay1_t24,24,16,hdslay1,arr,,,,,,
oname:hdslay1_t24_otype:arr_i:24_j:17,33.5209,0.0,hdslay1_t24,24,17,hdslay1,arr,,,,,,
oname:hdslay1_t24_otype:arr_i:24_j:18,33.52122,0.0,hdslay1_t24,24,18,hdslay1,arr,,,,,,
oname:hdslay1_t24_otype:arr_i:24_j:19,33.52242,0.0,hdslay1_t24,24,19,hdslay1,arr,,,,,,
oname:hdslay1_t24_otype:arr_i:24_j:2,33.28626,0.0,hdslay1_t24,24,2,hdslay1,arr,,,,,,
oname:hdslay1_t24_otype:arr_i:24_j:3,33.22079,0.0,hdslay1_t24,24,3,hdslay1,arr,,,,,,
oname:hdslay1_t24_otype:arr_i:24_j:4,33.09947,0.0,hdslay1_t24,24,4,hdslay1,arr,,,,,,
oname:hdslay1_t24_otype:arr_i:24_j:5,33.18276,0.0,hdslay1_t24,24,5,hdslay1,arr,,,,,,
oname:hdslay1_t24_otype:arr_i:24_j:6,33.22602,0.0,hdslay1_t24,24,6,hdslay1,arr,,,,,,
oname:hdslay1_t24_otype:arr_i:24_j:7,33.25619,0.0,hdslay1_t24,24,7,hdslay1,arr,,,,,,
oname:hdslay1_t24_otype:arr_i:24_j:8,33.28139,0.0,hdslay1_t24,24,8,hdslay1,arr,,,,,,
oname:hdslay1_t24_otype:arr_i:24_j:9,33.29835,0.0,hdslay1_t24,24,9,hdslay1,arr,,,,,,
oname:hdslay1_t24_otype:arr_i:25_j:0,33.29774,0.0,hdslay1_t24,25,0,hdslay1,arr,,,,,,
oname:hdslay1_t24_otype:arr_i:25_j:1,33.28789,0.0,hdslay1_t24,25,1,hdslay1,arr,,,,,,
oname:hdslay1_t24_otype:arr_i:25_j:10,33.27651,0.0,hdslay1_t24,25,10,hdslay1,arr,,,,,,
oname:hdslay1_t24_otype:arr_i:25_j:11,33.31638,0.0,hdslay1_t24,25,11,hdslay1,arr,,,,,,
oname:hdslay1_t24_otype:arr_i:25_j:12,33.36303,0.0,hdslay1_t24,25,12,hdslay1,arr,,,,,,
oname:hdslay1_t24_otype:arr_i:25_j:13,33.411,0.0,hdslay1_t24,25,13,hdslay1,arr,,,,,,
oname:hdslay1_t24_otype:arr_i:25_j:14,33.46416,0.0,hdslay1_t24,25,14,hdslay1,arr,,,,,,
oname:hdslay1_t24_otype:arr_i:25_j:15,33.52532,0.0,hdslay1_t24,25,15,hdslay1,arr,,,,,,
oname:hdslay1_t24_otype:arr_i:25_j:16,33.51359,0.0,hdslay1_t24,25,16,hdslay1,arr,,,,,,
oname:hdslay1_t24_otype:arr_i:25_j:17,33.50799,0.0,hdslay1_t24,25,17,hdslay1,arr,,,,,,
oname:hdslay1_t24_otype:arr_i:25_j:18,33.50554,0.0,hdslay1_t24,25,18,hdslay1,arr,,,,,,
oname:hdslay1_t24_otype:arr_i:25_j:19,33.50603,0.0,hdslay1_t24,25,19,hdslay1,arr,,,,,,
oname:hdslay1_t24_otype:arr_i:25_j:2,33.26338,0.0,hdslay1_t24,25,2,hdslay1,arr,,,,,,
oname:hdslay1_t24_otype:arr_i:25_j:3,33.2203,0.0,hdslay1_t24,25,3,hdslay1,arr,,,,,,
oname:hdslay1_t24_otype:arr_i:25_j:4,33.1744,0.0,hdslay1_t24,25,4,hdslay1,arr,,,,,,
oname:hdslay1_t24_otype:arr_i:25_j:5,33.1881,0.0,hdslay1_t24,25,5,hdslay1,arr,,,,,,
oname:hdslay1_t24_otype:arr_i:25_j:6,33.20726,0.0,hdslay1_t24,25,6,hdslay1,arr,,,,,,
oname:hdslay1_t24_otype:arr_i:25_j:7,33.22898,0.0,hdslay1_t24,25,7,hdslay1,arr,,,,,,
oname:hdslay1_t24_otype:arr_i:25_j:8,33.25154,0.0,hdslay1_t24,25,8,hdslay1,arr,,,,,,
oname:hdslay1_t24_otype:arr_i:25_j:9,33.26481,0.0,hdslay1_t24,25,9,hdslay1,arr,,,,,,
oname:hdslay1_t24_otype:arr_i:26_j:0,33.27641,0.0,hdslay1_t24,26,0,hdslay1,arr,,,,,,
oname:hdslay1_t24_otype:arr_i:26_j:1,33.26761,0.0,hdslay1_t24,26,1,hdslay1,arr,,,,,,
oname:hdslay1_t24_otype:arr_i:26_j:10,33.20756,0.0,hdslay1_t24,26,10,hdslay1,arr,,,,,,
oname:hdslay1_t24_otype:arr_i:26_j:11,33.2909,0.0,hdslay1_t24,26,11,hdslay1,arr,,,,,,
oname:hdslay1_t24_otype:arr_i:26_j:12,33.34611,0.0,hdslay1_t24,26,12,hdslay1,arr,,,,,,
oname:hdslay1_t24_otype:arr_i:26_j:13,33.39589,0.0,hdslay1_t24,26,13,hdslay1,arr,,,,,,
oname:hdslay1_t24_otype:arr_i:26_j:14,33.44515,0.0,hdslay1_t24,26,14,hdslay1,arr,,,,,,
oname:hdslay1_t24_otype:arr_i:26_j:15,33.51004,0.0,hdslay1_t24,26,15,hdslay1,arr,,,,,,
oname:hdslay1_t24_otype:arr_i:26_j:16,33.49249,0.0,hdslay1_t24,26,16,hdslay1,arr,,,,,,
oname:hdslay1_t24_otype:arr_i:26_j:17,33.48726,0.0,hdslay1_t24,26,17,hdslay1,arr,,,,,,
oname:hdslay1_t24_otype:arr_i:26_j:18,33.4877,0.0,hdslay1_t24,26,18,hdslay1,arr,,,,,,
oname:hdslay1_t24_otype:arr_i:26_j:19,33.48715,0.0,hdslay1_t24,26,19,hdslay1,arr,,,,,,
oname:hdslay1_t24_otype:arr_i:26_j:2,33.24674,0.0,hdslay1_t24,26,2,hdslay1,arr,,,,,,
oname:hdslay1_t24_otype:arr_i:26_j:3,33.22014,0.0,hdslay1_t24,26,3,hdslay1,arr,,,,,,
oname:hdslay1_t24_otype:arr_i:26_j:4,33.19504,0.0,hdslay1_t24,26,4,hdslay1,arr,,,,,,
oname:hdslay1_t24_otype:arr_i:26_j:5,33.18776,0.0,hdslay1_t24,26,5,hdslay1,arr,,,,,,
oname:hdslay1_t24_otype:arr_i:26_j:6,33.19054,0.0,hdslay1_t24,26,6,hdslay1,arr,,,,,,
oname:hdslay1_t24_otype:arr_i:26_j:7,33.20185,0.0,hdslay1_t24,26,7,hdslay1,arr,,,,,,
oname:hdslay1_t24_otype:arr_i:26_j:8,33.21848,0.0,hdslay1_t24,26,8,hdslay1,arr,,,,,,
oname:hdslay1_t24_otype:arr_i:26_j:9,33.22736,0.0,hdslay1_t24,26,9,hdslay1,arr,,,,,,
oname:hdslay1_t24_otype:arr_i:27_j:0,33.26062,0.0,hdslay1_t24,27,0,hdslay1,arr,,,,,,
oname:hdslay1_t24_otype:arr_i:27_j:1,33.25258,0.0,hdslay1_t24,27,1,hdslay1,arr,,,,,,
oname:hdslay1_t24_otype:arr_i:27_j:10,33.24505,0.0,hdslay1_t24,27,10,hdslay1,arr,,,,,,
oname:hdslay1_t24_otype:arr_i:27_j:11,33.29316,0.0,hdslay1_t24,27,11,hdslay1,arr,,,,,,
oname:hdslay1_t24_otype:arr_i:27_j:12,33.3329,0.0,hdslay1_t24,27,12,hdslay1,arr,,,,,,
oname:hdslay1_t24_otype:arr_i:27_j:13,33.38407,0.0,hdslay1_t24,27,13,hdslay1,arr,,,,,,
oname:hdslay1_t24_otype:arr_i:27_j:14,33.43481,0.0,hdslay1_t24,27,14,hdslay1,arr,,,,,,
oname:hdslay1_t24_otype:arr_i:27_j:15,33.47264,0.0,hdslay1_t24,27,15,hdslay1,arr,,,,,,
oname:hdslay1_t24_otype:arr_i:27_j:16,33.46799,0.0,hdslay1_t24,27,16,hdslay1,arr,,,,,,
oname:hdslay1_t24_otype:arr_i:27_j:17,33.46568,0.0,hdslay1_t24,27,17,hdslay1,arr,,,,,,
oname:hdslay1_t24_otype:arr_i:27_j:18,33.46546,0.0,hdslay1_t24,27,18,hdslay1,arr,,,,,,
oname:hdslay1_t24_otype:arr_i:27_j:19,33.46678,0.0,hdslay1_t24,27,19,hdslay1,arr,,,,,,
oname:hdslay1_t24_otype:arr_i:27_j:2,33.23471,0.0,hdslay1_t24,27,2,hdslay1,arr,,,,,,
oname:hdslay1_t24_otype:arr_i:27_j:3,33.21357,0.0,hdslay1_t24,27,3,hdslay1,arr,,,,,,
oname:hdslay1_t24_otype:arr_i:27_j:4,33.19168,0.0,hdslay1_t24,27,4,hdslay1,arr,,,,,,
oname:hdslay1_t24_otype:arr_i:27_j:5,33.1748,0.0,hdslay1_t24,27,5,hdslay1,arr,,,,,,
oname:hdslay1_t24_otype:arr_i:27_j:6,33.16996,0.0,hdslay1_t24,27,6,hdslay1,arr,,,,,,
oname:hdslay1_t24_otype:arr_i:27_j:7,33.17982,0.0,hdslay1_t24,27,7,hdslay1,arr,,,,,,
oname:hdslay1_t24_otype:arr_i:27_j:8,33.19831,0.0,hdslay1_t24,27,8,hdslay1,arr,,,,,,
oname:hdslay1_t24_otype:arr_i:27_j:9,33.22121,0.0,hdslay1_t24,27,9,hdslay1,arr,,,,,,
oname:hdslay1_t24_otype:arr_i:28_j:0,33.24882,0.0,hdslay1_t24,28,0,hdslay1,arr,,,,,,
oname:hdslay1_t24_otype:arr_i:28_j:1,33.24132,0.0,hdslay1_t24,28,1,hdslay1,arr,,,,,,
oname:hdslay1_t24_otype:arr_i:28_j:10,33.24746,0.0,hdslay1_t24,28,10,hdslay1,arr,,,,,,
oname:hdslay1_t24_otype:arr_i:28_j:11,33.28296,0.0,hdslay1_t24,28,11,hdslay1,arr,,,,,,
oname:hdslay1_t24_otype:arr_i:28_j:12,33.32354,0.0,hdslay1_t24,28,12,hdslay1,arr,,,,,,
oname:hdslay1_t24_otype:arr_i:28_j:13,33.37197,0.0,hdslay1_t24,28,13,hdslay1,arr,,,,,,
oname:hdslay1_t24_otype:arr_i:28_j:14,33.42124,0.0,hdslay1_t24,28,14,hdslay1,arr,,,,,,
oname:hdslay1_t24_otype:arr_i:28_j:15,33.45849,0.0,hdslay1_t24,28,15,hdslay1,arr,,,,,,
oname:hdslay1_t24_otype:arr_i:28_j:16,33.45174,0.0,hdslay1_t24,28,16,hdslay1,arr,,,,,,
oname:hdslay1_t24_otype:arr_i:28_j:17,33.44768,0.0,hdslay1_t24,28,17,hdslay1,arr,,,,,,
oname:hdslay1_t24_otype:arr_i:28_j:18,33.44473,0.0,hdslay1_t24,28,18,hdslay1,arr,,,,,,
oname:hdslay1_t24_otype:arr_i:28_j:19,33.44556,0.0,hdslay1_t24,28,19,hdslay1,arr,,,,,,
oname:hdslay1_t24_otype:arr_i:28_j:2,33.22501,0.0,hdslay1_t24,28,2,hdslay1,arr,,,,,,
oname:hdslay1_t24_otype:arr_i:28_j:3,33.20265,0.0,hdslay1_t24,28,3,hdslay1,arr,,,,,,
oname:hdslay1_t24_otype:arr_i:28_j:4,33.1758,0.0,hdslay1_t24,28,4,hdslay1,arr,,,,,,
oname:hdslay1_t24_otype:arr_i:28_j:5,33.14702,0.0,hdslay1_t24,28,5,hdslay1,arr,,,,,,
oname:hdslay1_t24_otype:arr_i:28_j:6,33.12263,0.0,hdslay1_t24,28,6,hdslay1,arr,,,,,,
oname:hdslay1_t24_otype:arr_i:28_j:7,33.15197,0.0,hdslay1_t24,28,7,hdslay1,arr,,,,,,
oname:hdslay1_t24_otype:arr_i:28_j:8,33.18143,0.0,hdslay1_t24,28,8,hdslay1,arr,,,,,,
oname:hdslay1_t24_otype:arr_i:28_j:9,33.21471,0.0,hdslay1_t24,28,9,hdslay1,arr,,,,,,
oname:hdslay1_t24_otype:arr_i:29_j:0,33.23826,0.0,hdslay1_t24,29,0,hdslay1,arr,,,,,,
oname:hdslay1_t24_otype:arr_i:29_j:1,33.23081,0.0,hdslay1_t24,29,1,hdslay1,arr,,,,,,
oname:hdslay1_t24_otype:arr_i:29_j:10,33.23741,0.0,hdslay1_t24,29,10,hdslay1,arr,,,,,,
oname:hdslay1_t24_otype:arr_i:29_j:11,33.27338,0.0,hdslay1_t24,29,11,hdslay1,arr,,,,,,
oname:hdslay1_t24_otype:arr_i:29_j:12,33.30677,0.0,hdslay1_t24,29,12,hdslay1,arr,,,,,,
oname:hdslay1_t24_otype:arr_i:29_j:13,33.3474,0.0,hdslay1_t24,29,13,hdslay1,arr,,,,,,
oname:hdslay1_t24_otype:arr_i:29_j:14,33.3967,0.0,hdslay1_t24,29,14,hdslay1,arr,,,,,,
oname:hdslay1_t24_otype:arr_i:29_j:15,33.44641,0.0,hdslay1_t24,29,15,hdslay1,arr,,,,,,
oname:hdslay1_t24_otype:arr_i:29_j:16,33.43127,0.0,hdslay1_t24,29,16,hdslay1,arr,,,,,,
oname:hdslay1_t24_otype:arr_i:29_j:17,33.42532,0.0,hdslay1_t24,29,17,hdslay1,arr,,,,,,
oname:hdslay1_t24_otype:arr_i:29_j:18,33.42427,0.0,hdslay1_t24,29,18,hdslay1,arr,,,,,,
oname:hdslay1_t24_otype:arr_i:29_j:19,33.4235,0.0,hdslay1_t24,29,19,hdslay1,arr,,,,,,
oname:hdslay1_t24_otype:arr_i:29_j:2,33.21339,0.0,hdslay1_t24,29,2,hdslay1,arr,,,,,,
oname:hdslay1_t24_otype:arr_i:29_j:3,33.18999,0.0,hdslay1_t24,29,3,hdslay1,arr,,,,,,
oname:hdslay1_t24_otype:arr_i:29_j:4,33.16023,0.0,hdslay1_t24,29,4,hdslay1,arr,,,,,,
oname:hdslay1_t24_otype:arr_i:29_j:5,33.11134,0.0,hdslay1_t24,29,5,hdslay1,arr,,,,,,
oname:hdslay1_t24_otype:arr_i:29_j:6,33.02473,0.0,hdslay1_t24,29,6,hdslay1,arr,,,,,,
oname:hdslay1_t24_otype:arr_i:29_j:7,33.11821,0.0,hdslay1_t24,29,7,hdslay1,arr,,,,,,
oname:hdslay1_t24_otype:arr_i:29_j:8,33.16662,0.0,hdslay1_t24,29,8,hdslay1,arr,,,,,,
oname:hdslay1_t24_otype:arr_i:29_j:9,33.20221,0.0,hdslay1_t24,29,9,hdslay1,arr,,,,,,
oname:hdslay1_t24_otype:arr_i:2_j:0,34.47338,0.0,hdslay1_t24,2,0,hdslay1,arr,,,,,,
oname:hdslay1_t24_otype:arr_i:2_j:1,34.46648,0.0,hdslay1_t24,2,1,hdslay1,arr,,,,,,
oname:hdslay1_t24_otype:arr_i:2_j:10,34.15069,0.0,hdslay1_t24,2,10,hdslay1,arr,,,,,,
oname:hdslay1_t24_otype:arr_i:2_j:11,34.12737,0.0,hdslay1_t24,2,11,hdslay1,arr,,,,,,
oname:hdslay1_t24_otype:arr_i:2_j:12,34.1067,0.0,hdslay1_t24,2,12,hdslay1,arr,,,,,,
oname:hdslay1_t24_otype:arr_i:2_j:13,34.08575,0.0,hdslay1_t24,2,13,hdslay1,arr,,,,,,
oname:hdslay1_t24_otype:arr_i:2_j:14,34.0668,0.0,hdslay1_t24,2,14,hdslay1,arr,,,,,,
oname:hdslay1_t24_otype:arr_i:2_j:15,34.05294,0.0,hdslay1_t24,2,15,hdslay1,arr,,,,,,
oname:hdslay1_t24_otype:arr_i:2_j:16,34.04224,0.0,hdslay1_t24,2,16,hdslay1,arr,,,,,,
oname:hdslay1_t24_otype:arr_i:2_j:17,34.03028,0.0,hdslay1_t24,2,17,hdslay1,arr,,,,,,
oname:hdslay1_t24_otype:arr_i:2_j:18,34.01933,0.0,hdslay1_t24,2,18,hdslay1,arr,,,,,,
oname:hdslay1_t24_otype:arr_i:2_j:19,34.01522,0.0,hdslay1_t24,2,19,hdslay1,arr,,,,,,
oname:hdslay1_t24_otype:arr_i:2_j:2,34.45764,0.0,hdslay1_t24,2,2,hdslay1,arr,,,,,,
oname:hdslay1_t24_otype:arr_i:2_j:3,34.44117,0.0,hdslay1_t24,2,3,hdslay1,arr,,,,,,
oname:hdslay1_t24_otype:arr_i:2_j:4,34.41309,0.0,hdslay1_t24,2,4,hdslay1,arr,,,,,,
oname:hdslay1_t24_otype:arr_i:2_j:5,34.37455,0.0,hdslay1_t24,2,5,hdslay1,arr,,,,,,
oname:hdslay1_t24_otype:arr_i:2_j:6,34.32432,0.0,hdslay1_t24,2,6,hdslay1,arr,,,,,,
oname:hdslay1_t24_otype:arr_i:2_j:7,34.26365,0.0,hdslay1_t24,2,7,hdslay1,arr,,,,,,
oname:hdslay1_t24_otype:arr_i:2_j:8,34.21408,0.0,hdslay1_t24,2,8,hdslay1,arr,,,,,,
oname:hdslay1_t24_otype:arr_i:2_j:9,34.17852,0.0,hdslay1_t24,2,9,hdslay1,arr,,,,,,
oname:hdslay1_t24_otype:arr_i:30_j:0,33.22788,0.0,hdslay1_t24,30,0,hdslay1,arr,,,,,,
oname:hdslay1_t24_otype:arr_i:30_j:1,33.21983,0.0,hdslay1_t24,30,1,hdslay1,arr,,,,,,
oname:hdslay1_t24_otype:arr_i:30_j:10,33.22587,0.0,hdslay1_t24,30,10,hdslay1,arr,,,,,,
oname:hdslay1_t24_otype:arr_i:30_j:11,33.25502,0.0,hdslay1_t24,30,11,hdslay1,arr,,,,,,
oname:hdslay1_t24_otype:arr_i:30_j:12,33.28551,0.0,hdslay1_t24,30,12,hdslay1,arr,,,,,,
oname:hdslay1_t24_otype:arr_i:30_j:13,33.32238,0.0,hdslay1_t24,30,13,hdslay1,arr,,,,,,
oname:hdslay1_t24_otype:arr_i:30_j:14,33.36381,0.0,hdslay1_t24,30,14,hdslay1,arr,,,,,,
oname:hdslay1_t24_otype:arr_i:30_j:15,33.39943,0.0,hdslay1_t24,30,15,hdslay1,arr,,,,,,
oname:hdslay1_t24_otype:arr_i:30_j:16,33.39865,0.0,hdslay1_t24,30,16,hdslay1,arr,,,,,,
oname:hdslay1_t24_otype:arr_i:30_j:17,33.39766,0.0,hdslay1_t24,30,17,hdslay1,arr,,,,,,
oname:hdslay1_t24_otype:arr_i:30_j:18,33.39816,0.0,hdslay1_t24,30,18,hdslay1,arr,,,,,,
oname:hdslay1_t24_otype:arr_i:30_j:19,33.39659,0.0,hdslay1_t24,30,19,hdslay1,arr,,,,,,
oname:hdslay1_t24_otype:arr_i:30_j:2,33.20542,0.0,hdslay1_t24,30,2,hdslay1,arr,,,,,,
oname:hdslay1_t24_otype:arr_i:30_j:3,33.18743,0.0,hdslay1_t24,30,3,hdslay1,arr,,,,,,
oname:hdslay1_t24_otype:arr_i:30_j:4,33.16201,0.0,hdslay1_t24,30,4,hdslay1,arr,,,,,,
oname:hdslay1_t24_otype:arr_i:30_j:5,33.13153,0.0,hdslay1_t24,30,5,hdslay1,arr,,,,,,
oname:hdslay1_t24_otype:arr_i:30_j:6,33.10653,0.0,hdslay1_t24,30,6,hdslay1,arr,,,,,,
oname:hdslay1_t24_otype:arr_i:30_j:7,33.13938,0.0,hdslay1_t24,30,7,hdslay1,arr,,,,,,
oname:hdslay1_t24_otype:arr_i:30_j:8,33.16871,0.0,hdslay1_t24,30,8,hdslay1,arr,,,,,,
oname:hdslay1_t24_otype:arr_i:30_j:9,33.19599,0.0,hdslay1_t24,30,9,hdslay1,arr,,,,,,
oname:hdslay1_t24_otype:arr_i:31_j:0,33.22097,0.0,hdslay1_t24,31,0,hdslay1,arr,,,,,,
oname:hdslay1_t24_otype:arr_i:31_j:1,33.21136,0.0,hdslay1_t24,31,1,hdslay1,arr,,,,,,
oname:hdslay1_t24_otype:arr_i:31_j:10,33.21144,0.0,hdslay1_t24,31,10,hdslay1,arr,,,,,,
oname:hdslay1_t24_otype:arr_i:31_j:11,33.2379,0.0,hdslay1_t24,31,11,hdslay1,arr,,,,,,
oname:hdslay1_t24_otype:arr_i:31_j:12,33.26126,0.0,hdslay1_t24,31,12,hdslay1,arr,,,,,,
oname:hdslay1_t24_otype:arr_i:31_j:13,33.29287,0.0,hdslay1_t24,31,13,hdslay1,arr,,,,,,
oname:hdslay1_t24_otype:arr_i:31_j:14,33.33307,0.0,hdslay1_t24,31,14,hdslay1,arr,,,,,,
oname:hdslay1_t24_otype:arr_i:31_j:15,33.36699,0.0,hdslay1_t24,31,15,hdslay1,arr,,,,,,
oname:hdslay1_t24_otype:arr_i:31_j:16,33.37035,0.0,hdslay1_t24,31,16,hdslay1,arr,,,,,,
oname:hdslay1_t24_otype:arr_i:31_j:17,33.37158,0.0,hdslay1_t24,31,17,hdslay1,arr,,,,,,
oname:hdslay1_t24_otype:arr_i:31_j:18,33.37203,0.0,hdslay1_t24,31,18,hdslay1,arr,,,,,,
oname:hdslay1_t24_otype:arr_i:31_j:19,33.37202,0.0,hdslay1_t24,31,19,hdslay1,arr,,,,,,
oname:hdslay1_t24_otype:arr_i:31_j:2,33.20117,0.0,hdslay1_t24,31,2,hdslay1,arr,,,,,,
oname:hdslay1_t24_otype:arr_i:31_j:3,33.18722,0.0,hdslay1_t24,31,3,hdslay1,arr,,,,,,
oname:hdslay1_t24_otype:arr_i:31_j:4,33.16759,0.0,hdslay1_t24,31,4,hdslay1,arr,,,,,,
oname:hdslay1_t24_otype:arr_i:31_j:5,33.14966,0.0,hdslay1_t24,31,5,hdslay1,arr,,,,,,
oname:hdslay1_t24_otype:arr_i:31_j:6,33.14274,0.0,hdslay1_t24,31,6,hdslay1,arr,,,,,,
oname:hdslay1_t24_otype:arr_i:31_j:7,33.15363,0.0,hdslay1_t24,31,7,hdslay1,arr,,,,,,
oname:hdslay1_t24_otype:arr_i:31_j:8,33.16798,0.0,hdslay1_t24,31,8,hdslay1,arr,,,,,,
oname:hdslay1_t24_otype:arr_i:31_j:9,33.18564,0.0,hdslay1_t24,31,9,hdslay1,arr,,,,,,
oname:hdslay1_t24_otype:arr_i:32_j:0,1e+30,0.0,hdslay1_t24,32,0,hdslay1,arr,,,,,,
oname:hdslay1_t24_otype:arr_i:32_j:1,33.20531,0.0,hdslay1_t24,32,1,hdslay1,arr,,,,,,
oname:hdslay1_t24_otype:arr_i:32_j:10,33.19067,0.0,hdslay1_t24,32,10,hdslay1,arr,,,,,,
oname:hdslay1_t24_otype:arr_i:32_j:11,33.21301,0.0,hdslay1_t24,32,11,hdslay1,arr,,,,,,
oname:hdslay1_t24_otype:arr_i:32_j:12,33.23417,0.0,hdslay1_t24,32,12,hdslay1,arr,,,,,,
oname:hdslay1_t24_otype:arr_i:32_j:13,33.26449,0.0,hdslay1_t24,32,13,hdslay1,arr,,,,,,
oname:hdslay1_t24_otype:arr_i:32_j:14,33.30343,0.0,hdslay1_t24,32,14,hdslay1,arr,,,,,,
oname:hdslay1_t24_otype:arr_i:32_j:15,33.34623,0.0,hdslay1_t24,32,15,hdslay1,arr,,,,,,
oname:hdslay1_t24_otype:arr_i:32_j:16,33.34755,0.0,hdslay1_t24,32,16,hdslay1,arr,,,,,,
oname:hdslay1_t24_otype:arr_i:32_j:17,33.34875,0.0,hdslay1_t24,32,17,hdslay1,arr,,,,,,
oname:hdslay1_t24_otype:arr_i:32_j:18,33.35106,0.0,hdslay1_t24,32,18,hdslay1,arr,,,,,,
oname:hdslay1_t24_otype:arr_i:32_j:19,33.35217,0.0,hdslay1_t24,32,19,hdslay1,arr,,,,,,
oname:hdslay1_t24_otype:arr_i:32_j:2,33.19661,0.0,hdslay1_t24,32,2,hdslay1,arr,,,,,,
oname:hdslay1_t24_otype:arr_i:32_j:3,33.18399,0.0,hdslay1_t24,32,3,hdslay1,arr,,,,,,
oname:hdslay1_t24_otype:arr_i:32_j:4,33.16852,0.0,hdslay1_t24,32,4,hdslay1,arr,,,,,,
oname:hdslay1_t24_otype:arr_i:32_j:5,33.15683,0.0,hdslay1_t24,32,5,hdslay1,arr,,,,,,
oname:hdslay1_t24_otype:arr_i:32_j:6,33.15241,0.0,hdslay1_t24,32,6,hdslay1,arr,,,,,,
oname:hdslay1_t24_otype:arr_i:32_j:7,33.15573,0.0,hdslay1_t24,32,7,hdslay1,arr,,,,,,
oname:hdslay1_t24_otype:arr_i:32_j:8,33.16314,0.0,hdslay1_t24,32,8,hdslay1,arr,,,,,,
oname:hdslay1_t24_otype:arr_i:32_j:9,33.1738,0.0,hdslay1_t24,32,9,hdslay1,arr,,,,,,
oname:hdslay1_t24_otype:arr_i:33_j:0,1e+30,0.0,hdslay1_t24,33,0,hdslay1,arr,,,,,,
oname:hdslay1_t24_otype:arr_i:33_j:1,1e+30,0.0,hdslay1_t24,33,1,hdslay1,arr,,,,,,
oname:hdslay1_t24_otype:arr_i:33_j:10,33.16445,0.0,hdslay1_t24,33,10,hdslay1,arr,,,,,,
oname:hdslay1_t24_otype:arr_i:33_j:11,33.16836,0.0,hdslay1_t24,33,11,hdslay1,arr,,,,,,
oname:hdslay1_t24_otype:arr_i:33_j:12,33.17698,0.0,hdslay1_t24,33,12,hdslay1,arr,,,,,,
oname:hdslay1_t24_otype:arr_i:33_j:13,33.22779,0.0,hdslay1_t24,33,13,hdslay1,arr,,,,,,
oname:hdslay1_t24_otype:arr_i:33_j:14,33.26994,0.0,hdslay1_t24,33,14,hdslay1,arr,,,,,,
oname:hdslay1_t24_otype:arr_i:33_j:15,33.31272,0.0,hdslay1_t24,33,15,hdslay1,arr,,,,,,
oname:hdslay1_t24_otype:arr_i:33_j:16,33.32047,0.0,hdslay1_t24,33,16,hdslay1,arr,,,,,,
oname:hdslay1_t24_otype:arr_i:33_j:17,33.32815,0.0,hdslay1_t24,33,17,hdslay1,arr,,,,,,
oname:hdslay1_t24_otype:arr_i:33_j:18,33.3341,0.0,hdslay1_t24,33,18,hdslay1,arr,,,,,,
oname:hdslay1_t24_otype:arr_i:33_j:19,33.33809,0.0,hdslay1_t24,33,19,hdslay1,arr,,,,,,
oname:hdslay1_t24_otype:arr_i:33_j:2,33.19056,0.0,hdslay1_t24,33,2,hdslay1,arr,,,,,,
oname:hdslay1_t24_otype:arr_i:33_j:3,33.17897,0.0,hdslay1_t24,33,3,hdslay1,arr,,,,,,
oname:hdslay1_t24_otype:arr_i:33_j:4,33.16392,0.0,hdslay1_t24,33,4,hdslay1,arr,,,,,,
oname:hdslay1_t24_otype:arr_i:33_j:5,33.15496,0.0,hdslay1_t24,33,5,hdslay1,arr,,,,,,
oname:hdslay1_t24_otype:arr_i:33_j:6,33.15105,0.0,hdslay1_t24,33,6,hdslay1,arr,,,,,,
oname:hdslay1_t24_otype:arr_i:33_j:7,33.15155,0.0,hdslay1_t24,33,7,hdslay1,arr,,,,,,
oname:hdslay1_t24_otype:arr_i:33_j:8,33.15462,0.0,hdslay1_t24,33,8,hdslay1,arr,,,,,,
oname:hdslay1_t24_otype:arr_i:33_j:9,33.15857,0.0,hdslay1_t24,33,9,hdslay1,arr,,,,,,
oname:hdslay1_t24_otype:arr_i:34_j:0,1e+30,0.0,hdslay1_t24,34,0,hdslay1,arr,,,,,,
oname:hdslay1_t24_otype:arr_i:34_j:1,1e+30,0.0,hdslay1_t24,34,1,hdslay1,arr,,,,,,
oname:hdslay1_t24_otype:arr_i:34_j:10,33.13671,0.0,hdslay1_t24,34,10,hdslay1,arr,,,,,,
oname:hdslay1_t24_otype:arr_i:34_j:11,33.11116,0.0,hdslay1_t24,34,11,hdslay1,arr,,,,,,
oname:hdslay1_t24_otype:arr_i:34_j:12,33.02577,0.0,hdslay1_t24,34,12,hdslay1,arr,,,,,,
oname:hdslay1_t24_otype:arr_i:34_j:13,33.17646,0.0,hdslay1_t24,34,13,hdslay1,arr,,,,,,
oname:hdslay1_t24_otype:arr_i:34_j:14,33.23314,0.0,hdslay1_t24,34,14,hdslay1,arr,,,,,,
oname:hdslay1_t24_otype:arr_i:34_j:15,33.26377,0.0,hdslay1_t24,34,15,hdslay1,arr,,,,,,
oname:hdslay1_t24_otype:arr_i:34_j:16,33.28456,0.0,hdslay1_t24,34,16,hdslay1,arr,,,,,,
oname:hdslay1_t24_otype:arr_i:34_j:17,33.30111,0.0,hdslay1_t24,34,17,hdslay1,arr,,,,,,
oname:hdslay1_t24_otype:arr_i:34_j:18,33.31532,0.0,hdslay1_t24,34,18,hdslay1,arr,,,,,,
oname:hdslay1_t24_otype:arr_i:34_j:19,33.32851,0.0,hdslay1_t24,34,19,hdslay1,arr,,,,,,
oname:hdslay1_t24_otype:arr_i:34_j:2,1e+30,0.0,hdslay1_t24,34,2,hdslay1,arr,,,,,,
oname:hdslay1_t24_otype:arr_i:34_j:3,33.1682,0.0,hdslay1_t24,34,3,hdslay1,arr,,,,,,
oname:hdslay1_t24_otype:arr_i:34_j:4,33.15392,0.0,hdslay1_t24,34,4,hdslay1,arr,,,,,,
oname:hdslay1_t24_otype:arr_i:34_j:5,33.14746,0.0,hdslay1_t24,34,5,hdslay1,arr,,,,,,
oname:hdslay1_t24_otype:arr_i:34_j:6,33.14249,0.0,hdslay1_t24,34,6,hdslay1,arr,,,,,,
oname:hdslay1_t24_otype:arr_i:34_j:7,33.14147,0.0,hdslay1_t24,34,7,hdslay1,arr,,,,,,
oname:hdslay1_t24_otype:arr_i:34_j:8,33.14258,0.0,hdslay1_t24,34,8,hdslay1,arr,,,,,,
oname:hdslay1_t24_otype:arr_i:34_j:9,33.14231,0.0,hdslay1_t24,34,9,hdslay1,arr,,,,,,
oname:hdslay1_t24_otype:arr_i:35_j:0,1e+30,0.0,hdslay1_t24,35,0,hdslay1,arr,,,,,,
oname:hdslay1_t24_otype:arr_i:35_j:1,1e+30,0.0,hdslay1_t24,35,1,hdslay1,arr,,,,,,
oname:hdslay1_t24_otype:arr_i:35_j:10,33.12031,0.0,hdslay1_t24,35,10,hdslay1,arr,,,,,,
oname:hdslay1_t24_otype:arr_i:35_j:11,33.11371,0.0,hdslay1_t24,35,11,hdslay1,arr,,,,,,
oname:hdslay1_t24_otype:arr_i:35_j:12,33.11114,0.0,hdslay1_t24,35,12,hdslay1,arr,,,,,,
oname:hdslay1_t24_otype:arr_i:35_j:13,33.16986,0.0,hdslay1_t24,35,13,hdslay1,arr,,,,,,
oname:hdslay1_t24_otype:arr_i:35_j:14,33.21207,0.0,hdslay1_t24,35,14,hdslay1,arr,,,,,,
oname:hdslay1_t24_otype:arr_i:35_j:15,33.23441,0.0,hdslay1_t24,35,15,hdslay1,arr,,,,,,
oname:hdslay1_t24_otype:arr_i:35_j:16,33.25233,0.0,hdslay1_t24,35,16,hdslay1,arr,,,,,,
oname:hdslay1_t24_otype:arr_i:35_j:17,33.26952,0.0,hdslay1_t24,35,17,hdslay1,arr,,,,,,
oname:hdslay1_t24_otype:arr_i:35_j:18,33.28438,0.0,hdslay1_t24,35,18,hdslay1,arr,,,,,,
oname:hdslay1_t24_otype:arr_i:35_j:19,1e+30,0.0,hdslay1_t24,35,19,hdslay1,arr,,,,,,
oname:hdslay1_t24_otype:arr_i:35_j:2,1e+30,0.0,hdslay1_t24,35,2,hdslay1,arr,,,,,,
oname:hdslay1_t24_otype:arr_i:35_j:3,1e+30,0.0,hdslay1_t24,35,3,hdslay1,arr,,,,,,
oname:hdslay1_t24_otype:arr_i:35_j:4,33.14119,0.0,hdslay1_t24,35,4,hdslay1,arr,,,,,,
oname:hdslay1_t24_otype:arr_i:35_j:5,33.13514,0.0,hdslay1_t24,35,5,hdslay1,arr,,,,,,
oname:hdslay1_t24_otype:arr_i:35_j:6,33.12885,0.0,hdslay1_t24,35,6,hdslay1,arr,,,,,,
oname:hdslay1_t24_otype:arr_i:35_j:7,33.12617,0.0,hdslay1_t24,35,7,hdslay1,arr,,,,,,
oname:hdslay1_t24_otype:arr_i:35_j:8,33.1269,0.0,hdslay1_t24,35,8,hdslay1,arr,,,,,,
oname:hdslay1_t24_otype:arr_i:35_j:9,33.12574,0.0,hdslay1_t24,35,9,hdslay1,arr,,,,,,
oname:hdslay1_t24_otype:arr_i:36_j:0,1e+30,0.0,hdslay1_t24,36,0,hdslay1,arr,,,,,,
oname:hdslay1_t24_otype:arr_i:36_j:1,1e+30,0.0,hdslay1_t24,36,1,hdslay1,arr,,,,,,
oname:hdslay1_t24_otype:arr_i:36_j:10,33.10741,0.0,hdslay1_t24,36,10,hdslay1,arr,,,,,,
oname:hdslay1_t24_otype:arr_i:36_j:11,33.11215,0.0,hdslay1_t24,36,11,hdslay1,arr,,,,,,
oname:hdslay1_t24_otype:arr_i:36_j:12,33.12665,0.0,hdslay1_t24,36,12,hdslay1,arr,,,,,,
oname:hdslay1_t24_otype:arr_i:36_j:13,33.16234,0.0,hdslay1_t24,36,13,hdslay1,arr,,,,,,
oname:hdslay1_t24_otype:arr_i:36_j:14,33.19336,0.0,hdslay1_t24,36,14,hdslay1,arr,,,,,,
oname:hdslay1_t24_otype:arr_i:36_j:15,33.21321,0.0,hdslay1_t24,36,15,hdslay1,arr,,,,,,
oname:hdslay1_t24_otype:arr_i:36_j:16,33.22789,0.0,hdslay1_t24,36,16,hdslay1,arr,,,,,,
oname:hdslay1_t24_otype:arr_i:36_j:17,33.24499,0.0,hdslay1_t24,36,17,hdslay1,arr,,,,,,
oname:hdslay1_t24_otype:arr_i:36_j:18,33.26367,0.0,hdslay1_t24,36,18,hdslay1,arr,,,,,,
oname:hdslay1_t24_otype:arr_i:36_j:19,1e+30,0.0,hdslay1_t24,36,19,hdslay1,arr,,,,,,
oname:hdslay1_t24_otype:arr_i:36_j:2,1e+30,0.0,hdslay1_t24,36,2,hdslay1,arr,,,,,,
oname:hdslay1_t24_otype:arr_i:36_j:3,1e+30,0.0,hdslay1_t24,36,3,hdslay1,arr,,,,,,
oname:hdslay1_t24_otype:arr_i:36_j:4,33.13241,0.0,hdslay1_t24,36,4,hdslay1,arr,,,,,,
oname:hdslay1_t24_otype:arr_i:36_j:5,33.11917,0.0,hdslay1_t24,36,5,hdslay1,arr,,,,,,
oname:hdslay1_t24_otype:arr_i:36_j:6,33.11197,0.0,hdslay1_t24,36,6,hdslay1,arr,,,,,,
oname:hdslay1_t24_otype:arr_i:36_j:7,33.10849,0.0,hdslay1_t24,36,7,hdslay1,arr,,,,,,
oname:hdslay1_t24_otype:arr_i:36_j:8,33.1079,0.0,hdslay1_t24,36,8,hdslay1,arr,,,,,,
oname:hdslay1_t24_otype:arr_i:36_j:9,33.10873,0.0,hdslay1_t24,36,9,hdslay1,arr,,,,,,
oname:hdslay1_t24_otype:arr_i:37_j:0,1e+30,0.0,hdslay1_t24,37,0,hdslay1,arr,,,,,,
oname:hdslay1_t24_otype:arr_i:37_j:1,1e+30,0.0,hdslay1_t24,37,1,hdslay1,arr,,,,,,
oname:hdslay1_t24_otype:arr_i:37_j:10,33.09172,0.0,hdslay1_t24,37,10,hdslay1,arr,,,,,,
oname:hdslay1_t24_otype:arr_i:37_j:11,33.09952,0.0,hdslay1_t24,37,11,hdslay1,arr,,,,,,
oname:hdslay1_t24_otype:arr_i:37_j:12,33.11882,0.0,hdslay1_t24,37,12,hdslay1,arr,,,,,,
oname:hdslay1_t24_otype:arr_i:37_j:13,33.14715,0.0,hdslay1_t24,37,13,hdslay1,arr,,,,,,
oname:hdslay1_t24_otype:arr_i:37_j:14,33.17402,0.0,hdslay1_t24,37,14,hdslay1,arr,,,,,,
oname:hdslay1_t24_otype:arr_i:37_j:15,33.19475,0.0,hdslay1_t24,37,15,hdslay1,arr,,,,,,
oname:hdslay1_t24_otype:arr_i:37_j:16,33.20905,0.0,hdslay1_t24,37,16,hdslay1,arr,,,,,,
oname:hdslay1_t24_otype:arr_i:37_j:17,33.22506,0.0,hdslay1_t24,37,17,hdslay1,arr,,,,,,
oname:hdslay1_t24_otype:arr_i:37_j:18,1e+30,0.0,hdslay1_t24,37,18,hdslay1,arr,,,,,,
oname:hdslay1_t24_otype:arr_i:37_j:19,1e+30,0.0,hdslay1_t24,37,19,hdslay1,arr,,,,,,
oname:hdslay1_t24_otype:arr_i:37_j:2,1e+30,0.0,hdslay1_t24,37,2,hdslay1,arr,,,,,,
oname:hdslay1_t24_otype:arr_i:37_j:3,1e+30,0.0,hdslay1_t24,37,3,hdslay1,arr,,,,,,
oname:hdslay1_t24_otype:arr_i:37_j:4,1e+30,0.0,hdslay1_t24,37,4,hdslay1,arr,,,,,,
oname:hdslay1_t24_otype:arr_i:37_j:5,33.09096,0.0,hdslay1_t24,37,5,hdslay1,arr,,,,,,
oname:hdslay1_t24_otype:arr_i:37_j:6,33.09104,0.0,hdslay1_t24,37,6,hdslay1,arr,,,,,,
oname:hdslay1_t24_otype:arr_i:37_j:7,33.08999,0.0,hdslay1_t24,37,7,hdslay1,arr,,,,,,
oname:hdslay1_t24_otype:arr_i:37_j:8,33.08862,0.0,hdslay1_t24,37,8,hdslay1,arr,,,,,,
oname:hdslay1_t24_otype:arr_i:37_j:9,33.09002,0.0,hdslay1_t24,37,9,hdslay1,arr,,,,,,
oname:hdslay1_t24_otype:arr_i:38_j:0,1e+30,0.0,hdslay1_t24,38,0,hdslay1,arr,,,,,,
oname:hdslay1_t24_otype:arr_i:38_j:1,1e+30,0.0,hdslay1_t24,38,1,hdslay1,arr,,,,,,
oname:hdslay1_t24_otype:arr_i:38_j:10,33.06323,0.0,hdslay1_t24,38,10,hdslay1,arr,,,,,,
oname:hdslay1_t24_otype:arr_i:38_j:11,33.06913,0.0,hdslay1_t24,38,11,hdslay1,arr,,,,,,
oname:hdslay1_t24_otype:arr_i:38_j:12,33.09049,0.0,hdslay1_t24,38,12,hdslay1,arr,,,,,,
oname:hdslay1_t24_otype:arr_i:38_j:13,33.11964,0.0,hdslay1_t24,38,13,hdslay1,arr,,,,,,
oname:hdslay1_t24_otype:arr_i:38_j:14,33.14996,0.0,hdslay1_t24,38,14,hdslay1,arr,,,,,,
oname:hdslay1_t24_otype:arr_i:38_j:15,33.17425,0.0,hdslay1_t24,38,15,hdslay1,arr,,,,,,
oname:hdslay1_t24_otype:arr_i:38_j:16,33.19478,0.0,hdslay1_t24,38,16,hdslay1,arr,,,,,,
oname:hdslay1_t24_otype:arr_i:38_j:17,1e+30,0.0,hdslay1_t24,38,17,hdslay1,arr,,,,,,
oname:hdslay1_t24_otype:arr_i:38_j:18,1e+30,0.0,hdslay1_t24,38,18,hdslay1,arr,,,,,,
oname:hdslay1_t24_otype:arr_i:38_j:19,1e+30,0.0,hdslay1_t24,38,19,hdslay1,arr,,,,,,
oname:hdslay1_t24_otype:arr_i:38_j:2,1e+30,0.0,hdslay1_t24,38,2,hdslay1,arr,,,,,,
oname:hdslay1_t24_otype:arr_i:38_j:3,1e+30,0.0,hdslay1_t24,38,3,hdslay1,arr,,,,,,
oname:hdslay1_t24_otype:arr_i:38_j:4,1e+30,0.0,hdslay1_t24,38,4,hdslay1,arr,,,,,,
oname:hdslay1_t24_otype:arr_i:38_j:5,33.06302,0.0,hdslay1_t24,38,5,hdslay1,arr,,,,,,
oname:hdslay1_t24_otype:arr_i:38_j:6,33.06463,0.0,hdslay1_t24,38,6,hdslay1,arr,,,,,,
oname:hdslay1_t24_otype:arr_i:38_j:7,33.06227,0.0,hdslay1_t24,38,7,hdslay1,arr,,,,,,
oname:hdslay1_t24_otype:arr_i:38_j:8,33.06285,0.0,hdslay1_t24,38,8,hdslay1,arr,,,,,,
oname:hdslay1_t24_otype:arr_i:38_j:9,33.06322,0.0,hdslay1_t24,38,9,hdslay1,arr,,,,,,
oname:hdslay1_t24_otype:arr_i:39_j:0,1e+30,0.0,hdslay1_t24,39,0,hdslay1,arr,,,,,,
oname:hdslay1_t24_otype:arr_i:39_j:1,1e+30,0.0,hdslay1_t24,39,1,hdslay1,arr,,,,,,
oname:hdslay1_t24_otype:arr_i:39_j:10,33.01093,0.0,hdslay1_t24,39,10,hdslay1,arr,,,,,,
oname:hdslay1_t24_otype:arr_i:39_j:11,33.02426,0.0,hdslay1_t24,39,11,hdslay1,arr,,,,,,
oname:hdslay1_t24_otype:arr_i:39_j:12,33.04599,0.0,hdslay1_t24,39,12,hdslay1,arr,,,,,,
oname:hdslay1_t24_otype:arr_i:39_j:13,33.077,0.0,hdslay1_t24,39,13,hdslay1,arr,,,,,,
oname:hdslay1_t24_otype:arr_i:39_j:14,33.10988,0.0,hdslay1_t24,39,14,hdslay1,arr,,,,,,
oname:hdslay1_t24_otype:arr_i:39_j:15,33.14665,0.0,hdslay1_t24,39,15,hdslay1,arr,,,,,,
oname:hdslay1_t24_otype:arr_i:39_j:16,1e+30,0.0,hdslay1_t24,39,16,hdslay1,arr,,,,,,
oname:hdslay1_t24_otype:arr_i:39_j:17,1e+30,0.0,hdslay1_t24,39,17,hdslay1,arr,,,,,,
oname:hdslay1_t24_otype:arr_i:39_j:18,1e+30,0.0,hdslay1_t24,39,18,hdslay1,arr,,,,,,
oname:hdslay1_t24_otype:arr_i:39_j:19,1e+30,0.0,hdslay1_t24,39,19,hdslay1,arr,,,,,,
oname:hdslay1_t24_otype:arr_i:39_j:2,1e+30,0.0,hdslay1_t24,39,2,hdslay1,arr,,,,,,
oname:hdslay1_t24_otype:arr_i:39_j:3,1e+30,0.0,hdslay1_t24,39,3,hdslay1,arr,,,,,,
oname:hdslay1_t24_otype:arr_i:39_j:4,1e+30,0.0,hdslay1_t24,39,4,hdslay1,arr,,,,,,
oname:hdslay1_t24_otype:arr_i:39_j:5,33.02597,0.0,hdslay1_t24,39,5,hdslay1,arr,,,,,,
oname:hdslay1_t24_otype:arr_i:39_j:6,33.0242,0.0,hdslay1_t24,39,6,hdslay1,arr,,,,,,
oname:hdslay1_t24_otype:arr_i:39_j:7,33.02474,0.0,hdslay1_t24,39,7,hdslay1,arr,,,,,,
oname:hdslay1_t24_otype:arr_i:39_j:8,33.02302,0.0,hdslay1_t24,39,8,hdslay1,arr,,,,,,
oname:hdslay1_t24_otype:arr_i:39_j:9,33.01847,0.0,hdslay1_t24,39,9,hdslay1,arr,,,,,,
oname:hdslay1_t24_otype:arr_i:3_j:0,34.45768,0.0,hdslay1_t24,3,0,hdslay1,arr,,,,,,
oname:hdslay1_t24_otype:arr_i:3_j:1,34.45262,0.0,hdslay1_t24,3,1,hdslay1,arr,,,,,,
oname:hdslay1_t24_otype:arr_i:3_j:10,34.14302,0.0,hdslay1_t24,3,10,hdslay1,arr,,,,,,
oname:hdslay1_t24_otype:arr_i:3_j:11,34.11918,0.0,hdslay1_t24,3,11,hdslay1,arr,,,,,,
oname:hdslay1_t24_otype:arr_i:3_j:12,34.09591,0.0,hdslay1_t24,3,12,hdslay1,arr,,,,,,
oname:hdslay1_t24_otype:arr_i:3_j:13,34.07051,0.0,hdslay1_t24,3,13,hdslay1,arr,,,,,,
oname:hdslay1_t24_otype:arr_i:3_j:14,34.05108,0.0,hdslay1_t24,3,14,hdslay1,arr,,,,,,
oname:hdslay1_t24_otype:arr_i:3_j:15,34.03587,0.0,hdslay1_t24,3,15,hdslay1,arr,,,,,,
oname:hdslay1_t24_otype:arr_i:3_j:16,34.02236,0.0,hdslay1_t24,3,16,hdslay1,arr,,,,,,
oname:hdslay1_t24_otype:arr_i:3_j:17,34.00885,0.0,hdslay1_t24,3,17,hdslay1,arr,,,,,,
oname:hdslay1_t24_otype:arr_i:3_j:18,33.99838,0.0,hdslay1_t24,3,18,hdslay1,arr,,,,,,
oname:hdslay1_t24_otype:arr_i:3_j:19,33.99418,0.0,hdslay1_t24,3,19,hdslay1,arr,,,,,,
oname:hdslay1_t24_otype:arr_i:3_j:2,34.44677,0.0,hdslay1_t24,3,2,hdslay1,arr,,,,,,
oname:hdslay1_t24_otype:arr_i:3_j:3,34.43353,0.0,hdslay1_t24,3,3,hdslay1,arr,,,,,,
oname:hdslay1_t24_otype:arr_i:3_j:4,34.40943,0.0,hdslay1_t24,3,4,hdslay1,arr,,,,,,
oname:hdslay1_t24_otype:arr_i:3_j:5,34.3726,0.0,hdslay1_t24,3,5,hdslay1,arr,,,,,,
oname:hdslay1_t24_otype:arr_i:3_j:6,34.3208,0.0,hdslay1_t24,3,6,hdslay1,arr,,,,,,
oname:hdslay1_t24_otype:arr_i:3_j:7,34.26429,0.0,hdslay1_t24,3,7,hdslay1,arr,,,,,,
oname:hdslay1_t24_otype:arr_i:3_j:8,34.21401,0.0,hdslay1_t24,3,8,hdslay1,arr,,,,,,
oname:hdslay1_t24_otype:arr_i:3_j:9,34.17467,0.0,hdslay1_t24,3,9,hdslay1,arr,,,,,,
oname:hdslay1_t24_otype:arr_i:4_j:0,34.4352,0.0,hdslay1_t24,4,0,hdslay1,arr,,,,,,
oname:hdslay1_t24_otype:arr_i:4_j:1,34.43377,0.0,hdslay1_t24,4,1,hdslay1,arr,,,,,,
oname:hdslay1_t24_otype:arr_i:4_j:10,34.13178,0.0,hdslay1_t24,4,10,hdslay1,arr,,,,,,
oname:hdslay1_t24_otype:arr_i:4_j:11,34.10578,0.0,hdslay1_t24,4,11,hdslay1,arr,,,,,,
oname:hdslay1_t24_otype:arr_i:4_j:12,34.07587,0.0,hdslay1_t24,4,12,hdslay1,arr,,,,,,
oname:hdslay1_t24_otype:arr_i:4_j:13,34.04914,0.0,hdslay1_t24,4,13,hdslay1,arr,,,,,,
oname:hdslay1_t24_otype:arr_i:4_j:14,34.02872,0.0,hdslay1_t24,4,14,hdslay1,arr,,,,,,
oname:hdslay1_t24_otype:arr_i:4_j:15,34.01247,0.0,hdslay1_t24,4,15,hdslay1,arr,,,,,,
oname:hdslay1_t24_otype:arr_i:4_j:16,33.99589,0.0,hdslay1_t24,4,16,hdslay1,arr,,,,,,
oname:hdslay1_t24_otype:arr_i:4_j:17,33.98347,0.0,hdslay1_t24,4,17,hdslay1,arr,,,,,,
oname:hdslay1_t24_otype:arr_i:4_j:18,33.97705,0.0,hdslay1_t24,4,18,hdslay1,arr,,,,,,
oname:hdslay1_t24_otype:arr_i:4_j:19,33.97512,0.0,hdslay1_t24,4,19,hdslay1,arr,,,,,,
oname:hdslay1_t24_otype:arr_i:4_j:2,34.4301,0.0,hdslay1_t24,4,2,hdslay1,arr,,,,,,
oname:hdslay1_t24_otype:arr_i:4_j:3,34.41978,0.0,hdslay1_t24,4,3,hdslay1,arr,,,,,,
oname:hdslay1_t24_otype:arr_i:4_j:4,34.40064,0.0,hdslay1_t24,4,4,hdslay1,arr,,,,,,
oname:hdslay1_t24_otype:arr_i:4_j:5,34.37013,0.0,hdslay1_t24,4,5,hdslay1,arr,,,,,,
oname:hdslay1_t24_otype:arr_i:4_j:6,34.32477,0.0,hdslay1_t24,4,6,hdslay1,arr,,,,,,
oname:hdslay1_t24_otype:arr_i:4_j:7,34.26613,0.0,hdslay1_t24,4,7,hdslay1,arr,,,,,,
oname:hdslay1_t24_otype:arr_i:4_j:8,34.21079,0.0,hdslay1_t24,4,8,hdslay1,arr,,,,,,
oname:hdslay1_t24_otype:arr_i:4_j:9,34.16662,0.0,hdslay1_t24,4,9,hdslay1,arr,,,,,,
oname:hdslay1_t24_otype:arr_i:5_j:0,34.41694,0.0,hdslay1_t24,5,0,hdslay1,arr,,,,,,
oname:hdslay1_t24_otype:arr_i:5_j:1,34.41707,0.0,hdslay1_t24,5,1,hdslay1,arr,,,,,,
oname:hdslay1_t24_otype:arr_i:5_j:10,34.11343,0.0,hdslay1_t24,5,10,hdslay1,arr,,,,,,
oname:hdslay1_t24_otype:arr_i:5_j:11,34.08293,0.0,hdslay1_t24,5,11,hdslay1,arr,,,,,,
oname:hdslay1_t24_otype:arr_i:5_j:12,34.04978,0.0,hdslay1_t24,5,12,hdslay1,arr,,,,,,
oname:hdslay1_t24_otype:arr_i:5_j:13,34.02037,0.0,hdslay1_t24,5,13,hdslay1,arr,,,,,,
oname:hdslay1_t24_otype:arr_i:5_j:14,33.99696,0.0,hdslay1_t24,5,14,hdslay1,arr,,,,,,
oname:hdslay1_t24_otype:arr_i:5_j:15,33.98293,0.0,hdslay1_t24,5,15,hdslay1,arr,,,,,,
oname:hdslay1_t24_otype:arr_i:5_j:16,33.9675,0.0,hdslay1_t24,5,16,hdslay1,arr,,,,,,
oname:hdslay1_t24_otype:arr_i:5_j:17,33.95582,0.0,hdslay1_t24,5,17,hdslay1,arr,,,,,,
oname:hdslay1_t24_otype:arr_i:5_j:18,33.95244,0.0,hdslay1_t24,5,18,hdslay1,arr,,,,,,
oname:hdslay1_t24_otype:arr_i:5_j:19,33.95292,0.0,hdslay1_t24,5,19,hdslay1,arr,,,,,,
oname:hdslay1_t24_otype:arr_i:5_j:2,34.41446,0.0,hdslay1_t24,5,2,hdslay1,arr,,,,,,
oname:hdslay1_t24_otype:arr_i:5_j:3,34.4064,0.0,hdslay1_t24,5,3,hdslay1,arr,,,,,,
oname:hdslay1_t24_otype:arr_i:5_j:4,34.3918,0.0,hdslay1_t24,5,4,hdslay1,arr,,,,,,
oname:hdslay1_t24_otype:arr_i:5_j:5,34.36282,0.0,hdslay1_t24,5,5,hdslay1,arr,,,,,,
oname:hdslay1_t24_otype:arr_i:5_j:6,34.31718,0.0,hdslay1_t24,5,6,hdslay1,arr,,,,,,
oname:hdslay1_t24_otype:arr_i:5_j:7,34.26415,0.0,hdslay1_t24,5,7,hdslay1,arr,,,,,,
oname:hdslay1_t24_otype:arr_i:5_j:8,34.20795,0.0,hdslay1_t24,5,8,hdslay1,arr,,,,,,
oname:hdslay1_t24_otype:arr_i:5_j:9,34.15198,0.0,hdslay1_t24,5,9,hdslay1,arr,,,,,,
oname:hdslay1_t24_otype:arr_i:6_j:0,34.40381,0.0,hdslay1_t24,6,0,hdslay1,arr,,,,,,
oname:hdslay1_t24_otype:arr_i:6_j:1,34.40357,0.0,hdslay1_t24,6,1,hdslay1,arr,,,,,,
oname:hdslay1_t24_otype:arr_i:6_j:10,34.08359,0.0,hdslay1_t24,6,10,hdslay1,arr,,,,,,
oname:hdslay1_t24_otype:arr_i:6_j:11,34.04895,0.0,hdslay1_t24,6,11,hdslay1,arr,,,,,,
oname:hdslay1_t24_otype:arr_i:6_j:12,34.00968,0.0,hdslay1_t24,6,12,hdslay1,arr,,,,,,
oname:hdslay1_t24_otype:arr_i:6_j:13,33.97454,0.0,hdslay1_t24,6,13,hdslay1,arr,,,,,,
oname:hdslay1_t24_otype:arr_i:6_j:14,33.95297,0.0,hdslay1_t24,6,14,hdslay1,arr,,,,,,
oname:hdslay1_t24_otype:arr_i:6_j:15,33.94249,0.0,hdslay1_t24,6,15,hdslay1,arr,,,,,,
oname:hdslay1_t24_otype:arr_i:6_j:16,33.93202,0.0,hdslay1_t24,6,16,hdslay1,arr,,,,,,
oname:hdslay1_t24_otype:arr_i:6_j:17,33.92261,0.0,hdslay1_t24,6,17,hdslay1,arr,,,,,,
oname:hdslay1_t24_otype:arr_i:6_j:18,33.91875,0.0,hdslay1_t24,6,18,hdslay1,arr,,,,,,
oname:hdslay1_t24_otype:arr_i:6_j:19,33.91582,0.0,hdslay1_t24,6,19,hdslay1,arr,,,,,,
oname:hdslay1_t24_otype:arr_i:6_j:2,34.40139,0.0,hdslay1_t24,6,2,hdslay1,arr,,,,,,
oname:hdslay1_t24_otype:arr_i:6_j:3,34.39713,0.0,hdslay1_t24,6,3,hdslay1,arr,,,,,,
oname:hdslay1_t24_otype:arr_i:6_j:4,34.38573,0.0,hdslay1_t24,6,4,hdslay1,arr,,,,,,
oname:hdslay1_t24_otype:arr_i:6_j:5,34.3537,0.0,hdslay1_t24,6,5,hdslay1,arr,,,,,,
oname:hdslay1_t24_otype:arr_i:6_j:6,34.30438,0.0,hdslay1_t24,6,6,hdslay1,arr,,,,,,
oname:hdslay1_t24_otype:arr_i:6_j:7,34.25008,0.0,hdslay1_t24,6,7,hdslay1,arr,,,,,,
oname:hdslay1_t24_otype:arr_i:6_j:8,34.19043,0.0,hdslay1_t24,6,8,hdslay1,arr,,,,,,
oname:hdslay1_t24_otype:arr_i:6_j:9,34.12756,0.0,hdslay1_t24,6,9,hdslay1,arr,,,,,,
oname:hdslay1_t24_otype:arr_i:7_j:0,34.39228,0.0,hdslay1_t24,7,0,hdslay1,arr,,,,,,
oname:hdslay1_t24_otype:arr_i:7_j:1,34.39264,0.0,hdslay1_t24,7,1,hdslay1,arr,,,,,,
oname:hdslay1_t24_otype:arr_i:7_j:10,34.03251,0.0,hdslay1_t24,7,10,hdslay1,arr,,,,,,
oname:hdslay1_t24_otype:arr_i:7_j:11,33.99464,0.0,hdslay1_t24,7,11,hdslay1,arr,,,,,,
oname:hdslay1_t24_otype:arr_i:7_j:12,33.94796,0.0,hdslay1_t24,7,12,hdslay1,arr,,,,,,
oname:hdslay1_t24_otype:arr_i:7_j:13,33.91225,0.0,hdslay1_t24,7,13,hdslay1,arr,,,,,,
oname:hdslay1_t24_otype:arr_i:7_j:14,33.8949,0.0,hdslay1_t24,7,14,hdslay1,arr,,,,,,
oname:hdslay1_t24_otype:arr_i:7_j:15,33.88853,0.0,hdslay1_t24,7,15,hdslay1,arr,,,,,,
oname:hdslay1_t24_otype:arr_i:7_j:16,33.87576,0.0,hdslay1_t24,7,16,hdslay1,arr,,,,,,
oname:hdslay1_t24_otype:arr_i:7_j:17,33.87764,0.0,hdslay1_t24,7,17,hdslay1,arr,,,,,,
oname:hdslay1_t24_otype:arr_i:7_j:18,33.87402,0.0,hdslay1_t24,7,18,hdslay1,arr,,,,,,
oname:hdslay1_t24_otype:arr_i:7_j:19,33.87032,0.0,hdslay1_t24,7,19,hdslay1,arr,,,,,,
oname:hdslay1_t24_otype:arr_i:7_j:2,34.39179,0.0,hdslay1_t24,7,2,hdslay1,arr,,,,,,
oname:hdslay1_t24_otype:arr_i:7_j:3,34.38969,0.0,hdslay1_t24,7,3,hdslay1,arr,,,,,,
oname:hdslay1_t24_otype:arr_i:7_j:4,34.3793,0.0,hdslay1_t24,7,4,hdslay1,arr,,,,,,
oname:hdslay1_t24_otype:arr_i:7_j:5,34.3467,0.0,hdslay1_t24,7,5,hdslay1,arr,,,,,,
oname:hdslay1_t24_otype:arr_i:7_j:6,34.30056,0.0,hdslay1_t24,7,6,hdslay1,arr,,,,,,
oname:hdslay1_t24_otype:arr_i:7_j:7,34.22983,0.0,hdslay1_t24,7,7,hdslay1,arr,,,,,,
oname:hdslay1_t24_otype:arr_i:7_j:8,34.1469,0.0,hdslay1_t24,7,8,hdslay1,arr,,,,,,
oname:hdslay1_t24_otype:arr_i:7_j:9,34.07597,0.0,hdslay1_t24,7,9,hdslay1,arr,,,,,,
oname:hdslay1_t24_otype:arr_i:8_j:0,34.38044,0.0,hdslay1_t24,8,0,hdslay1,arr,,,,,,
oname:hdslay1_t24_otype:arr_i:8_j:1,34.38057,0.0,hdslay1_t24,8,1,hdslay1,arr,,,,,,
oname:hdslay1_t24_otype:arr_i:8_j:10,33.95938,0.0,hdslay1_t24,8,10,hdslay1,arr,,,,,,
oname:hdslay1_t24_otype:arr_i:8_j:11,33.91355,0.0,hdslay1_t24,8,11,hdslay1,arr,,,,,,
oname:hdslay1_t24_otype:arr_i:8_j:12,33.8636,0.0,hdslay1_t24,8,12,hdslay1,arr,,,,,,
oname:hdslay1_t24_otype:arr_i:8_j:13,33.83869,0.0,hdslay1_t24,8,13,hdslay1,arr,,,,,,
oname:hdslay1_t24_otype:arr_i:8_j:14,33.82707,0.0,hdslay1_t24,8,14,hdslay1,arr,,,,,,
oname:hdslay1_t24_otype:arr_i:8_j:15,33.82634,0.0,hdslay1_t24,8,15,hdslay1,arr,,,,,,
oname:hdslay1_t24_otype:arr_i:8_j:16,33.80806,0.0,hdslay1_t24,8,16,hdslay1,arr,,,,,,
oname:hdslay1_t24_otype:arr_i:8_j:17,33.81873,0.0,hdslay1_t24,8,17,hdslay1,arr,,,,,,
oname:hdslay1_t24_otype:arr_i:8_j:18,33.82746,0.0,hdslay1_t24,8,18,hdslay1,arr,,,,,,
oname:hdslay1_t24_otype:arr_i:8_j:19,33.82865,0.0,hdslay1_t24,8,19,hdslay1,arr,,,,,,
oname:hdslay1_t24_otype:arr_i:8_j:2,34.38222,0.0,hdslay1_t24,8,2,hdslay1,arr,,,,,,
oname:hdslay1_t24_otype:arr_i:8_j:3,34.38162,0.0,hdslay1_t24,8,3,hdslay1,arr,,,,,,
oname:hdslay1_t24_otype:arr_i:8_j:4,1e+30,0.0,hdslay1_t24,8,4,hdslay1,arr,,,,,,
oname:hdslay1_t24_otype:arr_i:8_j:5,1e+30,0.0,hdslay1_t24,8,5,hdslay1,arr,,,,,,
oname:hdslay1_t24_otype:arr_i:8_j:6,1e+30,0.0,hdslay1_t24,8,6,hdslay1,arr,,,,,,
oname:hdslay1_t24_otype:arr_i:8_j:7,34.16056,0.0,hdslay1_t24,8,7,hdslay1,arr,,,,,,
oname:hdslay1_t24_otype:arr_i:8_j:8,34.06272,0.0,hdslay1_t24,8,8,hdslay1,arr,,,,,,
oname:hdslay1_t24_otype:arr_i:8_j:9,34.00292,0.0,hdslay1_t24,8,9,hdslay1,arr,,,,,,
oname:hdslay1_t24_otype:arr_i:9_j:0,34.36496,0.0,hdslay1_t24,9,0,hdslay1,arr,,,,,,
oname:hdslay1_t24_otype:arr_i:9_j:1,34.3625,0.0,hdslay1_t24,9,1,hdslay1,arr,,,,,,
oname:hdslay1_t24_otype:arr_i:9_j:10,33.87628,0.0,hdslay1_t24,9,10,hdslay1,arr,,,,,,
oname:hdslay1_t24_otype:arr_i:9_j:11,33.82716,0.0,hdslay1_t24,9,11,hdslay1,arr,,,,,,
oname:hdslay1_t24_otype:arr_i:9_j:12,33.784,0.0,hdslay1_t24,9,12,hdslay1,arr,,,,,,
oname:hdslay1_t24_otype:arr_i:9_j:13,33.76895,0.0,hdslay1_t24,9,13,hdslay1,arr,,,,,,
oname:hdslay1_t24_otype:arr_i:9_j:14,33.77051,0.0,hdslay1_t24,9,14,hdslay1,arr,,,,,,
oname:hdslay1_t24_otype:arr_i:9_j:15,33.77366,0.0,hdslay1_t24,9,15,hdslay1,arr,,,,,,
oname:hdslay1_t24_otype:arr_i:9_j:16,33.72056,0.0,hdslay1_t24,9,16,hdslay1,arr,,,,,,
oname:hdslay1_t24_otype:arr_i:9_j:17,33.77023,0.0,hdslay1_t24,9,17,hdslay1,arr,,,,,,
oname:hdslay1_t24_otype:arr_i:9_j:18,33.78899,0.0,hdslay1_t24,9,18,hdslay1,arr,,,,,,
oname:hdslay1_t24_otype:arr_i:9_j:19,33.79592,0.0,hdslay1_t24,9,19,hdslay1,arr,,,,,,
oname:hdslay1_t24_otype:arr_i:9_j:2,34.36379,0.0,hdslay1_t24,9,2,hdslay1,arr,,,,,,
oname:hdslay1_t24_otype:arr_i:9_j:3,34.36028,0.0,hdslay1_t24,9,3,hdslay1,arr,,,,,,
oname:hdslay1_t24_otype:arr_i:9_j:4,1e+30,0.0,hdslay1_t24,9,4,hdslay1,arr,,,,,,
oname:hdslay1_t24_otype:arr_i:9_j:5,1e+30,0.0,hdslay1_t24,9,5,hdslay1,arr,,,,,,
oname:hdslay1_t24_otype:arr_i:9_j:6,1e+30,0.0,hdslay1_t24,9,6,hdslay1,arr,,,,,,
oname:hdslay1_t24_otype:arr_i:9_j:7,1e+30,0.0,hdslay1_t24,9,7,hdslay1,arr,,,,,,
oname:hdslay1_t24_otype:arr_i:9_j:8,33.93428,0.0,hdslay1_t24,9,8,hdslay1,arr,,,,,,
oname:hdslay1_t24_otype:arr_i:9_j:9,33.90719,0.0,hdslay1_t24,9,9,hdslay1,arr,,,,,,
oname:hdslay1_t25_otype:arr_i:0_j:0,34.52792,0.0,hdslay1_t25,0,0,hdslay1,arr,,,,,,
oname:hdslay1_t25_otype:arr_i:0_j:1,34.52185,0.0,hdslay1_t25,0,1,hdslay1,arr,,,,,,
oname:hdslay1_t25_otype:arr_i:0_j:10,34.17078,0.0,hdslay1_t25,0,10,hdslay1,arr,,,,,,
oname:hdslay1_t25_otype:arr_i:0_j:11,34.1444,0.0,hdslay1_t25,0,11,hdslay1,arr,,,,,,
oname:hdslay1_t25_otype:arr_i:0_j:12,34.12445,0.0,hdslay1_t25,0,12,hdslay1,arr,,,,,,
oname:hdslay1_t25_otype:arr_i:0_j:13,34.10659,0.0,hdslay1_t25,0,13,hdslay1,arr,,,,,,
oname:hdslay1_t25_otype:arr_i:0_j:14,34.09056,0.0,hdslay1_t25,0,14,hdslay1,arr,,,,,,
oname:hdslay1_t25_otype:arr_i:0_j:15,34.07584,0.0,hdslay1_t25,0,15,hdslay1,arr,,,,,,
oname:hdslay1_t25_otype:arr_i:0_j:16,34.06374,0.0,hdslay1_t25,0,16,hdslay1,arr,,,,,,
oname:hdslay1_t25_otype:arr_i:0_j:17,34.05338,0.0,hdslay1_t25,0,17,hdslay1,arr,,,,,,
oname:hdslay1_t25_otype:arr_i:0_j:18,34.0454,0.0,hdslay1_t25,0,18,hdslay1,arr,,,,,,
oname:hdslay1_t25_otype:arr_i:0_j:19,34.04164,0.0,hdslay1_t25,0,19,hdslay1,arr,,,,,,
oname:hdslay1_t25_otype:arr_i:0_j:2,34.50649,0.0,hdslay1_t25,0,2,hdslay1,arr,,,,,,
oname:hdslay1_t25_otype:arr_i:0_j:3,34.48703,0.0,hdslay1_t25,0,3,hdslay1,arr,,,,,,
oname:hdslay1_t25_otype:arr_i:0_j:4,34.45353,0.0,hdslay1_t25,0,4,hdslay1,arr,,,,,,
oname:hdslay1_t25_otype:arr_i:0_j:5,34.40187,0.0,hdslay1_t25,0,5,hdslay1,arr,,,,,,
oname:hdslay1_t25_otype:arr_i:0_j:6,34.33867,0.0,hdslay1_t25,0,6,hdslay1,arr,,,,,,
oname:hdslay1_t25_otype:arr_i:0_j:7,34.28344,0.0,hdslay1_t25,0,7,hdslay1,arr,,,,,,
oname:hdslay1_t25_otype:arr_i:0_j:8,34.23695,0.0,hdslay1_t25,0,8,hdslay1,arr,,,,,,
oname:hdslay1_t25_otype:arr_i:0_j:9,34.2,0.0,hdslay1_t25,0,9,hdslay1,arr,,,,,,
oname:hdslay1_t25_otype:arr_i:10_j:0,34.35558,0.0,hdslay1_t25,10,0,hdslay1,arr,,,,,,
oname:hdslay1_t25_otype:arr_i:10_j:1,34.35234,0.0,hdslay1_t25,10,1,hdslay1,arr,,,,,,
oname:hdslay1_t25_otype:arr_i:10_j:10,33.81111,0.0,hdslay1_t25,10,10,hdslay1,arr,,,,,,
oname:hdslay1_t25_otype:arr_i:10_j:11,33.77,0.0,hdslay1_t25,10,11,hdslay1,arr,,,,,,
oname:hdslay1_t25_otype:arr_i:10_j:12,33.7328,0.0,hdslay1_t25,10,12,hdslay1,arr,,,,,,
oname:hdslay1_t25_otype:arr_i:10_j:13,33.71423,0.0,hdslay1_t25,10,13,hdslay1,arr,,,,,,
oname:hdslay1_t25_otype:arr_i:10_j:14,33.74553,0.0,hdslay1_t25,10,14,hdslay1,arr,,,,,,
oname:hdslay1_t25_otype:arr_i:10_j:15,33.76599,0.0,hdslay1_t25,10,15,hdslay1,arr,,,,,,
oname:hdslay1_t25_otype:arr_i:10_j:16,33.76399,0.0,hdslay1_t25,10,16,hdslay1,arr,,,,,,
oname:hdslay1_t25_otype:arr_i:10_j:17,33.77808,0.0,hdslay1_t25,10,17,hdslay1,arr,,,,,,
oname:hdslay1_t25_otype:arr_i:10_j:18,33.78876,0.0,hdslay1_t25,10,18,hdslay1,arr,,,,,,
oname:hdslay1_t25_otype:arr_i:10_j:19,33.79437,0.0,hdslay1_t25,10,19,hdslay1,arr,,,,,,
oname:hdslay1_t25_otype:arr_i:10_j:2,34.3499,0.0,hdslay1_t25,10,2,hdslay1,arr,,,,,,
oname:hdslay1_t25_otype:arr_i:10_j:3,34.34502,0.0,hdslay1_t25,10,3,hdslay1,arr,,,,,,
oname:hdslay1_t25_otype:arr_i:10_j:4,1e+30,0.0,hdslay1_t25,10,4,hdslay1,arr,,,,,,
oname:hdslay1_t25_otype:arr_i:10_j:5,1e+30,0.0,hdslay1_t25,10,5,hdslay1,arr,,,,,,
oname:hdslay1_t25_otype:arr_i:10_j:6,1e+30,0.0,hdslay1_t25,10,6,hdslay1,arr,,,,,,
oname:hdslay1_t25_otype:arr_i:10_j:7,1e+30,0.0,hdslay1_t25,10,7,hdslay1,arr,,,,,,
oname:hdslay1_t25_otype:arr_i:10_j:8,33.84829,0.0,hdslay1_t25,10,8,hdslay1,arr,,,,,,
oname:hdslay1_t25_otype:arr_i:10_j:9,33.83339,0.0,hdslay1_t25,10,9,hdslay1,arr,,,,,,
oname:hdslay1_t25_otype:arr_i:11_j:0,34.29924,0.0,hdslay1_t25,11,0,hdslay1,arr,,,,,,
oname:hdslay1_t25_otype:arr_i:11_j:1,34.297,0.0,hdslay1_t25,11,1,hdslay1,arr,,,,,,
oname:hdslay1_t25_otype:arr_i:11_j:10,33.75908,0.0,hdslay1_t25,11,10,hdslay1,arr,,,,,,
oname:hdslay1_t25_otype:arr_i:11_j:11,33.72795,0.0,hdslay1_t25,11,11,hdslay1,arr,,,,,,
oname:hdslay1_t25_otype:arr_i:11_j:12,33.68605,0.0,hdslay1_t25,11,12,hdslay1,arr,,,,,,
oname:hdslay1_t25_otype:arr_i:11_j:13,33.60794,0.0,hdslay1_t25,11,13,hdslay1,arr,,,,,,
oname:hdslay1_t25_otype:arr_i:11_j:14,33.71594,0.0,hdslay1_t25,11,14,hdslay1,arr,,,,,,
oname:hdslay1_t25_otype:arr_i:11_j:15,33.76073,0.0,hdslay1_t25,11,15,hdslay1,arr,,,,,,
oname:hdslay1_t25_otype:arr_i:11_j:16,33.76778,0.0,hdslay1_t25,11,16,hdslay1,arr,,,,,,
oname:hdslay1_t25_otype:arr_i:11_j:17,33.77688,0.0,hdslay1_t25,11,17,hdslay1,arr,,,,,,
oname:hdslay1_t25_otype:arr_i:11_j:18,33.78459,0.0,hdslay1_t25,11,18,hdslay1,arr,,,,,,
oname:hdslay1_t25_otype:arr_i:11_j:19,33.78849,0.0,hdslay1_t25,11,19,hdslay1,arr,,,,,,
oname:hdslay1_t25_otype:arr_i:11_j:2,34.29388,0.0,hdslay1_t25,11,2,hdslay1,arr,,,,,,
oname:hdslay1_t25_otype:arr_i:11_j:3,34.29569,0.0,hdslay1_t25,11,3,hdslay1,arr,,,,,,
oname:hdslay1_t25_otype:arr_i:11_j:4,1e+30,0.0,hdslay1_t25,11,4,hdslay1,arr,,,,,,
oname:hdslay1_t25_otype:arr_i:11_j:5,1e+30,0.0,hdslay1_t25,11,5,hdslay1,arr,,,,,,
oname:hdslay1_t25_otype:arr_i:11_j:6,1e+30,0.0,hdslay1_t25,11,6,hdslay1,arr,,,,,,
oname:hdslay1_t25_otype:arr_i:11_j:7,1e+30,0.0,hdslay1_t25,11,7,hdslay1,arr,,,,,,
oname:hdslay1_t25_otype:arr_i:11_j:8,33.7876,0.0,hdslay1_t25,11,8,hdslay1,arr,,,,,,
oname:hdslay1_t25_otype:arr_i:11_j:9,33.77852,0.0,hdslay1_t25,11,9,hdslay1,arr,,,,,,
oname:hdslay1_t25_otype:arr_i:12_j:0,34.24134,0.0,hdslay1_t25,12,0,hdslay1,arr,,,,,,
oname:hdslay1_t25_otype:arr_i:12_j:1,34.23809,0.0,hdslay1_t25,12,1,hdslay1,arr,,,,,,
oname:hdslay1_t25_otype:arr_i:12_j:10,33.73149,0.0,hdslay1_t25,12,10,hdslay1,arr,,,,,,
oname:hdslay1_t25_otype:arr_i:12_j:11,33.7144,0.0,hdslay1_t25,12,11,hdslay1,arr,,,,,,
oname:hdslay1_t25_otype:arr_i:12_j:12,33.69383,0.0,hdslay1_t25,12,12,hdslay1,arr,,,,,,
oname:hdslay1_t25_otype:arr_i:12_j:13,33.68095,0.0,hdslay1_t25,12,13,hdslay1,arr,,,,,,
oname:hdslay1_t25_otype:arr_i:12_j:14,33.72523,0.0,hdslay1_t25,12,14,hdslay1,arr,,,,,,
oname:hdslay1_t25_otype:arr_i:12_j:15,33.76245,0.0,hdslay1_t25,12,15,hdslay1,arr,,,,,,
oname:hdslay1_t25_otype:arr_i:12_j:16,33.76885,0.0,hdslay1_t25,12,16,hdslay1,arr,,,,,,
oname:hdslay1_t25_otype:arr_i:12_j:17,33.77541,0.0,hdslay1_t25,12,17,hdslay1,arr,,,,,,
oname:hdslay1_t25_otype:arr_i:12_j:18,33.78159,0.0,hdslay1_t25,12,18,hdslay1,arr,,,,,,
oname:hdslay1_t25_otype:arr_i:12_j:19,33.78461,0.0,hdslay1_t25,12,19,hdslay1,arr,,,,,,
oname:hdslay1_t25_otype:arr_i:12_j:2,34.23739,0.0,hdslay1_t25,12,2,hdslay1,arr,,,,,,
oname:hdslay1_t25_otype:arr_i:12_j:3,34.23668,0.0,hdslay1_t25,12,3,hdslay1,arr,,,,,,
oname:hdslay1_t25_otype:arr_i:12_j:4,1e+30,0.0,hdslay1_t25,12,4,hdslay1,arr,,,,,,
oname:hdslay1_t25_otype:arr_i:12_j:5,1e+30,0.0,hdslay1_t25,12,5,hdslay1,arr,,,,,,
oname:hdslay1_t25_otype:arr_i:12_j:6,1e+30,0.0,hdslay1_t25,12,6,hdslay1,arr,,,,,,
oname:hdslay1_t25_otype:arr_i:12_j:7,1e+30,0.0,hdslay1_t25,12,7,hdslay1,arr,,,,,,
oname:hdslay1_t25_otype:arr_i:12_j:8,33.75108,0.0,hdslay1_t25,12,8,hdslay1,arr,,,,,,
oname:hdslay1_t25_otype:arr_i:12_j:9,33.74212,0.0,hdslay1_t25,12,9,hdslay1,arr,,,,,,
oname:hdslay1_t25_otype:arr_i:13_j:0,34.17999,0.0,hdslay1_t25,13,0,hdslay1,arr,,,,,,
oname:hdslay1_t25_otype:arr_i:13_j:1,34.1813,0.0,hdslay1_t25,13,1,hdslay1,arr,,,,,,
oname:hdslay1_t25_otype:arr_i:13_j:10,33.71153,0.0,hdslay1_t25,13,10,hdslay1,arr,,,,,,
oname:hdslay1_t25_otype:arr_i:13_j:11,33.70503,0.0,hdslay1_t25,13,11,hdslay1,arr,,,,,,
oname:hdslay1_t25_otype:arr_i:13_j:12,33.69914,0.0,hdslay1_t25,13,12,hdslay1,arr,,,,,,
oname:hdslay1_t25_otype:arr_i:13_j:13,33.70434,0.0,hdslay1_t25,13,13,hdslay1,arr,,,,,,
oname:hdslay1_t25_otype:arr_i:13_j:14,33.73317,0.0,hdslay1_t25,13,14,hdslay1,arr,,,,,,
oname:hdslay1_t25_otype:arr_i:13_j:15,33.76483,0.0,hdslay1_t25,13,15,hdslay1,arr,,,,,,
oname:hdslay1_t25_otype:arr_i:13_j:16,33.76718,0.0,hdslay1_t25,13,16,hdslay1,arr,,,,,,
oname:hdslay1_t25_otype:arr_i:13_j:17,33.77193,0.0,hdslay1_t25,13,17,hdslay1,arr,,,,,,
oname:hdslay1_t25_otype:arr_i:13_j:18,33.77697,0.0,hdslay1_t25,13,18,hdslay1,arr,,,,,,
oname:hdslay1_t25_otype:arr_i:13_j:19,33.78063,0.0,hdslay1_t25,13,19,hdslay1,arr,,,,,,
oname:hdslay1_t25_otype:arr_i:13_j:2,34.17989,0.0,hdslay1_t25,13,2,hdslay1,arr,,,,,,
oname:hdslay1_t25_otype:arr_i:13_j:3,34.17517,0.0,hdslay1_t25,13,3,hdslay1,arr,,,,,,
oname:hdslay1_t25_otype:arr_i:13_j:4,1e+30,0.0,hdslay1_t25,13,4,hdslay1,arr,,,,,,
oname:hdslay1_t25_otype:arr_i:13_j:5,1e+30,0.0,hdslay1_t25,13,5,hdslay1,arr,,,,,,
oname:hdslay1_t25_otype:arr_i:13_j:6,1e+30,0.0,hdslay1_t25,13,6,hdslay1,arr,,,,,,
oname:hdslay1_t25_otype:arr_i:13_j:7,1e+30,0.0,hdslay1_t25,13,7,hdslay1,arr,,,,,,
oname:hdslay1_t25_otype:arr_i:13_j:8,33.71713,0.0,hdslay1_t25,13,8,hdslay1,arr,,,,,,
oname:hdslay1_t25_otype:arr_i:13_j:9,33.71314,0.0,hdslay1_t25,13,9,hdslay1,arr,,,,,,
oname:hdslay1_t25_otype:arr_i:14_j:0,34.10184,0.0,hdslay1_t25,14,0,hdslay1,arr,,,,,,
oname:hdslay1_t25_otype:arr_i:14_j:1,34.10902,0.0,hdslay1_t25,14,1,hdslay1,arr,,,,,,
oname:hdslay1_t25_otype:arr_i:14_j:10,33.68866,0.0,hdslay1_t25,14,10,hdslay1,arr,,,,,,
oname:hdslay1_t25_otype:arr_i:14_j:11,33.68691,0.0,hdslay1_t25,14,11,hdslay1,arr,,,,,,
oname:hdslay1_t25_otype:arr_i:14_j:12,33.69118,0.0,hdslay1_t25,14,12,hdslay1,arr,,,,,,
oname:hdslay1_t25_otype:arr_i:14_j:13,33.70384,0.0,hdslay1_t25,14,13,hdslay1,arr,,,,,,
oname:hdslay1_t25_otype:arr_i:14_j:14,33.72936,0.0,hdslay1_t25,14,14,hdslay1,arr,,,,,,
oname:hdslay1_t25_otype:arr_i:14_j:15,33.75819,0.0,hdslay1_t25,14,15,hdslay1,arr,,,,,,
oname:hdslay1_t25_otype:arr_i:14_j:16,33.76181,0.0,hdslay1_t25,14,16,hdslay1,arr,,,,,,
oname:hdslay1_t25_otype:arr_i:14_j:17,33.76527,0.0,hdslay1_t25,14,17,hdslay1,arr,,,,,,
oname:hdslay1_t25_otype:arr_i:14_j:18,33.76946,0.0,hdslay1_t25,14,18,hdslay1,arr,,,,,,
oname:hdslay1_t25_otype:arr_i:14_j:19,33.77301,0.0,hdslay1_t25,14,19,hdslay1,arr,,,,,,
oname:hdslay1_t25_otype:arr_i:14_j:2,34.10752,0.0,hdslay1_t25,14,2,hdslay1,arr,,,,,,
oname:hdslay1_t25_otype:arr_i:14_j:3,34.10452,0.0,hdslay1_t25,14,3,hdslay1,arr,,,,,,
oname:hdslay1_t25_otype:arr_i:14_j:4,1e+30,0.0,hdslay1_t25,14,4,hdslay1,arr,,,,,,
oname:hdslay1_t25_otype:arr_i:14_j:5,1e+30,0.0,hdslay1_t25,14,5,hdslay1,arr,,,,,,
oname:hdslay1_t25_otype:arr_i:14_j:6,1e+30,0.0,hdslay1_t25,14,6,hdslay1,arr,,,,,,
oname:hdslay1_t25_otype:arr_i:14_j:7,1e+30,0.0,hdslay1_t25,14,7,hdslay1,arr,,,,,,
oname:hdslay1_t25_otype:arr_i:14_j:8,33.68291,0.0,hdslay1_t25,14,8,hdslay1,arr,,,,,,
oname:hdslay1_t25_otype:arr_i:14_j:9,33.68644,0.0,hdslay1_t25,14,9,hdslay1,arr,,,,,,
oname:hdslay1_t25_otype:arr_i:15_j:0,34.03276,0.0,hdslay1_t25,15,0,hdslay1,arr,,,,,,
oname:hdslay1_t25_otype:arr_i:15_j:1,34.03701,0.0,hdslay1_t25,15,1,hdslay1,arr,,,,,,
oname:hdslay1_t25_otype:arr_i:15_j:10,33.65389,0.0,hdslay1_t25,15,10,hdslay1,arr,,,,,,
oname:hdslay1_t25_otype:arr_i:15_j:11,33.65593,0.0,hdslay1_t25,15,11,hdslay1,arr,,,,,,
oname:hdslay1_t25_otype:arr_i:15_j:12,33.66859,0.0,hdslay1_t25,15,12,hdslay1,arr,,,,,,
oname:hdslay1_t25_otype:arr_i:15_j:13,33.68722,0.0,hdslay1_t25,15,13,hdslay1,arr,,,,,,
oname:hdslay1_t25_otype:arr_i:15_j:14,33.71643,0.0,hdslay1_t25,15,14,hdslay1,arr,,,,,,
oname:hdslay1_t25_otype:arr_i:15_j:15,33.74696,0.0,hdslay1_t25,15,15,hdslay1,arr,,,,,,
oname:hdslay1_t25_otype:arr_i:15_j:16,33.75213,0.0,hdslay1_t25,15,16,hdslay1,arr,,,,,,
oname:hdslay1_t25_otype:arr_i:15_j:17,33.7566,0.0,hdslay1_t25,15,17,hdslay1,arr,,,,,,
oname:hdslay1_t25_otype:arr_i:15_j:18,33.76033,0.0,hdslay1_t25,15,18,hdslay1,arr,,,,,,
oname:hdslay1_t25_otype:arr_i:15_j:19,33.76314,0.0,hdslay1_t25,15,19,hdslay1,arr,,,,,,
oname:hdslay1_t25_otype:arr_i:15_j:2,34.02804,0.0,hdslay1_t25,15,2,hdslay1,arr,,,,,,
oname:hdslay1_t25_otype:arr_i:15_j:3,34.02108,0.0,hdslay1_t25,15,3,hdslay1,arr,,,,,,
oname:hdslay1_t25_otype:arr_i:15_j:4,1e+30,0.0,hdslay1_t25,15,4,hdslay1,arr,,,,,,
oname:hdslay1_t25_otype:arr_i:15_j:5,1e+30,0.0,hdslay1_t25,15,5,hdslay1,arr,,,,,,
oname:hdslay1_t25_otype:arr_i:15_j:6,1e+30,0.0,hdslay1_t25,15,6,hdslay1,arr,,,,,,
oname:hdslay1_t25_otype:arr_i:15_j:7,1e+30,0.0,hdslay1_t25,15,7,hdslay1,arr,,,,,,
oname:hdslay1_t25_otype:arr_i:15_j:8,33.64865,0.0,hdslay1_t25,15,8,hdslay1,arr,,,,,,
oname:hdslay1_t25_otype:arr_i:15_j:9,33.64989,0.0,hdslay1_t25,15,9,hdslay1,arr,,,,,,
oname:hdslay1_t25_otype:arr_i:16_j:0,33.96813,0.0,hdslay1_t25,16,0,hdslay1,arr,,,,,,
oname:hdslay1_t25_otype:arr_i:16_j:1,33.96065,0.0,hdslay1_t25,16,1,hdslay1,arr,,,,,,
oname:hdslay1_t25_otype:arr_i:16_j:10,33.60129,0.0,hdslay1_t25,16,10,hdslay1,arr,,,,,,
oname:hdslay1_t25_otype:arr_i:16_j:11,33.61,0.0,hdslay1_t25,16,11,hdslay1,arr,,,,,,
oname:hdslay1_t25_otype:arr_i:16_j:12,33.62927,0.0,hdslay1_t25,16,12,hdslay1,arr,,,,,,
oname:hdslay1_t25_otype:arr_i:16_j:13,33.65773,0.0,hdslay1_t25,16,13,hdslay1,arr,,,,,,
oname:hdslay1_t25_otype:arr_i:16_j:14,33.68852,0.0,hdslay1_t25,16,14,hdslay1,arr,,,,,,
oname:hdslay1_t25_otype:arr_i:16_j:15,33.72613,0.0,hdslay1_t25,16,15,hdslay1,arr,,,,,,
oname:hdslay1_t25_otype:arr_i:16_j:16,33.73404,0.0,hdslay1_t25,16,16,hdslay1,arr,,,,,,
oname:hdslay1_t25_otype:arr_i:16_j:17,33.73973,0.0,hdslay1_t25,16,17,hdslay1,arr,,,,,,
oname:hdslay1_t25_otype:arr_i:16_j:18,33.74434,0.0,hdslay1_t25,16,18,hdslay1,arr,,,,,,
oname:hdslay1_t25_otype:arr_i:16_j:19,33.74814,0.0,hdslay1_t25,16,19,hdslay1,arr,,,,,,
oname:hdslay1_t25_otype:arr_i:16_j:2,33.94871,0.0,hdslay1_t25,16,2,hdslay1,arr,,,,,,
oname:hdslay1_t25_otype:arr_i:16_j:3,33.94618,0.0,hdslay1_t25,16,3,hdslay1,arr,,,,,,
oname:hdslay1_t25_otype:arr_i:16_j:4,1e+30,0.0,hdslay1_t25,16,4,hdslay1,arr,,,,,,
oname:hdslay1_t25_otype:arr_i:16_j:5,1e+30,0.0,hdslay1_t25,16,5,hdslay1,arr,,,,,,
oname:hdslay1_t25_otype:arr_i:16_j:6,1e+30,0.0,hdslay1_t25,16,6,hdslay1,arr,,,,,,
oname:hdslay1_t25_otype:arr_i:16_j:7,1e+30,0.0,hdslay1_t25,16,7,hdslay1,arr,,,,,,
oname:hdslay1_t25_otype:arr_i:16_j:8,33.59845,0.0,hdslay1_t25,16,8,hdslay1,arr,,,,,,
oname:hdslay1_t25_otype:arr_i:16_j:9,33.60079,0.0,hdslay1_t25,16,9,hdslay1,arr,,,,,,
oname:hdslay1_t25_otype:arr_i:17_j:0,33.89022,0.0,hdslay1_t25,17,0,hdslay1,arr,,,,,,
oname:hdslay1_t25_otype:arr_i:17_j:1,33.88355,0.0,hdslay1_t25,17,1,hdslay1,arr,,,,,,
oname:hdslay1_t25_otype:arr_i:17_j:10,33.54359,0.0,hdslay1_t25,17,10,hdslay1,arr,,,,,,
oname:hdslay1_t25_otype:arr_i:17_j:11,33.55348,0.0,hdslay1_t25,17,11,hdslay1,arr,,,,,,
oname:hdslay1_t25_otype:arr_i:17_j:12,33.56829,0.0,hdslay1_t25,17,12,hdslay1,arr,,,,,,
oname:hdslay1_t25_otype:arr_i:17_j:13,33.60191,0.0,hdslay1_t25,17,13,hdslay1,arr,,,,,,
oname:hdslay1_t25_otype:arr_i:17_j:14,33.63969,0.0,hdslay1_t25,17,14,hdslay1,arr,,,,,,
oname:hdslay1_t25_otype:arr_i:17_j:15,33.69606,0.0,hdslay1_t25,17,15,hdslay1,arr,,,,,,
oname:hdslay1_t25_otype:arr_i:17_j:16,33.70527,0.0,hdslay1_t25,17,16,hdslay1,arr,,,,,,
oname:hdslay1_t25_otype:arr_i:17_j:17,33.71374,0.0,hdslay1_t25,17,17,hdslay1,arr,,,,,,
oname:hdslay1_t25_otype:arr_i:17_j:18,33.72225,0.0,hdslay1_t25,17,18,hdslay1,arr,,,,,,
oname:hdslay1_t25_otype:arr_i:17_j:19,33.72597,0.0,hdslay1_t25,17,19,hdslay1,arr,,,,,,
oname:hdslay1_t25_otype:arr_i:17_j:2,33.88469,0.0,hdslay1_t25,17,2,hdslay1,arr,,,,,,
oname:hdslay1_t25_otype:arr_i:17_j:3,33.89225,0.0,hdslay1_t25,17,3,hdslay1,arr,,,,,,
oname:hdslay1_t25_otype:arr_i:17_j:4,1e+30,0.0,hdslay1_t25,17,4,hdslay1,arr,,,,,,
oname:hdslay1_t25_otype:arr_i:17_j:5,1e+30,0.0,hdslay1_t25,17,5,hdslay1,arr,,,,,,
oname:hdslay1_t25_otype:arr_i:17_j:6,1e+30,0.0,hdslay1_t25,17,6,hdslay1,arr,,,,,,
oname:hdslay1_t25_otype:arr_i:17_j:7,1e+30,0.0,hdslay1_t25,17,7,hdslay1,arr,,,,,,
oname:hdslay1_t25_otype:arr_i:17_j:8,33.54414,0.0,hdslay1_t25,17,8,hdslay1,arr,,,,,,
oname:hdslay1_t25_otype:arr_i:17_j:9,33.54496,0.0,hdslay1_t25,17,9,hdslay1,arr,,,,,,
oname:hdslay1_t25_otype:arr_i:18_j:0,33.80351,0.0,hdslay1_t25,18,0,hdslay1,arr,,,,,,
oname:hdslay1_t25_otype:arr_i:18_j:1,33.80597,0.0,hdslay1_t25,18,1,hdslay1,arr,,,,,,
oname:hdslay1_t25_otype:arr_i:18_j:10,33.49692,0.0,hdslay1_t25,18,10,hdslay1,arr,,,,,,
oname:hdslay1_t25_otype:arr_i:18_j:11,33.5002,0.0,hdslay1_t25,18,11,hdslay1,arr,,,,,,
oname:hdslay1_t25_otype:arr_i:18_j:12,33.50926,0.0,hdslay1_t25,18,12,hdslay1,arr,,,,,,
oname:hdslay1_t25_otype:arr_i:18_j:13,33.52971,0.0,hdslay1_t25,18,13,hdslay1,arr,,,,,,
oname:hdslay1_t25_otype:arr_i:18_j:14,33.56243,0.0,hdslay1_t25,18,14,hdslay1,arr,,,,,,
oname:hdslay1_t25_otype:arr_i:18_j:15,33.6515,0.0,hdslay1_t25,18,15,hdslay1,arr,,,,,,
oname:hdslay1_t25_otype:arr_i:18_j:16,33.66562,0.0,hdslay1_t25,18,16,hdslay1,arr,,,,,,
oname:hdslay1_t25_otype:arr_i:18_j:17,33.68126,0.0,hdslay1_t25,18,17,hdslay1,arr,,,,,,
oname:hdslay1_t25_otype:arr_i:18_j:18,33.69413,0.0,hdslay1_t25,18,18,hdslay1,arr,,,,,,
oname:hdslay1_t25_otype:arr_i:18_j:19,33.69865,0.0,hdslay1_t25,18,19,hdslay1,arr,,,,,,
oname:hdslay1_t25_otype:arr_i:18_j:2,33.81455,0.0,hdslay1_t25,18,2,hdslay1,arr,,,,,,
oname:hdslay1_t25_otype:arr_i:18_j:3,33.82838,0.0,hdslay1_t25,18,3,hdslay1,arr,,,,,,
oname:hdslay1_t25_otype:arr_i:18_j:4,1e+30,0.0,hdslay1_t25,18,4,hdslay1,arr,,,,,,
oname:hdslay1_t25_otype:arr_i:18_j:5,1e+30,0.0,hdslay1_t25,18,5,hdslay1,arr,,,,,,
oname:hdslay1_t25_otype:arr_i:18_j:6,1e+30,0.0,hdslay1_t25,18,6,hdslay1,arr,,,,,,
oname:hdslay1_t25_otype:arr_i:18_j:7,1e+30,0.0,hdslay1_t25,18,7,hdslay1,arr,,,,,,
oname:hdslay1_t25_otype:arr_i:18_j:8,33.4961,0.0,hdslay1_t25,18,8,hdslay1,arr,,,,,,
oname:hdslay1_t25_otype:arr_i:18_j:9,33.49477,0.0,hdslay1_t25,18,9,hdslay1,arr,,,,,,
oname:hdslay1_t25_otype:arr_i:19_j:0,33.7206,0.0,hdslay1_t25,19,0,hdslay1,arr,,,,,,
oname:hdslay1_t25_otype:arr_i:19_j:1,33.72035,0.0,hdslay1_t25,19,1,hdslay1,arr,,,,,,
oname:hdslay1_t25_otype:arr_i:19_j:10,33.45652,0.0,hdslay1_t25,19,10,hdslay1,arr,,,,,,
oname:hdslay1_t25_otype:arr_i:19_j:11,33.45371,0.0,hdslay1_t25,19,11,hdslay1,arr,,,,,,
oname:hdslay1_t25_otype:arr_i:19_j:12,33.45605,0.0,hdslay1_t25,19,12,hdslay1,arr,,,,,,
oname:hdslay1_t25_otype:arr_i:19_j:13,33.45161,0.0,hdslay1_t25,19,13,hdslay1,arr,,,,,,
oname:hdslay1_t25_otype:arr_i:19_j:14,33.44737,0.0,hdslay1_t25,19,14,hdslay1,arr,,,,,,
oname:hdslay1_t25_otype:arr_i:19_j:15,33.594,0.0,hdslay1_t25,19,15,hdslay1,arr,,,,,,
oname:hdslay1_t25_otype:arr_i:19_j:16,33.62316,0.0,hdslay1_t25,19,16,hdslay1,arr,,,,,,
oname:hdslay1_t25_otype:arr_i:19_j:17,33.64156,0.0,hdslay1_t25,19,17,hdslay1,arr,,,,,,
oname:hdslay1_t25_otype:arr_i:19_j:18,33.65286,0.0,hdslay1_t25,19,18,hdslay1,arr,,,,,,
oname:hdslay1_t25_otype:arr_i:19_j:19,33.66247,0.0,hdslay1_t25,19,19,hdslay1,arr,,,,,,
oname:hdslay1_t25_otype:arr_i:19_j:2,33.72775,0.0,hdslay1_t25,19,2,hdslay1,arr,,,,,,
oname:hdslay1_t25_otype:arr_i:19_j:3,33.74032,0.0,hdslay1_t25,19,3,hdslay1,arr,,,,,,
oname:hdslay1_t25_otype:arr_i:19_j:4,1e+30,0.0,hdslay1_t25,19,4,hdslay1,arr,,,,,,
oname:hdslay1_t25_otype:arr_i:19_j:5,1e+30,0.0,hdslay1_t25,19,5,hdslay1,arr,,,,,,
oname:hdslay1_t25_otype:arr_i:19_j:6,1e+30,0.0,hdslay1_t25,19,6,hdslay1,arr,,,,,,
oname:hdslay1_t25_otype:arr_i:19_j:7,1e+30,0.0,hdslay1_t25,19,7,hdslay1,arr,,,,,,
oname:hdslay1_t25_otype:arr_i:19_j:8,33.45568,0.0,hdslay1_t25,19,8,hdslay1,arr,,,,,,
oname:hdslay1_t25_otype:arr_i:19_j:9,33.45559,0.0,hdslay1_t25,19,9,hdslay1,arr,,,,,,
oname:hdslay1_t25_otype:arr_i:1_j:0,34.52248,0.0,hdslay1_t25,1,0,hdslay1,arr,,,,,,
oname:hdslay1_t25_otype:arr_i:1_j:1,34.51679,0.0,hdslay1_t25,1,1,hdslay1,arr,,,,,,
oname:hdslay1_t25_otype:arr_i:1_j:10,34.16831,0.0,hdslay1_t25,1,10,hdslay1,arr,,,,,,
oname:hdslay1_t25_otype:arr_i:1_j:11,34.14263,0.0,hdslay1_t25,1,11,hdslay1,arr,,,,,,
oname:hdslay1_t25_otype:arr_i:1_j:12,34.12166,0.0,hdslay1_t25,1,12,hdslay1,arr,,,,,,
oname:hdslay1_t25_otype:arr_i:1_j:13,34.10317,0.0,hdslay1_t25,1,13,hdslay1,arr,,,,,,
oname:hdslay1_t25_otype:arr_i:1_j:14,34.08524,0.0,hdslay1_t25,1,14,hdslay1,arr,,,,,,
oname:hdslay1_t25_otype:arr_i:1_j:15,34.06868,0.0,hdslay1_t25,1,15,hdslay1,arr,,,,,,
oname:hdslay1_t25_otype:arr_i:1_j:16,34.05778,0.0,hdslay1_t25,1,16,hdslay1,arr,,,,,,
oname:hdslay1_t25_otype:arr_i:1_j:17,34.04698,0.0,hdslay1_t25,1,17,hdslay1,arr,,,,,,
oname:hdslay1_t25_otype:arr_i:1_j:18,34.03887,0.0,hdslay1_t25,1,18,hdslay1,arr,,,,,,
oname:hdslay1_t25_otype:arr_i:1_j:19,34.03413,0.0,hdslay1_t25,1,19,hdslay1,arr,,,,,,
oname:hdslay1_t25_otype:arr_i:1_j:2,34.50381,0.0,hdslay1_t25,1,2,hdslay1,arr,,,,,,
oname:hdslay1_t25_otype:arr_i:1_j:3,34.48289,0.0,hdslay1_t25,1,3,hdslay1,arr,,,,,,
oname:hdslay1_t25_otype:arr_i:1_j:4,34.45052,0.0,hdslay1_t25,1,4,hdslay1,arr,,,,,,
oname:hdslay1_t25_otype:arr_i:1_j:5,34.40656,0.0,hdslay1_t25,1,5,hdslay1,arr,,,,,,
oname:hdslay1_t25_otype:arr_i:1_j:6,34.3489,0.0,hdslay1_t25,1,6,hdslay1,arr,,,,,,
oname:hdslay1_t25_otype:arr_i:1_j:7,34.2851,0.0,hdslay1_t25,1,7,hdslay1,arr,,,,,,
oname:hdslay1_t25_otype:arr_i:1_j:8,34.23388,0.0,hdslay1_t25,1,8,hdslay1,arr,,,,,,
oname:hdslay1_t25_otype:arr_i:1_j:9,34.19713,0.0,hdslay1_t25,1,9,hdslay1,arr,,,,,,
oname:hdslay1_t25_otype:arr_i:20_j:0,33.64196,0.0,hdslay1_t25,20,0,hdslay1,arr,,,,,,
oname:hdslay1_t25_otype:arr_i:20_j:1,33.64448,0.0,hdslay1_t25,20,1,hdslay1,arr,,,,,,
oname:hdslay1_t25_otype:arr_i:20_j:10,33.42761,0.0,hdslay1_t25,20,10,hdslay1,arr,,,,,,
oname:hdslay1_t25_otype:arr_i:20_j:11,33.42843,0.0,hdslay1_t25,20,11,hdslay1,arr,,,,,,
oname:hdslay1_t25_otype:arr_i:20_j:12,33.42373,0.0,hdslay1_t25,20,12,hdslay1,arr,,,,,,
oname:hdslay1_t25_otype:arr_i:20_j:13,33.38342,0.0,hdslay1_t25,20,13,hdslay1,arr,,,,,,
oname:hdslay1_t25_otype:arr_i:20_j:14,33.2149,0.0,hdslay1_t25,20,14,hdslay1,arr,,,,,,
oname:hdslay1_t25_otype:arr_i:20_j:15,33.50144,0.0,hdslay1_t25,20,15,hdslay1,arr,,,,,,
oname:hdslay1_t25_otype:arr_i:20_j:16,33.57828,0.0,hdslay1_t25,20,16,hdslay1,arr,,,,,,
oname:hdslay1_t25_otype:arr_i:20_j:17,33.60747,0.0,hdslay1_t25,20,17,hdslay1,arr,,,,,,
oname:hdslay1_t25_otype:arr_i:20_j:18,33.61786,0.0,hdslay1_t25,20,18,hdslay1,arr,,,,,,
oname:hdslay1_t25_otype:arr_i:20_j:19,33.62651,0.0,hdslay1_t25,20,19,hdslay1,arr,,,,,,
oname:hdslay1_t25_otype:arr_i:20_j:2,33.64141,0.0,hdslay1_t25,20,2,hdslay1,arr,,,,,,
oname:hdslay1_t25_otype:arr_i:20_j:3,33.63666,0.0,hdslay1_t25,20,3,hdslay1,arr,,,,,,
oname:hdslay1_t25_otype:arr_i:20_j:4,1e+30,0.0,hdslay1_t25,20,4,hdslay1,arr,,,,,,
oname:hdslay1_t25_otype:arr_i:20_j:5,1e+30,0.0,hdslay1_t25,20,5,hdslay1,arr,,,,,,
oname:hdslay1_t25_otype:arr_i:20_j:6,1e+30,0.0,hdslay1_t25,20,6,hdslay1,arr,,,,,,
oname:hdslay1_t25_otype:arr_i:20_j:7,1e+30,0.0,hdslay1_t25,20,7,hdslay1,arr,,,,,,
oname:hdslay1_t25_otype:arr_i:20_j:8,33.42158,0.0,hdslay1_t25,20,8,hdslay1,arr,,,,,,
oname:hdslay1_t25_otype:arr_i:20_j:9,33.42563,0.0,hdslay1_t25,20,9,hdslay1,arr,,,,,,
oname:hdslay1_t25_otype:arr_i:21_j:0,33.57065,0.0,hdslay1_t25,21,0,hdslay1,arr,,,,,,
oname:hdslay1_t25_otype:arr_i:21_j:1,33.57311,0.0,hdslay1_t25,21,1,hdslay1,arr,,,,,,
oname:hdslay1_t25_otype:arr_i:21_j:10,33.40864,0.0,hdslay1_t25,21,10,hdslay1,arr,,,,,,
oname:hdslay1_t25_otype:arr_i:21_j:11,33.41645,0.0,hdslay1_t25,21,11,hdslay1,arr,,,,,,
oname:hdslay1_t25_otype:arr_i:21_j:12,33.41873,0.0,hdslay1_t25,21,12,hdslay1,arr,,,,,,
oname:hdslay1_t25_otype:arr_i:21_j:13,33.41408,0.0,hdslay1_t25,21,13,hdslay1,arr,,,,,,
oname:hdslay1_t25_otype:arr_i:21_j:14,33.41235,0.0,hdslay1_t25,21,14,hdslay1,arr,,,,,,
oname:hdslay1_t25_otype:arr_i:21_j:15,33.51945,0.0,hdslay1_t25,21,15,hdslay1,arr,,,,,,
oname:hdslay1_t25_otype:arr_i:21_j:16,33.55884,0.0,hdslay1_t25,21,16,hdslay1,arr,,,,,,
oname:hdslay1_t25_otype:arr_i:21_j:17,33.58617,0.0,hdslay1_t25,21,17,hdslay1,arr,,,,,,
oname:hdslay1_t25_otype:arr_i:21_j:18,33.59853,0.0,hdslay1_t25,21,18,hdslay1,arr,,,,,,
oname:hdslay1_t25_otype:arr_i:21_j:19,33.60281,0.0,hdslay1_t25,21,19,hdslay1,arr,,,,,,
oname:hdslay1_t25_otype:arr_i:21_j:2,33.55906,0.0,hdslay1_t25,21,2,hdslay1,arr,,,,,,
oname:hdslay1_t25_otype:arr_i:21_j:3,33.5337,0.0,hdslay1_t25,21,3,hdslay1,arr,,,,,,
oname:hdslay1_t25_otype:arr_i:21_j:4,1e+30,0.0,hdslay1_t25,21,4,hdslay1,arr,,,,,,
oname:hdslay1_t25_otype:arr_i:21_j:5,1e+30,0.0,hdslay1_t25,21,5,hdslay1,arr,,,,,,
oname:hdslay1_t25_otype:arr_i:21_j:6,33.33572,0.0,hdslay1_t25,21,6,hdslay1,arr,,,,,,
oname:hdslay1_t25_otype:arr_i:21_j:7,33.35582,0.0,hdslay1_t25,21,7,hdslay1,arr,,,,,,
oname:hdslay1_t25_otype:arr_i:21_j:8,33.3858,0.0,hdslay1_t25,21,8,hdslay1,arr,,,,,,
oname:hdslay1_t25_otype:arr_i:21_j:9,33.40089,0.0,hdslay1_t25,21,9,hdslay1,arr,,,,,,
oname:hdslay1_t25_otype:arr_i:22_j:0,33.50045,0.0,hdslay1_t25,22,0,hdslay1,arr,,,,,,
oname:hdslay1_t25_otype:arr_i:22_j:1,33.48555,0.0,hdslay1_t25,22,1,hdslay1,arr,,,,,,
oname:hdslay1_t25_otype:arr_i:22_j:10,33.39144,0.0,hdslay1_t25,22,10,hdslay1,arr,,,,,,
oname:hdslay1_t25_otype:arr_i:22_j:11,33.40497,0.0,hdslay1_t25,22,11,hdslay1,arr,,,,,,
oname:hdslay1_t25_otype:arr_i:22_j:12,33.41851,0.0,hdslay1_t25,22,12,hdslay1,arr,,,,,,
oname:hdslay1_t25_otype:arr_i:22_j:13,33.43893,0.0,hdslay1_t25,22,13,hdslay1,arr,,,,,,
oname:hdslay1_t25_otype:arr_i:22_j:14,33.47052,0.0,hdslay1_t25,22,14,hdslay1,arr,,,,,,
oname:hdslay1_t25_otype:arr_i:22_j:15,33.52947,0.0,hdslay1_t25,22,15,hdslay1,arr,,,,,,
oname:hdslay1_t25_otype:arr_i:22_j:16,33.55133,0.0,hdslay1_t25,22,16,hdslay1,arr,,,,,,
oname:hdslay1_t25_otype:arr_i:22_j:17,33.57025,0.0,hdslay1_t25,22,17,hdslay1,arr,,,,,,
oname:hdslay1_t25_otype:arr_i:22_j:18,33.5801,0.0,hdslay1_t25,22,18,hdslay1,arr,,,,,,
oname:hdslay1_t25_otype:arr_i:22_j:19,33.58337,0.0,hdslay1_t25,22,19,hdslay1,arr,,,,,,
oname:hdslay1_t25_otype:arr_i:22_j:2,33.46431,0.0,hdslay1_t25,22,2,hdslay1,arr,,,,,,
oname:hdslay1_t25_otype:arr_i:22_j:3,33.40577,0.0,hdslay1_t25,22,3,hdslay1,arr,,,,,,
oname:hdslay1_t25_otype:arr_i:22_j:4,33.3076,0.0,hdslay1_t25,22,4,hdslay1,arr,,,,,,
oname:hdslay1_t25_otype:arr_i:22_j:5,1e+30,0.0,hdslay1_t25,22,5,hdslay1,arr,,,,,,
oname:hdslay1_t25_otype:arr_i:22_j:6,33.31496,0.0,hdslay1_t25,22,6,hdslay1,arr,,,,,,
oname:hdslay1_t25_otype:arr_i:22_j:7,33.33489,0.0,hdslay1_t25,22,7,hdslay1,arr,,,,,,
oname:hdslay1_t25_otype:arr_i:22_j:8,33.35948,0.0,hdslay1_t25,22,8,hdslay1,arr,,,,,,
oname:hdslay1_t25_otype:arr_i:22_j:9,33.37861,0.0,hdslay1_t25,22,9,hdslay1,arr,,,,,,
oname:hdslay1_t25_otype:arr_i:23_j:0,33.42117,0.0,hdslay1_t25,23,0,hdslay1,arr,,,,,,
oname:hdslay1_t25_otype:arr_i:23_j:1,33.40034,0.0,hdslay1_t25,23,1,hdslay1,arr,,,,,,
oname:hdslay1_t25_otype:arr_i:23_j:10,33.36775,0.0,hdslay1_t25,23,10,hdslay1,arr,,,,,,
oname:hdslay1_t25_otype:arr_i:23_j:11,33.38866,0.0,hdslay1_t25,23,11,hdslay1,arr,,,,,,
oname:hdslay1_t25_otype:arr_i:23_j:12,33.4156,0.0,hdslay1_t25,23,12,hdslay1,arr,,,,,,
oname:hdslay1_t25_otype:arr_i:23_j:13,33.45084,0.0,hdslay1_t25,23,13,hdslay1,arr,,,,,,
oname:hdslay1_t25_otype:arr_i:23_j:14,33.49211,0.0,hdslay1_t25,23,14,hdslay1,arr,,,,,,
oname:hdslay1_t25_otype:arr_i:23_j:15,33.54496,0.0,hdslay1_t25,23,15,hdslay1,arr,,,,,,
oname:hdslay1_t25_otype:arr_i:23_j:16,33.5513,0.0,hdslay1_t25,23,16,hdslay1,arr,,,,,,
oname:hdslay1_t25_otype:arr_i:23_j:17,33.5598,0.0,hdslay1_t25,23,17,hdslay1,arr,,,,,,
oname:hdslay1_t25_otype:arr_i:23_j:18,33.56552,0.0,hdslay1_t25,23,18,hdslay1,arr,,,,,,
oname:hdslay1_t25_otype:arr_i:23_j:19,33.56671,0.0,hdslay1_t25,23,19,hdslay1,arr,,,,,,
oname:hdslay1_t25_otype:arr_i:23_j:2,33.36742,0.0,hdslay1_t25,23,2,hdslay1,arr,,,,,,
oname:hdslay1_t25_otype:arr_i:23_j:3,33.30114,0.0,hdslay1_t25,23,3,hdslay1,arr,,,,,,
oname:hdslay1_t25_otype:arr_i:23_j:4,33.22974,0.0,hdslay1_t25,23,4,hdslay1,arr,,,,,,
oname:hdslay1_t25_otype:arr_i:23_j:5,33.23509,0.0,hdslay1_t25,23,5,hdslay1,arr,,,,,,
oname:hdslay1_t25_otype:arr_i:23_j:6,33.27617,0.0,hdslay1_t25,23,6,hdslay1,arr,,,,,,
oname:hdslay1_t25_otype:arr_i:23_j:7,33.3042,0.0,hdslay1_t25,23,7,hdslay1,arr,,,,,,
oname:hdslay1_t25_otype:arr_i:23_j:8,33.3294,0.0,hdslay1_t25,23,8,hdslay1,arr,,,,,,
oname:hdslay1_t25_otype:arr_i:23_j:9,33.35048,0.0,hdslay1_t25,23,9,hdslay1,arr,,,,,,
oname:hdslay1_t25_otype:arr_i:24_j:0,33.35411,0.0,hdslay1_t25,24,0,hdslay1,arr,,,,,,
oname:hdslay1_t25_otype:arr_i:24_j:1,33.33876,0.0,hdslay1_t25,24,1,hdslay1,arr,,,,,,
oname:hdslay1_t25_otype:arr_i:24_j:10,33.3356,0.0,hdslay1_t25,24,10,hdslay1,arr,,,,,,
oname:hdslay1_t25_otype:arr_i:24_j:11,33.36506,0.0,hdslay1_t25,24,11,hdslay1,arr,,,,,,
oname:hdslay1_t25_otype:arr_i:24_j:12,33.40306,0.0,hdslay1_t25,24,12,hdslay1,arr,,,,,,
oname:hdslay1_t25_otype:arr_i:24_j:13,33.44895,0.0,hdslay1_t25,24,13,hdslay1,arr,,,,,,
oname:hdslay1_t25_otype:arr_i:24_j:14,33.49728,0.0,hdslay1_t25,24,14,hdslay1,arr,,,,,,
oname:hdslay1_t25_otype:arr_i:24_j:15,33.55242,0.0,hdslay1_t25,24,15,hdslay1,arr,,,,,,
oname:hdslay1_t25_otype:arr_i:24_j:16,33.54687,0.0,hdslay1_t25,24,16,hdslay1,arr,,,,,,
oname:hdslay1_t25_otype:arr_i:24_j:17,33.54753,0.0,hdslay1_t25,24,17,hdslay1,arr,,,,,,
oname:hdslay1_t25_otype:arr_i:24_j:18,33.55002,0.0,hdslay1_t25,24,18,hdslay1,arr,,,,,,
oname:hdslay1_t25_otype:arr_i:24_j:19,33.55211,0.0,hdslay1_t25,24,19,hdslay1,arr,,,,,,
oname:hdslay1_t25_otype:arr_i:24_j:2,33.30224,0.0,hdslay1_t25,24,2,hdslay1,arr,,,,,,
oname:hdslay1_t25_otype:arr_i:24_j:3,33.23705,0.0,hdslay1_t25,24,3,hdslay1,arr,,,,,,
oname:hdslay1_t25_otype:arr_i:24_j:4,33.11668,0.0,hdslay1_t25,24,4,hdslay1,arr,,,,,,
oname:hdslay1_t25_otype:arr_i:24_j:5,33.20093,0.0,hdslay1_t25,24,5,hdslay1,arr,,,,,,
oname:hdslay1_t25_otype:arr_i:24_j:6,33.24474,0.0,hdslay1_t25,24,6,hdslay1,arr,,,,,,
oname:hdslay1_t25_otype:arr_i:24_j:7,33.27537,0.0,hdslay1_t25,24,7,hdslay1,arr,,,,,,
oname:hdslay1_t25_otype:arr_i:24_j:8,33.30134,0.0,hdslay1_t25,24,8,hdslay1,arr,,,,,,
oname:hdslay1_t25_otype:arr_i:24_j:9,33.31912,0.0,hdslay1_t25,24,9,hdslay1,arr,,,,,,
oname:hdslay1_t25_otype:arr_i:25_j:0,33.3159,0.0,hdslay1_t25,25,0,hdslay1,arr,,,,,,
oname:hdslay1_t25_otype:arr_i:25_j:1,33.30607,0.0,hdslay1_t25,25,1,hdslay1,arr,,,,,,
oname:hdslay1_t25_otype:arr_i:25_j:10,33.29652,0.0,hdslay1_t25,25,10,hdslay1,arr,,,,,,
oname:hdslay1_t25_otype:arr_i:25_j:11,33.33653,0.0,hdslay1_t25,25,11,hdslay1,arr,,,,,,
oname:hdslay1_t25_otype:arr_i:25_j:12,33.38432,0.0,hdslay1_t25,25,12,hdslay1,arr,,,,,,
oname:hdslay1_t25_otype:arr_i:25_j:13,33.43278,0.0,hdslay1_t25,25,13,hdslay1,arr,,,,,,
oname:hdslay1_t25_otype:arr_i:25_j:14,33.48483,0.0,hdslay1_t25,25,14,hdslay1,arr,,,,,,
oname:hdslay1_t25_otype:arr_i:25_j:15,33.54339,0.0,hdslay1_t25,25,15,hdslay1,arr,,,,,,
oname:hdslay1_t25_otype:arr_i:25_j:16,33.53471,0.0,hdslay1_t25,25,16,hdslay1,arr,,,,,,
oname:hdslay1_t25_otype:arr_i:25_j:17,33.53161,0.0,hdslay1_t25,25,17,hdslay1,arr,,,,,,
oname:hdslay1_t25_otype:arr_i:25_j:18,33.53084,0.0,hdslay1_t25,25,18,hdslay1,arr,,,,,,
oname:hdslay1_t25_otype:arr_i:25_j:19,33.53282,0.0,hdslay1_t25,25,19,hdslay1,arr,,,,,,
oname:hdslay1_t25_otype:arr_i:25_j:2,33.28192,0.0,hdslay1_t25,25,2,hdslay1,arr,,,,,,
oname:hdslay1_t25_otype:arr_i:25_j:3,33.2397,0.0,hdslay1_t25,25,3,hdslay1,arr,,,,,,
oname:hdslay1_t25_otype:arr_i:25_j:4,33.19421,0.0,hdslay1_t25,25,4,hdslay1,arr,,,,,,
oname:hdslay1_t25_otype:arr_i:25_j:5,33.20788,0.0,hdslay1_t25,25,5,hdslay1,arr,,,,,,
oname:hdslay1_t25_otype:arr_i:25_j:6,33.22673,0.0,hdslay1_t25,25,6,hdslay1,arr,,,,,,
oname:hdslay1_t25_otype:arr_i:25_j:7,33.24822,0.0,hdslay1_t25,25,7,hdslay1,arr,,,,,,
oname:hdslay1_t25_otype:arr_i:25_j:8,33.27102,0.0,hdslay1_t25,25,8,hdslay1,arr,,,,,,
oname:hdslay1_t25_otype:arr_i:25_j:9,33.28481,0.0,hdslay1_t25,25,9,hdslay1,arr,,,,,,
oname:hdslay1_t25_otype:arr_i:26_j:0,33.29593,0.0,hdslay1_t25,26,0,hdslay1,arr,,,,,,
oname:hdslay1_t25_otype:arr_i:26_j:1,33.2875,0.0,hdslay1_t25,26,1,hdslay1,arr,,,,,,
oname:hdslay1_t25_otype:arr_i:26_j:10,33.22628,0.0,hdslay1_t25,26,10,hdslay1,arr,,,,,,
oname:hdslay1_t25_otype:arr_i:26_j:11,33.30906,0.0,hdslay1_t25,26,11,hdslay1,arr,,,,,,
oname:hdslay1_t25_otype:arr_i:26_j:12,33.36428,0.0,hdslay1_t25,26,12,hdslay1,arr,,,,,,
oname:hdslay1_t25_otype:arr_i:26_j:13,33.41387,0.0,hdslay1_t25,26,13,hdslay1,arr,,,,,,
oname:hdslay1_t25_otype:arr_i:26_j:14,33.46162,0.0,hdslay1_t25,26,14,hdslay1,arr,,,,,,
oname:hdslay1_t25_otype:arr_i:26_j:15,33.52385,0.0,hdslay1_t25,26,15,hdslay1,arr,,,,,,
oname:hdslay1_t25_otype:arr_i:26_j:16,33.50858,0.0,hdslay1_t25,26,16,hdslay1,arr,,,,,,
oname:hdslay1_t25_otype:arr_i:26_j:17,33.50566,0.0,hdslay1_t25,26,17,hdslay1,arr,,,,,,
oname:hdslay1_t25_otype:arr_i:26_j:18,33.50871,0.0,hdslay1_t25,26,18,hdslay1,arr,,,,,,
oname:hdslay1_t25_otype:arr_i:26_j:19,33.50929,0.0,hdslay1_t25,26,19,hdslay1,arr,,,,,,
oname:hdslay1_t25_otype:arr_i:26_j:2,33.26756,0.0,hdslay1_t25,26,2,hdslay1,arr,,,,,,
oname:hdslay1_t25_otype:arr_i:26_j:3,33.24209,0.0,hdslay1_t25,26,3,hdslay1,arr,,,,,,
oname:hdslay1_t25_otype:arr_i:26_j:4,33.21736,0.0,hdslay1_t25,26,4,hdslay1,arr,,,,,,
oname:hdslay1_t25_otype:arr_i:26_j:5,33.20924,0.0,hdslay1_t25,26,5,hdslay1,arr,,,,,,
oname:hdslay1_t25_otype:arr_i:26_j:6,33.21113,0.0,hdslay1_t25,26,6,hdslay1,arr,,,,,,
oname:hdslay1_t25_otype:arr_i:26_j:7,33.22204,0.0,hdslay1_t25,26,7,hdslay1,arr,,,,,,
oname:hdslay1_t25_otype:arr_i:26_j:8,33.23813,0.0,hdslay1_t25,26,8,hdslay1,arr,,,,,,
oname:hdslay1_t25_otype:arr_i:26_j:9,33.24606,0.0,hdslay1_t25,26,9,hdslay1,arr,,,,,,
oname:hdslay1_t25_otype:arr_i:27_j:0,33.28149,0.0,hdslay1_t25,27,0,hdslay1,arr,,,,,,
oname:hdslay1_t25_otype:arr_i:27_j:1,33.27394,0.0,hdslay1_t25,27,1,hdslay1,arr,,,,,,
oname:hdslay1_t25_otype:arr_i:27_j:10,33.26147,0.0,hdslay1_t25,27,10,hdslay1,arr,,,,,,
oname:hdslay1_t25_otype:arr_i:27_j:11,33.30857,0.0,hdslay1_t25,27,11,hdslay1,arr,,,,,,
oname:hdslay1_t25_otype:arr_i:27_j:12,33.3478,0.0,hdslay1_t25,27,12,hdslay1,arr,,,,,,
oname:hdslay1_t25_otype:arr_i:27_j:13,33.39791,0.0,hdslay1_t25,27,13,hdslay1,arr,,,,,,
oname:hdslay1_t25_otype:arr_i:27_j:14,33.44661,0.0,hdslay1_t25,27,14,hdslay1,arr,,,,,,
oname:hdslay1_t25_otype:arr_i:27_j:15,33.48245,0.0,hdslay1_t25,27,15,hdslay1,arr,,,,,,
oname:hdslay1_t25_otype:arr_i:27_j:16,33.47891,0.0,hdslay1_t25,27,16,hdslay1,arr,,,,,,
oname:hdslay1_t25_otype:arr_i:27_j:17,33.47852,0.0,hdslay1_t25,27,17,hdslay1,arr,,,,,,
oname:hdslay1_t25_otype:arr_i:27_j:18,33.48071,0.0,hdslay1_t25,27,18,hdslay1,arr,,,,,,
oname:hdslay1_t25_otype:arr_i:27_j:19,33.4835,0.0,hdslay1_t25,27,19,hdslay1,arr,,,,,,
oname:hdslay1_t25_otype:arr_i:27_j:2,33.25732,0.0,hdslay1_t25,27,2,hdslay1,arr,,,,,,
oname:hdslay1_t25_otype:arr_i:27_j:3,33.23721,0.0,hdslay1_t25,27,3,hdslay1,arr,,,,,,
oname:hdslay1_t25_otype:arr_i:27_j:4,33.21544,0.0,hdslay1_t25,27,4,hdslay1,arr,,,,,,
oname:hdslay1_t25_otype:arr_i:27_j:5,33.19743,0.0,hdslay1_t25,27,5,hdslay1,arr,,,,,,
oname:hdslay1_t25_otype:arr_i:27_j:6,33.19115,0.0,hdslay1_t25,27,6,hdslay1,arr,,,,,,
oname:hdslay1_t25_otype:arr_i:27_j:7,33.20027,0.0,hdslay1_t25,27,7,hdslay1,arr,,,,,,
oname:hdslay1_t25_otype:arr_i:27_j:8,33.21781,0.0,hdslay1_t25,27,8,hdslay1,arr,,,,,,
oname:hdslay1_t25_otype:arr_i:27_j:9,33.23906,0.0,hdslay1_t25,27,9,hdslay1,arr,,,,,,
oname:hdslay1_t25_otype:arr_i:28_j:0,33.27085,0.0,hdslay1_t25,28,0,hdslay1,arr,,,,,,
oname:hdslay1_t25_otype:arr_i:28_j:1,33.26375,0.0,hdslay1_t25,28,1,hdslay1,arr,,,,,,
oname:hdslay1_t25_otype:arr_i:28_j:10,33.26169,0.0,hdslay1_t25,28,10,hdslay1,arr,,,,,,
oname:hdslay1_t25_otype:arr_i:28_j:11,33.29621,0.0,hdslay1_t25,28,11,hdslay1,arr,,,,,,
oname:hdslay1_t25_otype:arr_i:28_j:12,33.33524,0.0,hdslay1_t25,28,12,hdslay1,arr,,,,,,
oname:hdslay1_t25_otype:arr_i:28_j:13,33.38223,0.0,hdslay1_t25,28,13,hdslay1,arr,,,,,,
oname:hdslay1_t25_otype:arr_i:28_j:14,33.42997,0.0,hdslay1_t25,28,14,hdslay1,arr,,,,,,
oname:hdslay1_t25_otype:arr_i:28_j:15,33.46587,0.0,hdslay1_t25,28,15,hdslay1,arr,,,,,,
oname:hdslay1_t25_otype:arr_i:28_j:16,33.45957,0.0,hdslay1_t25,28,16,hdslay1,arr,,,,,,
oname:hdslay1_t25_otype:arr_i:28_j:17,33.45679,0.0,hdslay1_t25,28,17,hdslay1,arr,,,,,,
oname:hdslay1_t25_otype:arr_i:28_j:18,33.45507,0.0,hdslay1_t25,28,18,hdslay1,arr,,,,,,
oname:hdslay1_t25_otype:arr_i:28_j:19,33.45682,0.0,hdslay1_t25,28,19,hdslay1,arr,,,,,,
oname:hdslay1_t25_otype:arr_i:28_j:2,33.24889,0.0,hdslay1_t25,28,2,hdslay1,arr,,,,,,
oname:hdslay1_t25_otype:arr_i:28_j:3,33.22773,0.0,hdslay1_t25,28,3,hdslay1,arr,,,,,,
oname:hdslay1_t25_otype:arr_i:28_j:4,33.20021,0.0,hdslay1_t25,28,4,hdslay1,arr,,,,,,
oname:hdslay1_t25_otype:arr_i:28_j:5,33.16993,0.0,hdslay1_t25,28,5,hdslay1,arr,,,,,,
oname:hdslay1_t25_otype:arr_i:28_j:6,33.14377,0.0,hdslay1_t25,28,6,hdslay1,arr,,,,,,
oname:hdslay1_t25_otype:arr_i:28_j:7,33.17145,0.0,hdslay1_t25,28,7,hdslay1,arr,,,,,,
oname:hdslay1_t25_otype:arr_i:28_j:8,33.19965,0.0,hdslay1_t25,28,8,hdslay1,arr,,,,,,
oname:hdslay1_t25_otype:arr_i:28_j:9,33.23086,0.0,hdslay1_t25,28,9,hdslay1,arr,,,,,,
oname:hdslay1_t25_otype:arr_i:29_j:0,33.26076,0.0,hdslay1_t25,29,0,hdslay1,arr,,,,,,
oname:hdslay1_t25_otype:arr_i:29_j:1,33.25369,0.0,hdslay1_t25,29,1,hdslay1,arr,,,,,,
oname:hdslay1_t25_otype:arr_i:29_j:10,33.24919,0.0,hdslay1_t25,29,10,hdslay1,arr,,,,,,
oname:hdslay1_t25_otype:arr_i:29_j:11,33.2833,0.0,hdslay1_t25,29,11,hdslay1,arr,,,,,,
oname:hdslay1_t25_otype:arr_i:29_j:12,33.31492,0.0,hdslay1_t25,29,12,hdslay1,arr,,,,,,
oname:hdslay1_t25_otype:arr_i:29_j:13,33.35419,0.0,hdslay1_t25,29,13,hdslay1,arr,,,,,,
oname:hdslay1_t25_otype:arr_i:29_j:14,33.40187,0.0,hdslay1_t25,29,14,hdslay1,arr,,,,,,
oname:hdslay1_t25_otype:arr_i:29_j:15,33.45028,0.0,hdslay1_t25,29,15,hdslay1,arr,,,,,,
oname:hdslay1_t25_otype:arr_i:29_j:16,33.43552,0.0,hdslay1_t25,29,16,hdslay1,arr,,,,,,
oname:hdslay1_t25_otype:arr_i:29_j:17,33.43016,0.0,hdslay1_t25,29,17,hdslay1,arr,,,,,,
oname:hdslay1_t25_otype:arr_i:29_j:18,33.43021,0.0,hdslay1_t25,29,18,hdslay1,arr,,,,,,
oname:hdslay1_t25_otype:arr_i:29_j:19,33.42986,0.0,hdslay1_t25,29,19,hdslay1,arr,,,,,,
oname:hdslay1_t25_otype:arr_i:29_j:2,33.2376,0.0,hdslay1_t25,29,2,hdslay1,arr,,,,,,
oname:hdslay1_t25_otype:arr_i:29_j:3,33.21512,0.0,hdslay1_t25,29,3,hdslay1,arr,,,,,,
oname:hdslay1_t25_otype:arr_i:29_j:4,33.1846,0.0,hdslay1_t25,29,4,hdslay1,arr,,,,,,
oname:hdslay1_t25_otype:arr_i:29_j:5,33.13362,0.0,hdslay1_t25,29,5,hdslay1,arr,,,,,,
oname:hdslay1_t25_otype:arr_i:29_j:6,33.04494,0.0,hdslay1_t25,29,6,hdslay1,arr,,,,,,
oname:hdslay1_t25_otype:arr_i:29_j:7,33.13614,0.0,hdslay1_t25,29,7,hdslay1,arr,,,,,,
oname:hdslay1_t25_otype:arr_i:29_j:8,33.18249,0.0,hdslay1_t25,29,8,hdslay1,arr,,,,,,
oname:hdslay1_t25_otype:arr_i:29_j:9,33.21586,0.0,hdslay1_t25,29,9,hdslay1,arr,,,,,,
oname:hdslay1_t25_otype:arr_i:2_j:0,34.51364,0.0,hdslay1_t25,2,0,hdslay1,arr,,,,,,
oname:hdslay1_t25_otype:arr_i:2_j:1,34.50865,0.0,hdslay1_t25,2,1,hdslay1,arr,,,,,,
oname:hdslay1_t25_otype:arr_i:2_j:10,34.16588,0.0,hdslay1_t25,2,10,hdslay1,arr,,,,,,
oname:hdslay1_t25_otype:arr_i:2_j:11,34.14048,0.0,hdslay1_t25,2,11,hdslay1,arr,,,,,,
oname:hdslay1_t25_otype:arr_i:2_j:12,34.11741,0.0,hdslay1_t25,2,12,hdslay1,arr,,,,,,
oname:hdslay1_t25_otype:arr_i:2_j:13,34.09407,0.0,hdslay1_t25,2,13,hdslay1,arr,,,,,,
oname:hdslay1_t25_otype:arr_i:2_j:14,34.07304,0.0,hdslay1_t25,2,14,hdslay1,arr,,,,,,
oname:hdslay1_t25_otype:arr_i:2_j:15,34.05759,0.0,hdslay1_t25,2,15,hdslay1,arr,,,,,,
oname:hdslay1_t25_otype:arr_i:2_j:16,34.0463,0.0,hdslay1_t25,2,16,hdslay1,arr,,,,,,
oname:hdslay1_t25_otype:arr_i:2_j:17,34.03401,0.0,hdslay1_t25,2,17,hdslay1,arr,,,,,,
oname:hdslay1_t25_otype:arr_i:2_j:18,34.02369,0.0,hdslay1_t25,2,18,hdslay1,arr,,,,,,
oname:hdslay1_t25_otype:arr_i:2_j:19,34.01974,0.0,hdslay1_t25,2,19,hdslay1,arr,,,,,,
oname:hdslay1_t25_otype:arr_i:2_j:2,34.50159,0.0,hdslay1_t25,2,2,hdslay1,arr,,,,,,
oname:hdslay1_t25_otype:arr_i:2_j:3,34.48129,0.0,hdslay1_t25,2,3,hdslay1,arr,,,,,,
oname:hdslay1_t25_otype:arr_i:2_j:4,34.44834,0.0,hdslay1_t25,2,4,hdslay1,arr,,,,,,
oname:hdslay1_t25_otype:arr_i:2_j:5,34.40533,0.0,hdslay1_t25,2,5,hdslay1,arr,,,,,,
oname:hdslay1_t25_otype:arr_i:2_j:6,34.35105,0.0,hdslay1_t25,2,6,hdslay1,arr,,,,,,
oname:hdslay1_t25_otype:arr_i:2_j:7,34.28554,0.0,hdslay1_t25,2,7,hdslay1,arr,,,,,,
oname:hdslay1_t25_otype:arr_i:2_j:8,34.2331,0.0,hdslay1_t25,2,8,hdslay1,arr,,,,,,
oname:hdslay1_t25_otype:arr_i:2_j:9,34.19532,0.0,hdslay1_t25,2,9,hdslay1,arr,,,,,,
oname:hdslay1_t25_otype:arr_i:30_j:0,33.25033,0.0,hdslay1_t25,30,0,hdslay1,arr,,,,,,
oname:hdslay1_t25_otype:arr_i:30_j:1,33.24299,0.0,hdslay1_t25,30,1,hdslay1,arr,,,,,,
oname:hdslay1_t25_otype:arr_i:30_j:10,33.23483,0.0,hdslay1_t25,30,10,hdslay1,arr,,,,,,
oname:hdslay1_t25_otype:arr_i:30_j:11,33.26187,0.0,hdslay1_t25,30,11,hdslay1,arr,,,,,,
oname:hdslay1_t25_otype:arr_i:30_j:12,33.29054,0.0,hdslay1_t25,30,12,hdslay1,arr,,,,,,
oname:hdslay1_t25_otype:arr_i:30_j:13,33.32541,0.0,hdslay1_t25,30,13,hdslay1,arr,,,,,,
oname:hdslay1_t25_otype:arr_i:30_j:14,33.36487,0.0,hdslay1_t25,30,14,hdslay1,arr,,,,,,
oname:hdslay1_t25_otype:arr_i:30_j:15,33.3994,0.0,hdslay1_t25,30,15,hdslay1,arr,,,,,,
oname:hdslay1_t25_otype:arr_i:30_j:16,33.39861,0.0,hdslay1_t25,30,16,hdslay1,arr,,,,,,
oname:hdslay1_t25_otype:arr_i:30_j:17,33.39798,0.0,hdslay1_t25,30,17,hdslay1,arr,,,,,,
oname:hdslay1_t25_otype:arr_i:30_j:18,33.39919,0.0,hdslay1_t25,30,18,hdslay1,arr,,,,,,
oname:hdslay1_t25_otype:arr_i:30_j:19,33.39745,0.0,hdslay1_t25,30,19,hdslay1,arr,,,,,,
oname:hdslay1_t25_otype:arr_i:30_j:2,33.23022,0.0,hdslay1_t25,30,2,hdslay1,arr,,,,,,
oname:hdslay1_t25_otype:arr_i:30_j:3,33.21235,0.0,hdslay1_t25,30,3,hdslay1,arr,,,,,,
oname:hdslay1_t25_otype:arr_i:30_j:4,33.18586,0.0,hdslay1_t25,30,4,hdslay1,arr,,,,,,
oname:hdslay1_t25_otype:arr_i:30_j:5,33.15318,0.0,hdslay1_t25,30,5,hdslay1,arr,,,,,,
oname:hdslay1_t25_otype:arr_i:30_j:6,33.12526,0.0,hdslay1_t25,30,6,hdslay1,arr,,,,,,
oname:hdslay1_t25_otype:arr_i:30_j:7,33.15474,0.0,hdslay1_t25,30,7,hdslay1,arr,,,,,,
oname:hdslay1_t25_otype:arr_i:30_j:8,33.18167,0.0,hdslay1_t25,30,8,hdslay1,arr,,,,,,
oname:hdslay1_t25_otype:arr_i:30_j:9,33.20685,0.0,hdslay1_t25,30,9,hdslay1,arr,,,,,,
oname:hdslay1_t25_otype:arr_i:31_j:0,33.24365,0.0,hdslay1_t25,31,0,hdslay1,arr,,,,,,
oname:hdslay1_t25_otype:arr_i:31_j:1,33.23514,0.0,hdslay1_t25,31,1,hdslay1,arr,,,,,,
oname:hdslay1_t25_otype:arr_i:31_j:10,33.21798,0.0,hdslay1_t25,31,10,hdslay1,arr,,,,,,
oname:hdslay1_t25_otype:arr_i:31_j:11,33.24194,0.0,hdslay1_t25,31,11,hdslay1,arr,,,,,,
oname:hdslay1_t25_otype:arr_i:31_j:12,33.26316,0.0,hdslay1_t25,31,12,hdslay1,arr,,,,,,
oname:hdslay1_t25_otype:arr_i:31_j:13,33.29227,0.0,hdslay1_t25,31,13,hdslay1,arr,,,,,,
oname:hdslay1_t25_otype:arr_i:31_j:14,33.33031,0.0,hdslay1_t25,31,14,hdslay1,arr,,,,,,
oname:hdslay1_t25_otype:arr_i:31_j:15,33.36302,0.0,hdslay1_t25,31,15,hdslay1,arr,,,,,,
oname:hdslay1_t25_otype:arr_i:31_j:16,33.36641,0.0,hdslay1_t25,31,16,hdslay1,arr,,,,,,
oname:hdslay1_t25_otype:arr_i:31_j:17,33.36799,0.0,hdslay1_t25,31,17,hdslay1,arr,,,,,,
oname:hdslay1_t25_otype:arr_i:31_j:18,33.36885,0.0,hdslay1_t25,31,18,hdslay1,arr,,,,,,
oname:hdslay1_t25_otype:arr_i:31_j:19,33.36896,0.0,hdslay1_t25,31,19,hdslay1,arr,,,,,,
oname:hdslay1_t25_otype:arr_i:31_j:2,33.22583,0.0,hdslay1_t25,31,2,hdslay1,arr,,,,,,
oname:hdslay1_t25_otype:arr_i:31_j:3,33.2111,0.0,hdslay1_t25,31,3,hdslay1,arr,,,,,,
oname:hdslay1_t25_otype:arr_i:31_j:4,33.18968,0.0,hdslay1_t25,31,4,hdslay1,arr,,,,,,
oname:hdslay1_t25_otype:arr_i:31_j:5,33.16888,0.0,hdslay1_t25,31,5,hdslay1,arr,,,,,,
oname:hdslay1_t25_otype:arr_i:31_j:6,33.15861,0.0,hdslay1_t25,31,6,hdslay1,arr,,,,,,
oname:hdslay1_t25_otype:arr_i:31_j:7,33.1663,0.0,hdslay1_t25,31,7,hdslay1,arr,,,,,,
oname:hdslay1_t25_otype:arr_i:31_j:8,33.1786,0.0,hdslay1_t25,31,8,hdslay1,arr,,,,,,
oname:hdslay1_t25_otype:arr_i:31_j:9,33.19426,0.0,hdslay1_t25,31,9,hdslay1,arr,,,,,,
oname:hdslay1_t25_otype:arr_i:32_j:0,1e+30,0.0,hdslay1_t25,32,0,hdslay1,arr,,,,,,
oname:hdslay1_t25_otype:arr_i:32_j:1,33.22946,0.0,hdslay1_t25,32,1,hdslay1,arr,,,,,,
oname:hdslay1_t25_otype:arr_i:32_j:10,33.19466,0.0,hdslay1_t25,32,10,hdslay1,arr,,,,,,
oname:hdslay1_t25_otype:arr_i:32_j:11,33.2145,0.0,hdslay1_t25,32,11,hdslay1,arr,,,,,,
oname:hdslay1_t25_otype:arr_i:32_j:12,33.23323,0.0,hdslay1_t25,32,12,hdslay1,arr,,,,,,
oname:hdslay1_t25_otype:arr_i:32_j:13,33.26092,0.0,hdslay1_t25,32,13,hdslay1,arr,,,,,,
oname:hdslay1_t25_otype:arr_i:32_j:14,33.29734,0.0,hdslay1_t25,32,14,hdslay1,arr,,,,,,
oname:hdslay1_t25_otype:arr_i:32_j:15,33.33807,0.0,hdslay1_t25,32,15,hdslay1,arr,,,,,,
oname:hdslay1_t25_otype:arr_i:32_j:16,33.34023,0.0,hdslay1_t25,32,16,hdslay1,arr,,,,,,
oname:hdslay1_t25_otype:arr_i:32_j:17,33.34211,0.0,hdslay1_t25,32,17,hdslay1,arr,,,,,,
oname:hdslay1_t25_otype:arr_i:32_j:18,33.34499,0.0,hdslay1_t25,32,18,hdslay1,arr,,,,,,
oname:hdslay1_t25_otype:arr_i:32_j:19,33.34643,0.0,hdslay1_t25,32,19,hdslay1,arr,,,,,,
oname:hdslay1_t25_otype:arr_i:32_j:2,33.221,0.0,hdslay1_t25,32,2,hdslay1,arr,,,,,,
oname:hdslay1_t25_otype:arr_i:32_j:3,33.20629,0.0,hdslay1_t25,32,3,hdslay1,arr,,,,,,
oname:hdslay1_t25_otype:arr_i:32_j:4,33.18818,0.0,hdslay1_t25,32,4,hdslay1,arr,,,,,,
oname:hdslay1_t25_otype:arr_i:32_j:5,33.17349,0.0,hdslay1_t25,32,5,hdslay1,arr,,,,,,
oname:hdslay1_t25_otype:arr_i:32_j:6,33.16597,0.0,hdslay1_t25,32,6,hdslay1,arr,,,,,,
oname:hdslay1_t25_otype:arr_i:32_j:7,33.16643,0.0,hdslay1_t25,32,7,hdslay1,arr,,,,,,
oname:hdslay1_t25_otype:arr_i:32_j:8,33.17149,0.0,hdslay1_t25,32,8,hdslay1,arr,,,,,,
oname:hdslay1_t25_otype:arr_i:32_j:9,33.18008,0.0,hdslay1_t25,32,9,hdslay1,arr,,,,,,
oname:hdslay1_t25_otype:arr_i:33_j:0,1e+30,0.0,hdslay1_t25,33,0,hdslay1,arr,,,,,,
oname:hdslay1_t25_otype:arr_i:33_j:1,1e+30,0.0,hdslay1_t25,33,1,hdslay1,arr,,,,,,
oname:hdslay1_t25_otype:arr_i:33_j:10,33.16645,0.0,hdslay1_t25,33,10,hdslay1,arr,,,,,,
oname:hdslay1_t25_otype:arr_i:33_j:11,33.1678,0.0,hdslay1_t25,33,11,hdslay1,arr,,,,,,
oname:hdslay1_t25_otype:arr_i:33_j:12,33.17386,0.0,hdslay1_t25,33,12,hdslay1,arr,,,,,,
oname:hdslay1_t25_otype:arr_i:33_j:13,33.22203,0.0,hdslay1_t25,33,13,hdslay1,arr,,,,,,
oname:hdslay1_t25_otype:arr_i:33_j:14,33.26059,0.0,hdslay1_t25,33,14,hdslay1,arr,,,,,,
oname:hdslay1_t25_otype:arr_i:33_j:15,33.29502,0.0,hdslay1_t25,33,15,hdslay1,arr,,,,,,
oname:hdslay1_t25_otype:arr_i:33_j:16,33.30969,0.0,hdslay1_t25,33,16,hdslay1,arr,,,,,,
oname:hdslay1_t25_otype:arr_i:33_j:17,33.31949,0.0,hdslay1_t25,33,17,hdslay1,arr,,,,,,
oname:hdslay1_t25_otype:arr_i:33_j:18,33.32632,0.0,hdslay1_t25,33,18,hdslay1,arr,,,,,,
oname:hdslay1_t25_otype:arr_i:33_j:19,33.33081,0.0,hdslay1_t25,33,19,hdslay1,arr,,,,,,
oname:hdslay1_t25_otype:arr_i:33_j:2,33.21348,0.0,hdslay1_t25,33,2,hdslay1,arr,,,,,,
oname:hdslay1_t25_otype:arr_i:33_j:3,33.19885,0.0,hdslay1_t25,33,3,hdslay1,arr,,,,,,
oname:hdslay1_t25_otype:arr_i:33_j:4,33.1805,0.0,hdslay1_t25,33,4,hdslay1,arr,,,,,,
oname:hdslay1_t25_otype:arr_i:33_j:5,33.16871,0.0,hdslay1_t25,33,5,hdslay1,arr,,,,,,
oname:hdslay1_t25_otype:arr_i:33_j:6,33.16191,0.0,hdslay1_t25,33,6,hdslay1,arr,,,,,,
oname:hdslay1_t25_otype:arr_i:33_j:7,33.15977,0.0,hdslay1_t25,33,7,hdslay1,arr,,,,,,
oname:hdslay1_t25_otype:arr_i:33_j:8,33.16047,0.0,hdslay1_t25,33,8,hdslay1,arr,,,,,,
oname:hdslay1_t25_otype:arr_i:33_j:9,33.16256,0.0,hdslay1_t25,33,9,hdslay1,arr,,,,,,
oname:hdslay1_t25_otype:arr_i:34_j:0,1e+30,0.0,hdslay1_t25,34,0,hdslay1,arr,,,,,,
oname:hdslay1_t25_otype:arr_i:34_j:1,1e+30,0.0,hdslay1_t25,34,1,hdslay1,arr,,,,,,
oname:hdslay1_t25_otype:arr_i:34_j:10,33.13674,0.0,hdslay1_t25,34,10,hdslay1,arr,,,,,,
oname:hdslay1_t25_otype:arr_i:34_j:11,33.1088,0.0,hdslay1_t25,34,11,hdslay1,arr,,,,,,
oname:hdslay1_t25_otype:arr_i:34_j:12,33.0213,0.0,hdslay1_t25,34,12,hdslay1,arr,,,,,,
oname:hdslay1_t25_otype:arr_i:34_j:13,33.16968,0.0,hdslay1_t25,34,13,hdslay1,arr,,,,,,
oname:hdslay1_t25_otype:arr_i:34_j:14,33.22393,0.0,hdslay1_t25,34,14,hdslay1,arr,,,,,,
oname:hdslay1_t25_otype:arr_i:34_j:15,33.25207,0.0,hdslay1_t25,34,15,hdslay1,arr,,,,,,
oname:hdslay1_t25_otype:arr_i:34_j:16,33.27408,0.0,hdslay1_t25,34,16,hdslay1,arr,,,,,,
oname:hdslay1_t25_otype:arr_i:34_j:17,33.29178,0.0,hdslay1_t25,34,17,hdslay1,arr,,,,,,
oname:hdslay1_t25_otype:arr_i:34_j:18,33.30668,0.0,hdslay1_t25,34,18,hdslay1,arr,,,,,,
oname:hdslay1_t25_otype:arr_i:34_j:19,33.32054,0.0,hdslay1_t25,34,19,hdslay1,arr,,,,,,
oname:hdslay1_t25_otype:arr_i:34_j:2,1e+30,0.0,hdslay1_t25,34,2,hdslay1,arr,,,,,,
oname:hdslay1_t25_otype:arr_i:34_j:3,33.18534,0.0,hdslay1_t25,34,3,hdslay1,arr,,,,,,
oname:hdslay1_t25_otype:arr_i:34_j:4,33.1665,0.0,hdslay1_t25,34,4,hdslay1,arr,,,,,,
oname:hdslay1_t25_otype:arr_i:34_j:5,33.1578,0.0,hdslay1_t25,34,5,hdslay1,arr,,,,,,
oname:hdslay1_t25_otype:arr_i:34_j:6,33.15026,0.0,hdslay1_t25,34,6,hdslay1,arr,,,,,,
oname:hdslay1_t25_otype:arr_i:34_j:7,33.1469,0.0,hdslay1_t25,34,7,hdslay1,arr,,,,,,
oname:hdslay1_t25_otype:arr_i:34_j:8,33.14623,0.0,hdslay1_t25,34,8,hdslay1,arr,,,,,,
oname:hdslay1_t25_otype:arr_i:34_j:9,33.14435,0.0,hdslay1_t25,34,9,hdslay1,arr,,,,,,
oname:hdslay1_t25_otype:arr_i:35_j:0,1e+30,0.0,hdslay1_t25,35,0,hdslay1,arr,,,,,,
oname:hdslay1_t25_otype:arr_i:35_j:1,1e+30,0.0,hdslay1_t25,35,1,hdslay1,arr,,,,,,
oname:hdslay1_t25_otype:arr_i:35_j:10,33.1186,0.0,hdslay1_t25,35,10,hdslay1,arr,,,,,,
oname:hdslay1_t25_otype:arr_i:35_j:11,33.11044,0.0,hdslay1_t25,35,11,hdslay1,arr,,,,,,
oname:hdslay1_t25_otype:arr_i:35_j:12,33.10628,0.0,hdslay1_t25,35,12,hdslay1,arr,,,,,,
oname:hdslay1_t25_otype:arr_i:35_j:13,33.16294,0.0,hdslay1_t25,35,13,hdslay1,arr,,,,,,
oname:hdslay1_t25_otype:arr_i:35_j:14,33.20328,0.0,hdslay1_t25,35,14,hdslay1,arr,,,,,,
oname:hdslay1_t25_otype:arr_i:35_j:15,33.22462,0.0,hdslay1_t25,35,15,hdslay1,arr,,,,,,
oname:hdslay1_t25_otype:arr_i:35_j:16,33.24253,0.0,hdslay1_t25,35,16,hdslay1,arr,,,,,,
oname:hdslay1_t25_otype:arr_i:35_j:17,33.26,0.0,hdslay1_t25,35,17,hdslay1,arr,,,,,,
oname:hdslay1_t25_otype:arr_i:35_j:18,33.27499,0.0,hdslay1_t25,35,18,hdslay1,arr,,,,,,
oname:hdslay1_t25_otype:arr_i:35_j:19,1e+30,0.0,hdslay1_t25,35,19,hdslay1,arr,,,,,,
oname:hdslay1_t25_otype:arr_i:35_j:2,1e+30,0.0,hdslay1_t25,35,2,hdslay1,arr,,,,,,
oname:hdslay1_t25_otype:arr_i:35_j:3,1e+30,0.0,hdslay1_t25,35,3,hdslay1,arr,,,,,,
oname:hdslay1_t25_otype:arr_i:35_j:4,33.14969,0.0,hdslay1_t25,35,4,hdslay1,arr,,,,,,
oname:hdslay1_t25_otype:arr_i:35_j:5,33.14194,0.0,hdslay1_t25,35,5,hdslay1,arr,,,,,,
oname:hdslay1_t25_otype:arr_i:35_j:6,33.13357,0.0,hdslay1_t25,35,6,hdslay1,arr,,,,,,
oname:hdslay1_t25_otype:arr_i:35_j:7,33.12898,0.0,hdslay1_t25,35,7,hdslay1,arr,,,,,,
oname:hdslay1_t25_otype:arr_i:35_j:8,33.1283,0.0,hdslay1_t25,35,8,hdslay1,arr,,,,,,
oname:hdslay1_t25_otype:arr_i:35_j:9,33.12582,0.0,hdslay1_t25,35,9,hdslay1,arr,,,,,,
oname:hdslay1_t25_otype:arr_i:36_j:0,1e+30,0.0,hdslay1_t25,36,0,hdslay1,arr,,,,,,
oname:hdslay1_t25_otype:arr_i:36_j:1,1e+30,0.0,hdslay1_t25,36,1,hdslay1,arr,,,,,,
oname:hdslay1_t25_otype:arr_i:36_j:10,33.10468,0.0,hdslay1_t25,36,10,hdslay1,arr,,,,,,
oname:hdslay1_t25_otype:arr_i:36_j:11,33.10843,0.0,hdslay1_t25,36,11,hdslay1,arr,,,,,,
oname:hdslay1_t25_otype:arr_i:36_j:12,33.12133,0.0,hdslay1_t25,36,12,hdslay1,arr,,,,,,
oname:hdslay1_t25_otype:arr_i:36_j:13,33.15534,0.0,hdslay1_t25,36,13,hdslay1,arr,,,,,,
oname:hdslay1_t25_otype:arr_i:36_j:14,33.18498,0.0,hdslay1_t25,36,14,hdslay1,arr,,,,,,
oname:hdslay1_t25_otype:arr_i:36_j:15,33.20403,0.0,hdslay1_t25,36,15,hdslay1,arr,,,,,,
oname:hdslay1_t25_otype:arr_i:36_j:16,33.21848,0.0,hdslay1_t25,36,16,hdslay1,arr,,,,,,
oname:hdslay1_t25_otype:arr_i:36_j:17,33.23561,0.0,hdslay1_t25,36,17,hdslay1,arr,,,,,,
oname:hdslay1_t25_otype:arr_i:36_j:18,33.25436,0.0,hdslay1_t25,36,18,hdslay1,arr,,,,,,
oname:hdslay1_t25_otype:arr_i:36_j:19,1e+30,0.0,hdslay1_t25,36,19,hdslay1,arr,,,,,,
oname:hdslay1_t25_otype:arr_i:36_j:2,1e+30,0.0,hdslay1_t25,36,2,hdslay1,arr,,,,,,
oname:hdslay1_t25_otype:arr_i:36_j:3,1e+30,0.0,hdslay1_t25,36,3,hdslay1,arr,,,,,,
oname:hdslay1_t25_otype:arr_i:36_j:4,33.1386,0.0,hdslay1_t25,36,4,hdslay1,arr,,,,,,
oname:hdslay1_t25_otype:arr_i:36_j:5,33.12284,0.0,hdslay1_t25,36,5,hdslay1,arr,,,,,,
oname:hdslay1_t25_otype:arr_i:36_j:6,33.11378,0.0,hdslay1_t25,36,6,hdslay1,arr,,,,,,
oname:hdslay1_t25_otype:arr_i:36_j:7,33.10913,0.0,hdslay1_t25,36,7,hdslay1,arr,,,,,,
oname:hdslay1_t25_otype:arr_i:36_j:8,33.10735,0.0,hdslay1_t25,36,8,hdslay1,arr,,,,,,
oname:hdslay1_t25_otype:arr_i:36_j:9,33.10711,0.0,hdslay1_t25,36,9,hdslay1,arr,,,,,,
oname:hdslay1_t25_otype:arr_i:37_j:0,1e+30,0.0,hdslay1_t25,37,0,hdslay1,arr,,,,,,
oname:hdslay1_t25_otype:arr_i:37_j:1,1e+30,0.0,hdslay1_t25,37,1,hdslay1,arr,,,,,,
oname:hdslay1_t25_otype:arr_i:37_j:10,33.08833,0.0,hdslay1_t25,37,10,hdslay1,arr,,,,,,
oname:hdslay1_t25_otype:arr_i:37_j:11,33.09535,0.0,hdslay1_t25,37,11,hdslay1,arr,,,,,,
oname:hdslay1_t25_otype:arr_i:37_j:12,33.11336,0.0,hdslay1_t25,37,12,hdslay1,arr,,,,,,
oname:hdslay1_t25_otype:arr_i:37_j:13,33.14039,0.0,hdslay1_t25,37,13,hdslay1,arr,,,,,,
oname:hdslay1_t25_otype:arr_i:37_j:14,33.16608,0.0,hdslay1_t25,37,14,hdslay1,arr,,,,,,
oname:hdslay1_t25_otype:arr_i:37_j:15,33.18601,0.0,hdslay1_t25,37,15,hdslay1,arr,,,,,,
oname:hdslay1_t25_otype:arr_i:37_j:16,33.19995,0.0,hdslay1_t25,37,16,hdslay1,arr,,,,,,
oname:hdslay1_t25_otype:arr_i:37_j:17,33.21568,0.0,hdslay1_t25,37,17,hdslay1,arr,,,,,,
oname:hdslay1_t25_otype:arr_i:37_j:18,1e+30,0.0,hdslay1_t25,37,18,hdslay1,arr,,,,,,
oname:hdslay1_t25_otype:arr_i:37_j:19,1e+30,0.0,hdslay1_t25,37,19,hdslay1,arr,,,,,,
oname:hdslay1_t25_otype:arr_i:37_j:2,1e+30,0.0,hdslay1_t25,37,2,hdslay1,arr,,,,,,
oname:hdslay1_t25_otype:arr_i:37_j:3,1e+30,0.0,hdslay1_t25,37,3,hdslay1,arr,,,,,,
oname:hdslay1_t25_otype:arr_i:37_j:4,1e+30,0.0,hdslay1_t25,37,4,hdslay1,arr,,,,,,
oname:hdslay1_t25_otype:arr_i:37_j:5,33.0916,0.0,hdslay1_t25,37,5,hdslay1,arr,,,,,,
oname:hdslay1_t25_otype:arr_i:37_j:6,33.09081,0.0,hdslay1_t25,37,6,hdslay1,arr,,,,,,
oname:hdslay1_t25_otype:arr_i:37_j:7,33.08913,0.0,hdslay1_t25,37,7,hdslay1,arr,,,,,,
oname:hdslay1_t25_otype:arr_i:37_j:8,33.08684,0.0,hdslay1_t25,37,8,hdslay1,arr,,,,,,
oname:hdslay1_t25_otype:arr_i:37_j:9,33.08737,0.0,hdslay1_t25,37,9,hdslay1,arr,,,,,,
oname:hdslay1_t25_otype:arr_i:38_j:0,1e+30,0.0,hdslay1_t25,38,0,hdslay1,arr,,,,,,
oname:hdslay1_t25_otype:arr_i:38_j:1,1e+30,0.0,hdslay1_t25,38,1,hdslay1,arr,,,,,,
oname:hdslay1_t25_otype:arr_i:38_j:10,33.05948,0.0,hdslay1_t25,38,10,hdslay1,arr,,,,,,
oname:hdslay1_t25_otype:arr_i:38_j:11,33.06492,0.0,hdslay1_t25,38,11,hdslay1,arr,,,,,,
oname:hdslay1_t25_otype:arr_i:38_j:12,33.08541,0.0,hdslay1_t25,38,12,hdslay1,arr,,,,,,
oname:hdslay1_t25_otype:arr_i:38_j:13,33.11373,0.0,hdslay1_t25,38,13,hdslay1,arr,,,,,,
oname:hdslay1_t25_otype:arr_i:38_j:14,33.1427,0.0,hdslay1_t25,38,14,hdslay1,arr,,,,,,
oname:hdslay1_t25_otype:arr_i:38_j:15,33.16599,0.0,hdslay1_t25,38,15,hdslay1,arr,,,,,,
oname:hdslay1_t25_otype:arr_i:38_j:16,33.18593,0.0,hdslay1_t25,38,16,hdslay1,arr,,,,,,
oname:hdslay1_t25_otype:arr_i:38_j:17,1e+30,0.0,hdslay1_t25,38,17,hdslay1,arr,,,,,,
oname:hdslay1_t25_otype:arr_i:38_j:18,1e+30,0.0,hdslay1_t25,38,18,hdslay1,arr,,,,,,
oname:hdslay1_t25_otype:arr_i:38_j:19,1e+30,0.0,hdslay1_t25,38,19,hdslay1,arr,,,,,,
oname:hdslay1_t25_otype:arr_i:38_j:2,1e+30,0.0,hdslay1_t25,38,2,hdslay1,arr,,,,,,
oname:hdslay1_t25_otype:arr_i:38_j:3,1e+30,0.0,hdslay1_t25,38,3,hdslay1,arr,,,,,,
oname:hdslay1_t25_otype:arr_i:38_j:4,1e+30,0.0,hdslay1_t25,38,4,hdslay1,arr,,,,,,
oname:hdslay1_t25_otype:arr_i:38_j:5,33.06211,0.0,hdslay1_t25,38,5,hdslay1,arr,,,,,,
oname:hdslay1_t25_otype:arr_i:38_j:6,33.06329,0.0,hdslay1_t25,38,6,hdslay1,arr,,,,,,
oname:hdslay1_t25_otype:arr_i:38_j:7,33.06029,0.0,hdslay1_t25,38,7,hdslay1,arr,,,,,,
oname:hdslay1_t25_otype:arr_i:38_j:8,33.06018,0.0,hdslay1_t25,38,8,hdslay1,arr,,,,,,
oname:hdslay1_t25_otype:arr_i:38_j:9,33.05995,0.0,hdslay1_t25,38,9,hdslay1,arr,,,,,,
oname:hdslay1_t25_otype:arr_i:39_j:0,1e+30,0.0,hdslay1_t25,39,0,hdslay1,arr,,,,,,
oname:hdslay1_t25_otype:arr_i:39_j:1,1e+30,0.0,hdslay1_t25,39,1,hdslay1,arr,,,,,,
oname:hdslay1_t25_otype:arr_i:39_j:10,33.00739,0.0,hdslay1_t25,39,10,hdslay1,arr,,,,,,
oname:hdslay1_t25_otype:arr_i:39_j:11,33.02038,0.0,hdslay1_t25,39,11,hdslay1,arr,,,,,,
oname:hdslay1_t25_otype:arr_i:39_j:12,33.04141,0.0,hdslay1_t25,39,12,hdslay1,arr,,,,,,
oname:hdslay1_t25_otype:arr_i:39_j:13,33.07174,0.0,hdslay1_t25,39,13,hdslay1,arr,,,,,,
oname:hdslay1_t25_otype:arr_i:39_j:14,33.10342,0.0,hdslay1_t25,39,14,hdslay1,arr,,,,,,
oname:hdslay1_t25_otype:arr_i:39_j:15,33.13894,0.0,hdslay1_t25,39,15,hdslay1,arr,,,,,,
oname:hdslay1_t25_otype:arr_i:39_j:16,1e+30,0.0,hdslay1_t25,39,16,hdslay1,arr,,,,,,
oname:hdslay1_t25_otype:arr_i:39_j:17,1e+30,0.0,hdslay1_t25,39,17,hdslay1,arr,,,,,,
oname:hdslay1_t25_otype:arr_i:39_j:18,1e+30,0.0,hdslay1_t25,39,18,hdslay1,arr,,,,,,
oname:hdslay1_t25_otype:arr_i:39_j:19,1e+30,0.0,hdslay1_t25,39,19,hdslay1,arr,,,,,,
oname:hdslay1_t25_otype:arr_i:39_j:2,1e+30,0.0,hdslay1_t25,39,2,hdslay1,arr,,,,,,
oname:hdslay1_t25_otype:arr_i:39_j:3,1e+30,0.0,hdslay1_t25,39,3,hdslay1,arr,,,,,,
oname:hdslay1_t25_otype:arr_i:39_j:4,1e+30,0.0,hdslay1_t25,39,4,hdslay1,arr,,,,,,
oname:hdslay1_t25_otype:arr_i:39_j:5,33.0245,0.0,hdslay1_t25,39,5,hdslay1,arr,,,,,,
oname:hdslay1_t25_otype:arr_i:39_j:6,33.02217,0.0,hdslay1_t25,39,6,hdslay1,arr,,,,,,
oname:hdslay1_t25_otype:arr_i:39_j:7,33.02233,0.0,hdslay1_t25,39,7,hdslay1,arr,,,,,,
oname:hdslay1_t25_otype:arr_i:39_j:8,33.02011,0.0,hdslay1_t25,39,8,hdslay1,arr,,,,,,
oname:hdslay1_t25_otype:arr_i:39_j:9,33.01524,0.0,hdslay1_t25,39,9,hdslay1,arr,,,,,,
oname:hdslay1_t25_otype:arr_i:3_j:0,34.49661,0.0,hdslay1_t25,3,0,hdslay1,arr,,,,,,
oname:hdslay1_t25_otype:arr_i:3_j:1,34.49391,0.0,hdslay1_t25,3,1,hdslay1,arr,,,,,,
oname:hdslay1_t25_otype:arr_i:3_j:10,34.16095,0.0,hdslay1_t25,3,10,hdslay1,arr,,,,,,
oname:hdslay1_t25_otype:arr_i:3_j:11,34.13399,0.0,hdslay1_t25,3,11,hdslay1,arr,,,,,,
oname:hdslay1_t25_otype:arr_i:3_j:12,34.10766,0.0,hdslay1_t25,3,12,hdslay1,arr,,,,,,
oname:hdslay1_t25_otype:arr_i:3_j:13,34.07922,0.0,hdslay1_t25,3,13,hdslay1,arr,,,,,,
oname:hdslay1_t25_otype:arr_i:3_j:14,34.05732,0.0,hdslay1_t25,3,14,hdslay1,arr,,,,,,
oname:hdslay1_t25_otype:arr_i:3_j:15,34.04024,0.0,hdslay1_t25,3,15,hdslay1,arr,,,,,,
oname:hdslay1_t25_otype:arr_i:3_j:16,34.02576,0.0,hdslay1_t25,3,16,hdslay1,arr,,,,,,
oname:hdslay1_t25_otype:arr_i:3_j:17,34.01182,0.0,hdslay1_t25,3,17,hdslay1,arr,,,,,,
oname:hdslay1_t25_otype:arr_i:3_j:18,34.00197,0.0,hdslay1_t25,3,18,hdslay1,arr,,,,,,
oname:hdslay1_t25_otype:arr_i:3_j:19,33.99782,0.0,hdslay1_t25,3,19,hdslay1,arr,,,,,,
oname:hdslay1_t25_otype:arr_i:3_j:2,34.48997,0.0,hdslay1_t25,3,2,hdslay1,arr,,,,,,
oname:hdslay1_t25_otype:arr_i:3_j:3,34.47499,0.0,hdslay1_t25,3,3,hdslay1,arr,,,,,,
oname:hdslay1_t25_otype:arr_i:3_j:4,34.4461,0.0,hdslay1_t25,3,4,hdslay1,arr,,,,,,
oname:hdslay1_t25_otype:arr_i:3_j:5,34.40544,0.0,hdslay1_t25,3,5,hdslay1,arr,,,,,,
oname:hdslay1_t25_otype:arr_i:3_j:6,34.34975,0.0,hdslay1_t25,3,6,hdslay1,arr,,,,,,
oname:hdslay1_t25_otype:arr_i:3_j:7,34.28984,0.0,hdslay1_t25,3,7,hdslay1,arr,,,,,,
oname:hdslay1_t25_otype:arr_i:3_j:8,34.23655,0.0,hdslay1_t25,3,8,hdslay1,arr,,,,,,
oname:hdslay1_t25_otype:arr_i:3_j:9,34.19504,0.0,hdslay1_t25,3,9,hdslay1,arr,,,,,,
oname:hdslay1_t25_otype:arr_i:4_j:0,34.4718,0.0,hdslay1_t25,4,0,hdslay1,arr,,,,,,
oname:hdslay1_t25_otype:arr_i:4_j:1,34.47175,0.0,hdslay1_t25,4,1,hdslay1,arr,,,,,,
oname:hdslay1_t25_otype:arr_i:4_j:10,34.15311,0.0,hdslay1_t25,4,10,hdslay1,arr,,,,,,
oname:hdslay1_t25_otype:arr_i:4_j:11,34.12316,0.0,hdslay1_t25,4,11,hdslay1,arr,,,,,,
oname:hdslay1_t25_otype:arr_i:4_j:12,34.08872,0.0,hdslay1_t25,4,12,hdslay1,arr,,,,,,
oname:hdslay1_t25_otype:arr_i:4_j:13,34.05779,0.0,hdslay1_t25,4,13,hdslay1,arr,,,,,,
oname:hdslay1_t25_otype:arr_i:4_j:14,34.03467,0.0,hdslay1_t25,4,14,hdslay1,arr,,,,,,
oname:hdslay1_t25_otype:arr_i:4_j:15,34.0166,0.0,hdslay1_t25,4,15,hdslay1,arr,,,,,,
oname:hdslay1_t25_otype:arr_i:4_j:16,33.99914,0.0,hdslay1_t25,4,16,hdslay1,arr,,,,,,
oname:hdslay1_t25_otype:arr_i:4_j:17,33.98624,0.0,hdslay1_t25,4,17,hdslay1,arr,,,,,,
oname:hdslay1_t25_otype:arr_i:4_j:18,33.98012,0.0,hdslay1_t25,4,18,hdslay1,arr,,,,,,
oname:hdslay1_t25_otype:arr_i:4_j:19,33.97851,0.0,hdslay1_t25,4,19,hdslay1,arr,,,,,,
oname:hdslay1_t25_otype:arr_i:4_j:2,34.46977,0.0,hdslay1_t25,4,2,hdslay1,arr,,,,,,
oname:hdslay1_t25_otype:arr_i:4_j:3,34.45876,0.0,hdslay1_t25,4,3,hdslay1,arr,,,,,,
oname:hdslay1_t25_otype:arr_i:4_j:4,34.43839,0.0,hdslay1_t25,4,4,hdslay1,arr,,,,,,
oname:hdslay1_t25_otype:arr_i:4_j:5,34.40309,0.0,hdslay1_t25,4,5,hdslay1,arr,,,,,,
oname:hdslay1_t25_otype:arr_i:4_j:6,34.35761,0.0,hdslay1_t25,4,6,hdslay1,arr,,,,,,
oname:hdslay1_t25_otype:arr_i:4_j:7,34.29618,0.0,hdslay1_t25,4,7,hdslay1,arr,,,,,,
oname:hdslay1_t25_otype:arr_i:4_j:8,34.23796,0.0,hdslay1_t25,4,8,hdslay1,arr,,,,,,
oname:hdslay1_t25_otype:arr_i:4_j:9,34.19135,0.0,hdslay1_t25,4,9,hdslay1,arr,,,,,,
oname:hdslay1_t25_otype:arr_i:5_j:0,34.44934,0.0,hdslay1_t25,5,0,hdslay1,arr,,,,,,
oname:hdslay1_t25_otype:arr_i:5_j:1,34.45045,0.0,hdslay1_t25,5,1,hdslay1,arr,,,,,,
oname:hdslay1_t25_otype:arr_i:5_j:10,34.13775,0.0,hdslay1_t25,5,10,hdslay1,arr,,,,,,
oname:hdslay1_t25_otype:arr_i:5_j:11,34.1021,0.0,hdslay1_t25,5,11,hdslay1,arr,,,,,,
oname:hdslay1_t25_otype:arr_i:5_j:12,34.06307,0.0,hdslay1_t25,5,12,hdslay1,arr,,,,,,
oname:hdslay1_t25_otype:arr_i:5_j:13,34.02857,0.0,hdslay1_t25,5,13,hdslay1,arr,,,,,,
oname:hdslay1_t25_otype:arr_i:5_j:14,34.00223,0.0,hdslay1_t25,5,14,hdslay1,arr,,,,,,
oname:hdslay1_t25_otype:arr_i:5_j:15,33.9865,0.0,hdslay1_t25,5,15,hdslay1,arr,,,,,,
oname:hdslay1_t25_otype:arr_i:5_j:16,33.97061,0.0,hdslay1_t25,5,16,hdslay1,arr,,,,,,
oname:hdslay1_t25_otype:arr_i:5_j:17,33.95857,0.0,hdslay1_t25,5,17,hdslay1,arr,,,,,,
oname:hdslay1_t25_otype:arr_i:5_j:18,33.95539,0.0,hdslay1_t25,5,18,hdslay1,arr,,,,,,
oname:hdslay1_t25_otype:arr_i:5_j:19,33.95636,0.0,hdslay1_t25,5,19,hdslay1,arr,,,,,,
oname:hdslay1_t25_otype:arr_i:5_j:2,34.44844,0.0,hdslay1_t25,5,2,hdslay1,arr,,,,,,
oname:hdslay1_t25_otype:arr_i:5_j:3,34.44011,0.0,hdslay1_t25,5,3,hdslay1,arr,,,,,,
oname:hdslay1_t25_otype:arr_i:5_j:4,34.42662,0.0,hdslay1_t25,5,4,hdslay1,arr,,,,,,
oname:hdslay1_t25_otype:arr_i:5_j:5,34.39751,0.0,hdslay1_t25,5,5,hdslay1,arr,,,,,,
oname:hdslay1_t25_otype:arr_i:5_j:6,34.3522,0.0,hdslay1_t25,5,6,hdslay1,arr,,,,,,
oname:hdslay1_t25_otype:arr_i:5_j:7,34.29729,0.0,hdslay1_t25,5,7,hdslay1,arr,,,,,,
oname:hdslay1_t25_otype:arr_i:5_j:8,34.23983,0.0,hdslay1_t25,5,8,hdslay1,arr,,,,,,
oname:hdslay1_t25_otype:arr_i:5_j:9,34.18104,0.0,hdslay1_t25,5,9,hdslay1,arr,,,,,,
oname:hdslay1_t25_otype:arr_i:6_j:0,34.43365,0.0,hdslay1_t25,6,0,hdslay1,arr,,,,,,
oname:hdslay1_t25_otype:arr_i:6_j:1,34.43414,0.0,hdslay1_t25,6,1,hdslay1,arr,,,,,,
oname:hdslay1_t25_otype:arr_i:6_j:10,34.105,0.0,hdslay1_t25,6,10,hdslay1,arr,,,,,,
oname:hdslay1_t25_otype:arr_i:6_j:11,34.06671,0.0,hdslay1_t25,6,11,hdslay1,arr,,,,,,
oname:hdslay1_t25_otype:arr_i:6_j:12,34.02203,0.0,hdslay1_t25,6,12,hdslay1,arr,,,,,,
oname:hdslay1_t25_otype:arr_i:6_j:13,33.9819,0.0,hdslay1_t25,6,13,hdslay1,arr,,,,,,
oname:hdslay1_t25_otype:arr_i:6_j:14,33.95807,0.0,hdslay1_t25,6,14,hdslay1,arr,,,,,,
oname:hdslay1_t25_otype:arr_i:6_j:15,33.94613,0.0,hdslay1_t25,6,15,hdslay1,arr,,,,,,
oname:hdslay1_t25_otype:arr_i:6_j:16,33.9355,0.0,hdslay1_t25,6,16,hdslay1,arr,,,,,,
oname:hdslay1_t25_otype:arr_i:6_j:17,33.92607,0.0,hdslay1_t25,6,17,hdslay1,arr,,,,,,
oname:hdslay1_t25_otype:arr_i:6_j:18,33.92264,0.0,hdslay1_t25,6,18,hdslay1,arr,,,,,,
oname:hdslay1_t25_otype:arr_i:6_j:19,33.92036,0.0,hdslay1_t25,6,19,hdslay1,arr,,,,,,
oname:hdslay1_t25_otype:arr_i:6_j:2,34.43274,0.0,hdslay1_t25,6,2,hdslay1,arr,,,,,,
oname:hdslay1_t25_otype:arr_i:6_j:3,34.42836,0.0,hdslay1_t25,6,3,hdslay1,arr,,,,,,
oname:hdslay1_t25_otype:arr_i:6_j:4,34.41874,0.0,hdslay1_t25,6,4,hdslay1,arr,,,,,,
oname:hdslay1_t25_otype:arr_i:6_j:5,34.38908,0.0,hdslay1_t25,6,5,hdslay1,arr,,,,,,
oname:hdslay1_t25_otype:arr_i:6_j:6,34.33934,0.0,hdslay1_t25,6,6,hdslay1,arr,,,,,,
oname:hdslay1_t25_otype:arr_i:6_j:7,34.28198,0.0,hdslay1_t25,6,7,hdslay1,arr,,,,,,
oname:hdslay1_t25_otype:arr_i:6_j:8,34.21903,0.0,hdslay1_t25,6,8,hdslay1,arr,,,,,,
oname:hdslay1_t25_otype:arr_i:6_j:9,34.15274,0.0,hdslay1_t25,6,9,hdslay1,arr,,,,,,
oname:hdslay1_t25_otype:arr_i:7_j:0,34.42029,0.0,hdslay1_t25,7,0,hdslay1,arr,,,,,,
oname:hdslay1_t25_otype:arr_i:7_j:1,34.4214,0.0,hdslay1_t25,7,1,hdslay1,arr,,,,,,
oname:hdslay1_t25_otype:arr_i:7_j:10,34.04948,0.0,hdslay1_t25,7,10,hdslay1,arr,,,,,,
oname:hdslay1_t25_otype:arr_i:7_j:11,34.00943,0.0,hdslay1_t25,7,11,hdslay1,arr,,,,,,
oname:hdslay1_t25_otype:arr_i:7_j:12,33.95868,0.0,hdslay1_t25,7,12,hdslay1,arr,,,,,,
oname:hdslay1_t25_otype:arr_i:7_j:13,33.91947,0.0,hdslay1_t25,7,13,hdslay1,arr,,,,,,
oname:hdslay1_t25_otype:arr_i:7_j:14,33.90049,0.0,hdslay1_t25,7,14,hdslay1,arr,,,,,,
oname:hdslay1_t25_otype:arr_i:7_j:15,33.89328,0.0,hdslay1_t25,7,15,hdslay1,arr,,,,,,
oname:hdslay1_t25_otype:arr_i:7_j:16,33.88105,0.0,hdslay1_t25,7,16,hdslay1,arr,,,,,,
oname:hdslay1_t25_otype:arr_i:7_j:17,33.88316,0.0,hdslay1_t25,7,17,hdslay1,arr,,,,,,
oname:hdslay1_t25_otype:arr_i:7_j:18,33.88064,0.0,hdslay1_t25,7,18,hdslay1,arr,,,,,,
oname:hdslay1_t25_otype:arr_i:7_j:19,33.87752,0.0,hdslay1_t25,7,19,hdslay1,arr,,,,,,
oname:hdslay1_t25_otype:arr_i:7_j:2,34.4215,0.0,hdslay1_t25,7,2,hdslay1,arr,,,,,,
oname:hdslay1_t25_otype:arr_i:7_j:3,34.4202,0.0,hdslay1_t25,7,3,hdslay1,arr,,,,,,
oname:hdslay1_t25_otype:arr_i:7_j:4,34.41207,0.0,hdslay1_t25,7,4,hdslay1,arr,,,,,,
oname:hdslay1_t25_otype:arr_i:7_j:5,34.38137,0.0,hdslay1_t25,7,5,hdslay1,arr,,,,,,
oname:hdslay1_t25_otype:arr_i:7_j:6,34.33333,0.0,hdslay1_t25,7,6,hdslay1,arr,,,,,,
oname:hdslay1_t25_otype:arr_i:7_j:7,34.25753,0.0,hdslay1_t25,7,7,hdslay1,arr,,,,,,
oname:hdslay1_t25_otype:arr_i:7_j:8,34.16772,0.0,hdslay1_t25,7,8,hdslay1,arr,,,,,,
oname:hdslay1_t25_otype:arr_i:7_j:9,34.09474,0.0,hdslay1_t25,7,9,hdslay1,arr,,,,,,
oname:hdslay1_t25_otype:arr_i:8_j:0,34.40651,0.0,hdslay1_t25,8,0,hdslay1,arr,,,,,,
oname:hdslay1_t25_otype:arr_i:8_j:1,34.40725,0.0,hdslay1_t25,8,1,hdslay1,arr,,,,,,
oname:hdslay1_t25_otype:arr_i:8_j:10,33.97066,0.0,hdslay1_t25,8,10,hdslay1,arr,,,,,,
oname:hdslay1_t25_otype:arr_i:8_j:11,33.92347,0.0,hdslay1_t25,8,11,hdslay1,arr,,,,,,
oname:hdslay1_t25_otype:arr_i:8_j:12,33.87282,0.0,hdslay1_t25,8,12,hdslay1,arr,,,,,,
oname:hdslay1_t25_otype:arr_i:8_j:13,33.84643,0.0,hdslay1_t25,8,13,hdslay1,arr,,,,,,
oname:hdslay1_t25_otype:arr_i:8_j:14,33.83434,0.0,hdslay1_t25,8,14,hdslay1,arr,,,,,,
oname:hdslay1_t25_otype:arr_i:8_j:15,33.83314,0.0,hdslay1_t25,8,15,hdslay1,arr,,,,,,
oname:hdslay1_t25_otype:arr_i:8_j:16,33.81582,0.0,hdslay1_t25,8,16,hdslay1,arr,,,,,,
oname:hdslay1_t25_otype:arr_i:8_j:17,33.8277,0.0,hdslay1_t25,8,17,hdslay1,arr,,,,,,
oname:hdslay1_t25_otype:arr_i:8_j:18,33.83733,0.0,hdslay1_t25,8,18,hdslay1,arr,,,,,,
oname:hdslay1_t25_otype:arr_i:8_j:19,33.83909,0.0,hdslay1_t25,8,19,hdslay1,arr,,,,,,
oname:hdslay1_t25_otype:arr_i:8_j:2,34.40967,0.0,hdslay1_t25,8,2,hdslay1,arr,,,,,,
oname:hdslay1_t25_otype:arr_i:8_j:3,34.41003,0.0,hdslay1_t25,8,3,hdslay1,arr,,,,,,
oname:hdslay1_t25_otype:arr_i:8_j:4,1e+30,0.0,hdslay1_t25,8,4,hdslay1,arr,,,,,,
oname:hdslay1_t25_otype:arr_i:8_j:5,1e+30,0.0,hdslay1_t25,8,5,hdslay1,arr,,,,,,
oname:hdslay1_t25_otype:arr_i:8_j:6,1e+30,0.0,hdslay1_t25,8,6,hdslay1,arr,,,,,,
oname:hdslay1_t25_otype:arr_i:8_j:7,34.17873,0.0,hdslay1_t25,8,7,hdslay1,arr,,,,,,
oname:hdslay1_t25_otype:arr_i:8_j:8,34.0743,0.0,hdslay1_t25,8,8,hdslay1,arr,,,,,,
oname:hdslay1_t25_otype:arr_i:8_j:9,34.01544,0.0,hdslay1_t25,8,9,hdslay1,arr,,,,,,
oname:hdslay1_t25_otype:arr_i:9_j:0,34.3887,0.0,hdslay1_t25,9,0,hdslay1,arr,,,,,,
oname:hdslay1_t25_otype:arr_i:9_j:1,34.38604,0.0,hdslay1_t25,9,1,hdslay1,arr,,,,,,
oname:hdslay1_t25_otype:arr_i:9_j:10,33.88362,0.0,hdslay1_t25,9,10,hdslay1,arr,,,,,,
oname:hdslay1_t25_otype:arr_i:9_j:11,33.83477,0.0,hdslay1_t25,9,11,hdslay1,arr,,,,,,
oname:hdslay1_t25_otype:arr_i:9_j:12,33.79279,0.0,hdslay1_t25,9,12,hdslay1,arr,,,,,,
oname:hdslay1_t25_otype:arr_i:9_j:13,33.7782,0.0,hdslay1_t25,9,13,hdslay1,arr,,,,,,
oname:hdslay1_t25_otype:arr_i:9_j:14,33.78002,0.0,hdslay1_t25,9,14,hdslay1,arr,,,,,,
oname:hdslay1_t25_otype:arr_i:9_j:15,33.78317,0.0,hdslay1_t25,9,15,hdslay1,arr,,,,,,
oname:hdslay1_t25_otype:arr_i:9_j:16,33.73147,0.0,hdslay1_t25,9,16,hdslay1,arr,,,,,,
oname:hdslay1_t25_otype:arr_i:9_j:17,33.78278,0.0,hdslay1_t25,9,17,hdslay1,arr,,,,,,
oname:hdslay1_t25_otype:arr_i:9_j:18,33.80255,0.0,hdslay1_t25,9,18,hdslay1,arr,,,,,,
oname:hdslay1_t25_otype:arr_i:9_j:19,33.81019,0.0,hdslay1_t25,9,19,hdslay1,arr,,,,,,
oname:hdslay1_t25_otype:arr_i:9_j:2,34.38749,0.0,hdslay1_t25,9,2,hdslay1,arr,,,,,,
oname:hdslay1_t25_otype:arr_i:9_j:3,34.38359,0.0,hdslay1_t25,9,3,hdslay1,arr,,,,,,
oname:hdslay1_t25_otype:arr_i:9_j:4,1e+30,0.0,hdslay1_t25,9,4,hdslay1,arr,,,,,,
oname:hdslay1_t25_otype:arr_i:9_j:5,1e+30,0.0,hdslay1_t25,9,5,hdslay1,arr,,,,,,
oname:hdslay1_t25_otype:arr_i:9_j:6,1e+30,0.0,hdslay1_t25,9,6,hdslay1,arr,,,,,,
oname:hdslay1_t25_otype:arr_i:9_j:7,1e+30,0.0,hdslay1_t25,9,7,hdslay1,arr,,,,,,
oname:hdslay1_t25_otype:arr_i:9_j:8,33.94241,0.0,hdslay1_t25,9,8,hdslay1,arr,,,,,,
oname:hdslay1_t25_otype:arr_i:9_j:9,33.9164,0.0,hdslay1_t25,9,9,hdslay1,arr,,,,,,
oname:hdslay1_t3_otype:arr_i:0_j:0,35.24822,0.0,hdslay1_t3,0,0,hdslay1,arr,,,,,,
oname:hdslay1_t3_otype:arr_i:0_j:1,35.23483,0.0,hdslay1_t3,0,1,hdslay1,arr,,,,,,
oname:hdslay1_t3_otype:arr_i:0_j:10,34.51361,0.0,hdslay1_t3,0,10,hdslay1,arr,,,,,,
oname:hdslay1_t3_otype:arr_i:0_j:11,34.4564,0.0,hdslay1_t3,0,11,hdslay1,arr,,,,,,
oname:hdslay1_t3_otype:arr_i:0_j:12,34.40991,0.0,hdslay1_t3,0,12,hdslay1,arr,,,,,,
oname:hdslay1_t3_otype:arr_i:0_j:13,34.3635,0.0,hdslay1_t3,0,13,hdslay1,arr,,,,,,
oname:hdslay1_t3_otype:arr_i:0_j:14,34.31554,0.0,hdslay1_t3,0,14,hdslay1,arr,,,,,,
oname:hdslay1_t3_otype:arr_i:0_j:15,34.25816,0.0,hdslay1_t3,0,15,hdslay1,arr,,,,,,
oname:hdslay1_t3_otype:arr_i:0_j:16,34.2548,0.0,hdslay1_t3,0,16,hdslay1,arr,,,,,,
oname:hdslay1_t3_otype:arr_i:0_j:17,34.25182,0.0,hdslay1_t3,0,17,hdslay1,arr,,,,,,
oname:hdslay1_t3_otype:arr_i:0_j:18,34.24911,0.0,hdslay1_t3,0,18,hdslay1,arr,,,,,,
oname:hdslay1_t3_otype:arr_i:0_j:19,34.24756,0.0,hdslay1_t3,0,19,hdslay1,arr,,,,,,
oname:hdslay1_t3_otype:arr_i:0_j:2,35.20239,0.0,hdslay1_t3,0,2,hdslay1,arr,,,,,,
oname:hdslay1_t3_otype:arr_i:0_j:3,35.16088,0.0,hdslay1_t3,0,3,hdslay1,arr,,,,,,
oname:hdslay1_t3_otype:arr_i:0_j:4,35.08978,0.0,hdslay1_t3,0,4,hdslay1,arr,,,,,,
oname:hdslay1_t3_otype:arr_i:0_j:5,34.98226,0.0,hdslay1_t3,0,5,hdslay1,arr,,,,,,
oname:hdslay1_t3_otype:arr_i:0_j:6,34.85282,0.0,hdslay1_t3,0,6,hdslay1,arr,,,,,,
oname:hdslay1_t3_otype:arr_i:0_j:7,34.7414,0.0,hdslay1_t3,0,7,hdslay1,arr,,,,,,
oname:hdslay1_t3_otype:arr_i:0_j:8,34.64823,0.0,hdslay1_t3,0,8,hdslay1,arr,,,,,,
oname:hdslay1_t3_otype:arr_i:0_j:9,34.57408,0.0,hdslay1_t3,0,9,hdslay1,arr,,,,,,
oname:hdslay1_t3_otype:arr_i:10_j:0,35.13813,0.0,hdslay1_t3,10,0,hdslay1,arr,,,,,,
oname:hdslay1_t3_otype:arr_i:10_j:1,35.13481,0.0,hdslay1_t3,10,1,hdslay1,arr,,,,,,
oname:hdslay1_t3_otype:arr_i:10_j:10,34.18892,0.0,hdslay1_t3,10,10,hdslay1,arr,,,,,,
oname:hdslay1_t3_otype:arr_i:10_j:11,34.11773,0.0,hdslay1_t3,10,11,hdslay1,arr,,,,,,
oname:hdslay1_t3_otype:arr_i:10_j:12,34.05209,0.0,hdslay1_t3,10,12,hdslay1,arr,,,,,,
oname:hdslay1_t3_otype:arr_i:10_j:13,34.00519,0.0,hdslay1_t3,10,13,hdslay1,arr,,,,,,
oname:hdslay1_t3_otype:arr_i:10_j:14,34.00166,0.0,hdslay1_t3,10,14,hdslay1,arr,,,,,,
oname:hdslay1_t3_otype:arr_i:10_j:15,33.99424,0.0,hdslay1_t3,10,15,hdslay1,arr,,,,,,
oname:hdslay1_t3_otype:arr_i:10_j:16,33.98621,0.0,hdslay1_t3,10,16,hdslay1,arr,,,,,,
oname:hdslay1_t3_otype:arr_i:10_j:17,34.00696,0.0,hdslay1_t3,10,17,hdslay1,arr,,,,,,
oname:hdslay1_t3_otype:arr_i:10_j:18,34.02456,0.0,hdslay1_t3,10,18,hdslay1,arr,,,,,,
oname:hdslay1_t3_otype:arr_i:10_j:19,34.0335,0.0,hdslay1_t3,10,19,hdslay1,arr,,,,,,
oname:hdslay1_t3_otype:arr_i:10_j:2,35.13277,0.0,hdslay1_t3,10,2,hdslay1,arr,,,,,,
oname:hdslay1_t3_otype:arr_i:10_j:3,35.12904,0.0,hdslay1_t3,10,3,hdslay1,arr,,,,,,
oname:hdslay1_t3_otype:arr_i:10_j:4,1e+30,0.0,hdslay1_t3,10,4,hdslay1,arr,,,,,,
oname:hdslay1_t3_otype:arr_i:10_j:5,1e+30,0.0,hdslay1_t3,10,5,hdslay1,arr,,,,,,
oname:hdslay1_t3_otype:arr_i:10_j:6,1e+30,0.0,hdslay1_t3,10,6,hdslay1,arr,,,,,,
oname:hdslay1_t3_otype:arr_i:10_j:7,1e+30,0.0,hdslay1_t3,10,7,hdslay1,arr,,,,,,
oname:hdslay1_t3_otype:arr_i:10_j:8,34.26093,0.0,hdslay1_t3,10,8,hdslay1,arr,,,,,,
oname:hdslay1_t3_otype:arr_i:10_j:9,34.23364,0.0,hdslay1_t3,10,9,hdslay1,arr,,,,,,
oname:hdslay1_t3_otype:arr_i:11_j:0,35.09827,0.0,hdslay1_t3,11,0,hdslay1,arr,,,,,,
oname:hdslay1_t3_otype:arr_i:11_j:1,35.09546,0.0,hdslay1_t3,11,1,hdslay1,arr,,,,,,
oname:hdslay1_t3_otype:arr_i:11_j:10,34.14359,0.0,hdslay1_t3,11,10,hdslay1,arr,,,,,,
oname:hdslay1_t3_otype:arr_i:11_j:11,34.08467,0.0,hdslay1_t3,11,11,hdslay1,arr,,,,,,
oname:hdslay1_t3_otype:arr_i:11_j:12,34.02007,0.0,hdslay1_t3,11,12,hdslay1,arr,,,,,,
oname:hdslay1_t3_otype:arr_i:11_j:13,33.93168,0.0,hdslay1_t3,11,13,hdslay1,arr,,,,,,
oname:hdslay1_t3_otype:arr_i:11_j:14,33.98399,0.0,hdslay1_t3,11,14,hdslay1,arr,,,,,,
oname:hdslay1_t3_otype:arr_i:11_j:15,33.99378,0.0,hdslay1_t3,11,15,hdslay1,arr,,,,,,
oname:hdslay1_t3_otype:arr_i:11_j:16,34.00278,0.0,hdslay1_t3,11,16,hdslay1,arr,,,,,,
oname:hdslay1_t3_otype:arr_i:11_j:17,34.01661,0.0,hdslay1_t3,11,17,hdslay1,arr,,,,,,
oname:hdslay1_t3_otype:arr_i:11_j:18,34.02856,0.0,hdslay1_t3,11,18,hdslay1,arr,,,,,,
oname:hdslay1_t3_otype:arr_i:11_j:19,34.03457,0.0,hdslay1_t3,11,19,hdslay1,arr,,,,,,
oname:hdslay1_t3_otype:arr_i:11_j:2,35.09208,0.0,hdslay1_t3,11,2,hdslay1,arr,,,,,,
oname:hdslay1_t3_otype:arr_i:11_j:3,35.09247,0.0,hdslay1_t3,11,3,hdslay1,arr,,,,,,
oname:hdslay1_t3_otype:arr_i:11_j:4,1e+30,0.0,hdslay1_t3,11,4,hdslay1,arr,,,,,,
oname:hdslay1_t3_otype:arr_i:11_j:5,1e+30,0.0,hdslay1_t3,11,5,hdslay1,arr,,,,,,
oname:hdslay1_t3_otype:arr_i:11_j:6,1e+30,0.0,hdslay1_t3,11,6,hdslay1,arr,,,,,,
oname:hdslay1_t3_otype:arr_i:11_j:7,1e+30,0.0,hdslay1_t3,11,7,hdslay1,arr,,,,,,
oname:hdslay1_t3_otype:arr_i:11_j:8,34.19948,0.0,hdslay1_t3,11,8,hdslay1,arr,,,,,,
oname:hdslay1_t3_otype:arr_i:11_j:9,34.18124,0.0,hdslay1_t3,11,9,hdslay1,arr,,,,,,
oname:hdslay1_t3_otype:arr_i:12_j:0,35.05309,0.0,hdslay1_t3,12,0,hdslay1,arr,,,,,,
oname:hdslay1_t3_otype:arr_i:12_j:1,35.04955,0.0,hdslay1_t3,12,1,hdslay1,arr,,,,,,
oname:hdslay1_t3_otype:arr_i:12_j:10,34.12532,0.0,hdslay1_t3,12,10,hdslay1,arr,,,,,,
oname:hdslay1_t3_otype:arr_i:12_j:11,34.08155,0.0,hdslay1_t3,12,11,hdslay1,arr,,,,,,
oname:hdslay1_t3_otype:arr_i:12_j:12,34.03389,0.0,hdslay1_t3,12,12,hdslay1,arr,,,,,,
oname:hdslay1_t3_otype:arr_i:12_j:13,33.99643,0.0,hdslay1_t3,12,13,hdslay1,arr,,,,,,
oname:hdslay1_t3_otype:arr_i:12_j:14,33.99844,0.0,hdslay1_t3,12,14,hdslay1,arr,,,,,,
oname:hdslay1_t3_otype:arr_i:12_j:15,34.00153,0.0,hdslay1_t3,12,15,hdslay1,arr,,,,,,
oname:hdslay1_t3_otype:arr_i:12_j:16,34.01338,0.0,hdslay1_t3,12,16,hdslay1,arr,,,,,,
oname:hdslay1_t3_otype:arr_i:12_j:17,34.02449,0.0,hdslay1_t3,12,17,hdslay1,arr,,,,,,
oname:hdslay1_t3_otype:arr_i:12_j:18,34.03452,0.0,hdslay1_t3,12,18,hdslay1,arr,,,,,,
oname:hdslay1_t3_otype:arr_i:12_j:19,34.03937,0.0,hdslay1_t3,12,19,hdslay1,arr,,,,,,
oname:hdslay1_t3_otype:arr_i:12_j:2,35.04714,0.0,hdslay1_t3,12,2,hdslay1,arr,,,,,,
oname:hdslay1_t3_otype:arr_i:12_j:3,35.04424,0.0,hdslay1_t3,12,3,hdslay1,arr,,,,,,
oname:hdslay1_t3_otype:arr_i:12_j:4,1e+30,0.0,hdslay1_t3,12,4,hdslay1,arr,,,,,,
oname:hdslay1_t3_otype:arr_i:12_j:5,1e+30,0.0,hdslay1_t3,12,5,hdslay1,arr,,,,,,
oname:hdslay1_t3_otype:arr_i:12_j:6,1e+30,0.0,hdslay1_t3,12,6,hdslay1,arr,,,,,,
oname:hdslay1_t3_otype:arr_i:12_j:7,1e+30,0.0,hdslay1_t3,12,7,hdslay1,arr,,,,,,
oname:hdslay1_t3_otype:arr_i:12_j:8,34.1677,0.0,hdslay1_t3,12,8,hdslay1,arr,,,,,,
oname:hdslay1_t3_otype:arr_i:12_j:9,34.15153,0.0,hdslay1_t3,12,9,hdslay1,arr,,,,,,
oname:hdslay1_t3_otype:arr_i:13_j:0,35.00291,0.0,hdslay1_t3,13,0,hdslay1,arr,,,,,,
oname:hdslay1_t3_otype:arr_i:13_j:1,35.00156,0.0,hdslay1_t3,13,1,hdslay1,arr,,,,,,
oname:hdslay1_t3_otype:arr_i:13_j:10,34.11697,0.0,hdslay1_t3,13,10,hdslay1,arr,,,,,,
oname:hdslay1_t3_otype:arr_i:13_j:11,34.08596,0.0,hdslay1_t3,13,11,hdslay1,arr,,,,,,
oname:hdslay1_t3_otype:arr_i:13_j:12,34.04891,0.0,hdslay1_t3,13,12,hdslay1,arr,,,,,,
oname:hdslay1_t3_otype:arr_i:13_j:13,34.02312,0.0,hdslay1_t3,13,13,hdslay1,arr,,,,,,
oname:hdslay1_t3_otype:arr_i:13_j:14,34.0134,0.0,hdslay1_t3,13,14,hdslay1,arr,,,,,,
oname:hdslay1_t3_otype:arr_i:13_j:15,34.00914,0.0,hdslay1_t3,13,15,hdslay1,arr,,,,,,
oname:hdslay1_t3_otype:arr_i:13_j:16,34.021,0.0,hdslay1_t3,13,16,hdslay1,arr,,,,,,
oname:hdslay1_t3_otype:arr_i:13_j:17,34.03071,0.0,hdslay1_t3,13,17,hdslay1,arr,,,,,,
oname:hdslay1_t3_otype:arr_i:13_j:18,34.04019,0.0,hdslay1_t3,13,18,hdslay1,arr,,,,,,
oname:hdslay1_t3_otype:arr_i:13_j:19,34.04533,0.0,hdslay1_t3,13,19,hdslay1,arr,,,,,,
oname:hdslay1_t3_otype:arr_i:13_j:2,34.99708,0.0,hdslay1_t3,13,2,hdslay1,arr,,,,,,
oname:hdslay1_t3_otype:arr_i:13_j:3,34.99039,0.0,hdslay1_t3,13,3,hdslay1,arr,,,,,,
oname:hdslay1_t3_otype:arr_i:13_j:4,1e+30,0.0,hdslay1_t3,13,4,hdslay1,arr,,,,,,
oname:hdslay1_t3_otype:arr_i:13_j:5,1e+30,0.0,hdslay1_t3,13,5,hdslay1,arr,,,,,,
oname:hdslay1_t3_otype:arr_i:13_j:6,1e+30,0.0,hdslay1_t3,13,6,hdslay1,arr,,,,,,
oname:hdslay1_t3_otype:arr_i:13_j:7,1e+30,0.0,hdslay1_t3,13,7,hdslay1,arr,,,,,,
oname:hdslay1_t3_otype:arr_i:13_j:8,34.14321,0.0,hdslay1_t3,13,8,hdslay1,arr,,,,,,
oname:hdslay1_t3_otype:arr_i:13_j:9,34.13215,0.0,hdslay1_t3,13,9,hdslay1,arr,,,,,,
oname:hdslay1_t3_otype:arr_i:14_j:0,34.93434,0.0,hdslay1_t3,14,0,hdslay1,arr,,,,,,
oname:hdslay1_t3_otype:arr_i:14_j:1,34.93816,0.0,hdslay1_t3,14,1,hdslay1,arr,,,,,,
oname:hdslay1_t3_otype:arr_i:14_j:10,34.10709,0.0,hdslay1_t3,14,10,hdslay1,arr,,,,,,
oname:hdslay1_t3_otype:arr_i:14_j:11,34.08284,0.0,hdslay1_t3,14,11,hdslay1,arr,,,,,,
oname:hdslay1_t3_otype:arr_i:14_j:12,34.05441,0.0,hdslay1_t3,14,12,hdslay1,arr,,,,,,
oname:hdslay1_t3_otype:arr_i:14_j:13,34.0339,0.0,hdslay1_t3,14,13,hdslay1,arr,,,,,,
oname:hdslay1_t3_otype:arr_i:14_j:14,34.02271,0.0,hdslay1_t3,14,14,hdslay1,arr,,,,,,
oname:hdslay1_t3_otype:arr_i:14_j:15,34.01453,0.0,hdslay1_t3,14,15,hdslay1,arr,,,,,,
oname:hdslay1_t3_otype:arr_i:14_j:16,34.02577,0.0,hdslay1_t3,14,16,hdslay1,arr,,,,,,
oname:hdslay1_t3_otype:arr_i:14_j:17,34.03483,0.0,hdslay1_t3,14,17,hdslay1,arr,,,,,,
oname:hdslay1_t3_otype:arr_i:14_j:18,34.04351,0.0,hdslay1_t3,14,18,hdslay1,arr,,,,,,
oname:hdslay1_t3_otype:arr_i:14_j:19,34.04971,0.0,hdslay1_t3,14,19,hdslay1,arr,,,,,,
oname:hdslay1_t3_otype:arr_i:14_j:2,34.93452,0.0,hdslay1_t3,14,2,hdslay1,arr,,,,,,
oname:hdslay1_t3_otype:arr_i:14_j:3,34.92955,0.0,hdslay1_t3,14,3,hdslay1,arr,,,,,,
oname:hdslay1_t3_otype:arr_i:14_j:4,1e+30,0.0,hdslay1_t3,14,4,hdslay1,arr,,,,,,
oname:hdslay1_t3_otype:arr_i:14_j:5,1e+30,0.0,hdslay1_t3,14,5,hdslay1,arr,,,,,,
oname:hdslay1_t3_otype:arr_i:14_j:6,1e+30,0.0,hdslay1_t3,14,6,hdslay1,arr,,,,,,
oname:hdslay1_t3_otype:arr_i:14_j:7,1e+30,0.0,hdslay1_t3,14,7,hdslay1,arr,,,,,,
oname:hdslay1_t3_otype:arr_i:14_j:8,34.11967,0.0,hdslay1_t3,14,8,hdslay1,arr,,,,,,
oname:hdslay1_t3_otype:arr_i:14_j:9,34.11708,0.0,hdslay1_t3,14,9,hdslay1,arr,,,,,,
oname:hdslay1_t3_otype:arr_i:15_j:0,34.87377,0.0,hdslay1_t3,15,0,hdslay1,arr,,,,,,
oname:hdslay1_t3_otype:arr_i:15_j:1,34.87588,0.0,hdslay1_t3,15,1,hdslay1,arr,,,,,,
oname:hdslay1_t3_otype:arr_i:15_j:10,34.0866,0.0,hdslay1_t3,15,10,hdslay1,arr,,,,,,
oname:hdslay1_t3_otype:arr_i:15_j:11,34.06664,0.0,hdslay1_t3,15,11,hdslay1,arr,,,,,,
oname:hdslay1_t3_otype:arr_i:15_j:12,34.04826,0.0,hdslay1_t3,15,12,hdslay1,arr,,,,,,
oname:hdslay1_t3_otype:arr_i:15_j:13,34.03335,0.0,hdslay1_t3,15,13,hdslay1,arr,,,,,,
oname:hdslay1_t3_otype:arr_i:15_j:14,34.02426,0.0,hdslay1_t3,15,14,hdslay1,arr,,,,,,
oname:hdslay1_t3_otype:arr_i:15_j:15,34.01557,0.0,hdslay1_t3,15,15,hdslay1,arr,,,,,,
oname:hdslay1_t3_otype:arr_i:15_j:16,34.02857,0.0,hdslay1_t3,15,16,hdslay1,arr,,,,,,
oname:hdslay1_t3_otype:arr_i:15_j:17,34.03882,0.0,hdslay1_t3,15,17,hdslay1,arr,,,,,,
oname:hdslay1_t3_otype:arr_i:15_j:18,34.04725,0.0,hdslay1_t3,15,18,hdslay1,arr,,,,,,
oname:hdslay1_t3_otype:arr_i:15_j:19,34.05438,0.0,hdslay1_t3,15,19,hdslay1,arr,,,,,,
oname:hdslay1_t3_otype:arr_i:15_j:2,34.86636,0.0,hdslay1_t3,15,2,hdslay1,arr,,,,,,
oname:hdslay1_t3_otype:arr_i:15_j:3,34.85876,0.0,hdslay1_t3,15,3,hdslay1,arr,,,,,,
oname:hdslay1_t3_otype:arr_i:15_j:4,1e+30,0.0,hdslay1_t3,15,4,hdslay1,arr,,,,,,
oname:hdslay1_t3_otype:arr_i:15_j:5,1e+30,0.0,hdslay1_t3,15,5,hdslay1,arr,,,,,,
oname:hdslay1_t3_otype:arr_i:15_j:6,1e+30,0.0,hdslay1_t3,15,6,hdslay1,arr,,,,,,
oname:hdslay1_t3_otype:arr_i:15_j:7,1e+30,0.0,hdslay1_t3,15,7,hdslay1,arr,,,,,,
oname:hdslay1_t3_otype:arr_i:15_j:8,34.09917,0.0,hdslay1_t3,15,8,hdslay1,arr,,,,,,
oname:hdslay1_t3_otype:arr_i:15_j:9,34.09551,0.0,hdslay1_t3,15,9,hdslay1,arr,,,,,,
oname:hdslay1_t3_otype:arr_i:16_j:0,34.81766,0.0,hdslay1_t3,16,0,hdslay1,arr,,,,,,
oname:hdslay1_t3_otype:arr_i:16_j:1,34.81131,0.0,hdslay1_t3,16,1,hdslay1,arr,,,,,,
oname:hdslay1_t3_otype:arr_i:16_j:10,34.05758,0.0,hdslay1_t3,16,10,hdslay1,arr,,,,,,
oname:hdslay1_t3_otype:arr_i:16_j:11,34.04504,0.0,hdslay1_t3,16,11,hdslay1,arr,,,,,,
oname:hdslay1_t3_otype:arr_i:16_j:12,34.03273,0.0,hdslay1_t3,16,12,hdslay1,arr,,,,,,
oname:hdslay1_t3_otype:arr_i:16_j:13,34.02525,0.0,hdslay1_t3,16,13,hdslay1,arr,,,,,,
oname:hdslay1_t3_otype:arr_i:16_j:14,34.02006,0.0,hdslay1_t3,16,14,hdslay1,arr,,,,,,
oname:hdslay1_t3_otype:arr_i:16_j:15,34.01375,0.0,hdslay1_t3,16,15,hdslay1,arr,,,,,,
oname:hdslay1_t3_otype:arr_i:16_j:16,34.02852,0.0,hdslay1_t3,16,16,hdslay1,arr,,,,,,
oname:hdslay1_t3_otype:arr_i:16_j:17,34.04137,0.0,hdslay1_t3,16,17,hdslay1,arr,,,,,,
oname:hdslay1_t3_otype:arr_i:16_j:18,34.05147,0.0,hdslay1_t3,16,18,hdslay1,arr,,,,,,
oname:hdslay1_t3_otype:arr_i:16_j:19,34.05866,0.0,hdslay1_t3,16,19,hdslay1,arr,,,,,,
oname:hdslay1_t3_otype:arr_i:16_j:2,34.8,0.0,hdslay1_t3,16,2,hdslay1,arr,,,,,,
oname:hdslay1_t3_otype:arr_i:16_j:3,34.79627,0.0,hdslay1_t3,16,3,hdslay1,arr,,,,,,
oname:hdslay1_t3_otype:arr_i:16_j:4,1e+30,0.0,hdslay1_t3,16,4,hdslay1,arr,,,,,,
oname:hdslay1_t3_otype:arr_i:16_j:5,1e+30,0.0,hdslay1_t3,16,5,hdslay1,arr,,,,,,
oname:hdslay1_t3_otype:arr_i:16_j:6,1e+30,0.0,hdslay1_t3,16,6,hdslay1,arr,,,,,,
oname:hdslay1_t3_otype:arr_i:16_j:7,1e+30,0.0,hdslay1_t3,16,7,hdslay1,arr,,,,,,
oname:hdslay1_t3_otype:arr_i:16_j:8,34.06904,0.0,hdslay1_t3,16,8,hdslay1,arr,,,,,,
oname:hdslay1_t3_otype:arr_i:16_j:9,34.067,0.0,hdslay1_t3,16,9,hdslay1,arr,,,,,,
oname:hdslay1_t3_otype:arr_i:17_j:0,34.75147,0.0,hdslay1_t3,17,0,hdslay1,arr,,,,,,
oname:hdslay1_t3_otype:arr_i:17_j:1,34.74605,0.0,hdslay1_t3,17,1,hdslay1,arr,,,,,,
oname:hdslay1_t3_otype:arr_i:17_j:10,34.02387,0.0,hdslay1_t3,17,10,hdslay1,arr,,,,,,
oname:hdslay1_t3_otype:arr_i:17_j:11,34.01583,0.0,hdslay1_t3,17,11,hdslay1,arr,,,,,,
oname:hdslay1_t3_otype:arr_i:17_j:12,34.00577,0.0,hdslay1_t3,17,12,hdslay1,arr,,,,,,
oname:hdslay1_t3_otype:arr_i:17_j:13,34.00226,0.0,hdslay1_t3,17,13,hdslay1,arr,,,,,,
oname:hdslay1_t3_otype:arr_i:17_j:14,33.996,0.0,hdslay1_t3,17,14,hdslay1,arr,,,,,,
oname:hdslay1_t3_otype:arr_i:17_j:15,33.99221,0.0,hdslay1_t3,17,15,hdslay1,arr,,,,,,
oname:hdslay1_t3_otype:arr_i:17_j:16,34.01679,0.0,hdslay1_t3,17,16,hdslay1,arr,,,,,,
oname:hdslay1_t3_otype:arr_i:17_j:17,34.03494,0.0,hdslay1_t3,17,17,hdslay1,arr,,,,,,
oname:hdslay1_t3_otype:arr_i:17_j:18,34.04841,0.0,hdslay1_t3,17,18,hdslay1,arr,,,,,,
oname:hdslay1_t3_otype:arr_i:17_j:19,34.05651,0.0,hdslay1_t3,17,19,hdslay1,arr,,,,,,
oname:hdslay1_t3_otype:arr_i:17_j:2,34.74595,0.0,hdslay1_t3,17,2,hdslay1,arr,,,,,,
oname:hdslay1_t3_otype:arr_i:17_j:3,34.75118,0.0,hdslay1_t3,17,3,hdslay1,arr,,,,,,
oname:hdslay1_t3_otype:arr_i:17_j:4,1e+30,0.0,hdslay1_t3,17,4,hdslay1,arr,,,,,,
oname:hdslay1_t3_otype:arr_i:17_j:5,1e+30,0.0,hdslay1_t3,17,5,hdslay1,arr,,,,,,
oname:hdslay1_t3_otype:arr_i:17_j:6,1e+30,0.0,hdslay1_t3,17,6,hdslay1,arr,,,,,,
oname:hdslay1_t3_otype:arr_i:17_j:7,1e+30,0.0,hdslay1_t3,17,7,hdslay1,arr,,,,,,
oname:hdslay1_t3_otype:arr_i:17_j:8,34.03756,0.0,hdslay1_t3,17,8,hdslay1,arr,,,,,,
oname:hdslay1_t3_otype:arr_i:17_j:9,34.03385,0.0,hdslay1_t3,17,9,hdslay1,arr,,,,,,
oname:hdslay1_t3_otype:arr_i:18_j:0,34.67482,0.0,hdslay1_t3,18,0,hdslay1,arr,,,,,,
oname:hdslay1_t3_otype:arr_i:18_j:1,34.67733,0.0,hdslay1_t3,18,1,hdslay1,arr,,,,,,
oname:hdslay1_t3_otype:arr_i:18_j:10,33.99798,0.0,hdslay1_t3,18,10,hdslay1,arr,,,,,,
oname:hdslay1_t3_otype:arr_i:18_j:11,33.98618,0.0,hdslay1_t3,18,11,hdslay1,arr,,,,,,
oname:hdslay1_t3_otype:arr_i:18_j:12,33.9746,0.0,hdslay1_t3,18,12,hdslay1,arr,,,,,,
oname:hdslay1_t3_otype:arr_i:18_j:13,33.96321,0.0,hdslay1_t3,18,13,hdslay1,arr,,,,,,
oname:hdslay1_t3_otype:arr_i:18_j:14,33.9468,0.0,hdslay1_t3,18,14,hdslay1,arr,,,,,,
oname:hdslay1_t3_otype:arr_i:18_j:15,33.94894,0.0,hdslay1_t3,18,15,hdslay1,arr,,,,,,
oname:hdslay1_t3_otype:arr_i:18_j:16,33.98792,0.0,hdslay1_t3,18,16,hdslay1,arr,,,,,,
oname:hdslay1_t3_otype:arr_i:18_j:17,34.01548,0.0,hdslay1_t3,18,17,hdslay1,arr,,,,,,
oname:hdslay1_t3_otype:arr_i:18_j:18,34.03568,0.0,hdslay1_t3,18,18,hdslay1,arr,,,,,,
oname:hdslay1_t3_otype:arr_i:18_j:19,34.04413,0.0,hdslay1_t3,18,19,hdslay1,arr,,,,,,
oname:hdslay1_t3_otype:arr_i:18_j:2,34.68416,0.0,hdslay1_t3,18,2,hdslay1,arr,,,,,,
oname:hdslay1_t3_otype:arr_i:18_j:3,34.69537,0.0,hdslay1_t3,18,3,hdslay1,arr,,,,,,
oname:hdslay1_t3_otype:arr_i:18_j:4,1e+30,0.0,hdslay1_t3,18,4,hdslay1,arr,,,,,,
oname:hdslay1_t3_otype:arr_i:18_j:5,1e+30,0.0,hdslay1_t3,18,5,hdslay1,arr,,,,,,
oname:hdslay1_t3_otype:arr_i:18_j:6,1e+30,0.0,hdslay1_t3,18,6,hdslay1,arr,,,,,,
oname:hdslay1_t3_otype:arr_i:18_j:7,1e+30,0.0,hdslay1_t3,18,7,hdslay1,arr,,,,,,
oname:hdslay1_t3_otype:arr_i:18_j:8,34.01086,0.0,hdslay1_t3,18,8,hdslay1,arr,,,,,,
oname:hdslay1_t3_otype:arr_i:18_j:9,34.00561,0.0,hdslay1_t3,18,9,hdslay1,arr,,,,,,
oname:hdslay1_t3_otype:arr_i:19_j:0,34.6003,0.0,hdslay1_t3,19,0,hdslay1,arr,,,,,,
oname:hdslay1_t3_otype:arr_i:19_j:1,34.60018,0.0,hdslay1_t3,19,1,hdslay1,arr,,,,,,
oname:hdslay1_t3_otype:arr_i:19_j:10,33.97327,0.0,hdslay1_t3,19,10,hdslay1,arr,,,,,,
oname:hdslay1_t3_otype:arr_i:19_j:11,33.95777,0.0,hdslay1_t3,19,11,hdslay1,arr,,,,,,
oname:hdslay1_t3_otype:arr_i:19_j:12,33.94406,0.0,hdslay1_t3,19,12,hdslay1,arr,,,,,,
oname:hdslay1_t3_otype:arr_i:19_j:13,33.9153,0.0,hdslay1_t3,19,13,hdslay1,arr,,,,,,
oname:hdslay1_t3_otype:arr_i:19_j:14,33.87161,0.0,hdslay1_t3,19,14,hdslay1,arr,,,,,,
oname:hdslay1_t3_otype:arr_i:19_j:15,33.90038,0.0,hdslay1_t3,19,15,hdslay1,arr,,,,,,
oname:hdslay1_t3_otype:arr_i:19_j:16,33.95429,0.0,hdslay1_t3,19,16,hdslay1,arr,,,,,,
oname:hdslay1_t3_otype:arr_i:19_j:17,33.98618,0.0,hdslay1_t3,19,17,hdslay1,arr,,,,,,
oname:hdslay1_t3_otype:arr_i:19_j:18,34.00538,0.0,hdslay1_t3,19,18,hdslay1,arr,,,,,,
oname:hdslay1_t3_otype:arr_i:19_j:19,34.01798,0.0,hdslay1_t3,19,19,hdslay1,arr,,,,,,
oname:hdslay1_t3_otype:arr_i:19_j:2,34.60634,0.0,hdslay1_t3,19,2,hdslay1,arr,,,,,,
oname:hdslay1_t3_otype:arr_i:19_j:3,34.61652,0.0,hdslay1_t3,19,3,hdslay1,arr,,,,,,
oname:hdslay1_t3_otype:arr_i:19_j:4,1e+30,0.0,hdslay1_t3,19,4,hdslay1,arr,,,,,,
oname:hdslay1_t3_otype:arr_i:19_j:5,1e+30,0.0,hdslay1_t3,19,5,hdslay1,arr,,,,,,
oname:hdslay1_t3_otype:arr_i:19_j:6,1e+30,0.0,hdslay1_t3,19,6,hdslay1,arr,,,,,,
oname:hdslay1_t3_otype:arr_i:19_j:7,1e+30,0.0,hdslay1_t3,19,7,hdslay1,arr,,,,,,
oname:hdslay1_t3_otype:arr_i:19_j:8,33.98921,0.0,hdslay1_t3,19,8,hdslay1,arr,,,,,,
oname:hdslay1_t3_otype:arr_i:19_j:9,33.98372,0.0,hdslay1_t3,19,9,hdslay1,arr,,,,,,
oname:hdslay1_t3_otype:arr_i:1_j:0,35.24373,0.0,hdslay1_t3,1,0,hdslay1,arr,,,,,,
oname:hdslay1_t3_otype:arr_i:1_j:1,35.23206,0.0,hdslay1_t3,1,1,hdslay1,arr,,,,,,
oname:hdslay1_t3_otype:arr_i:1_j:10,34.51299,0.0,hdslay1_t3,1,10,hdslay1,arr,,,,,,
oname:hdslay1_t3_otype:arr_i:1_j:11,34.45718,0.0,hdslay1_t3,1,11,hdslay1,arr,,,,,,
oname:hdslay1_t3_otype:arr_i:1_j:12,34.40802,0.0,hdslay1_t3,1,12,hdslay1,arr,,,,,,
oname:hdslay1_t3_otype:arr_i:1_j:13,34.36195,0.0,hdslay1_t3,1,13,hdslay1,arr,,,,,,
oname:hdslay1_t3_otype:arr_i:1_j:14,34.31249,0.0,hdslay1_t3,1,14,hdslay1,arr,,,,,,
oname:hdslay1_t3_otype:arr_i:1_j:15,34.26005,0.0,hdslay1_t3,1,15,hdslay1,arr,,,,,,
oname:hdslay1_t3_otype:arr_i:1_j:16,34.25207,0.0,hdslay1_t3,1,16,hdslay1,arr,,,,,,
oname:hdslay1_t3_otype:arr_i:1_j:17,34.24598,0.0,hdslay1_t3,1,17,hdslay1,arr,,,,,,
oname:hdslay1_t3_otype:arr_i:1_j:18,34.24261,0.0,hdslay1_t3,1,18,hdslay1,arr,,,,,,
oname:hdslay1_t3_otype:arr_i:1_j:19,34.23968,0.0,hdslay1_t3,1,19,hdslay1,arr,,,,,,
oname:hdslay1_t3_otype:arr_i:1_j:2,35.2032,0.0,hdslay1_t3,1,2,hdslay1,arr,,,,,,
oname:hdslay1_t3_otype:arr_i:1_j:3,35.15744,0.0,hdslay1_t3,1,3,hdslay1,arr,,,,,,
oname:hdslay1_t3_otype:arr_i:1_j:4,35.08852,0.0,hdslay1_t3,1,4,hdslay1,arr,,,,,,
oname:hdslay1_t3_otype:arr_i:1_j:5,34.99673,0.0,hdslay1_t3,1,5,hdslay1,arr,,,,,,
oname:hdslay1_t3_otype:arr_i:1_j:6,34.87756,0.0,hdslay1_t3,1,6,hdslay1,arr,,,,,,
oname:hdslay1_t3_otype:arr_i:1_j:7,34.74917,0.0,hdslay1_t3,1,7,hdslay1,arr,,,,,,
oname:hdslay1_t3_otype:arr_i:1_j:8,34.64657,0.0,hdslay1_t3,1,8,hdslay1,arr,,,,,,
oname:hdslay1_t3_otype:arr_i:1_j:9,34.5726,0.0,hdslay1_t3,1,9,hdslay1,arr,,,,,,
oname:hdslay1_t3_otype:arr_i:20_j:0,34.5268,0.0,hdslay1_t3,20,0,hdslay1,arr,,,,,,
oname:hdslay1_t3_otype:arr_i:20_j:1,34.52971,0.0,hdslay1_t3,20,1,hdslay1,arr,,,,,,
oname:hdslay1_t3_otype:arr_i:20_j:10,33.95535,0.0,hdslay1_t3,20,10,hdslay1,arr,,,,,,
oname:hdslay1_t3_otype:arr_i:20_j:11,33.94148,0.0,hdslay1_t3,20,11,hdslay1,arr,,,,,,
oname:hdslay1_t3_otype:arr_i:20_j:12,33.92412,0.0,hdslay1_t3,20,12,hdslay1,arr,,,,,,
oname:hdslay1_t3_otype:arr_i:20_j:13,33.87277,0.0,hdslay1_t3,20,13,hdslay1,arr,,,,,,
oname:hdslay1_t3_otype:arr_i:20_j:14,33.73192,0.0,hdslay1_t3,20,14,hdslay1,arr,,,,,,
oname:hdslay1_t3_otype:arr_i:20_j:15,33.85026,0.0,hdslay1_t3,20,15,hdslay1,arr,,,,,,
oname:hdslay1_t3_otype:arr_i:20_j:16,33.9241,0.0,hdslay1_t3,20,16,hdslay1,arr,,,,,,
oname:hdslay1_t3_otype:arr_i:20_j:17,33.95919,0.0,hdslay1_t3,20,17,hdslay1,arr,,,,,,
oname:hdslay1_t3_otype:arr_i:20_j:18,33.97436,0.0,hdslay1_t3,20,18,hdslay1,arr,,,,,,
oname:hdslay1_t3_otype:arr_i:20_j:19,33.98633,0.0,hdslay1_t3,20,19,hdslay1,arr,,,,,,
oname:hdslay1_t3_otype:arr_i:20_j:2,34.5271,0.0,hdslay1_t3,20,2,hdslay1,arr,,,,,,
oname:hdslay1_t3_otype:arr_i:20_j:3,34.52245,0.0,hdslay1_t3,20,3,hdslay1,arr,,,,,,
oname:hdslay1_t3_otype:arr_i:20_j:4,1e+30,0.0,hdslay1_t3,20,4,hdslay1,arr,,,,,,
oname:hdslay1_t3_otype:arr_i:20_j:5,1e+30,0.0,hdslay1_t3,20,5,hdslay1,arr,,,,,,
oname:hdslay1_t3_otype:arr_i:20_j:6,1e+30,0.0,hdslay1_t3,20,6,hdslay1,arr,,,,,,
oname:hdslay1_t3_otype:arr_i:20_j:7,1e+30,0.0,hdslay1_t3,20,7,hdslay1,arr,,,,,,
oname:hdslay1_t3_otype:arr_i:20_j:8,33.97446,0.0,hdslay1_t3,20,8,hdslay1,arr,,,,,,
oname:hdslay1_t3_otype:arr_i:20_j:9,33.96775,0.0,hdslay1_t3,20,9,hdslay1,arr,,,,,,
oname:hdslay1_t3_otype:arr_i:21_j:0,34.45808,0.0,hdslay1_t3,21,0,hdslay1,arr,,,,,,
oname:hdslay1_t3_otype:arr_i:21_j:1,34.46173,0.0,hdslay1_t3,21,1,hdslay1,arr,,,,,,
oname:hdslay1_t3_otype:arr_i:21_j:10,33.94472,0.0,hdslay1_t3,21,10,hdslay1,arr,,,,,,
oname:hdslay1_t3_otype:arr_i:21_j:11,33.93363,0.0,hdslay1_t3,21,11,hdslay1,arr,,,,,,
oname:hdslay1_t3_otype:arr_i:21_j:12,33.91746,0.0,hdslay1_t3,21,12,hdslay1,arr,,,,,,
oname:hdslay1_t3_otype:arr_i:21_j:13,33.8844,0.0,hdslay1_t3,21,13,hdslay1,arr,,,,,,
oname:hdslay1_t3_otype:arr_i:21_j:14,33.8451,0.0,hdslay1_t3,21,14,hdslay1,arr,,,,,,
oname:hdslay1_t3_otype:arr_i:21_j:15,33.86538,0.0,hdslay1_t3,21,15,hdslay1,arr,,,,,,
oname:hdslay1_t3_otype:arr_i:21_j:16,33.90814,0.0,hdslay1_t3,21,16,hdslay1,arr,,,,,,
oname:hdslay1_t3_otype:arr_i:21_j:17,33.93975,0.0,hdslay1_t3,21,17,hdslay1,arr,,,,,,
oname:hdslay1_t3_otype:arr_i:21_j:18,33.95604,0.0,hdslay1_t3,21,18,hdslay1,arr,,,,,,
oname:hdslay1_t3_otype:arr_i:21_j:19,33.96249,0.0,hdslay1_t3,21,19,hdslay1,arr,,,,,,
oname:hdslay1_t3_otype:arr_i:21_j:2,34.44935,0.0,hdslay1_t3,21,2,hdslay1,arr,,,,,,
oname:hdslay1_t3_otype:arr_i:21_j:3,34.42626,0.0,hdslay1_t3,21,3,hdslay1,arr,,,,,,
oname:hdslay1_t3_otype:arr_i:21_j:4,1e+30,0.0,hdslay1_t3,21,4,hdslay1,arr,,,,,,
oname:hdslay1_t3_otype:arr_i:21_j:5,1e+30,0.0,hdslay1_t3,21,5,hdslay1,arr,,,,,,
oname:hdslay1_t3_otype:arr_i:21_j:6,33.98195,0.0,hdslay1_t3,21,6,hdslay1,arr,,,,,,
oname:hdslay1_t3_otype:arr_i:21_j:7,33.97391,0.0,hdslay1_t3,21,7,hdslay1,arr,,,,,,
oname:hdslay1_t3_otype:arr_i:21_j:8,33.96623,0.0,hdslay1_t3,21,8,hdslay1,arr,,,,,,
oname:hdslay1_t3_otype:arr_i:21_j:9,33.95704,0.0,hdslay1_t3,21,9,hdslay1,arr,,,,,,
oname:hdslay1_t3_otype:arr_i:22_j:0,34.38877,0.0,hdslay1_t3,22,0,hdslay1,arr,,,,,,
oname:hdslay1_t3_otype:arr_i:22_j:1,34.37551,0.0,hdslay1_t3,22,1,hdslay1,arr,,,,,,
oname:hdslay1_t3_otype:arr_i:22_j:10,33.93528,0.0,hdslay1_t3,22,10,hdslay1,arr,,,,,,
oname:hdslay1_t3_otype:arr_i:22_j:11,33.92474,0.0,hdslay1_t3,22,11,hdslay1,arr,,,,,,
oname:hdslay1_t3_otype:arr_i:22_j:12,33.91023,0.0,hdslay1_t3,22,12,hdslay1,arr,,,,,,
oname:hdslay1_t3_otype:arr_i:22_j:13,33.889,0.0,hdslay1_t3,22,13,hdslay1,arr,,,,,,
oname:hdslay1_t3_otype:arr_i:22_j:14,33.87171,0.0,hdslay1_t3,22,14,hdslay1,arr,,,,,,
oname:hdslay1_t3_otype:arr_i:22_j:15,33.87579,0.0,hdslay1_t3,22,15,hdslay1,arr,,,,,,
oname:hdslay1_t3_otype:arr_i:22_j:16,33.89743,0.0,hdslay1_t3,22,16,hdslay1,arr,,,,,,
oname:hdslay1_t3_otype:arr_i:22_j:17,33.92192,0.0,hdslay1_t3,22,17,hdslay1,arr,,,,,,
oname:hdslay1_t3_otype:arr_i:22_j:18,33.93574,0.0,hdslay1_t3,22,18,hdslay1,arr,,,,,,
oname:hdslay1_t3_otype:arr_i:22_j:19,33.94067,0.0,hdslay1_t3,22,19,hdslay1,arr,,,,,,
oname:hdslay1_t3_otype:arr_i:22_j:2,34.35766,0.0,hdslay1_t3,22,2,hdslay1,arr,,,,,,
oname:hdslay1_t3_otype:arr_i:22_j:3,34.30578,0.0,hdslay1_t3,22,3,hdslay1,arr,,,,,,
oname:hdslay1_t3_otype:arr_i:22_j:4,34.21557,0.0,hdslay1_t3,22,4,hdslay1,arr,,,,,,
oname:hdslay1_t3_otype:arr_i:22_j:5,1e+30,0.0,hdslay1_t3,22,5,hdslay1,arr,,,,,,
oname:hdslay1_t3_otype:arr_i:22_j:6,33.98716,0.0,hdslay1_t3,22,6,hdslay1,arr,,,,,,
oname:hdslay1_t3_otype:arr_i:22_j:7,33.97383,0.0,hdslay1_t3,22,7,hdslay1,arr,,,,,,
oname:hdslay1_t3_otype:arr_i:22_j:8,33.96044,0.0,hdslay1_t3,22,8,hdslay1,arr,,,,,,
oname:hdslay1_t3_otype:arr_i:22_j:9,33.94788,0.0,hdslay1_t3,22,9,hdslay1,arr,,,,,,
oname:hdslay1_t3_otype:arr_i:23_j:0,34.3063,0.0,hdslay1_t3,23,0,hdslay1,arr,,,,,,
oname:hdslay1_t3_otype:arr_i:23_j:1,34.28767,0.0,hdslay1_t3,23,1,hdslay1,arr,,,,,,
oname:hdslay1_t3_otype:arr_i:23_j:10,33.91665,0.0,hdslay1_t3,23,10,hdslay1,arr,,,,,,
oname:hdslay1_t3_otype:arr_i:23_j:11,33.90658,0.0,hdslay1_t3,23,11,hdslay1,arr,,,,,,
oname:hdslay1_t3_otype:arr_i:23_j:12,33.89685,0.0,hdslay1_t3,23,12,hdslay1,arr,,,,,,
oname:hdslay1_t3_otype:arr_i:23_j:13,33.88467,0.0,hdslay1_t3,23,13,hdslay1,arr,,,,,,
oname:hdslay1_t3_otype:arr_i:23_j:14,33.87385,0.0,hdslay1_t3,23,14,hdslay1,arr,,,,,,
oname:hdslay1_t3_otype:arr_i:23_j:15,33.87029,0.0,hdslay1_t3,23,15,hdslay1,arr,,,,,,
oname:hdslay1_t3_otype:arr_i:23_j:16,33.88675,0.0,hdslay1_t3,23,16,hdslay1,arr,,,,,,
oname:hdslay1_t3_otype:arr_i:23_j:17,33.90505,0.0,hdslay1_t3,23,17,hdslay1,arr,,,,,,
oname:hdslay1_t3_otype:arr_i:23_j:18,33.91735,0.0,hdslay1_t3,23,18,hdslay1,arr,,,,,,
oname:hdslay1_t3_otype:arr_i:23_j:19,33.92078,0.0,hdslay1_t3,23,19,hdslay1,arr,,,,,,
oname:hdslay1_t3_otype:arr_i:23_j:2,34.26201,0.0,hdslay1_t3,23,2,hdslay1,arr,,,,,,
oname:hdslay1_t3_otype:arr_i:23_j:3,34.20858,0.0,hdslay1_t3,23,3,hdslay1,arr,,,,,,
oname:hdslay1_t3_otype:arr_i:23_j:4,34.14344,0.0,hdslay1_t3,23,4,hdslay1,arr,,,,,,
oname:hdslay1_t3_otype:arr_i:23_j:5,34.06441,0.0,hdslay1_t3,23,5,hdslay1,arr,,,,,,
oname:hdslay1_t3_otype:arr_i:23_j:6,34.0038,0.0,hdslay1_t3,23,6,hdslay1,arr,,,,,,
oname:hdslay1_t3_otype:arr_i:23_j:7,33.97442,0.0,hdslay1_t3,23,7,hdslay1,arr,,,,,,
oname:hdslay1_t3_otype:arr_i:23_j:8,33.95338,0.0,hdslay1_t3,23,8,hdslay1,arr,,,,,,
oname:hdslay1_t3_otype:arr_i:23_j:9,33.93383,0.0,hdslay1_t3,23,9,hdslay1,arr,,,,,,
oname:hdslay1_t3_otype:arr_i:24_j:0,34.23056,0.0,hdslay1_t3,24,0,hdslay1,arr,,,,,,
oname:hdslay1_t3_otype:arr_i:24_j:1,34.21947,0.0,hdslay1_t3,24,1,hdslay1,arr,,,,,,
oname:hdslay1_t3_otype:arr_i:24_j:10,33.88407,0.0,hdslay1_t3,24,10,hdslay1,arr,,,,,,
oname:hdslay1_t3_otype:arr_i:24_j:11,33.8787,0.0,hdslay1_t3,24,11,hdslay1,arr,,,,,,
oname:hdslay1_t3_otype:arr_i:24_j:12,33.87715,0.0,hdslay1_t3,24,12,hdslay1,arr,,,,,,
oname:hdslay1_t3_otype:arr_i:24_j:13,33.87246,0.0,hdslay1_t3,24,13,hdslay1,arr,,,,,,
oname:hdslay1_t3_otype:arr_i:24_j:14,33.86575,0.0,hdslay1_t3,24,14,hdslay1,arr,,,,,,
oname:hdslay1_t3_otype:arr_i:24_j:15,33.85773,0.0,hdslay1_t3,24,15,hdslay1,arr,,,,,,
oname:hdslay1_t3_otype:arr_i:24_j:16,33.87152,0.0,hdslay1_t3,24,16,hdslay1,arr,,,,,,
oname:hdslay1_t3_otype:arr_i:24_j:17,33.88447,0.0,hdslay1_t3,24,17,hdslay1,arr,,,,,,
oname:hdslay1_t3_otype:arr_i:24_j:18,33.89684,0.0,hdslay1_t3,24,18,hdslay1,arr,,,,,,
oname:hdslay1_t3_otype:arr_i:24_j:19,33.90329,0.0,hdslay1_t3,24,19,hdslay1,arr,,,,,,
oname:hdslay1_t3_otype:arr_i:24_j:2,34.19322,0.0,hdslay1_t3,24,2,hdslay1,arr,,,,,,
oname:hdslay1_t3_otype:arr_i:24_j:3,34.15451,0.0,hdslay1_t3,24,3,hdslay1,arr,,,,,,
oname:hdslay1_t3_otype:arr_i:24_j:4,34.10251,0.0,hdslay1_t3,24,4,hdslay1,arr,,,,,,
oname:hdslay1_t3_otype:arr_i:24_j:5,34.04616,0.0,hdslay1_t3,24,5,hdslay1,arr,,,,,,
oname:hdslay1_t3_otype:arr_i:24_j:6,34.002,0.0,hdslay1_t3,24,6,hdslay1,arr,,,,,,
oname:hdslay1_t3_otype:arr_i:24_j:7,33.96876,0.0,hdslay1_t3,24,7,hdslay1,arr,,,,,,
oname:hdslay1_t3_otype:arr_i:24_j:8,33.94045,0.0,hdslay1_t3,24,8,hdslay1,arr,,,,,,
oname:hdslay1_t3_otype:arr_i:24_j:9,33.90919,0.0,hdslay1_t3,24,9,hdslay1,arr,,,,,,
oname:hdslay1_t3_otype:arr_i:25_j:0,34.1807,0.0,hdslay1_t3,25,0,hdslay1,arr,,,,,,
oname:hdslay1_t3_otype:arr_i:25_j:1,34.17385,0.0,hdslay1_t3,25,1,hdslay1,arr,,,,,,
oname:hdslay1_t3_otype:arr_i:25_j:10,33.83684,0.0,hdslay1_t3,25,10,hdslay1,arr,,,,,,
oname:hdslay1_t3_otype:arr_i:25_j:11,33.84426,0.0,hdslay1_t3,25,11,hdslay1,arr,,,,,,
oname:hdslay1_t3_otype:arr_i:25_j:12,33.85025,0.0,hdslay1_t3,25,12,hdslay1,arr,,,,,,
oname:hdslay1_t3_otype:arr_i:25_j:13,33.85155,0.0,hdslay1_t3,25,13,hdslay1,arr,,,,,,
oname:hdslay1_t3_otype:arr_i:25_j:14,33.84804,0.0,hdslay1_t3,25,14,hdslay1,arr,,,,,,
oname:hdslay1_t3_otype:arr_i:25_j:15,33.84026,0.0,hdslay1_t3,25,15,hdslay1,arr,,,,,,
oname:hdslay1_t3_otype:arr_i:25_j:16,33.85407,0.0,hdslay1_t3,25,16,hdslay1,arr,,,,,,
oname:hdslay1_t3_otype:arr_i:25_j:17,33.86586,0.0,hdslay1_t3,25,17,hdslay1,arr,,,,,,
oname:hdslay1_t3_otype:arr_i:25_j:18,33.87461,0.0,hdslay1_t3,25,18,hdslay1,arr,,,,,,
oname:hdslay1_t3_otype:arr_i:25_j:19,33.88207,0.0,hdslay1_t3,25,19,hdslay1,arr,,,,,,
oname:hdslay1_t3_otype:arr_i:25_j:2,34.15409,0.0,hdslay1_t3,25,2,hdslay1,arr,,,,,,
oname:hdslay1_t3_otype:arr_i:25_j:3,34.11699,0.0,hdslay1_t3,25,3,hdslay1,arr,,,,,,
oname:hdslay1_t3_otype:arr_i:25_j:4,34.07227,0.0,hdslay1_t3,25,4,hdslay1,arr,,,,,,
oname:hdslay1_t3_otype:arr_i:25_j:5,34.02813,0.0,hdslay1_t3,25,5,hdslay1,arr,,,,,,
oname:hdslay1_t3_otype:arr_i:25_j:6,33.98816,0.0,hdslay1_t3,25,6,hdslay1,arr,,,,,,
oname:hdslay1_t3_otype:arr_i:25_j:7,33.95204,0.0,hdslay1_t3,25,7,hdslay1,arr,,,,,,
oname:hdslay1_t3_otype:arr_i:25_j:8,33.91304,0.0,hdslay1_t3,25,8,hdslay1,arr,,,,,,
oname:hdslay1_t3_otype:arr_i:25_j:9,33.86765,0.0,hdslay1_t3,25,9,hdslay1,arr,,,,,,
oname:hdslay1_t3_otype:arr_i:26_j:0,34.14901,0.0,hdslay1_t3,26,0,hdslay1,arr,,,,,,
oname:hdslay1_t3_otype:arr_i:26_j:1,34.14121,0.0,hdslay1_t3,26,1,hdslay1,arr,,,,,,
oname:hdslay1_t3_otype:arr_i:26_j:10,33.75238,0.0,hdslay1_t3,26,10,hdslay1,arr,,,,,,
oname:hdslay1_t3_otype:arr_i:26_j:11,33.80455,0.0,hdslay1_t3,26,11,hdslay1,arr,,,,,,
oname:hdslay1_t3_otype:arr_i:26_j:12,33.8205,0.0,hdslay1_t3,26,12,hdslay1,arr,,,,,,
oname:hdslay1_t3_otype:arr_i:26_j:13,33.82518,0.0,hdslay1_t3,26,13,hdslay1,arr,,,,,,
oname:hdslay1_t3_otype:arr_i:26_j:14,33.8207,0.0,hdslay1_t3,26,14,hdslay1,arr,,,,,,
oname:hdslay1_t3_otype:arr_i:26_j:15,33.81277,0.0,hdslay1_t3,26,15,hdslay1,arr,,,,,,
oname:hdslay1_t3_otype:arr_i:26_j:16,33.82569,0.0,hdslay1_t3,26,16,hdslay1,arr,,,,,,
oname:hdslay1_t3_otype:arr_i:26_j:17,33.83738,0.0,hdslay1_t3,26,17,hdslay1,arr,,,,,,
oname:hdslay1_t3_otype:arr_i:26_j:18,33.8506,0.0,hdslay1_t3,26,18,hdslay1,arr,,,,,,
oname:hdslay1_t3_otype:arr_i:26_j:19,33.85619,0.0,hdslay1_t3,26,19,hdslay1,arr,,,,,,
oname:hdslay1_t3_otype:arr_i:26_j:2,34.11965,0.0,hdslay1_t3,26,2,hdslay1,arr,,,,,,
oname:hdslay1_t3_otype:arr_i:26_j:3,34.08702,0.0,hdslay1_t3,26,3,hdslay1,arr,,,,,,
oname:hdslay1_t3_otype:arr_i:26_j:4,34.0492,0.0,hdslay1_t3,26,4,hdslay1,arr,,,,,,
oname:hdslay1_t3_otype:arr_i:26_j:5,34.00087,0.0,hdslay1_t3,26,5,hdslay1,arr,,,,,,
oname:hdslay1_t3_otype:arr_i:26_j:6,33.95876,0.0,hdslay1_t3,26,6,hdslay1,arr,,,,,,
oname:hdslay1_t3_otype:arr_i:26_j:7,33.9226,0.0,hdslay1_t3,26,7,hdslay1,arr,,,,,,
oname:hdslay1_t3_otype:arr_i:26_j:8,33.8778,0.0,hdslay1_t3,26,8,hdslay1,arr,,,,,,
oname:hdslay1_t3_otype:arr_i:26_j:9,33.82562,0.0,hdslay1_t3,26,9,hdslay1,arr,,,,,,
oname:hdslay1_t3_otype:arr_i:27_j:0,34.1211,0.0,hdslay1_t3,27,0,hdslay1,arr,,,,,,
oname:hdslay1_t3_otype:arr_i:27_j:1,34.11179,0.0,hdslay1_t3,27,1,hdslay1,arr,,,,,,
oname:hdslay1_t3_otype:arr_i:27_j:10,33.79392,0.0,hdslay1_t3,27,10,hdslay1,arr,,,,,,
oname:hdslay1_t3_otype:arr_i:27_j:11,33.79838,0.0,hdslay1_t3,27,11,hdslay1,arr,,,,,,
oname:hdslay1_t3_otype:arr_i:27_j:12,33.80197,0.0,hdslay1_t3,27,12,hdslay1,arr,,,,,,
oname:hdslay1_t3_otype:arr_i:27_j:13,33.80208,0.0,hdslay1_t3,27,13,hdslay1,arr,,,,,,
oname:hdslay1_t3_otype:arr_i:27_j:14,33.7963,0.0,hdslay1_t3,27,14,hdslay1,arr,,,,,,
oname:hdslay1_t3_otype:arr_i:27_j:15,33.78978,0.0,hdslay1_t3,27,15,hdslay1,arr,,,,,,
oname:hdslay1_t3_otype:arr_i:27_j:16,33.79775,0.0,hdslay1_t3,27,16,hdslay1,arr,,,,,,
oname:hdslay1_t3_otype:arr_i:27_j:17,33.80867,0.0,hdslay1_t3,27,17,hdslay1,arr,,,,,,
oname:hdslay1_t3_otype:arr_i:27_j:18,33.82105,0.0,hdslay1_t3,27,18,hdslay1,arr,,,,,,
oname:hdslay1_t3_otype:arr_i:27_j:19,33.82925,0.0,hdslay1_t3,27,19,hdslay1,arr,,,,,,
oname:hdslay1_t3_otype:arr_i:27_j:2,34.09038,0.0,hdslay1_t3,27,2,hdslay1,arr,,,,,,
oname:hdslay1_t3_otype:arr_i:27_j:3,34.06061,0.0,hdslay1_t3,27,3,hdslay1,arr,,,,,,
oname:hdslay1_t3_otype:arr_i:27_j:4,34.01828,0.0,hdslay1_t3,27,4,hdslay1,arr,,,,,,
oname:hdslay1_t3_otype:arr_i:27_j:5,33.96626,0.0,hdslay1_t3,27,5,hdslay1,arr,,,,,,
oname:hdslay1_t3_otype:arr_i:27_j:6,33.92282,0.0,hdslay1_t3,27,6,hdslay1,arr,,,,,,
oname:hdslay1_t3_otype:arr_i:27_j:7,33.89012,0.0,hdslay1_t3,27,7,hdslay1,arr,,,,,,
oname:hdslay1_t3_otype:arr_i:27_j:8,33.85737,0.0,hdslay1_t3,27,8,hdslay1,arr,,,,,,
oname:hdslay1_t3_otype:arr_i:27_j:9,33.82504,0.0,hdslay1_t3,27,9,hdslay1,arr,,,,,,
oname:hdslay1_t3_otype:arr_i:28_j:0,34.09707,0.0,hdslay1_t3,28,0,hdslay1,arr,,,,,,
oname:hdslay1_t3_otype:arr_i:28_j:1,34.08603,0.0,hdslay1_t3,28,1,hdslay1,arr,,,,,,
oname:hdslay1_t3_otype:arr_i:28_j:10,33.79426,0.0,hdslay1_t3,28,10,hdslay1,arr,,,,,,
oname:hdslay1_t3_otype:arr_i:28_j:11,33.78981,0.0,hdslay1_t3,28,11,hdslay1,arr,,,,,,
oname:hdslay1_t3_otype:arr_i:28_j:12,33.78585,0.0,hdslay1_t3,28,12,hdslay1,arr,,,,,,
oname:hdslay1_t3_otype:arr_i:28_j:13,33.78334,0.0,hdslay1_t3,28,13,hdslay1,arr,,,,,,
oname:hdslay1_t3_otype:arr_i:28_j:14,33.78027,0.0,hdslay1_t3,28,14,hdslay1,arr,,,,,,
oname:hdslay1_t3_otype:arr_i:28_j:15,33.77648,0.0,hdslay1_t3,28,15,hdslay1,arr,,,,,,
oname:hdslay1_t3_otype:arr_i:28_j:16,33.78147,0.0,hdslay1_t3,28,16,hdslay1,arr,,,,,,
oname:hdslay1_t3_otype:arr_i:28_j:17,33.78966,0.0,hdslay1_t3,28,17,hdslay1,arr,,,,,,
oname:hdslay1_t3_otype:arr_i:28_j:18,33.79679,0.0,hdslay1_t3,28,18,hdslay1,arr,,,,,,
oname:hdslay1_t3_otype:arr_i:28_j:19,33.80287,0.0,hdslay1_t3,28,19,hdslay1,arr,,,,,,
oname:hdslay1_t3_otype:arr_i:28_j:2,34.0633,0.0,hdslay1_t3,28,2,hdslay1,arr,,,,,,
oname:hdslay1_t3_otype:arr_i:28_j:3,34.02901,0.0,hdslay1_t3,28,3,hdslay1,arr,,,,,,
oname:hdslay1_t3_otype:arr_i:28_j:4,33.98011,0.0,hdslay1_t3,28,4,hdslay1,arr,,,,,,
oname:hdslay1_t3_otype:arr_i:28_j:5,33.92413,0.0,hdslay1_t3,28,5,hdslay1,arr,,,,,,
oname:hdslay1_t3_otype:arr_i:28_j:6,33.86898,0.0,hdslay1_t3,28,6,hdslay1,arr,,,,,,
oname:hdslay1_t3_otype:arr_i:28_j:7,33.84923,0.0,hdslay1_t3,28,7,hdslay1,arr,,,,,,
oname:hdslay1_t3_otype:arr_i:28_j:8,33.83331,0.0,hdslay1_t3,28,8,hdslay1,arr,,,,,,
oname:hdslay1_t3_otype:arr_i:28_j:9,33.81229,0.0,hdslay1_t3,28,9,hdslay1,arr,,,,,,
oname:hdslay1_t3_otype:arr_i:29_j:0,34.0697,0.0,hdslay1_t3,29,0,hdslay1,arr,,,,,,
oname:hdslay1_t3_otype:arr_i:29_j:1,34.05715,0.0,hdslay1_t3,29,1,hdslay1,arr,,,,,,
oname:hdslay1_t3_otype:arr_i:29_j:10,33.78169,0.0,hdslay1_t3,29,10,hdslay1,arr,,,,,,
oname:hdslay1_t3_otype:arr_i:29_j:11,33.77266,0.0,hdslay1_t3,29,11,hdslay1,arr,,,,,,
oname:hdslay1_t3_otype:arr_i:29_j:12,33.76661,0.0,hdslay1_t3,29,12,hdslay1,arr,,,,,,
oname:hdslay1_t3_otype:arr_i:29_j:13,33.76426,0.0,hdslay1_t3,29,13,hdslay1,arr,,,,,,
oname:hdslay1_t3_otype:arr_i:29_j:14,33.76128,0.0,hdslay1_t3,29,14,hdslay1,arr,,,,,,
oname:hdslay1_t3_otype:arr_i:29_j:15,33.75758,0.0,hdslay1_t3,29,15,hdslay1,arr,,,,,,
oname:hdslay1_t3_otype:arr_i:29_j:16,33.76368,0.0,hdslay1_t3,29,16,hdslay1,arr,,,,,,
oname:hdslay1_t3_otype:arr_i:29_j:17,33.76944,0.0,hdslay1_t3,29,17,hdslay1,arr,,,,,,
oname:hdslay1_t3_otype:arr_i:29_j:18,33.77653,0.0,hdslay1_t3,29,18,hdslay1,arr,,,,,,
oname:hdslay1_t3_otype:arr_i:29_j:19,33.78031,0.0,hdslay1_t3,29,19,hdslay1,arr,,,,,,
oname:hdslay1_t3_otype:arr_i:29_j:2,34.0286,0.0,hdslay1_t3,29,2,hdslay1,arr,,,,,,
oname:hdslay1_t3_otype:arr_i:29_j:3,33.99169,0.0,hdslay1_t3,29,3,hdslay1,arr,,,,,,
oname:hdslay1_t3_otype:arr_i:29_j:4,33.94396,0.0,hdslay1_t3,29,4,hdslay1,arr,,,,,,
oname:hdslay1_t3_otype:arr_i:29_j:5,33.87352,0.0,hdslay1_t3,29,5,hdslay1,arr,,,,,,
oname:hdslay1_t3_otype:arr_i:29_j:6,33.78063,0.0,hdslay1_t3,29,6,hdslay1,arr,,,,,,
oname:hdslay1_t3_otype:arr_i:29_j:7,33.80758,0.0,hdslay1_t3,29,7,hdslay1,arr,,,,,,
oname:hdslay1_t3_otype:arr_i:29_j:8,33.80547,0.0,hdslay1_t3,29,8,hdslay1,arr,,,,,,
oname:hdslay1_t3_otype:arr_i:29_j:9,33.79324,0.0,hdslay1_t3,29,9,hdslay1,arr,,,,,,
oname:hdslay1_t3_otype:arr_i:2_j:0,35.23886,0.0,hdslay1_t3,2,0,hdslay1,arr,,,,,,
oname:hdslay1_t3_otype:arr_i:2_j:1,35.22981,0.0,hdslay1_t3,2,1,hdslay1,arr,,,,,,
oname:hdslay1_t3_otype:arr_i:2_j:10,34.51571,0.0,hdslay1_t3,2,10,hdslay1,arr,,,,,,
oname:hdslay1_t3_otype:arr_i:2_j:11,34.46128,0.0,hdslay1_t3,2,11,hdslay1,arr,,,,,,
oname:hdslay1_t3_otype:arr_i:2_j:12,34.40835,0.0,hdslay1_t3,2,12,hdslay1,arr,,,,,,
oname:hdslay1_t3_otype:arr_i:2_j:13,34.35264,0.0,hdslay1_t3,2,13,hdslay1,arr,,,,,,
oname:hdslay1_t3_otype:arr_i:2_j:14,34.29932,0.0,hdslay1_t3,2,14,hdslay1,arr,,,,,,
oname:hdslay1_t3_otype:arr_i:2_j:15,34.25374,0.0,hdslay1_t3,2,15,hdslay1,arr,,,,,,
oname:hdslay1_t3_otype:arr_i:2_j:16,34.24338,0.0,hdslay1_t3,2,16,hdslay1,arr,,,,,,
oname:hdslay1_t3_otype:arr_i:2_j:17,34.23422,0.0,hdslay1_t3,2,17,hdslay1,arr,,,,,,
oname:hdslay1_t3_otype:arr_i:2_j:18,34.22771,0.0,hdslay1_t3,2,18,hdslay1,arr,,,,,,
oname:hdslay1_t3_otype:arr_i:2_j:19,34.2254,0.0,hdslay1_t3,2,19,hdslay1,arr,,,,,,
oname:hdslay1_t3_otype:arr_i:2_j:2,35.21186,0.0,hdslay1_t3,2,2,hdslay1,arr,,,,,,
oname:hdslay1_t3_otype:arr_i:2_j:3,35.16506,0.0,hdslay1_t3,2,3,hdslay1,arr,,,,,,
oname:hdslay1_t3_otype:arr_i:2_j:4,35.09363,0.0,hdslay1_t3,2,4,hdslay1,arr,,,,,,
oname:hdslay1_t3_otype:arr_i:2_j:5,35.00212,0.0,hdslay1_t3,2,5,hdslay1,arr,,,,,,
oname:hdslay1_t3_otype:arr_i:2_j:6,34.89081,0.0,hdslay1_t3,2,6,hdslay1,arr,,,,,,
oname:hdslay1_t3_otype:arr_i:2_j:7,34.75901,0.0,hdslay1_t3,2,7,hdslay1,arr,,,,,,
oname:hdslay1_t3_otype:arr_i:2_j:8,34.65327,0.0,hdslay1_t3,2,8,hdslay1,arr,,,,,,
oname:hdslay1_t3_otype:arr_i:2_j:9,34.57622,0.0,hdslay1_t3,2,9,hdslay1,arr,,,,,,
oname:hdslay1_t3_otype:arr_i:30_j:0,34.03899,0.0,hdslay1_t3,30,0,hdslay1,arr,,,,,,
oname:hdslay1_t3_otype:arr_i:30_j:1,34.02205,0.0,hdslay1_t3,30,1,hdslay1,arr,,,,,,
oname:hdslay1_t3_otype:arr_i:30_j:10,33.76322,0.0,hdslay1_t3,30,10,hdslay1,arr,,,,,,
oname:hdslay1_t3_otype:arr_i:30_j:11,33.7532,0.0,hdslay1_t3,30,11,hdslay1,arr,,,,,,
oname:hdslay1_t3_otype:arr_i:30_j:12,33.74678,0.0,hdslay1_t3,30,12,hdslay1,arr,,,,,,
oname:hdslay1_t3_otype:arr_i:30_j:13,33.7425,0.0,hdslay1_t3,30,13,hdslay1,arr,,,,,,
oname:hdslay1_t3_otype:arr_i:30_j:14,33.73943,0.0,hdslay1_t3,30,14,hdslay1,arr,,,,,,
oname:hdslay1_t3_otype:arr_i:30_j:15,33.73874,0.0,hdslay1_t3,30,15,hdslay1,arr,,,,,,
oname:hdslay1_t3_otype:arr_i:30_j:16,33.74322,0.0,hdslay1_t3,30,16,hdslay1,arr,,,,,,
oname:hdslay1_t3_otype:arr_i:30_j:17,33.74793,0.0,hdslay1_t3,30,17,hdslay1,arr,,,,,,
oname:hdslay1_t3_otype:arr_i:30_j:18,33.75361,0.0,hdslay1_t3,30,18,hdslay1,arr,,,,,,
oname:hdslay1_t3_otype:arr_i:30_j:19,33.755,0.0,hdslay1_t3,30,19,hdslay1,arr,,,,,,
oname:hdslay1_t3_otype:arr_i:30_j:2,33.99561,0.0,hdslay1_t3,30,2,hdslay1,arr,,,,,,
oname:hdslay1_t3_otype:arr_i:30_j:3,33.96493,0.0,hdslay1_t3,30,3,hdslay1,arr,,,,,,
oname:hdslay1_t3_otype:arr_i:30_j:4,33.91826,0.0,hdslay1_t3,30,4,hdslay1,arr,,,,,,
oname:hdslay1_t3_otype:arr_i:30_j:5,33.85999,0.0,hdslay1_t3,30,5,hdslay1,arr,,,,,,
oname:hdslay1_t3_otype:arr_i:30_j:6,33.80855,0.0,hdslay1_t3,30,6,hdslay1,arr,,,,,,
oname:hdslay1_t3_otype:arr_i:30_j:7,33.79443,0.0,hdslay1_t3,30,7,hdslay1,arr,,,,,,
oname:hdslay1_t3_otype:arr_i:30_j:8,33.78411,0.0,hdslay1_t3,30,8,hdslay1,arr,,,,,,
oname:hdslay1_t3_otype:arr_i:30_j:9,33.77327,0.0,hdslay1_t3,30,9,hdslay1,arr,,,,,,
oname:hdslay1_t3_otype:arr_i:31_j:0,34.01761,0.0,hdslay1_t3,31,0,hdslay1,arr,,,,,,
oname:hdslay1_t3_otype:arr_i:31_j:1,33.9929,0.0,hdslay1_t3,31,1,hdslay1,arr,,,,,,
oname:hdslay1_t3_otype:arr_i:31_j:10,33.74396,0.0,hdslay1_t3,31,10,hdslay1,arr,,,,,,
oname:hdslay1_t3_otype:arr_i:31_j:11,33.73152,0.0,hdslay1_t3,31,11,hdslay1,arr,,,,,,
oname:hdslay1_t3_otype:arr_i:31_j:12,33.72292,0.0,hdslay1_t3,31,12,hdslay1,arr,,,,,,
oname:hdslay1_t3_otype:arr_i:31_j:13,33.71762,0.0,hdslay1_t3,31,13,hdslay1,arr,,,,,,
oname:hdslay1_t3_otype:arr_i:31_j:14,33.71766,0.0,hdslay1_t3,31,14,hdslay1,arr,,,,,,
oname:hdslay1_t3_otype:arr_i:31_j:15,33.71987,0.0,hdslay1_t3,31,15,hdslay1,arr,,,,,,
oname:hdslay1_t3_otype:arr_i:31_j:16,33.72453,0.0,hdslay1_t3,31,16,hdslay1,arr,,,,,,
oname:hdslay1_t3_otype:arr_i:31_j:17,33.72894,0.0,hdslay1_t3,31,17,hdslay1,arr,,,,,,
oname:hdslay1_t3_otype:arr_i:31_j:18,33.73297,0.0,hdslay1_t3,31,18,hdslay1,arr,,,,,,
oname:hdslay1_t3_otype:arr_i:31_j:19,33.73501,0.0,hdslay1_t3,31,19,hdslay1,arr,,,,,,
oname:hdslay1_t3_otype:arr_i:31_j:2,33.96974,0.0,hdslay1_t3,31,2,hdslay1,arr,,,,,,
oname:hdslay1_t3_otype:arr_i:31_j:3,33.93727,0.0,hdslay1_t3,31,3,hdslay1,arr,,,,,,
oname:hdslay1_t3_otype:arr_i:31_j:4,33.88857,0.0,hdslay1_t3,31,4,hdslay1,arr,,,,,,
oname:hdslay1_t3_otype:arr_i:31_j:5,33.83862,0.0,hdslay1_t3,31,5,hdslay1,arr,,,,,,
oname:hdslay1_t3_otype:arr_i:31_j:6,33.80102,0.0,hdslay1_t3,31,6,hdslay1,arr,,,,,,
oname:hdslay1_t3_otype:arr_i:31_j:7,33.77893,0.0,hdslay1_t3,31,7,hdslay1,arr,,,,,,
oname:hdslay1_t3_otype:arr_i:31_j:8,33.76642,0.0,hdslay1_t3,31,8,hdslay1,arr,,,,,,
oname:hdslay1_t3_otype:arr_i:31_j:9,33.75457,0.0,hdslay1_t3,31,9,hdslay1,arr,,,,,,
oname:hdslay1_t3_otype:arr_i:32_j:0,1e+30,0.0,hdslay1_t3,32,0,hdslay1,arr,,,,,,
oname:hdslay1_t3_otype:arr_i:32_j:1,33.97141,0.0,hdslay1_t3,32,1,hdslay1,arr,,,,,,
oname:hdslay1_t3_otype:arr_i:32_j:10,33.71793,0.0,hdslay1_t3,32,10,hdslay1,arr,,,,,,
oname:hdslay1_t3_otype:arr_i:32_j:11,33.70503,0.0,hdslay1_t3,32,11,hdslay1,arr,,,,,,
oname:hdslay1_t3_otype:arr_i:32_j:12,33.69509,0.0,hdslay1_t3,32,12,hdslay1,arr,,,,,,
oname:hdslay1_t3_otype:arr_i:32_j:13,33.69274,0.0,hdslay1_t3,32,13,hdslay1,arr,,,,,,
oname:hdslay1_t3_otype:arr_i:32_j:14,33.6967,0.0,hdslay1_t3,32,14,hdslay1,arr,,,,,,
oname:hdslay1_t3_otype:arr_i:32_j:15,33.70229,0.0,hdslay1_t3,32,15,hdslay1,arr,,,,,,
oname:hdslay1_t3_otype:arr_i:32_j:16,33.70893,0.0,hdslay1_t3,32,16,hdslay1,arr,,,,,,
oname:hdslay1_t3_otype:arr_i:32_j:17,33.71325,0.0,hdslay1_t3,32,17,hdslay1,arr,,,,,,
oname:hdslay1_t3_otype:arr_i:32_j:18,33.71744,0.0,hdslay1_t3,32,18,hdslay1,arr,,,,,,
oname:hdslay1_t3_otype:arr_i:32_j:19,33.71992,0.0,hdslay1_t3,32,19,hdslay1,arr,,,,,,
oname:hdslay1_t3_otype:arr_i:32_j:2,33.94631,0.0,hdslay1_t3,32,2,hdslay1,arr,,,,,,
oname:hdslay1_t3_otype:arr_i:32_j:3,33.90709,0.0,hdslay1_t3,32,3,hdslay1,arr,,,,,,
oname:hdslay1_t3_otype:arr_i:32_j:4,33.85831,0.0,hdslay1_t3,32,4,hdslay1,arr,,,,,,
oname:hdslay1_t3_otype:arr_i:32_j:5,33.81659,0.0,hdslay1_t3,32,5,hdslay1,arr,,,,,,
oname:hdslay1_t3_otype:arr_i:32_j:6,33.78582,0.0,hdslay1_t3,32,6,hdslay1,arr,,,,,,
oname:hdslay1_t3_otype:arr_i:32_j:7,33.76349,0.0,hdslay1_t3,32,7,hdslay1,arr,,,,,,
oname:hdslay1_t3_otype:arr_i:32_j:8,33.74613,0.0,hdslay1_t3,32,8,hdslay1,arr,,,,,,
oname:hdslay1_t3_otype:arr_i:32_j:9,33.73166,0.0,hdslay1_t3,32,9,hdslay1,arr,,,,,,
oname:hdslay1_t3_otype:arr_i:33_j:0,1e+30,0.0,hdslay1_t3,33,0,hdslay1,arr,,,,,,
oname:hdslay1_t3_otype:arr_i:33_j:1,1e+30,0.0,hdslay1_t3,33,1,hdslay1,arr,,,,,,
oname:hdslay1_t3_otype:arr_i:33_j:10,33.68845,0.0,hdslay1_t3,33,10,hdslay1,arr,,,,,,
oname:hdslay1_t3_otype:arr_i:33_j:11,33.66655,0.0,hdslay1_t3,33,11,hdslay1,arr,,,,,,
oname:hdslay1_t3_otype:arr_i:33_j:12,33.6508,0.0,hdslay1_t3,33,12,hdslay1,arr,,,,,,
oname:hdslay1_t3_otype:arr_i:33_j:13,33.66441,0.0,hdslay1_t3,33,13,hdslay1,arr,,,,,,
oname:hdslay1_t3_otype:arr_i:33_j:14,33.67475,0.0,hdslay1_t3,33,14,hdslay1,arr,,,,,,
oname:hdslay1_t3_otype:arr_i:33_j:15,33.68285,0.0,hdslay1_t3,33,15,hdslay1,arr,,,,,,
oname:hdslay1_t3_otype:arr_i:33_j:16,33.69286,0.0,hdslay1_t3,33,16,hdslay1,arr,,,,,,
oname:hdslay1_t3_otype:arr_i:33_j:17,33.70038,0.0,hdslay1_t3,33,17,hdslay1,arr,,,,,,
oname:hdslay1_t3_otype:arr_i:33_j:18,33.7061,0.0,hdslay1_t3,33,18,hdslay1,arr,,,,,,
oname:hdslay1_t3_otype:arr_i:33_j:19,33.71003,0.0,hdslay1_t3,33,19,hdslay1,arr,,,,,,
oname:hdslay1_t3_otype:arr_i:33_j:2,33.91919,0.0,hdslay1_t3,33,2,hdslay1,arr,,,,,,
oname:hdslay1_t3_otype:arr_i:33_j:3,33.87657,0.0,hdslay1_t3,33,3,hdslay1,arr,,,,,,
oname:hdslay1_t3_otype:arr_i:33_j:4,33.82407,0.0,hdslay1_t3,33,4,hdslay1,arr,,,,,,
oname:hdslay1_t3_otype:arr_i:33_j:5,33.78919,0.0,hdslay1_t3,33,5,hdslay1,arr,,,,,,
oname:hdslay1_t3_otype:arr_i:33_j:6,33.76179,0.0,hdslay1_t3,33,6,hdslay1,arr,,,,,,
oname:hdslay1_t3_otype:arr_i:33_j:7,33.73858,0.0,hdslay1_t3,33,7,hdslay1,arr,,,,,,
oname:hdslay1_t3_otype:arr_i:33_j:8,33.71875,0.0,hdslay1_t3,33,8,hdslay1,arr,,,,,,
oname:hdslay1_t3_otype:arr_i:33_j:9,33.70364,0.0,hdslay1_t3,33,9,hdslay1,arr,,,,,,
oname:hdslay1_t3_otype:arr_i:34_j:0,1e+30,0.0,hdslay1_t3,34,0,hdslay1,arr,,,,,,
oname:hdslay1_t3_otype:arr_i:34_j:1,1e+30,0.0,hdslay1_t3,34,1,hdslay1,arr,,,,,,
oname:hdslay1_t3_otype:arr_i:34_j:10,33.65222,0.0,hdslay1_t3,34,10,hdslay1,arr,,,,,,
oname:hdslay1_t3_otype:arr_i:34_j:11,33.61483,0.0,hdslay1_t3,34,11,hdslay1,arr,,,,,,
oname:hdslay1_t3_otype:arr_i:34_j:12,33.54864,0.0,hdslay1_t3,34,12,hdslay1,arr,,,,,,
oname:hdslay1_t3_otype:arr_i:34_j:13,33.62628,0.0,hdslay1_t3,34,13,hdslay1,arr,,,,,,
oname:hdslay1_t3_otype:arr_i:34_j:14,33.64988,0.0,hdslay1_t3,34,14,hdslay1,arr,,,,,,
oname:hdslay1_t3_otype:arr_i:34_j:15,33.66047,0.0,hdslay1_t3,34,15,hdslay1,arr,,,,,,
oname:hdslay1_t3_otype:arr_i:34_j:16,33.673,0.0,hdslay1_t3,34,16,hdslay1,arr,,,,,,
oname:hdslay1_t3_otype:arr_i:34_j:17,33.68447,0.0,hdslay1_t3,34,17,hdslay1,arr,,,,,,
oname:hdslay1_t3_otype:arr_i:34_j:18,33.69453,0.0,hdslay1_t3,34,18,hdslay1,arr,,,,,,
oname:hdslay1_t3_otype:arr_i:34_j:19,33.70381,0.0,hdslay1_t3,34,19,hdslay1,arr,,,,,,
oname:hdslay1_t3_otype:arr_i:34_j:2,1e+30,0.0,hdslay1_t3,34,2,hdslay1,arr,,,,,,
oname:hdslay1_t3_otype:arr_i:34_j:3,33.83085,0.0,hdslay1_t3,34,3,hdslay1,arr,,,,,,
oname:hdslay1_t3_otype:arr_i:34_j:4,33.77916,0.0,hdslay1_t3,34,4,hdslay1,arr,,,,,,
oname:hdslay1_t3_otype:arr_i:34_j:5,33.7533,0.0,hdslay1_t3,34,5,hdslay1,arr,,,,,,
oname:hdslay1_t3_otype:arr_i:34_j:6,33.72589,0.0,hdslay1_t3,34,6,hdslay1,arr,,,,,,
oname:hdslay1_t3_otype:arr_i:34_j:7,33.70487,0.0,hdslay1_t3,34,7,hdslay1,arr,,,,,,
oname:hdslay1_t3_otype:arr_i:34_j:8,33.68888,0.0,hdslay1_t3,34,8,hdslay1,arr,,,,,,
oname:hdslay1_t3_otype:arr_i:34_j:9,33.67365,0.0,hdslay1_t3,34,9,hdslay1,arr,,,,,,
oname:hdslay1_t3_otype:arr_i:35_j:0,1e+30,0.0,hdslay1_t3,35,0,hdslay1,arr,,,,,,
oname:hdslay1_t3_otype:arr_i:35_j:1,1e+30,0.0,hdslay1_t3,35,1,hdslay1,arr,,,,,,
oname:hdslay1_t3_otype:arr_i:35_j:10,33.61552,0.0,hdslay1_t3,35,10,hdslay1,arr,,,,,,
oname:hdslay1_t3_otype:arr_i:35_j:11,33.59854,0.0,hdslay1_t3,35,11,hdslay1,arr,,,,,,
oname:hdslay1_t3_otype:arr_i:35_j:12,33.58729,0.0,hdslay1_t3,35,12,hdslay1,arr,,,,,,
oname:hdslay1_t3_otype:arr_i:35_j:13,33.61297,0.0,hdslay1_t3,35,13,hdslay1,arr,,,,,,
oname:hdslay1_t3_otype:arr_i:35_j:14,33.63137,0.0,hdslay1_t3,35,14,hdslay1,arr,,,,,,
oname:hdslay1_t3_otype:arr_i:35_j:15,33.64201,0.0,hdslay1_t3,35,15,hdslay1,arr,,,,,,
oname:hdslay1_t3_otype:arr_i:35_j:16,33.6528,0.0,hdslay1_t3,35,16,hdslay1,arr,,,,,,
oname:hdslay1_t3_otype:arr_i:35_j:17,33.66441,0.0,hdslay1_t3,35,17,hdslay1,arr,,,,,,
oname:hdslay1_t3_otype:arr_i:35_j:18,33.67469,0.0,hdslay1_t3,35,18,hdslay1,arr,,,,,,
oname:hdslay1_t3_otype:arr_i:35_j:19,1e+30,0.0,hdslay1_t3,35,19,hdslay1,arr,,,,,,
oname:hdslay1_t3_otype:arr_i:35_j:2,1e+30,0.0,hdslay1_t3,35,2,hdslay1,arr,,,,,,
oname:hdslay1_t3_otype:arr_i:35_j:3,1e+30,0.0,hdslay1_t3,35,3,hdslay1,arr,,,,,,
oname:hdslay1_t3_otype:arr_i:35_j:4,33.73191,0.0,hdslay1_t3,35,4,hdslay1,arr,,,,,,
oname:hdslay1_t3_otype:arr_i:35_j:5,33.70995,0.0,hdslay1_t3,35,5,hdslay1,arr,,,,,,
oname:hdslay1_t3_otype:arr_i:35_j:6,33.68366,0.0,hdslay1_t3,35,6,hdslay1,arr,,,,,,
oname:hdslay1_t3_otype:arr_i:35_j:7,33.66405,0.0,hdslay1_t3,35,7,hdslay1,arr,,,,,,
oname:hdslay1_t3_otype:arr_i:35_j:8,33.65118,0.0,hdslay1_t3,35,8,hdslay1,arr,,,,,,
oname:hdslay1_t3_otype:arr_i:35_j:9,33.63685,0.0,hdslay1_t3,35,9,hdslay1,arr,,,,,,
oname:hdslay1_t3_otype:arr_i:36_j:0,1e+30,0.0,hdslay1_t3,36,0,hdslay1,arr,,,,,,
oname:hdslay1_t3_otype:arr_i:36_j:1,1e+30,0.0,hdslay1_t3,36,1,hdslay1,arr,,,,,,
oname:hdslay1_t3_otype:arr_i:36_j:10,33.58236,0.0,hdslay1_t3,36,10,hdslay1,arr,,,,,,
oname:hdslay1_t3_otype:arr_i:36_j:11,33.57875,0.0,hdslay1_t3,36,11,hdslay1,arr,,,,,,
oname:hdslay1_t3_otype:arr_i:36_j:12,33.57783,0.0,hdslay1_t3,36,12,hdslay1,arr,,,,,,
oname:hdslay1_t3_otype:arr_i:36_j:13,33.59375,0.0,hdslay1_t3,36,13,hdslay1,arr,,,,,,
oname:hdslay1_t3_otype:arr_i:36_j:14,33.61124,0.0,hdslay1_t3,36,14,hdslay1,arr,,,,,,
oname:hdslay1_t3_otype:arr_i:36_j:15,33.62454,0.0,hdslay1_t3,36,15,hdslay1,arr,,,,,,
oname:hdslay1_t3_otype:arr_i:36_j:16,33.6346,0.0,hdslay1_t3,36,16,hdslay1,arr,,,,,,
oname:hdslay1_t3_otype:arr_i:36_j:17,33.64746,0.0,hdslay1_t3,36,17,hdslay1,arr,,,,,,
oname:hdslay1_t3_otype:arr_i:36_j:18,33.66162,0.0,hdslay1_t3,36,18,hdslay1,arr,,,,,,
oname:hdslay1_t3_otype:arr_i:36_j:19,1e+30,0.0,hdslay1_t3,36,19,hdslay1,arr,,,,,,
oname:hdslay1_t3_otype:arr_i:36_j:2,1e+30,0.0,hdslay1_t3,36,2,hdslay1,arr,,,,,,
oname:hdslay1_t3_otype:arr_i:36_j:3,1e+30,0.0,hdslay1_t3,36,3,hdslay1,arr,,,,,,
oname:hdslay1_t3_otype:arr_i:36_j:4,33.70286,0.0,hdslay1_t3,36,4,hdslay1,arr,,,,,,
oname:hdslay1_t3_otype:arr_i:36_j:5,33.66347,0.0,hdslay1_t3,36,5,hdslay1,arr,,,,,,
oname:hdslay1_t3_otype:arr_i:36_j:6,33.63733,0.0,hdslay1_t3,36,6,hdslay1,arr,,,,,,
oname:hdslay1_t3_otype:arr_i:36_j:7,33.62066,0.0,hdslay1_t3,36,7,hdslay1,arr,,,,,,
oname:hdslay1_t3_otype:arr_i:36_j:8,33.60758,0.0,hdslay1_t3,36,8,hdslay1,arr,,,,,,
oname:hdslay1_t3_otype:arr_i:36_j:9,33.59663,0.0,hdslay1_t3,36,9,hdslay1,arr,,,,,,
oname:hdslay1_t3_otype:arr_i:37_j:0,1e+30,0.0,hdslay1_t3,37,0,hdslay1,arr,,,,,,
oname:hdslay1_t3_otype:arr_i:37_j:1,1e+30,0.0,hdslay1_t3,37,1,hdslay1,arr,,,,,,
oname:hdslay1_t3_otype:arr_i:37_j:10,33.54668,0.0,hdslay1_t3,37,10,hdslay1,arr,,,,,,
oname:hdslay1_t3_otype:arr_i:37_j:11,33.54222,0.0,hdslay1_t3,37,11,hdslay1,arr,,,,,,
oname:hdslay1_t3_otype:arr_i:37_j:12,33.54805,0.0,hdslay1_t3,37,12,hdslay1,arr,,,,,,
oname:hdslay1_t3_otype:arr_i:37_j:13,33.56649,0.0,hdslay1_t3,37,13,hdslay1,arr,,,,,,
oname:hdslay1_t3_otype:arr_i:37_j:14,33.58835,0.0,hdslay1_t3,37,14,hdslay1,arr,,,,,,
oname:hdslay1_t3_otype:arr_i:37_j:15,33.60751,0.0,hdslay1_t3,37,15,hdslay1,arr,,,,,,
oname:hdslay1_t3_otype:arr_i:37_j:16,33.61913,0.0,hdslay1_t3,37,16,hdslay1,arr,,,,,,
oname:hdslay1_t3_otype:arr_i:37_j:17,33.63197,0.0,hdslay1_t3,37,17,hdslay1,arr,,,,,,
oname:hdslay1_t3_otype:arr_i:37_j:18,1e+30,0.0,hdslay1_t3,37,18,hdslay1,arr,,,,,,
oname:hdslay1_t3_otype:arr_i:37_j:19,1e+30,0.0,hdslay1_t3,37,19,hdslay1,arr,,,,,,
oname:hdslay1_t3_otype:arr_i:37_j:2,1e+30,0.0,hdslay1_t3,37,2,hdslay1,arr,,,,,,
oname:hdslay1_t3_otype:arr_i:37_j:3,1e+30,0.0,hdslay1_t3,37,3,hdslay1,arr,,,,,,
oname:hdslay1_t3_otype:arr_i:37_j:4,1e+30,0.0,hdslay1_t3,37,4,hdslay1,arr,,,,,,
oname:hdslay1_t3_otype:arr_i:37_j:5,33.59371,0.0,hdslay1_t3,37,5,hdslay1,arr,,,,,,
oname:hdslay1_t3_otype:arr_i:37_j:6,33.58793,0.0,hdslay1_t3,37,6,hdslay1,arr,,,,,,
oname:hdslay1_t3_otype:arr_i:37_j:7,33.5786,0.0,hdslay1_t3,37,7,hdslay1,arr,,,,,,
oname:hdslay1_t3_otype:arr_i:37_j:8,33.56607,0.0,hdslay1_t3,37,8,hdslay1,arr,,,,,,
oname:hdslay1_t3_otype:arr_i:37_j:9,33.55681,0.0,hdslay1_t3,37,9,hdslay1,arr,,,,,,
oname:hdslay1_t3_otype:arr_i:38_j:0,1e+30,0.0,hdslay1_t3,38,0,hdslay1,arr,,,,,,
oname:hdslay1_t3_otype:arr_i:38_j:1,1e+30,0.0,hdslay1_t3,38,1,hdslay1,arr,,,,,,
oname:hdslay1_t3_otype:arr_i:38_j:10,33.48957,0.0,hdslay1_t3,38,10,hdslay1,arr,,,,,,
oname:hdslay1_t3_otype:arr_i:38_j:11,33.48177,0.0,hdslay1_t3,38,11,hdslay1,arr,,,,,,
oname:hdslay1_t3_otype:arr_i:38_j:12,33.49637,0.0,hdslay1_t3,38,12,hdslay1,arr,,,,,,
oname:hdslay1_t3_otype:arr_i:38_j:13,33.52451,0.0,hdslay1_t3,38,13,hdslay1,arr,,,,,,
oname:hdslay1_t3_otype:arr_i:38_j:14,33.55842,0.0,hdslay1_t3,38,14,hdslay1,arr,,,,,,
oname:hdslay1_t3_otype:arr_i:38_j:15,33.58912,0.0,hdslay1_t3,38,15,hdslay1,arr,,,,,,
oname:hdslay1_t3_otype:arr_i:38_j:16,33.60703,0.0,hdslay1_t3,38,16,hdslay1,arr,,,,,,
oname:hdslay1_t3_otype:arr_i:38_j:17,1e+30,0.0,hdslay1_t3,38,17,hdslay1,arr,,,,,,
oname:hdslay1_t3_otype:arr_i:38_j:18,1e+30,0.0,hdslay1_t3,38,18,hdslay1,arr,,,,,,
oname:hdslay1_t3_otype:arr_i:38_j:19,1e+30,0.0,hdslay1_t3,38,19,hdslay1,arr,,,,,,
oname:hdslay1_t3_otype:arr_i:38_j:2,1e+30,0.0,hdslay1_t3,38,2,hdslay1,arr,,,,,,
oname:hdslay1_t3_otype:arr_i:38_j:3,1e+30,0.0,hdslay1_t3,38,3,hdslay1,arr,,,,,,
oname:hdslay1_t3_otype:arr_i:38_j:4,1e+30,0.0,hdslay1_t3,38,4,hdslay1,arr,,,,,,
oname:hdslay1_t3_otype:arr_i:38_j:5,33.53393,0.0,hdslay1_t3,38,5,hdslay1,arr,,,,,,
oname:hdslay1_t3_otype:arr_i:38_j:6,33.53333,0.0,hdslay1_t3,38,6,hdslay1,arr,,,,,,
oname:hdslay1_t3_otype:arr_i:38_j:7,33.52233,0.0,hdslay1_t3,38,7,hdslay1,arr,,,,,,
oname:hdslay1_t3_otype:arr_i:38_j:8,33.51448,0.0,hdslay1_t3,38,8,hdslay1,arr,,,,,,
oname:hdslay1_t3_otype:arr_i:38_j:9,33.50339,0.0,hdslay1_t3,38,9,hdslay1,arr,,,,,,
oname:hdslay1_t3_otype:arr_i:39_j:0,1e+30,0.0,hdslay1_t3,39,0,hdslay1,arr,,,,,,
oname:hdslay1_t3_otype:arr_i:39_j:1,1e+30,0.0,hdslay1_t3,39,1,hdslay1,arr,,,,,,
oname:hdslay1_t3_otype:arr_i:39_j:10,33.39335,0.0,hdslay1_t3,39,10,hdslay1,arr,,,,,,
oname:hdslay1_t3_otype:arr_i:39_j:11,33.40064,0.0,hdslay1_t3,39,11,hdslay1,arr,,,,,,
oname:hdslay1_t3_otype:arr_i:39_j:12,33.42109,0.0,hdslay1_t3,39,12,hdslay1,arr,,,,,,
oname:hdslay1_t3_otype:arr_i:39_j:13,33.45866,0.0,hdslay1_t3,39,13,hdslay1,arr,,,,,,
oname:hdslay1_t3_otype:arr_i:39_j:14,33.50272,0.0,hdslay1_t3,39,14,hdslay1,arr,,,,,,
oname:hdslay1_t3_otype:arr_i:39_j:15,33.56266,0.0,hdslay1_t3,39,15,hdslay1,arr,,,,,,
oname:hdslay1_t3_otype:arr_i:39_j:16,1e+30,0.0,hdslay1_t3,39,16,hdslay1,arr,,,,,,
oname:hdslay1_t3_otype:arr_i:39_j:17,1e+30,0.0,hdslay1_t3,39,17,hdslay1,arr,,,,,,
oname:hdslay1_t3_otype:arr_i:39_j:18,1e+30,0.0,hdslay1_t3,39,18,hdslay1,arr,,,,,,
oname:hdslay1_t3_otype:arr_i:39_j:19,1e+30,0.0,hdslay1_t3,39,19,hdslay1,arr,,,,,,
oname:hdslay1_t3_otype:arr_i:39_j:2,1e+30,0.0,hdslay1_t3,39,2,hdslay1,arr,,,,,,
oname:hdslay1_t3_otype:arr_i:39_j:3,1e+30,0.0,hdslay1_t3,39,3,hdslay1,arr,,,,,,
oname:hdslay1_t3_otype:arr_i:39_j:4,1e+30,0.0,hdslay1_t3,39,4,hdslay1,arr,,,,,,
oname:hdslay1_t3_otype:arr_i:39_j:5,33.46302,0.0,hdslay1_t3,39,5,hdslay1,arr,,,,,,
oname:hdslay1_t3_otype:arr_i:39_j:6,33.45597,0.0,hdslay1_t3,39,6,hdslay1,arr,,,,,,
oname:hdslay1_t3_otype:arr_i:39_j:7,33.45149,0.0,hdslay1_t3,39,7,hdslay1,arr,,,,,,
oname:hdslay1_t3_otype:arr_i:39_j:8,33.44108,0.0,hdslay1_t3,39,8,hdslay1,arr,,,,,,
oname:hdslay1_t3_otype:arr_i:39_j:9,33.42143,0.0,hdslay1_t3,39,9,hdslay1,arr,,,,,,
oname:hdslay1_t3_otype:arr_i:3_j:0,35.23017,0.0,hdslay1_t3,3,0,hdslay1,arr,,,,,,
oname:hdslay1_t3_otype:arr_i:3_j:1,35.22434,0.0,hdslay1_t3,3,1,hdslay1,arr,,,,,,
oname:hdslay1_t3_otype:arr_i:3_j:10,34.51772,0.0,hdslay1_t3,3,10,hdslay1,arr,,,,,,
oname:hdslay1_t3_otype:arr_i:3_j:11,34.46004,0.0,hdslay1_t3,3,11,hdslay1,arr,,,,,,
oname:hdslay1_t3_otype:arr_i:3_j:12,34.40218,0.0,hdslay1_t3,3,12,hdslay1,arr,,,,,,
oname:hdslay1_t3_otype:arr_i:3_j:13,34.33839,0.0,hdslay1_t3,3,13,hdslay1,arr,,,,,,
oname:hdslay1_t3_otype:arr_i:3_j:14,34.28439,0.0,hdslay1_t3,3,14,hdslay1,arr,,,,,,
oname:hdslay1_t3_otype:arr_i:3_j:15,34.23729,0.0,hdslay1_t3,3,15,hdslay1,arr,,,,,,
oname:hdslay1_t3_otype:arr_i:3_j:16,34.2247,0.0,hdslay1_t3,3,16,hdslay1,arr,,,,,,
oname:hdslay1_t3_otype:arr_i:3_j:17,34.21382,0.0,hdslay1_t3,3,17,hdslay1,arr,,,,,,
oname:hdslay1_t3_otype:arr_i:3_j:18,34.20715,0.0,hdslay1_t3,3,18,hdslay1,arr,,,,,,
oname:hdslay1_t3_otype:arr_i:3_j:19,34.20424,0.0,hdslay1_t3,3,19,hdslay1,arr,,,,,,
oname:hdslay1_t3_otype:arr_i:3_j:2,35.212,0.0,hdslay1_t3,3,2,hdslay1,arr,,,,,,
oname:hdslay1_t3_otype:arr_i:3_j:3,35.17336,0.0,hdslay1_t3,3,3,hdslay1,arr,,,,,,
oname:hdslay1_t3_otype:arr_i:3_j:4,35.1081,0.0,hdslay1_t3,3,4,hdslay1,arr,,,,,,
oname:hdslay1_t3_otype:arr_i:3_j:5,35.0188,0.0,hdslay1_t3,3,5,hdslay1,arr,,,,,,
oname:hdslay1_t3_otype:arr_i:3_j:6,34.90211,0.0,hdslay1_t3,3,6,hdslay1,arr,,,,,,
oname:hdslay1_t3_otype:arr_i:3_j:7,34.77962,0.0,hdslay1_t3,3,7,hdslay1,arr,,,,,,
oname:hdslay1_t3_otype:arr_i:3_j:8,34.67177,0.0,hdslay1_t3,3,8,hdslay1,arr,,,,,,
oname:hdslay1_t3_otype:arr_i:3_j:9,34.587,0.0,hdslay1_t3,3,9,hdslay1,arr,,,,,,
oname:hdslay1_t3_otype:arr_i:4_j:0,35.21299,0.0,hdslay1_t3,4,0,hdslay1,arr,,,,,,
oname:hdslay1_t3_otype:arr_i:4_j:1,35.20853,0.0,hdslay1_t3,4,1,hdslay1,arr,,,,,,
oname:hdslay1_t3_otype:arr_i:4_j:10,34.52146,0.0,hdslay1_t3,4,10,hdslay1,arr,,,,,,
oname:hdslay1_t3_otype:arr_i:4_j:11,34.45824,0.0,hdslay1_t3,4,11,hdslay1,arr,,,,,,
oname:hdslay1_t3_otype:arr_i:4_j:12,34.38561,0.0,hdslay1_t3,4,12,hdslay1,arr,,,,,,
oname:hdslay1_t3_otype:arr_i:4_j:13,34.31685,0.0,hdslay1_t3,4,13,hdslay1,arr,,,,,,
oname:hdslay1_t3_otype:arr_i:4_j:14,34.26212,0.0,hdslay1_t3,4,14,hdslay1,arr,,,,,,
oname:hdslay1_t3_otype:arr_i:4_j:15,34.21667,0.0,hdslay1_t3,4,15,hdslay1,arr,,,,,,
oname:hdslay1_t3_otype:arr_i:4_j:16,34.20014,0.0,hdslay1_t3,4,16,hdslay1,arr,,,,,,
oname:hdslay1_t3_otype:arr_i:4_j:17,34.18964,0.0,hdslay1_t3,4,17,hdslay1,arr,,,,,,
oname:hdslay1_t3_otype:arr_i:4_j:18,34.18609,0.0,hdslay1_t3,4,18,hdslay1,arr,,,,,,
oname:hdslay1_t3_otype:arr_i:4_j:19,34.18572,0.0,hdslay1_t3,4,19,hdslay1,arr,,,,,,
oname:hdslay1_t3_otype:arr_i:4_j:2,35.19938,0.0,hdslay1_t3,4,2,hdslay1,arr,,,,,,
oname:hdslay1_t3_otype:arr_i:4_j:3,35.16894,0.0,hdslay1_t3,4,3,hdslay1,arr,,,,,,
oname:hdslay1_t3_otype:arr_i:4_j:4,35.1164,0.0,hdslay1_t3,4,4,hdslay1,arr,,,,,,
oname:hdslay1_t3_otype:arr_i:4_j:5,35.03704,0.0,hdslay1_t3,4,5,hdslay1,arr,,,,,,
oname:hdslay1_t3_otype:arr_i:4_j:6,34.93853,0.0,hdslay1_t3,4,6,hdslay1,arr,,,,,,
oname:hdslay1_t3_otype:arr_i:4_j:7,34.81241,0.0,hdslay1_t3,4,7,hdslay1,arr,,,,,,
oname:hdslay1_t3_otype:arr_i:4_j:8,34.6921,0.0,hdslay1_t3,4,8,hdslay1,arr,,,,,,
oname:hdslay1_t3_otype:arr_i:4_j:9,34.59808,0.0,hdslay1_t3,4,9,hdslay1,arr,,,,,,
oname:hdslay1_t3_otype:arr_i:5_j:0,35.19387,0.0,hdslay1_t3,5,0,hdslay1,arr,,,,,,
oname:hdslay1_t3_otype:arr_i:5_j:1,35.19105,0.0,hdslay1_t3,5,1,hdslay1,arr,,,,,,
oname:hdslay1_t3_otype:arr_i:5_j:10,34.5174,0.0,hdslay1_t3,5,10,hdslay1,arr,,,,,,
oname:hdslay1_t3_otype:arr_i:5_j:11,34.44456,0.0,hdslay1_t3,5,11,hdslay1,arr,,,,,,
oname:hdslay1_t3_otype:arr_i:5_j:12,34.36493,0.0,hdslay1_t3,5,12,hdslay1,arr,,,,,,
oname:hdslay1_t3_otype:arr_i:5_j:13,34.29074,0.0,hdslay1_t3,5,13,hdslay1,arr,,,,,,
oname:hdslay1_t3_otype:arr_i:5_j:14,34.23027,0.0,hdslay1_t3,5,14,hdslay1,arr,,,,,,
oname:hdslay1_t3_otype:arr_i:5_j:15,34.18513,0.0,hdslay1_t3,5,15,hdslay1,arr,,,,,,
oname:hdslay1_t3_otype:arr_i:5_j:16,34.17229,0.0,hdslay1_t3,5,16,hdslay1,arr,,,,,,
oname:hdslay1_t3_otype:arr_i:5_j:17,34.16302,0.0,hdslay1_t3,5,17,hdslay1,arr,,,,,,
oname:hdslay1_t3_otype:arr_i:5_j:18,34.16244,0.0,hdslay1_t3,5,18,hdslay1,arr,,,,,,
oname:hdslay1_t3_otype:arr_i:5_j:19,34.16492,0.0,hdslay1_t3,5,19,hdslay1,arr,,,,,,
oname:hdslay1_t3_otype:arr_i:5_j:2,35.18069,0.0,hdslay1_t3,5,2,hdslay1,arr,,,,,,
oname:hdslay1_t3_otype:arr_i:5_j:3,35.15553,0.0,hdslay1_t3,5,3,hdslay1,arr,,,,,,
oname:hdslay1_t3_otype:arr_i:5_j:4,35.1142,0.0,hdslay1_t3,5,4,hdslay1,arr,,,,,,
oname:hdslay1_t3_otype:arr_i:5_j:5,35.04479,0.0,hdslay1_t3,5,5,hdslay1,arr,,,,,,
oname:hdslay1_t3_otype:arr_i:5_j:6,34.94953,0.0,hdslay1_t3,5,6,hdslay1,arr,,,,,,
oname:hdslay1_t3_otype:arr_i:5_j:7,34.84012,0.0,hdslay1_t3,5,7,hdslay1,arr,,,,,,
oname:hdslay1_t3_otype:arr_i:5_j:8,34.72283,0.0,hdslay1_t3,5,8,hdslay1,arr,,,,,,
oname:hdslay1_t3_otype:arr_i:5_j:9,34.60506,0.0,hdslay1_t3,5,9,hdslay1,arr,,,,,,
oname:hdslay1_t3_otype:arr_i:6_j:0,35.18233,0.0,hdslay1_t3,6,0,hdslay1,arr,,,,,,
oname:hdslay1_t3_otype:arr_i:6_j:1,35.17961,0.0,hdslay1_t3,6,1,hdslay1,arr,,,,,,
oname:hdslay1_t3_otype:arr_i:6_j:10,34.49292,0.0,hdslay1_t3,6,10,hdslay1,arr,,,,,,
oname:hdslay1_t3_otype:arr_i:6_j:11,34.41402,0.0,hdslay1_t3,6,11,hdslay1,arr,,,,,,
oname:hdslay1_t3_otype:arr_i:6_j:12,34.32475,0.0,hdslay1_t3,6,12,hdslay1,arr,,,,,,
oname:hdslay1_t3_otype:arr_i:6_j:13,34.24347,0.0,hdslay1_t3,6,13,hdslay1,arr,,,,,,
oname:hdslay1_t3_otype:arr_i:6_j:14,34.18705,0.0,hdslay1_t3,6,14,hdslay1,arr,,,,,,
oname:hdslay1_t3_otype:arr_i:6_j:15,34.14522,0.0,hdslay1_t3,6,15,hdslay1,arr,,,,,,
oname:hdslay1_t3_otype:arr_i:6_j:16,34.13822,0.0,hdslay1_t3,6,16,hdslay1,arr,,,,,,
oname:hdslay1_t3_otype:arr_i:6_j:17,34.13225,0.0,hdslay1_t3,6,17,hdslay1,arr,,,,,,
oname:hdslay1_t3_otype:arr_i:6_j:18,34.13223,0.0,hdslay1_t3,6,18,hdslay1,arr,,,,,,
oname:hdslay1_t3_otype:arr_i:6_j:19,34.1324,0.0,hdslay1_t3,6,19,hdslay1,arr,,,,,,
oname:hdslay1_t3_otype:arr_i:6_j:2,35.17171,0.0,hdslay1_t3,6,2,hdslay1,arr,,,,,,
oname:hdslay1_t3_otype:arr_i:6_j:3,35.15287,0.0,hdslay1_t3,6,3,hdslay1,arr,,,,,,
oname:hdslay1_t3_otype:arr_i:6_j:4,35.11655,0.0,hdslay1_t3,6,4,hdslay1,arr,,,,,,
oname:hdslay1_t3_otype:arr_i:6_j:5,35.04354,0.0,hdslay1_t3,6,5,hdslay1,arr,,,,,,
oname:hdslay1_t3_otype:arr_i:6_j:6,34.94044,0.0,hdslay1_t3,6,6,hdslay1,arr,,,,,,
oname:hdslay1_t3_otype:arr_i:6_j:7,34.83052,0.0,hdslay1_t3,6,7,hdslay1,arr,,,,,,
oname:hdslay1_t3_otype:arr_i:6_j:8,34.71267,0.0,hdslay1_t3,6,8,hdslay1,arr,,,,,,
oname:hdslay1_t3_otype:arr_i:6_j:9,34.58775,0.0,hdslay1_t3,6,9,hdslay1,arr,,,,,,
oname:hdslay1_t3_otype:arr_i:7_j:0,35.17464,0.0,hdslay1_t3,7,0,hdslay1,arr,,,,,,
oname:hdslay1_t3_otype:arr_i:7_j:1,35.17286,0.0,hdslay1_t3,7,1,hdslay1,arr,,,,,,
oname:hdslay1_t3_otype:arr_i:7_j:10,34.44013,0.0,hdslay1_t3,7,10,hdslay1,arr,,,,,,
oname:hdslay1_t3_otype:arr_i:7_j:11,34.36001,0.0,hdslay1_t3,7,11,hdslay1,arr,,,,,,
oname:hdslay1_t3_otype:arr_i:7_j:12,34.2618,0.0,hdslay1_t3,7,12,hdslay1,arr,,,,,,
oname:hdslay1_t3_otype:arr_i:7_j:13,34.18174,0.0,hdslay1_t3,7,13,hdslay1,arr,,,,,,
oname:hdslay1_t3_otype:arr_i:7_j:14,34.13153,0.0,hdslay1_t3,7,14,hdslay1,arr,,,,,,
oname:hdslay1_t3_otype:arr_i:7_j:15,34.09624,0.0,hdslay1_t3,7,15,hdslay1,arr,,,,,,
oname:hdslay1_t3_otype:arr_i:7_j:16,34.08474,0.0,hdslay1_t3,7,16,hdslay1,arr,,,,,,
oname:hdslay1_t3_otype:arr_i:7_j:17,34.09179,0.0,hdslay1_t3,7,17,hdslay1,arr,,,,,,
oname:hdslay1_t3_otype:arr_i:7_j:18,34.09451,0.0,hdslay1_t3,7,18,hdslay1,arr,,,,,,
oname:hdslay1_t3_otype:arr_i:7_j:19,34.09467,0.0,hdslay1_t3,7,19,hdslay1,arr,,,,,,
oname:hdslay1_t3_otype:arr_i:7_j:2,35.16769,0.0,hdslay1_t3,7,2,hdslay1,arr,,,,,,
oname:hdslay1_t3_otype:arr_i:7_j:3,35.15559,0.0,hdslay1_t3,7,3,hdslay1,arr,,,,,,
oname:hdslay1_t3_otype:arr_i:7_j:4,35.11556,0.0,hdslay1_t3,7,4,hdslay1,arr,,,,,,
oname:hdslay1_t3_otype:arr_i:7_j:5,35.03831,0.0,hdslay1_t3,7,5,hdslay1,arr,,,,,,
oname:hdslay1_t3_otype:arr_i:7_j:6,34.93965,0.0,hdslay1_t3,7,6,hdslay1,arr,,,,,,
oname:hdslay1_t3_otype:arr_i:7_j:7,34.80406,0.0,hdslay1_t3,7,7,hdslay1,arr,,,,,,
oname:hdslay1_t3_otype:arr_i:7_j:8,34.6512,0.0,hdslay1_t3,7,8,hdslay1,arr,,,,,,
oname:hdslay1_t3_otype:arr_i:7_j:9,34.52444,0.0,hdslay1_t3,7,9,hdslay1,arr,,,,,,
oname:hdslay1_t3_otype:arr_i:8_j:0,35.16751,0.0,hdslay1_t3,8,0,hdslay1,arr,,,,,,
oname:hdslay1_t3_otype:arr_i:8_j:1,35.16703,0.0,hdslay1_t3,8,1,hdslay1,arr,,,,,,
oname:hdslay1_t3_otype:arr_i:8_j:10,34.35735,0.0,hdslay1_t3,8,10,hdslay1,arr,,,,,,
oname:hdslay1_t3_otype:arr_i:8_j:11,34.27228,0.0,hdslay1_t3,8,11,hdslay1,arr,,,,,,
oname:hdslay1_t3_otype:arr_i:8_j:12,34.17684,0.0,hdslay1_t3,8,12,hdslay1,arr,,,,,,
oname:hdslay1_t3_otype:arr_i:8_j:13,34.11194,0.0,hdslay1_t3,8,13,hdslay1,arr,,,,,,
oname:hdslay1_t3_otype:arr_i:8_j:14,34.07013,0.0,hdslay1_t3,8,14,hdslay1,arr,,,,,,
oname:hdslay1_t3_otype:arr_i:8_j:15,34.03825,0.0,hdslay1_t3,8,15,hdslay1,arr,,,,,,
oname:hdslay1_t3_otype:arr_i:8_j:16,34.01563,0.0,hdslay1_t3,8,16,hdslay1,arr,,,,,,
oname:hdslay1_t3_otype:arr_i:8_j:17,34.03785,0.0,hdslay1_t3,8,17,hdslay1,arr,,,,,,
oname:hdslay1_t3_otype:arr_i:8_j:18,34.05618,0.0,hdslay1_t3,8,18,hdslay1,arr,,,,,,
oname:hdslay1_t3_otype:arr_i:8_j:19,34.06235,0.0,hdslay1_t3,8,19,hdslay1,arr,,,,,,
oname:hdslay1_t3_otype:arr_i:8_j:2,35.16561,0.0,hdslay1_t3,8,2,hdslay1,arr,,,,,,
oname:hdslay1_t3_otype:arr_i:8_j:3,35.1627,0.0,hdslay1_t3,8,3,hdslay1,arr,,,,,,
oname:hdslay1_t3_otype:arr_i:8_j:4,1e+30,0.0,hdslay1_t3,8,4,hdslay1,arr,,,,,,
oname:hdslay1_t3_otype:arr_i:8_j:5,1e+30,0.0,hdslay1_t3,8,5,hdslay1,arr,,,,,,
oname:hdslay1_t3_otype:arr_i:8_j:6,1e+30,0.0,hdslay1_t3,8,6,hdslay1,arr,,,,,,
oname:hdslay1_t3_otype:arr_i:8_j:7,34.68475,0.0,hdslay1_t3,8,7,hdslay1,arr,,,,,,
oname:hdslay1_t3_otype:arr_i:8_j:8,34.53014,0.0,hdslay1_t3,8,8,hdslay1,arr,,,,,,
oname:hdslay1_t3_otype:arr_i:8_j:9,34.43467,0.0,hdslay1_t3,8,9,hdslay1,arr,,,,,,
oname:hdslay1_t3_otype:arr_i:9_j:0,35.15796,0.0,hdslay1_t3,9,0,hdslay1,arr,,,,,,
oname:hdslay1_t3_otype:arr_i:9_j:1,35.15581,0.0,hdslay1_t3,9,1,hdslay1,arr,,,,,,
oname:hdslay1_t3_otype:arr_i:9_j:10,34.26215,0.0,hdslay1_t3,9,10,hdslay1,arr,,,,,,
oname:hdslay1_t3_otype:arr_i:9_j:11,34.18034,0.0,hdslay1_t3,9,11,hdslay1,arr,,,,,,
oname:hdslay1_t3_otype:arr_i:9_j:12,34.10263,0.0,hdslay1_t3,9,12,hdslay1,arr,,,,,,
oname:hdslay1_t3_otype:arr_i:9_j:13,34.05372,0.0,hdslay1_t3,9,13,hdslay1,arr,,,,,,
oname:hdslay1_t3_otype:arr_i:9_j:14,34.02332,0.0,hdslay1_t3,9,14,hdslay1,arr,,,,,,
oname:hdslay1_t3_otype:arr_i:9_j:15,33.99566,0.0,hdslay1_t3,9,15,hdslay1,arr,,,,,,
oname:hdslay1_t3_otype:arr_i:9_j:16,33.91199,0.0,hdslay1_t3,9,16,hdslay1,arr,,,,,,
oname:hdslay1_t3_otype:arr_i:9_j:17,33.99607,0.0,hdslay1_t3,9,17,hdslay1,arr,,,,,,
oname:hdslay1_t3_otype:arr_i:9_j:18,34.02815,0.0,hdslay1_t3,9,18,hdslay1,arr,,,,,,
oname:hdslay1_t3_otype:arr_i:9_j:19,34.04118,0.0,hdslay1_t3,9,19,hdslay1,arr,,,,,,
oname:hdslay1_t3_otype:arr_i:9_j:2,35.15562,0.0,hdslay1_t3,9,2,hdslay1,arr,,,,,,
oname:hdslay1_t3_otype:arr_i:9_j:3,35.15253,0.0,hdslay1_t3,9,3,hdslay1,arr,,,,,,
oname:hdslay1_t3_otype:arr_i:9_j:4,1e+30,0.0,hdslay1_t3,9,4,hdslay1,arr,,,,,,
oname:hdslay1_t3_otype:arr_i:9_j:5,1e+30,0.0,hdslay1_t3,9,5,hdslay1,arr,,,,,,
oname:hdslay1_t3_otype:arr_i:9_j:6,1e+30,0.0,hdslay1_t3,9,6,hdslay1,arr,,,,,,
oname:hdslay1_t3_otype:arr_i:9_j:7,1e+30,0.0,hdslay1_t3,9,7,hdslay1,arr,,,,,,
oname:hdslay1_t3_otype:arr_i:9_j:8,34.36606,0.0,hdslay1_t3,9,8,hdslay1,arr,,,,,,
oname:hdslay1_t3_otype:arr_i:9_j:9,34.32167,0.0,hdslay1_t3,9,9,hdslay1,arr,,,,,,
oname:hdslay1_t4_otype:arr_i:0_j:0,35.52857,0.0,hdslay1_t4,0,0,hdslay1,arr,,,,,,
oname:hdslay1_t4_otype:arr_i:0_j:1,35.513,0.0,hdslay1_t4,0,1,hdslay1,arr,,,,,,
oname:hdslay1_t4_otype:arr_i:0_j:10,34.63469,0.0,hdslay1_t4,0,10,hdslay1,arr,,,,,,
oname:hdslay1_t4_otype:arr_i:0_j:11,34.56509,0.0,hdslay1_t4,0,11,hdslay1,arr,,,,,,
oname:hdslay1_t4_otype:arr_i:0_j:12,34.50797,0.0,hdslay1_t4,0,12,hdslay1,arr,,,,,,
oname:hdslay1_t4_otype:arr_i:0_j:13,34.45044,0.0,hdslay1_t4,0,13,hdslay1,arr,,,,,,
oname:hdslay1_t4_otype:arr_i:0_j:14,34.39048,0.0,hdslay1_t4,0,14,hdslay1,arr,,,,,,
oname:hdslay1_t4_otype:arr_i:0_j:15,34.31807,0.0,hdslay1_t4,0,15,hdslay1,arr,,,,,,
oname:hdslay1_t4_otype:arr_i:0_j:16,34.31665,0.0,hdslay1_t4,0,16,hdslay1,arr,,,,,,
oname:hdslay1_t4_otype:arr_i:0_j:17,34.3158,0.0,hdslay1_t4,0,17,hdslay1,arr,,,,,,
oname:hdslay1_t4_otype:arr_i:0_j:18,34.31486,0.0,hdslay1_t4,0,18,hdslay1,arr,,,,,,
oname:hdslay1_t4_otype:arr_i:0_j:19,34.31403,0.0,hdslay1_t4,0,19,hdslay1,arr,,,,,,
oname:hdslay1_t4_otype:arr_i:0_j:2,35.47317,0.0,hdslay1_t4,0,2,hdslay1,arr,,,,,,
oname:hdslay1_t4_otype:arr_i:0_j:3,35.42206,0.0,hdslay1_t4,0,3,hdslay1,arr,,,,,,
oname:hdslay1_t4_otype:arr_i:0_j:4,35.33376,0.0,hdslay1_t4,0,4,hdslay1,arr,,,,,,
oname:hdslay1_t4_otype:arr_i:0_j:5,35.20255,0.0,hdslay1_t4,0,5,hdslay1,arr,,,,,,
oname:hdslay1_t4_otype:arr_i:0_j:6,35.04446,0.0,hdslay1_t4,0,6,hdslay1,arr,,,,,,
oname:hdslay1_t4_otype:arr_i:0_j:7,34.9095,0.0,hdslay1_t4,0,7,hdslay1,arr,,,,,,
oname:hdslay1_t4_otype:arr_i:0_j:8,34.79683,0.0,hdslay1_t4,0,8,hdslay1,arr,,,,,,
oname:hdslay1_t4_otype:arr_i:0_j:9,34.70746,0.0,hdslay1_t4,0,9,hdslay1,arr,,,,,,
oname:hdslay1_t4_otype:arr_i:10_j:0,35.38732,0.0,hdslay1_t4,10,0,hdslay1,arr,,,,,,
oname:hdslay1_t4_otype:arr_i:10_j:1,35.38291,0.0,hdslay1_t4,10,1,hdslay1,arr,,,,,,
oname:hdslay1_t4_otype:arr_i:10_j:10,34.2776,0.0,hdslay1_t4,10,10,hdslay1,arr,,,,,,
oname:hdslay1_t4_otype:arr_i:10_j:11,34.1984,0.0,hdslay1_t4,10,11,hdslay1,arr,,,,,,
oname:hdslay1_t4_otype:arr_i:10_j:12,34.12613,0.0,hdslay1_t4,10,12,hdslay1,arr,,,,,,
oname:hdslay1_t4_otype:arr_i:10_j:13,34.07406,0.0,hdslay1_t4,10,13,hdslay1,arr,,,,,,
oname:hdslay1_t4_otype:arr_i:10_j:14,34.06616,0.0,hdslay1_t4,10,14,hdslay1,arr,,,,,,
oname:hdslay1_t4_otype:arr_i:10_j:15,34.05537,0.0,hdslay1_t4,10,15,hdslay1,arr,,,,,,
oname:hdslay1_t4_otype:arr_i:10_j:16,34.04992,0.0,hdslay1_t4,10,16,hdslay1,arr,,,,,,
oname:hdslay1_t4_otype:arr_i:10_j:17,34.07323,0.0,hdslay1_t4,10,17,hdslay1,arr,,,,,,
oname:hdslay1_t4_otype:arr_i:10_j:18,34.09299,0.0,hdslay1_t4,10,18,hdslay1,arr,,,,,,
oname:hdslay1_t4_otype:arr_i:10_j:19,34.10299,0.0,hdslay1_t4,10,19,hdslay1,arr,,,,,,
oname:hdslay1_t4_otype:arr_i:10_j:2,35.37997,0.0,hdslay1_t4,10,2,hdslay1,arr,,,,,,
oname:hdslay1_t4_otype:arr_i:10_j:3,35.37498,0.0,hdslay1_t4,10,3,hdslay1,arr,,,,,,
oname:hdslay1_t4_otype:arr_i:10_j:4,1e+30,0.0,hdslay1_t4,10,4,hdslay1,arr,,,,,,
oname:hdslay1_t4_otype:arr_i:10_j:5,1e+30,0.0,hdslay1_t4,10,5,hdslay1,arr,,,,,,
oname:hdslay1_t4_otype:arr_i:10_j:6,1e+30,0.0,hdslay1_t4,10,6,hdslay1,arr,,,,,,
oname:hdslay1_t4_otype:arr_i:10_j:7,1e+30,0.0,hdslay1_t4,10,7,hdslay1,arr,,,,,,
oname:hdslay1_t4_otype:arr_i:10_j:8,34.36255,0.0,hdslay1_t4,10,8,hdslay1,arr,,,,,,
oname:hdslay1_t4_otype:arr_i:10_j:9,34.33045,0.0,hdslay1_t4,10,9,hdslay1,arr,,,,,,
oname:hdslay1_t4_otype:arr_i:11_j:0,35.33779,0.0,hdslay1_t4,11,0,hdslay1,arr,,,,,,
oname:hdslay1_t4_otype:arr_i:11_j:1,35.3339,0.0,hdslay1_t4,11,1,hdslay1,arr,,,,,,
oname:hdslay1_t4_otype:arr_i:11_j:10,34.23078,0.0,hdslay1_t4,11,10,hdslay1,arr,,,,,,
oname:hdslay1_t4_otype:arr_i:11_j:11,34.16468,0.0,hdslay1_t4,11,11,hdslay1,arr,,,,,,
oname:hdslay1_t4_otype:arr_i:11_j:12,34.09464,0.0,hdslay1_t4,11,12,hdslay1,arr,,,,,,
oname:hdslay1_t4_otype:arr_i:11_j:13,34.00192,0.0,hdslay1_t4,11,13,hdslay1,arr,,,,,,
oname:hdslay1_t4_otype:arr_i:11_j:14,34.0495,0.0,hdslay1_t4,11,14,hdslay1,arr,,,,,,
oname:hdslay1_t4_otype:arr_i:11_j:15,34.05512,0.0,hdslay1_t4,11,15,hdslay1,arr,,,,,,
oname:hdslay1_t4_otype:arr_i:11_j:16,34.0681,0.0,hdslay1_t4,11,16,hdslay1,arr,,,,,,
oname:hdslay1_t4_otype:arr_i:11_j:17,34.08528,0.0,hdslay1_t4,11,17,hdslay1,arr,,,,,,
oname:hdslay1_t4_otype:arr_i:11_j:18,34.09965,0.0,hdslay1_t4,11,18,hdslay1,arr,,,,,,
oname:hdslay1_t4_otype:arr_i:11_j:19,34.10667,0.0,hdslay1_t4,11,19,hdslay1,arr,,,,,,
oname:hdslay1_t4_otype:arr_i:11_j:2,35.3287,0.0,hdslay1_t4,11,2,hdslay1,arr,,,,,,
oname:hdslay1_t4_otype:arr_i:11_j:3,35.32841,0.0,hdslay1_t4,11,3,hdslay1,arr,,,,,,
oname:hdslay1_t4_otype:arr_i:11_j:4,1e+30,0.0,hdslay1_t4,11,4,hdslay1,arr,,,,,,
oname:hdslay1_t4_otype:arr_i:11_j:5,1e+30,0.0,hdslay1_t4,11,5,hdslay1,arr,,,,,,
oname:hdslay1_t4_otype:arr_i:11_j:6,1e+30,0.0,hdslay1_t4,11,6,hdslay1,arr,,,,,,
oname:hdslay1_t4_otype:arr_i:11_j:7,1e+30,0.0,hdslay1_t4,11,7,hdslay1,arr,,,,,,
oname:hdslay1_t4_otype:arr_i:11_j:8,34.29596,0.0,hdslay1_t4,11,8,hdslay1,arr,,,,,,
oname:hdslay1_t4_otype:arr_i:11_j:9,34.27463,0.0,hdslay1_t4,11,9,hdslay1,arr,,,,,,
oname:hdslay1_t4_otype:arr_i:12_j:0,35.28224,0.0,hdslay1_t4,12,0,hdslay1,arr,,,,,,
oname:hdslay1_t4_otype:arr_i:12_j:1,35.27733,0.0,hdslay1_t4,12,1,hdslay1,arr,,,,,,
oname:hdslay1_t4_otype:arr_i:12_j:10,34.21405,0.0,hdslay1_t4,12,10,hdslay1,arr,,,,,,
oname:hdslay1_t4_otype:arr_i:12_j:11,34.16358,0.0,hdslay1_t4,12,11,hdslay1,arr,,,,,,
oname:hdslay1_t4_otype:arr_i:12_j:12,34.11045,0.0,hdslay1_t4,12,12,hdslay1,arr,,,,,,
oname:hdslay1_t4_otype:arr_i:12_j:13,34.06871,0.0,hdslay1_t4,12,13,hdslay1,arr,,,,,,
oname:hdslay1_t4_otype:arr_i:12_j:14,34.06576,0.0,hdslay1_t4,12,14,hdslay1,arr,,,,,,
oname:hdslay1_t4_otype:arr_i:12_j:15,34.0646,0.0,hdslay1_t4,12,15,hdslay1,arr,,,,,,
oname:hdslay1_t4_otype:arr_i:12_j:16,34.08107,0.0,hdslay1_t4,12,16,hdslay1,arr,,,,,,
oname:hdslay1_t4_otype:arr_i:12_j:17,34.09572,0.0,hdslay1_t4,12,17,hdslay1,arr,,,,,,
oname:hdslay1_t4_otype:arr_i:12_j:18,34.10864,0.0,hdslay1_t4,12,18,hdslay1,arr,,,,,,
oname:hdslay1_t4_otype:arr_i:12_j:19,34.11458,0.0,hdslay1_t4,12,19,hdslay1,arr,,,,,,
oname:hdslay1_t4_otype:arr_i:12_j:2,35.27293,0.0,hdslay1_t4,12,2,hdslay1,arr,,,,,,
oname:hdslay1_t4_otype:arr_i:12_j:3,35.26779,0.0,hdslay1_t4,12,3,hdslay1,arr,,,,,,
oname:hdslay1_t4_otype:arr_i:12_j:4,1e+30,0.0,hdslay1_t4,12,4,hdslay1,arr,,,,,,
oname:hdslay1_t4_otype:arr_i:12_j:5,1e+30,0.0,hdslay1_t4,12,5,hdslay1,arr,,,,,,
oname:hdslay1_t4_otype:arr_i:12_j:6,1e+30,0.0,hdslay1_t4,12,6,hdslay1,arr,,,,,,
oname:hdslay1_t4_otype:arr_i:12_j:7,1e+30,0.0,hdslay1_t4,12,7,hdslay1,arr,,,,,,
oname:hdslay1_t4_otype:arr_i:12_j:8,34.2637,0.0,hdslay1_t4,12,8,hdslay1,arr,,,,,,
oname:hdslay1_t4_otype:arr_i:12_j:9,34.24498,0.0,hdslay1_t4,12,9,hdslay1,arr,,,,,,
oname:hdslay1_t4_otype:arr_i:13_j:0,35.22227,0.0,hdslay1_t4,13,0,hdslay1,arr,,,,,,
oname:hdslay1_t4_otype:arr_i:13_j:1,35.21895,0.0,hdslay1_t4,13,1,hdslay1,arr,,,,,,
oname:hdslay1_t4_otype:arr_i:13_j:10,34.20749,0.0,hdslay1_t4,13,10,hdslay1,arr,,,,,,
oname:hdslay1_t4_otype:arr_i:13_j:11,34.17093,0.0,hdslay1_t4,13,11,hdslay1,arr,,,,,,
oname:hdslay1_t4_otype:arr_i:13_j:12,34.12857,0.0,hdslay1_t4,13,12,hdslay1,arr,,,,,,
oname:hdslay1_t4_otype:arr_i:13_j:13,34.09787,0.0,hdslay1_t4,13,13,hdslay1,arr,,,,,,
oname:hdslay1_t4_otype:arr_i:13_j:14,34.08307,0.0,hdslay1_t4,13,14,hdslay1,arr,,,,,,
oname:hdslay1_t4_otype:arr_i:13_j:15,34.07393,0.0,hdslay1_t4,13,15,hdslay1,arr,,,,,,
oname:hdslay1_t4_otype:arr_i:13_j:16,34.09107,0.0,hdslay1_t4,13,16,hdslay1,arr,,,,,,
oname:hdslay1_t4_otype:arr_i:13_j:17,34.10433,0.0,hdslay1_t4,13,17,hdslay1,arr,,,,,,
oname:hdslay1_t4_otype:arr_i:13_j:18,34.11715,0.0,hdslay1_t4,13,18,hdslay1,arr,,,,,,
oname:hdslay1_t4_otype:arr_i:13_j:19,34.12393,0.0,hdslay1_t4,13,19,hdslay1,arr,,,,,,
oname:hdslay1_t4_otype:arr_i:13_j:2,35.21098,0.0,hdslay1_t4,13,2,hdslay1,arr,,,,,,
oname:hdslay1_t4_otype:arr_i:13_j:3,35.20078,0.0,hdslay1_t4,13,3,hdslay1,arr,,,,,,
oname:hdslay1_t4_otype:arr_i:13_j:4,1e+30,0.0,hdslay1_t4,13,4,hdslay1,arr,,,,,,
oname:hdslay1_t4_otype:arr_i:13_j:5,1e+30,0.0,hdslay1_t4,13,5,hdslay1,arr,,,,,,
oname:hdslay1_t4_otype:arr_i:13_j:6,1e+30,0.0,hdslay1_t4,13,6,hdslay1,arr,,,,,,
oname:hdslay1_t4_otype:arr_i:13_j:7,1e+30,0.0,hdslay1_t4,13,7,hdslay1,arr,,,,,,
oname:hdslay1_t4_otype:arr_i:13_j:8,34.23955,0.0,hdslay1_t4,13,8,hdslay1,arr,,,,,,
oname:hdslay1_t4_otype:arr_i:13_j:9,34.22637,0.0,hdslay1_t4,13,9,hdslay1,arr,,,,,,
oname:hdslay1_t4_otype:arr_i:14_j:0,35.141,0.0,hdslay1_t4,14,0,hdslay1,arr,,,,,,
oname:hdslay1_t4_otype:arr_i:14_j:1,35.14341,0.0,hdslay1_t4,14,1,hdslay1,arr,,,,,,
oname:hdslay1_t4_otype:arr_i:14_j:10,34.19951,0.0,hdslay1_t4,14,10,hdslay1,arr,,,,,,
oname:hdslay1_t4_otype:arr_i:14_j:11,34.17114,0.0,hdslay1_t4,14,11,hdslay1,arr,,,,,,
oname:hdslay1_t4_otype:arr_i:14_j:12,34.13726,0.0,hdslay1_t4,14,12,hdslay1,arr,,,,,,
oname:hdslay1_t4_otype:arr_i:14_j:13,34.1116,0.0,hdslay1_t4,14,13,hdslay1,arr,,,,,,
oname:hdslay1_t4_otype:arr_i:14_j:14,34.09574,0.0,hdslay1_t4,14,14,hdslay1,arr,,,,,,
oname:hdslay1_t4_otype:arr_i:14_j:15,34.08221,0.0,hdslay1_t4,14,15,hdslay1,arr,,,,,,
oname:hdslay1_t4_otype:arr_i:14_j:16,34.09828,0.0,hdslay1_t4,14,16,hdslay1,arr,,,,,,
oname:hdslay1_t4_otype:arr_i:14_j:17,34.11084,0.0,hdslay1_t4,14,17,hdslay1,arr,,,,,,
oname:hdslay1_t4_otype:arr_i:14_j:18,34.12285,0.0,hdslay1_t4,14,18,hdslay1,arr,,,,,,
oname:hdslay1_t4_otype:arr_i:14_j:19,34.13129,0.0,hdslay1_t4,14,19,hdslay1,arr,,,,,,
oname:hdslay1_t4_otype:arr_i:14_j:2,35.13715,0.0,hdslay1_t4,14,2,hdslay1,arr,,,,,,
oname:hdslay1_t4_otype:arr_i:14_j:3,35.12913,0.0,hdslay1_t4,14,3,hdslay1,arr,,,,,,
oname:hdslay1_t4_otype:arr_i:14_j:4,1e+30,0.0,hdslay1_t4,14,4,hdslay1,arr,,,,,,
oname:hdslay1_t4_otype:arr_i:14_j:5,1e+30,0.0,hdslay1_t4,14,5,hdslay1,arr,,,,,,
oname:hdslay1_t4_otype:arr_i:14_j:6,1e+30,0.0,hdslay1_t4,14,6,hdslay1,arr,,,,,,
oname:hdslay1_t4_otype:arr_i:14_j:7,1e+30,0.0,hdslay1_t4,14,7,hdslay1,arr,,,,,,
oname:hdslay1_t4_otype:arr_i:14_j:8,34.21479,0.0,hdslay1_t4,14,8,hdslay1,arr,,,,,,
oname:hdslay1_t4_otype:arr_i:14_j:9,34.21164,0.0,hdslay1_t4,14,9,hdslay1,arr,,,,,,
oname:hdslay1_t4_otype:arr_i:15_j:0,35.07143,0.0,hdslay1_t4,15,0,hdslay1,arr,,,,,,
oname:hdslay1_t4_otype:arr_i:15_j:1,35.07228,0.0,hdslay1_t4,15,1,hdslay1,arr,,,,,,
oname:hdslay1_t4_otype:arr_i:15_j:10,34.17943,0.0,hdslay1_t4,15,10,hdslay1,arr,,,,,,
oname:hdslay1_t4_otype:arr_i:15_j:11,34.15582,0.0,hdslay1_t4,15,11,hdslay1,arr,,,,,,
oname:hdslay1_t4_otype:arr_i:15_j:12,34.13296,0.0,hdslay1_t4,15,12,hdslay1,arr,,,,,,
oname:hdslay1_t4_otype:arr_i:15_j:13,34.11438,0.0,hdslay1_t4,15,13,hdslay1,arr,,,,,,
oname:hdslay1_t4_otype:arr_i:15_j:14,34.101,0.0,hdslay1_t4,15,14,hdslay1,arr,,,,,,
oname:hdslay1_t4_otype:arr_i:15_j:15,34.08639,0.0,hdslay1_t4,15,15,hdslay1,arr,,,,,,
oname:hdslay1_t4_otype:arr_i:15_j:16,34.10456,0.0,hdslay1_t4,15,16,hdslay1,arr,,,,,,
oname:hdslay1_t4_otype:arr_i:15_j:17,34.1187,0.0,hdslay1_t4,15,17,hdslay1,arr,,,,,,
oname:hdslay1_t4_otype:arr_i:15_j:18,34.13047,0.0,hdslay1_t4,15,18,hdslay1,arr,,,,,,
oname:hdslay1_t4_otype:arr_i:15_j:19,34.14057,0.0,hdslay1_t4,15,19,hdslay1,arr,,,,,,
oname:hdslay1_t4_otype:arr_i:15_j:2,35.05974,0.0,hdslay1_t4,15,2,hdslay1,arr,,,,,,
oname:hdslay1_t4_otype:arr_i:15_j:3,35.04974,0.0,hdslay1_t4,15,3,hdslay1,arr,,,,,,
oname:hdslay1_t4_otype:arr_i:15_j:4,1e+30,0.0,hdslay1_t4,15,4,hdslay1,arr,,,,,,
oname:hdslay1_t4_otype:arr_i:15_j:5,1e+30,0.0,hdslay1_t4,15,5,hdslay1,arr,,,,,,
oname:hdslay1_t4_otype:arr_i:15_j:6,1e+30,0.0,hdslay1_t4,15,6,hdslay1,arr,,,,,,
oname:hdslay1_t4_otype:arr_i:15_j:7,1e+30,0.0,hdslay1_t4,15,7,hdslay1,arr,,,,,,
oname:hdslay1_t4_otype:arr_i:15_j:8,34.19435,0.0,hdslay1_t4,15,8,hdslay1,arr,,,,,,
oname:hdslay1_t4_otype:arr_i:15_j:9,34.19001,0.0,hdslay1_t4,15,9,hdslay1,arr,,,,,,
oname:hdslay1_t4_otype:arr_i:16_j:0,35.00874,0.0,hdslay1_t4,16,0,hdslay1,arr,,,,,,
oname:hdslay1_t4_otype:arr_i:16_j:1,35.00188,0.0,hdslay1_t4,16,1,hdslay1,arr,,,,,,
oname:hdslay1_t4_otype:arr_i:16_j:10,34.15102,0.0,hdslay1_t4,16,10,hdslay1,arr,,,,,,
oname:hdslay1_t4_otype:arr_i:16_j:11,34.13605,0.0,hdslay1_t4,16,11,hdslay1,arr,,,,,,
oname:hdslay1_t4_otype:arr_i:16_j:12,34.12038,0.0,hdslay1_t4,16,12,hdslay1,arr,,,,,,
oname:hdslay1_t4_otype:arr_i:16_j:13,34.11066,0.0,hdslay1_t4,16,13,hdslay1,arr,,,,,,
oname:hdslay1_t4_otype:arr_i:16_j:14,34.10205,0.0,hdslay1_t4,16,14,hdslay1,arr,,,,,,
oname:hdslay1_t4_otype:arr_i:16_j:15,34.08966,0.0,hdslay1_t4,16,15,hdslay1,arr,,,,,,
oname:hdslay1_t4_otype:arr_i:16_j:16,34.11047,0.0,hdslay1_t4,16,16,hdslay1,arr,,,,,,
oname:hdslay1_t4_otype:arr_i:16_j:17,34.12829,0.0,hdslay1_t4,16,17,hdslay1,arr,,,,,,
oname:hdslay1_t4_otype:arr_i:16_j:18,34.14178,0.0,hdslay1_t4,16,18,hdslay1,arr,,,,,,
oname:hdslay1_t4_otype:arr_i:16_j:19,34.15135,0.0,hdslay1_t4,16,19,hdslay1,arr,,,,,,
oname:hdslay1_t4_otype:arr_i:16_j:2,34.98827,0.0,hdslay1_t4,16,2,hdslay1,arr,,,,,,
oname:hdslay1_t4_otype:arr_i:16_j:3,34.98265,0.0,hdslay1_t4,16,3,hdslay1,arr,,,,,,
oname:hdslay1_t4_otype:arr_i:16_j:4,1e+30,0.0,hdslay1_t4,16,4,hdslay1,arr,,,,,,
oname:hdslay1_t4_otype:arr_i:16_j:5,1e+30,0.0,hdslay1_t4,16,5,hdslay1,arr,,,,,,
oname:hdslay1_t4_otype:arr_i:16_j:6,1e+30,0.0,hdslay1_t4,16,6,hdslay1,arr,,,,,,
oname:hdslay1_t4_otype:arr_i:16_j:7,1e+30,0.0,hdslay1_t4,16,7,hdslay1,arr,,,,,,
oname:hdslay1_t4_otype:arr_i:16_j:8,34.16395,0.0,hdslay1_t4,16,8,hdslay1,arr,,,,,,
oname:hdslay1_t4_otype:arr_i:16_j:9,34.16156,0.0,hdslay1_t4,16,9,hdslay1,arr,,,,,,
oname:hdslay1_t4_otype:arr_i:17_j:0,34.93802,0.0,hdslay1_t4,17,0,hdslay1,arr,,,,,,
oname:hdslay1_t4_otype:arr_i:17_j:1,34.93237,0.0,hdslay1_t4,17,1,hdslay1,arr,,,,,,
oname:hdslay1_t4_otype:arr_i:17_j:10,34.11819,0.0,hdslay1_t4,17,10,hdslay1,arr,,,,,,
oname:hdslay1_t4_otype:arr_i:17_j:11,34.10883,0.0,hdslay1_t4,17,11,hdslay1,arr,,,,,,
oname:hdslay1_t4_otype:arr_i:17_j:12,34.09735,0.0,hdslay1_t4,17,12,hdslay1,arr,,,,,,
oname:hdslay1_t4_otype:arr_i:17_j:13,34.09143,0.0,hdslay1_t4,17,13,hdslay1,arr,,,,,,
oname:hdslay1_t4_otype:arr_i:17_j:14,34.08133,0.0,hdslay1_t4,17,14,hdslay1,arr,,,,,,
oname:hdslay1_t4_otype:arr_i:17_j:15,34.06955,0.0,hdslay1_t4,17,15,hdslay1,arr,,,,,,
oname:hdslay1_t4_otype:arr_i:17_j:16,34.10391,0.0,hdslay1_t4,17,16,hdslay1,arr,,,,,,
oname:hdslay1_t4_otype:arr_i:17_j:17,34.12843,0.0,hdslay1_t4,17,17,hdslay1,arr,,,,,,
oname:hdslay1_t4_otype:arr_i:17_j:18,34.14548,0.0,hdslay1_t4,17,18,hdslay1,arr,,,,,,
oname:hdslay1_t4_otype:arr_i:17_j:19,34.1564,0.0,hdslay1_t4,17,19,hdslay1,arr,,,,,,
oname:hdslay1_t4_otype:arr_i:17_j:2,34.93108,0.0,hdslay1_t4,17,2,hdslay1,arr,,,,,,
oname:hdslay1_t4_otype:arr_i:17_j:3,34.93524,0.0,hdslay1_t4,17,3,hdslay1,arr,,,,,,
oname:hdslay1_t4_otype:arr_i:17_j:4,1e+30,0.0,hdslay1_t4,17,4,hdslay1,arr,,,,,,
oname:hdslay1_t4_otype:arr_i:17_j:5,1e+30,0.0,hdslay1_t4,17,5,hdslay1,arr,,,,,,
oname:hdslay1_t4_otype:arr_i:17_j:6,1e+30,0.0,hdslay1_t4,17,6,hdslay1,arr,,,,,,
oname:hdslay1_t4_otype:arr_i:17_j:7,1e+30,0.0,hdslay1_t4,17,7,hdslay1,arr,,,,,,
oname:hdslay1_t4_otype:arr_i:17_j:8,34.1336,0.0,hdslay1_t4,17,8,hdslay1,arr,,,,,,
oname:hdslay1_t4_otype:arr_i:17_j:9,34.12943,0.0,hdslay1_t4,17,9,hdslay1,arr,,,,,,
oname:hdslay1_t4_otype:arr_i:18_j:0,34.85588,0.0,hdslay1_t4,18,0,hdslay1,arr,,,,,,
oname:hdslay1_t4_otype:arr_i:18_j:1,34.85878,0.0,hdslay1_t4,18,1,hdslay1,arr,,,,,,
oname:hdslay1_t4_otype:arr_i:18_j:10,34.09508,0.0,hdslay1_t4,18,10,hdslay1,arr,,,,,,
oname:hdslay1_t4_otype:arr_i:18_j:11,34.08209,0.0,hdslay1_t4,18,11,hdslay1,arr,,,,,,
oname:hdslay1_t4_otype:arr_i:18_j:12,34.0692,0.0,hdslay1_t4,18,12,hdslay1,arr,,,,,,
oname:hdslay1_t4_otype:arr_i:18_j:13,34.05485,0.0,hdslay1_t4,18,13,hdslay1,arr,,,,,,
oname:hdslay1_t4_otype:arr_i:18_j:14,34.03135,0.0,hdslay1_t4,18,14,hdslay1,arr,,,,,,
oname:hdslay1_t4_otype:arr_i:18_j:15,34.02152,0.0,hdslay1_t4,18,15,hdslay1,arr,,,,,,
oname:hdslay1_t4_otype:arr_i:18_j:16,34.07491,0.0,hdslay1_t4,18,16,hdslay1,arr,,,,,,
oname:hdslay1_t4_otype:arr_i:18_j:17,34.11114,0.0,hdslay1_t4,18,17,hdslay1,arr,,,,,,
oname:hdslay1_t4_otype:arr_i:18_j:18,34.13667,0.0,hdslay1_t4,18,18,hdslay1,arr,,,,,,
oname:hdslay1_t4_otype:arr_i:18_j:19,34.14756,0.0,hdslay1_t4,18,19,hdslay1,arr,,,,,,
oname:hdslay1_t4_otype:arr_i:18_j:2,34.86497,0.0,hdslay1_t4,18,2,hdslay1,arr,,,,,,
oname:hdslay1_t4_otype:arr_i:18_j:3,34.87543,0.0,hdslay1_t4,18,3,hdslay1,arr,,,,,,
oname:hdslay1_t4_otype:arr_i:18_j:4,1e+30,0.0,hdslay1_t4,18,4,hdslay1,arr,,,,,,
oname:hdslay1_t4_otype:arr_i:18_j:5,1e+30,0.0,hdslay1_t4,18,5,hdslay1,arr,,,,,,
oname:hdslay1_t4_otype:arr_i:18_j:6,1e+30,0.0,hdslay1_t4,18,6,hdslay1,arr,,,,,,
oname:hdslay1_t4_otype:arr_i:18_j:7,1e+30,0.0,hdslay1_t4,18,7,hdslay1,arr,,,,,,
oname:hdslay1_t4_otype:arr_i:18_j:8,34.10895,0.0,hdslay1_t4,18,8,hdslay1,arr,,,,,,
oname:hdslay1_t4_otype:arr_i:18_j:9,34.10346,0.0,hdslay1_t4,18,9,hdslay1,arr,,,,,,
oname:hdslay1_t4_otype:arr_i:19_j:0,34.77705,0.0,hdslay1_t4,19,0,hdslay1,arr,,,,,,
oname:hdslay1_t4_otype:arr_i:19_j:1,34.77674,0.0,hdslay1_t4,19,1,hdslay1,arr,,,,,,
oname:hdslay1_t4_otype:arr_i:19_j:10,34.07186,0.0,hdslay1_t4,19,10,hdslay1,arr,,,,,,
oname:hdslay1_t4_otype:arr_i:19_j:11,34.05503,0.0,hdslay1_t4,19,11,hdslay1,arr,,,,,,
oname:hdslay1_t4_otype:arr_i:19_j:12,34.03953,0.0,hdslay1_t4,19,12,hdslay1,arr,,,,,,
oname:hdslay1_t4_otype:arr_i:19_j:13,34.00631,0.0,hdslay1_t4,19,13,hdslay1,arr,,,,,,
oname:hdslay1_t4_otype:arr_i:19_j:14,33.95414,0.0,hdslay1_t4,19,14,hdslay1,arr,,,,,,
oname:hdslay1_t4_otype:arr_i:19_j:15,33.96894,0.0,hdslay1_t4,19,15,hdslay1,arr,,,,,,
oname:hdslay1_t4_otype:arr_i:19_j:16,34.03887,0.0,hdslay1_t4,19,16,hdslay1,arr,,,,,,
oname:hdslay1_t4_otype:arr_i:19_j:17,34.08085,0.0,hdslay1_t4,19,17,hdslay1,arr,,,,,,
oname:hdslay1_t4_otype:arr_i:19_j:18,34.10538,0.0,hdslay1_t4,19,18,hdslay1,arr,,,,,,
oname:hdslay1_t4_otype:arr_i:19_j:19,34.12081,0.0,hdslay1_t4,19,19,hdslay1,arr,,,,,,
oname:hdslay1_t4_otype:arr_i:19_j:2,34.7822,0.0,hdslay1_t4,19,2,hdslay1,arr,,,,,,
oname:hdslay1_t4_otype:arr_i:19_j:3,34.79098,0.0,hdslay1_t4,19,3,hdslay1,arr,,,,,,
oname:hdslay1_t4_otype:arr_i:19_j:4,1e+30,0.0,hdslay1_t4,19,4,hdslay1,arr,,,,,,
oname:hdslay1_t4_otype:arr_i:19_j:5,1e+30,0.0,hdslay1_t4,19,5,hdslay1,arr,,,,,,
oname:hdslay1_t4_otype:arr_i:19_j:6,1e+30,0.0,hdslay1_t4,19,6,hdslay1,arr,,,,,,
oname:hdslay1_t4_otype:arr_i:19_j:7,1e+30,0.0,hdslay1_t4,19,7,hdslay1,arr,,,,,,
oname:hdslay1_t4_otype:arr_i:19_j:8,34.08928,0.0,hdslay1_t4,19,8,hdslay1,arr,,,,,,
oname:hdslay1_t4_otype:arr_i:19_j:9,34.08357,0.0,hdslay1_t4,19,9,hdslay1,arr,,,,,,
oname:hdslay1_t4_otype:arr_i:1_j:0,35.52202,0.0,hdslay1_t4,1,0,hdslay1,arr,,,,,,
oname:hdslay1_t4_otype:arr_i:1_j:1,35.50892,0.0,hdslay1_t4,1,1,hdslay1,arr,,,,,,
oname:hdslay1_t4_otype:arr_i:1_j:10,34.63501,0.0,hdslay1_t4,1,10,hdslay1,arr,,,,,,
oname:hdslay1_t4_otype:arr_i:1_j:11,34.56696,0.0,hdslay1_t4,1,11,hdslay1,arr,,,,,,
oname:hdslay1_t4_otype:arr_i:1_j:12,34.5064,0.0,hdslay1_t4,1,12,hdslay1,arr,,,,,,
oname:hdslay1_t4_otype:arr_i:1_j:13,34.44934,0.0,hdslay1_t4,1,13,hdslay1,arr,,,,,,
oname:hdslay1_t4_otype:arr_i:1_j:14,34.38789,0.0,hdslay1_t4,1,14,hdslay1,arr,,,,,,
oname:hdslay1_t4_otype:arr_i:1_j:15,34.32233,0.0,hdslay1_t4,1,15,hdslay1,arr,,,,,,
oname:hdslay1_t4_otype:arr_i:1_j:16,34.31428,0.0,hdslay1_t4,1,16,hdslay1,arr,,,,,,
oname:hdslay1_t4_otype:arr_i:1_j:17,34.30895,0.0,hdslay1_t4,1,17,hdslay1,arr,,,,,,
oname:hdslay1_t4_otype:arr_i:1_j:18,34.30724,0.0,hdslay1_t4,1,18,hdslay1,arr,,,,,,
oname:hdslay1_t4_otype:arr_i:1_j:19,34.30464,0.0,hdslay1_t4,1,19,hdslay1,arr,,,,,,
oname:hdslay1_t4_otype:arr_i:1_j:2,35.47429,0.0,hdslay1_t4,1,2,hdslay1,arr,,,,,,
oname:hdslay1_t4_otype:arr_i:1_j:3,35.41803,0.0,hdslay1_t4,1,3,hdslay1,arr,,,,,,
oname:hdslay1_t4_otype:arr_i:1_j:4,35.33294,0.0,hdslay1_t4,1,4,hdslay1,arr,,,,,,
oname:hdslay1_t4_otype:arr_i:1_j:5,35.22055,0.0,hdslay1_t4,1,5,hdslay1,arr,,,,,,
oname:hdslay1_t4_otype:arr_i:1_j:6,35.07501,0.0,hdslay1_t4,1,6,hdslay1,arr,,,,,,
oname:hdslay1_t4_otype:arr_i:1_j:7,34.91989,0.0,hdslay1_t4,1,7,hdslay1,arr,,,,,,
oname:hdslay1_t4_otype:arr_i:1_j:8,34.79598,0.0,hdslay1_t4,1,8,hdslay1,arr,,,,,,
oname:hdslay1_t4_otype:arr_i:1_j:9,34.70693,0.0,hdslay1_t4,1,9,hdslay1,arr,,,,,,
oname:hdslay1_t4_otype:arr_i:20_j:0,34.69821,0.0,hdslay1_t4,20,0,hdslay1,arr,,,,,,
oname:hdslay1_t4_otype:arr_i:20_j:1,34.70117,0.0,hdslay1_t4,20,1,hdslay1,arr,,,,,,
oname:hdslay1_t4_otype:arr_i:20_j:10,34.05487,0.0,hdslay1_t4,20,10,hdslay1,arr,,,,,,
oname:hdslay1_t4_otype:arr_i:20_j:11,34.03921,0.0,hdslay1_t4,20,11,hdslay1,arr,,,,,,
oname:hdslay1_t4_otype:arr_i:20_j:12,34.01971,0.0,hdslay1_t4,20,12,hdslay1,arr,,,,,,
oname:hdslay1_t4_otype:arr_i:20_j:13,33.96367,0.0,hdslay1_t4,20,13,hdslay1,arr,,,,,,
oname:hdslay1_t4_otype:arr_i:20_j:14,33.81493,0.0,hdslay1_t4,20,14,hdslay1,arr,,,,,,
oname:hdslay1_t4_otype:arr_i:20_j:15,33.92068,0.0,hdslay1_t4,20,15,hdslay1,arr,,,,,,
oname:hdslay1_t4_otype:arr_i:20_j:16,34.00761,0.0,hdslay1_t4,20,16,hdslay1,arr,,,,,,
oname:hdslay1_t4_otype:arr_i:20_j:17,34.05139,0.0,hdslay1_t4,20,17,hdslay1,arr,,,,,,
oname:hdslay1_t4_otype:arr_i:20_j:18,34.07091,0.0,hdslay1_t4,20,18,hdslay1,arr,,,,,,
oname:hdslay1_t4_otype:arr_i:20_j:19,34.08616,0.0,hdslay1_t4,20,19,hdslay1,arr,,,,,,
oname:hdslay1_t4_otype:arr_i:20_j:2,34.69756,0.0,hdslay1_t4,20,2,hdslay1,arr,,,,,,
oname:hdslay1_t4_otype:arr_i:20_j:3,34.69112,0.0,hdslay1_t4,20,3,hdslay1,arr,,,,,,
oname:hdslay1_t4_otype:arr_i:20_j:4,1e+30,0.0,hdslay1_t4,20,4,hdslay1,arr,,,,,,
oname:hdslay1_t4_otype:arr_i:20_j:5,1e+30,0.0,hdslay1_t4,20,5,hdslay1,arr,,,,,,
oname:hdslay1_t4_otype:arr_i:20_j:6,1e+30,0.0,hdslay1_t4,20,6,hdslay1,arr,,,,,,
oname:hdslay1_t4_otype:arr_i:20_j:7,1e+30,0.0,hdslay1_t4,20,7,hdslay1,arr,,,,,,
oname:hdslay1_t4_otype:arr_i:20_j:8,34.07664,0.0,hdslay1_t4,20,8,hdslay1,arr,,,,,,
oname:hdslay1_t4_otype:arr_i:20_j:9,34.06889,0.0,hdslay1_t4,20,9,hdslay1,arr,,,,,,
oname:hdslay1_t4_otype:arr_i:21_j:0,34.62439,0.0,hdslay1_t4,21,0,hdslay1,arr,,,,,,
oname:hdslay1_t4_otype:arr_i:21_j:1,34.62812,0.0,hdslay1_t4,21,1,hdslay1,arr,,,,,,
oname:hdslay1_t4_otype:arr_i:21_j:10,34.04494,0.0,hdslay1_t4,21,10,hdslay1,arr,,,,,,
oname:hdslay1_t4_otype:arr_i:21_j:11,34.03164,0.0,hdslay1_t4,21,11,hdslay1,arr,,,,,,
oname:hdslay1_t4_otype:arr_i:21_j:12,34.01282,0.0,hdslay1_t4,21,12,hdslay1,arr,,,,,,
oname:hdslay1_t4_otype:arr_i:21_j:13,33.97442,0.0,hdslay1_t4,21,13,hdslay1,arr,,,,,,
oname:hdslay1_t4_otype:arr_i:21_j:14,33.92796,0.0,hdslay1_t4,21,14,hdslay1,arr,,,,,,
oname:hdslay1_t4_otype:arr_i:21_j:15,33.93832,0.0,hdslay1_t4,21,15,hdslay1,arr,,,,,,
oname:hdslay1_t4_otype:arr_i:21_j:16,33.991,0.0,hdslay1_t4,21,16,hdslay1,arr,,,,,,
oname:hdslay1_t4_otype:arr_i:21_j:17,34.03004,0.0,hdslay1_t4,21,17,hdslay1,arr,,,,,,
oname:hdslay1_t4_otype:arr_i:21_j:18,34.05074,0.0,hdslay1_t4,21,18,hdslay1,arr,,,,,,
oname:hdslay1_t4_otype:arr_i:21_j:19,34.05913,0.0,hdslay1_t4,21,19,hdslay1,arr,,,,,,
oname:hdslay1_t4_otype:arr_i:21_j:2,34.61362,0.0,hdslay1_t4,21,2,hdslay1,arr,,,,,,
oname:hdslay1_t4_otype:arr_i:21_j:3,34.58744,0.0,hdslay1_t4,21,3,hdslay1,arr,,,,,,
oname:hdslay1_t4_otype:arr_i:21_j:4,1e+30,0.0,hdslay1_t4,21,4,hdslay1,arr,,,,,,
oname:hdslay1_t4_otype:arr_i:21_j:5,1e+30,0.0,hdslay1_t4,21,5,hdslay1,arr,,,,,,
oname:hdslay1_t4_otype:arr_i:21_j:6,34.09192,0.0,hdslay1_t4,21,6,hdslay1,arr,,,,,,
oname:hdslay1_t4_otype:arr_i:21_j:7,34.0817,0.0,hdslay1_t4,21,7,hdslay1,arr,,,,,,
oname:hdslay1_t4_otype:arr_i:21_j:8,34.07086,0.0,hdslay1_t4,21,8,hdslay1,arr,,,,,,
oname:hdslay1_t4_otype:arr_i:21_j:9,34.05943,0.0,hdslay1_t4,21,9,hdslay1,arr,,,,,,
oname:hdslay1_t4_otype:arr_i:22_j:0,34.55053,0.0,hdslay1_t4,22,0,hdslay1,arr,,,,,,
oname:hdslay1_t4_otype:arr_i:22_j:1,34.53531,0.0,hdslay1_t4,22,1,hdslay1,arr,,,,,,
oname:hdslay1_t4_otype:arr_i:22_j:10,34.0364,0.0,hdslay1_t4,22,10,hdslay1,arr,,,,,,
oname:hdslay1_t4_otype:arr_i:22_j:11,34.02325,0.0,hdslay1_t4,22,11,hdslay1,arr,,,,,,
oname:hdslay1_t4_otype:arr_i:22_j:12,34.00534,0.0,hdslay1_t4,22,12,hdslay1,arr,,,,,,
oname:hdslay1_t4_otype:arr_i:22_j:13,33.97831,0.0,hdslay1_t4,22,13,hdslay1,arr,,,,,,
oname:hdslay1_t4_otype:arr_i:22_j:14,33.95427,0.0,hdslay1_t4,22,14,hdslay1,arr,,,,,,
oname:hdslay1_t4_otype:arr_i:22_j:15,33.95188,0.0,hdslay1_t4,22,15,hdslay1,arr,,,,,,
oname:hdslay1_t4_otype:arr_i:22_j:16,33.97906,0.0,hdslay1_t4,22,16,hdslay1,arr,,,,,,
oname:hdslay1_t4_otype:arr_i:22_j:17,34.0104,0.0,hdslay1_t4,22,17,hdslay1,arr,,,,,,
oname:hdslay1_t4_otype:arr_i:22_j:18,34.02794,0.0,hdslay1_t4,22,18,hdslay1,arr,,,,,,
oname:hdslay1_t4_otype:arr_i:22_j:19,34.03401,0.0,hdslay1_t4,22,19,hdslay1,arr,,,,,,
oname:hdslay1_t4_otype:arr_i:22_j:2,34.51406,0.0,hdslay1_t4,22,2,hdslay1,arr,,,,,,
oname:hdslay1_t4_otype:arr_i:22_j:3,34.45606,0.0,hdslay1_t4,22,3,hdslay1,arr,,,,,,
oname:hdslay1_t4_otype:arr_i:22_j:4,34.35731,0.0,hdslay1_t4,22,4,hdslay1,arr,,,,,,
oname:hdslay1_t4_otype:arr_i:22_j:5,1e+30,0.0,hdslay1_t4,22,5,hdslay1,arr,,,,,,
oname:hdslay1_t4_otype:arr_i:22_j:6,34.0995,0.0,hdslay1_t4,22,6,hdslay1,arr,,,,,,
oname:hdslay1_t4_otype:arr_i:22_j:7,34.08345,0.0,hdslay1_t4,22,7,hdslay1,arr,,,,,,
oname:hdslay1_t4_otype:arr_i:22_j:8,34.067,0.0,hdslay1_t4,22,8,hdslay1,arr,,,,,,
oname:hdslay1_t4_otype:arr_i:22_j:9,34.05154,0.0,hdslay1_t4,22,9,hdslay1,arr,,,,,,
oname:hdslay1_t4_otype:arr_i:23_j:0,34.4621,0.0,hdslay1_t4,23,0,hdslay1,arr,,,,,,
oname:hdslay1_t4_otype:arr_i:23_j:1,34.44051,0.0,hdslay1_t4,23,1,hdslay1,arr,,,,,,
oname:hdslay1_t4_otype:arr_i:23_j:10,34.01882,0.0,hdslay1_t4,23,10,hdslay1,arr,,,,,,
oname:hdslay1_t4_otype:arr_i:23_j:11,34.00566,0.0,hdslay1_t4,23,11,hdslay1,arr,,,,,,
oname:hdslay1_t4_otype:arr_i:23_j:12,33.99206,0.0,hdslay1_t4,23,12,hdslay1,arr,,,,,,
oname:hdslay1_t4_otype:arr_i:23_j:13,33.97367,0.0,hdslay1_t4,23,13,hdslay1,arr,,,,,,
oname:hdslay1_t4_otype:arr_i:23_j:14,33.95528,0.0,hdslay1_t4,23,14,hdslay1,arr,,,,,,
oname:hdslay1_t4_otype:arr_i:23_j:15,33.94341,0.0,hdslay1_t4,23,15,hdslay1,arr,,,,,,
oname:hdslay1_t4_otype:arr_i:23_j:16,33.96633,0.0,hdslay1_t4,23,16,hdslay1,arr,,,,,,
oname:hdslay1_t4_otype:arr_i:23_j:17,33.99086,0.0,hdslay1_t4,23,17,hdslay1,arr,,,,,,
oname:hdslay1_t4_otype:arr_i:23_j:18,34.00691,0.0,hdslay1_t4,23,18,hdslay1,arr,,,,,,
oname:hdslay1_t4_otype:arr_i:23_j:19,34.01133,0.0,hdslay1_t4,23,19,hdslay1,arr,,,,,,
oname:hdslay1_t4_otype:arr_i:23_j:2,34.41139,0.0,hdslay1_t4,23,2,hdslay1,arr,,,,,,
oname:hdslay1_t4_otype:arr_i:23_j:3,34.3514,0.0,hdslay1_t4,23,3,hdslay1,arr,,,,,,
oname:hdslay1_t4_otype:arr_i:23_j:4,34.27934,0.0,hdslay1_t4,23,4,hdslay1,arr,,,,,,
oname:hdslay1_t4_otype:arr_i:23_j:5,34.1911,0.0,hdslay1_t4,23,5,hdslay1,arr,,,,,,
oname:hdslay1_t4_otype:arr_i:23_j:6,34.12132,0.0,hdslay1_t4,23,6,hdslay1,arr,,,,,,
oname:hdslay1_t4_otype:arr_i:23_j:7,34.08704,0.0,hdslay1_t4,23,7,hdslay1,arr,,,,,,
oname:hdslay1_t4_otype:arr_i:23_j:8,34.06227,0.0,hdslay1_t4,23,8,hdslay1,arr,,,,,,
oname:hdslay1_t4_otype:arr_i:23_j:9,34.03929,0.0,hdslay1_t4,23,9,hdslay1,arr,,,,,,
oname:hdslay1_t4_otype:arr_i:24_j:0,34.3809,0.0,hdslay1_t4,24,0,hdslay1,arr,,,,,,
oname:hdslay1_t4_otype:arr_i:24_j:1,34.36777,0.0,hdslay1_t4,24,1,hdslay1,arr,,,,,,
oname:hdslay1_t4_otype:arr_i:24_j:10,33.98639,0.0,hdslay1_t4,24,10,hdslay1,arr,,,,,,
oname:hdslay1_t4_otype:arr_i:24_j:11,33.97736,0.0,hdslay1_t4,24,11,hdslay1,arr,,,,,,
oname:hdslay1_t4_otype:arr_i:24_j:12,33.97199,0.0,hdslay1_t4,24,12,hdslay1,arr,,,,,,
oname:hdslay1_t4_otype:arr_i:24_j:13,33.96107,0.0,hdslay1_t4,24,13,hdslay1,arr,,,,,,
oname:hdslay1_t4_otype:arr_i:24_j:14,33.94576,0.0,hdslay1_t4,24,14,hdslay1,arr,,,,,,
oname:hdslay1_t4_otype:arr_i:24_j:15,33.92701,0.0,hdslay1_t4,24,15,hdslay1,arr,,,,,,
oname:hdslay1_t4_otype:arr_i:24_j:16,33.94784,0.0,hdslay1_t4,24,16,hdslay1,arr,,,,,,
oname:hdslay1_t4_otype:arr_i:24_j:17,33.96624,0.0,hdslay1_t4,24,17,hdslay1,arr,,,,,,
oname:hdslay1_t4_otype:arr_i:24_j:18,33.98298,0.0,hdslay1_t4,24,18,hdslay1,arr,,,,,,
oname:hdslay1_t4_otype:arr_i:24_j:19,33.99127,0.0,hdslay1_t4,24,19,hdslay1,arr,,,,,,
oname:hdslay1_t4_otype:arr_i:24_j:2,34.33846,0.0,hdslay1_t4,24,2,hdslay1,arr,,,,,,
oname:hdslay1_t4_otype:arr_i:24_j:3,34.29495,0.0,hdslay1_t4,24,3,hdslay1,arr,,,,,,
oname:hdslay1_t4_otype:arr_i:24_j:4,34.23689,0.0,hdslay1_t4,24,4,hdslay1,arr,,,,,,
oname:hdslay1_t4_otype:arr_i:24_j:5,34.17363,0.0,hdslay1_t4,24,5,hdslay1,arr,,,,,,
oname:hdslay1_t4_otype:arr_i:24_j:6,34.12278,0.0,hdslay1_t4,24,6,hdslay1,arr,,,,,,
oname:hdslay1_t4_otype:arr_i:24_j:7,34.08397,0.0,hdslay1_t4,24,7,hdslay1,arr,,,,,,
oname:hdslay1_t4_otype:arr_i:24_j:8,34.05104,0.0,hdslay1_t4,24,8,hdslay1,arr,,,,,,
oname:hdslay1_t4_otype:arr_i:24_j:9,34.01565,0.0,hdslay1_t4,24,9,hdslay1,arr,,,,,,
oname:hdslay1_t4_otype:arr_i:25_j:0,34.3278,0.0,hdslay1_t4,25,0,hdslay1,arr,,,,,,
oname:hdslay1_t4_otype:arr_i:25_j:1,34.32002,0.0,hdslay1_t4,25,1,hdslay1,arr,,,,,,
oname:hdslay1_t4_otype:arr_i:25_j:10,33.93824,0.0,hdslay1_t4,25,10,hdslay1,arr,,,,,,
oname:hdslay1_t4_otype:arr_i:25_j:11,33.94142,0.0,hdslay1_t4,25,11,hdslay1,arr,,,,,,
oname:hdslay1_t4_otype:arr_i:25_j:12,33.94302,0.0,hdslay1_t4,25,12,hdslay1,arr,,,,,,
oname:hdslay1_t4_otype:arr_i:25_j:13,33.93847,0.0,hdslay1_t4,25,13,hdslay1,arr,,,,,,
oname:hdslay1_t4_otype:arr_i:25_j:14,33.9261,0.0,hdslay1_t4,25,14,hdslay1,arr,,,,,,
oname:hdslay1_t4_otype:arr_i:25_j:15,33.90636,0.0,hdslay1_t4,25,15,hdslay1,arr,,,,,,
oname:hdslay1_t4_otype:arr_i:25_j:16,33.92747,0.0,hdslay1_t4,25,16,hdslay1,arr,,,,,,
oname:hdslay1_t4_otype:arr_i:25_j:17,33.94483,0.0,hdslay1_t4,25,17,hdslay1,arr,,,,,,
oname:hdslay1_t4_otype:arr_i:25_j:18,33.95731,0.0,hdslay1_t4,25,18,hdslay1,arr,,,,,,
oname:hdslay1_t4_otype:arr_i:25_j:19,33.96745,0.0,hdslay1_t4,25,19,hdslay1,arr,,,,,,
oname:hdslay1_t4_otype:arr_i:25_j:2,34.29811,0.0,hdslay1_t4,25,2,hdslay1,arr,,,,,,
oname:hdslay1_t4_otype:arr_i:25_j:3,34.25719,0.0,hdslay1_t4,25,3,hdslay1,arr,,,,,,
oname:hdslay1_t4_otype:arr_i:25_j:4,34.20697,0.0,hdslay1_t4,25,4,hdslay1,arr,,,,,,
oname:hdslay1_t4_otype:arr_i:25_j:5,34.15698,0.0,hdslay1_t4,25,5,hdslay1,arr,,,,,,
oname:hdslay1_t4_otype:arr_i:25_j:6,34.11102,0.0,hdslay1_t4,25,6,hdslay1,arr,,,,,,
oname:hdslay1_t4_otype:arr_i:25_j:7,34.06899,0.0,hdslay1_t4,25,7,hdslay1,arr,,,,,,
oname:hdslay1_t4_otype:arr_i:25_j:8,34.02413,0.0,hdslay1_t4,25,8,hdslay1,arr,,,,,,
oname:hdslay1_t4_otype:arr_i:25_j:9,33.97346,0.0,hdslay1_t4,25,9,hdslay1,arr,,,,,,
oname:hdslay1_t4_otype:arr_i:26_j:0,34.29444,0.0,hdslay1_t4,26,0,hdslay1,arr,,,,,,
oname:hdslay1_t4_otype:arr_i:26_j:1,34.28603,0.0,hdslay1_t4,26,1,hdslay1,arr,,,,,,
oname:hdslay1_t4_otype:arr_i:26_j:10,33.85293,0.0,hdslay1_t4,26,10,hdslay1,arr,,,,,,
oname:hdslay1_t4_otype:arr_i:26_j:11,33.89911,0.0,hdslay1_t4,26,11,hdslay1,arr,,,,,,
oname:hdslay1_t4_otype:arr_i:26_j:12,33.90948,0.0,hdslay1_t4,26,12,hdslay1,arr,,,,,,
oname:hdslay1_t4_otype:arr_i:26_j:13,33.90784,0.0,hdslay1_t4,26,13,hdslay1,arr,,,,,,
oname:hdslay1_t4_otype:arr_i:26_j:14,33.89466,0.0,hdslay1_t4,26,14,hdslay1,arr,,,,,,
oname:hdslay1_t4_otype:arr_i:26_j:15,33.87399,0.0,hdslay1_t4,26,15,hdslay1,arr,,,,,,
oname:hdslay1_t4_otype:arr_i:26_j:16,33.89421,0.0,hdslay1_t4,26,16,hdslay1,arr,,,,,,
oname:hdslay1_t4_otype:arr_i:26_j:17,33.91113,0.0,hdslay1_t4,26,17,hdslay1,arr,,,,,,
oname:hdslay1_t4_otype:arr_i:26_j:18,33.92908,0.0,hdslay1_t4,26,18,hdslay1,arr,,,,,,
oname:hdslay1_t4_otype:arr_i:26_j:19,33.93689,0.0,hdslay1_t4,26,19,hdslay1,arr,,,,,,
oname:hdslay1_t4_otype:arr_i:26_j:2,34.26282,0.0,hdslay1_t4,26,2,hdslay1,arr,,,,,,
oname:hdslay1_t4_otype:arr_i:26_j:3,34.22753,0.0,hdslay1_t4,26,3,hdslay1,arr,,,,,,
oname:hdslay1_t4_otype:arr_i:26_j:4,34.18536,0.0,hdslay1_t4,26,4,hdslay1,arr,,,,,,
oname:hdslay1_t4_otype:arr_i:26_j:5,34.13036,0.0,hdslay1_t4,26,5,hdslay1,arr,,,,,,
oname:hdslay1_t4_otype:arr_i:26_j:6,34.08233,0.0,hdslay1_t4,26,6,hdslay1,arr,,,,,,
oname:hdslay1_t4_otype:arr_i:26_j:7,34.04092,0.0,hdslay1_t4,26,7,hdslay1,arr,,,,,,
oname:hdslay1_t4_otype:arr_i:26_j:8,33.98952,0.0,hdslay1_t4,26,8,hdslay1,arr,,,,,,
oname:hdslay1_t4_otype:arr_i:26_j:9,33.93055,0.0,hdslay1_t4,26,9,hdslay1,arr,,,,,,
oname:hdslay1_t4_otype:arr_i:27_j:0,34.2654,0.0,hdslay1_t4,27,0,hdslay1,arr,,,,,,
oname:hdslay1_t4_otype:arr_i:27_j:1,34.25554,0.0,hdslay1_t4,27,1,hdslay1,arr,,,,,,
oname:hdslay1_t4_otype:arr_i:27_j:10,33.89119,0.0,hdslay1_t4,27,10,hdslay1,arr,,,,,,
oname:hdslay1_t4_otype:arr_i:27_j:11,33.88911,0.0,hdslay1_t4,27,11,hdslay1,arr,,,,,,
oname:hdslay1_t4_otype:arr_i:27_j:12,33.88744,0.0,hdslay1_t4,27,12,hdslay1,arr,,,,,,
oname:hdslay1_t4_otype:arr_i:27_j:13,33.87979,0.0,hdslay1_t4,27,13,hdslay1,arr,,,,,,
oname:hdslay1_t4_otype:arr_i:27_j:14,33.86448,0.0,hdslay1_t4,27,14,hdslay1,arr,,,,,,
oname:hdslay1_t4_otype:arr_i:27_j:15,33.84998,0.0,hdslay1_t4,27,15,hdslay1,arr,,,,,,
oname:hdslay1_t4_otype:arr_i:27_j:16,33.86143,0.0,hdslay1_t4,27,16,hdslay1,arr,,,,,,
oname:hdslay1_t4_otype:arr_i:27_j:17,33.87663,0.0,hdslay1_t4,27,17,hdslay1,arr,,,,,,
oname:hdslay1_t4_otype:arr_i:27_j:18,33.89361,0.0,hdslay1_t4,27,18,hdslay1,arr,,,,,,
oname:hdslay1_t4_otype:arr_i:27_j:19,33.90445,0.0,hdslay1_t4,27,19,hdslay1,arr,,,,,,
oname:hdslay1_t4_otype:arr_i:27_j:2,34.23299,0.0,hdslay1_t4,27,2,hdslay1,arr,,,,,,
oname:hdslay1_t4_otype:arr_i:27_j:3,34.201,0.0,hdslay1_t4,27,3,hdslay1,arr,,,,,,
oname:hdslay1_t4_otype:arr_i:27_j:4,34.15429,0.0,hdslay1_t4,27,4,hdslay1,arr,,,,,,
oname:hdslay1_t4_otype:arr_i:27_j:5,34.09549,0.0,hdslay1_t4,27,5,hdslay1,arr,,,,,,
oname:hdslay1_t4_otype:arr_i:27_j:6,34.04567,0.0,hdslay1_t4,27,6,hdslay1,arr,,,,,,
oname:hdslay1_t4_otype:arr_i:27_j:7,34.00776,0.0,hdslay1_t4,27,7,hdslay1,arr,,,,,,
oname:hdslay1_t4_otype:arr_i:27_j:8,33.96896,0.0,hdslay1_t4,27,8,hdslay1,arr,,,,,,
oname:hdslay1_t4_otype:arr_i:27_j:9,33.92948,0.0,hdslay1_t4,27,9,hdslay1,arr,,,,,,
oname:hdslay1_t4_otype:arr_i:28_j:0,34.24051,0.0,hdslay1_t4,28,0,hdslay1,arr,,,,,,
oname:hdslay1_t4_otype:arr_i:28_j:1,34.22877,0.0,hdslay1_t4,28,1,hdslay1,arr,,,,,,
oname:hdslay1_t4_otype:arr_i:28_j:10,33.88874,0.0,hdslay1_t4,28,10,hdslay1,arr,,,,,,
oname:hdslay1_t4_otype:arr_i:28_j:11,33.87857,0.0,hdslay1_t4,28,11,hdslay1,arr,,,,,,
oname:hdslay1_t4_otype:arr_i:28_j:12,33.86753,0.0,hdslay1_t4,28,12,hdslay1,arr,,,,,,
oname:hdslay1_t4_otype:arr_i:28_j:13,33.85702,0.0,hdslay1_t4,28,13,hdslay1,arr,,,,,,
oname:hdslay1_t4_otype:arr_i:28_j:14,33.84548,0.0,hdslay1_t4,28,14,hdslay1,arr,,,,,,
oname:hdslay1_t4_otype:arr_i:28_j:15,33.83477,0.0,hdslay1_t4,28,15,hdslay1,arr,,,,,,
oname:hdslay1_t4_otype:arr_i:28_j:16,33.84254,0.0,hdslay1_t4,28,16,hdslay1,arr,,,,,,
oname:hdslay1_t4_otype:arr_i:28_j:17,33.85431,0.0,hdslay1_t4,28,17,hdslay1,arr,,,,,,
oname:hdslay1_t4_otype:arr_i:28_j:18,33.86458,0.0,hdslay1_t4,28,18,hdslay1,arr,,,,,,
oname:hdslay1_t4_otype:arr_i:28_j:19,33.87257,0.0,hdslay1_t4,28,19,hdslay1,arr,,,,,,
oname:hdslay1_t4_otype:arr_i:28_j:2,34.2052,0.0,hdslay1_t4,28,2,hdslay1,arr,,,,,,
oname:hdslay1_t4_otype:arr_i:28_j:3,34.16878,0.0,hdslay1_t4,28,3,hdslay1,arr,,,,,,
oname:hdslay1_t4_otype:arr_i:28_j:4,34.11471,0.0,hdslay1_t4,28,4,hdslay1,arr,,,,,,
oname:hdslay1_t4_otype:arr_i:28_j:5,34.05217,0.0,hdslay1_t4,28,5,hdslay1,arr,,,,,,
oname:hdslay1_t4_otype:arr_i:28_j:6,33.99027,0.0,hdslay1_t4,28,6,hdslay1,arr,,,,,,
oname:hdslay1_t4_otype:arr_i:28_j:7,33.96416,0.0,hdslay1_t4,28,7,hdslay1,arr,,,,,,
oname:hdslay1_t4_otype:arr_i:28_j:8,33.94271,0.0,hdslay1_t4,28,8,hdslay1,arr,,,,,,
oname:hdslay1_t4_otype:arr_i:28_j:9,33.91415,0.0,hdslay1_t4,28,9,hdslay1,arr,,,,,,
oname:hdslay1_t4_otype:arr_i:29_j:0,34.21139,0.0,hdslay1_t4,29,0,hdslay1,arr,,,,,,
oname:hdslay1_t4_otype:arr_i:29_j:1,34.19804,0.0,hdslay1_t4,29,1,hdslay1,arr,,,,,,
oname:hdslay1_t4_otype:arr_i:29_j:10,33.87337,0.0,hdslay1_t4,29,10,hdslay1,arr,,,,,,
oname:hdslay1_t4_otype:arr_i:29_j:11,33.85723,0.0,hdslay1_t4,29,11,hdslay1,arr,,,,,,
oname:hdslay1_t4_otype:arr_i:29_j:12,33.84462,0.0,hdslay1_t4,29,12,hdslay1,arr,,,,,,
oname:hdslay1_t4_otype:arr_i:29_j:13,33.83553,0.0,hdslay1_t4,29,13,hdslay1,arr,,,,,,
oname:hdslay1_t4_otype:arr_i:29_j:14,33.82415,0.0,hdslay1_t4,29,14,hdslay1,arr,,,,,,
oname:hdslay1_t4_otype:arr_i:29_j:15,33.8118,0.0,hdslay1_t4,29,15,hdslay1,arr,,,,,,
oname:hdslay1_t4_otype:arr_i:29_j:16,33.82213,0.0,hdslay1_t4,29,16,hdslay1,arr,,,,,,
oname:hdslay1_t4_otype:arr_i:29_j:17,33.83073,0.0,hdslay1_t4,29,17,hdslay1,arr,,,,,,
oname:hdslay1_t4_otype:arr_i:29_j:18,33.84051,0.0,hdslay1_t4,29,18,hdslay1,arr,,,,,,
oname:hdslay1_t4_otype:arr_i:29_j:19,33.84568,0.0,hdslay1_t4,29,19,hdslay1,arr,,,,,,
oname:hdslay1_t4_otype:arr_i:29_j:2,34.16821,0.0,hdslay1_t4,29,2,hdslay1,arr,,,,,,
oname:hdslay1_t4_otype:arr_i:29_j:3,34.12887,0.0,hdslay1_t4,29,3,hdslay1,arr,,,,,,
oname:hdslay1_t4_otype:arr_i:29_j:4,34.07641,0.0,hdslay1_t4,29,4,hdslay1,arr,,,,,,
oname:hdslay1_t4_otype:arr_i:29_j:5,33.99876,0.0,hdslay1_t4,29,5,hdslay1,arr,,,,,,
oname:hdslay1_t4_otype:arr_i:29_j:6,33.89906,0.0,hdslay1_t4,29,6,hdslay1,arr,,,,,,
oname:hdslay1_t4_otype:arr_i:29_j:7,33.91948,0.0,hdslay1_t4,29,7,hdslay1,arr,,,,,,
oname:hdslay1_t4_otype:arr_i:29_j:8,33.91103,0.0,hdslay1_t4,29,8,hdslay1,arr,,,,,,
oname:hdslay1_t4_otype:arr_i:29_j:9,33.89184,0.0,hdslay1_t4,29,9,hdslay1,arr,,,,,,
oname:hdslay1_t4_otype:arr_i:2_j:0,35.51528,0.0,hdslay1_t4,2,0,hdslay1,arr,,,,,,
oname:hdslay1_t4_otype:arr_i:2_j:1,35.50612,0.0,hdslay1_t4,2,1,hdslay1,arr,,,,,,
oname:hdslay1_t4_otype:arr_i:2_j:10,34.64024,0.0,hdslay1_t4,2,10,hdslay1,arr,,,,,,
oname:hdslay1_t4_otype:arr_i:2_j:11,34.57372,0.0,hdslay1_t4,2,11,hdslay1,arr,,,,,,
oname:hdslay1_t4_otype:arr_i:2_j:12,34.5084,0.0,hdslay1_t4,2,12,hdslay1,arr,,,,,,
oname:hdslay1_t4_otype:arr_i:2_j:13,34.43957,0.0,hdslay1_t4,2,13,hdslay1,arr,,,,,,
oname:hdslay1_t4_otype:arr_i:2_j:14,34.37355,0.0,hdslay1_t4,2,14,hdslay1,arr,,,,,,
oname:hdslay1_t4_otype:arr_i:2_j:15,34.31669,0.0,hdslay1_t4,2,15,hdslay1,arr,,,,,,
oname:hdslay1_t4_otype:arr_i:2_j:16,34.30532,0.0,hdslay1_t4,2,16,hdslay1,arr,,,,,,
oname:hdslay1_t4_otype:arr_i:2_j:17,34.29591,0.0,hdslay1_t4,2,17,hdslay1,arr,,,,,,
oname:hdslay1_t4_otype:arr_i:2_j:18,34.2903,0.0,hdslay1_t4,2,18,hdslay1,arr,,,,,,
oname:hdslay1_t4_otype:arr_i:2_j:19,34.2883,0.0,hdslay1_t4,2,19,hdslay1,arr,,,,,,
oname:hdslay1_t4_otype:arr_i:2_j:2,35.48627,0.0,hdslay1_t4,2,2,hdslay1,arr,,,,,,
oname:hdslay1_t4_otype:arr_i:2_j:3,35.42801,0.0,hdslay1_t4,2,3,hdslay1,arr,,,,,,
oname:hdslay1_t4_otype:arr_i:2_j:4,35.33989,0.0,hdslay1_t4,2,4,hdslay1,arr,,,,,,
oname:hdslay1_t4_otype:arr_i:2_j:5,35.22832,0.0,hdslay1_t4,2,5,hdslay1,arr,,,,,,
oname:hdslay1_t4_otype:arr_i:2_j:6,35.09366,0.0,hdslay1_t4,2,6,hdslay1,arr,,,,,,
oname:hdslay1_t4_otype:arr_i:2_j:7,34.93403,0.0,hdslay1_t4,2,7,hdslay1,arr,,,,,,
oname:hdslay1_t4_otype:arr_i:2_j:8,34.80655,0.0,hdslay1_t4,2,8,hdslay1,arr,,,,,,
oname:hdslay1_t4_otype:arr_i:2_j:9,34.7134,0.0,hdslay1_t4,2,9,hdslay1,arr,,,,,,
oname:hdslay1_t4_otype:arr_i:30_j:0,34.17812,0.0,hdslay1_t4,30,0,hdslay1,arr,,,,,,
oname:hdslay1_t4_otype:arr_i:30_j:1,34.1604,0.0,hdslay1_t4,30,1,hdslay1,arr,,,,,,
oname:hdslay1_t4_otype:arr_i:30_j:10,33.85134,0.0,hdslay1_t4,30,10,hdslay1,arr,,,,,,
oname:hdslay1_t4_otype:arr_i:30_j:11,33.8346,0.0,hdslay1_t4,30,11,hdslay1,arr,,,,,,
oname:hdslay1_t4_otype:arr_i:30_j:12,33.82193,0.0,hdslay1_t4,30,12,hdslay1,arr,,,,,,
oname:hdslay1_t4_otype:arr_i:30_j:13,33.81076,0.0,hdslay1_t4,30,13,hdslay1,arr,,,,,,
oname:hdslay1_t4_otype:arr_i:30_j:14,33.80033,0.0,hdslay1_t4,30,14,hdslay1,arr,,,,,,
oname:hdslay1_t4_otype:arr_i:30_j:15,33.794,0.0,hdslay1_t4,30,15,hdslay1,arr,,,,,,
oname:hdslay1_t4_otype:arr_i:30_j:16,33.79984,0.0,hdslay1_t4,30,16,hdslay1,arr,,,,,,
oname:hdslay1_t4_otype:arr_i:30_j:17,33.80614,0.0,hdslay1_t4,30,17,hdslay1,arr,,,,,,
oname:hdslay1_t4_otype:arr_i:30_j:18,33.81364,0.0,hdslay1_t4,30,18,hdslay1,arr,,,,,,
oname:hdslay1_t4_otype:arr_i:30_j:19,33.81558,0.0,hdslay1_t4,30,19,hdslay1,arr,,,,,,
oname:hdslay1_t4_otype:arr_i:30_j:2,34.13322,0.0,hdslay1_t4,30,2,hdslay1,arr,,,,,,
oname:hdslay1_t4_otype:arr_i:30_j:3,34.09983,0.0,hdslay1_t4,30,3,hdslay1,arr,,,,,,
oname:hdslay1_t4_otype:arr_i:30_j:4,34.04795,0.0,hdslay1_t4,30,4,hdslay1,arr,,,,,,
oname:hdslay1_t4_otype:arr_i:30_j:5,33.98245,0.0,hdslay1_t4,30,5,hdslay1,arr,,,,,,
oname:hdslay1_t4_otype:arr_i:30_j:6,33.92348,0.0,hdslay1_t4,30,6,hdslay1,arr,,,,,,
oname:hdslay1_t4_otype:arr_i:30_j:7,33.90141,0.0,hdslay1_t4,30,7,hdslay1,arr,,,,,,
oname:hdslay1_t4_otype:arr_i:30_j:8,33.88477,0.0,hdslay1_t4,30,8,hdslay1,arr,,,,,,
oname:hdslay1_t4_otype:arr_i:30_j:9,33.86778,0.0,hdslay1_t4,30,9,hdslay1,arr,,,,,,
oname:hdslay1_t4_otype:arr_i:31_j:0,34.15522,0.0,hdslay1_t4,31,0,hdslay1,arr,,,,,,
oname:hdslay1_t4_otype:arr_i:31_j:1,34.12944,0.0,hdslay1_t4,31,1,hdslay1,arr,,,,,,
oname:hdslay1_t4_otype:arr_i:31_j:10,33.82913,0.0,hdslay1_t4,31,10,hdslay1,arr,,,,,,
oname:hdslay1_t4_otype:arr_i:31_j:11,33.80946,0.0,hdslay1_t4,31,11,hdslay1,arr,,,,,,
oname:hdslay1_t4_otype:arr_i:31_j:12,33.79485,0.0,hdslay1_t4,31,12,hdslay1,arr,,,,,,
oname:hdslay1_t4_otype:arr_i:31_j:13,33.78291,0.0,hdslay1_t4,31,13,hdslay1,arr,,,,,,
oname:hdslay1_t4_otype:arr_i:31_j:14,33.77642,0.0,hdslay1_t4,31,14,hdslay1,arr,,,,,,
oname:hdslay1_t4_otype:arr_i:31_j:15,33.77391,0.0,hdslay1_t4,31,15,hdslay1,arr,,,,,,
oname:hdslay1_t4_otype:arr_i:31_j:16,33.77916,0.0,hdslay1_t4,31,16,hdslay1,arr,,,,,,
oname:hdslay1_t4_otype:arr_i:31_j:17,33.78459,0.0,hdslay1_t4,31,17,hdslay1,arr,,,,,,
oname:hdslay1_t4_otype:arr_i:31_j:18,33.78981,0.0,hdslay1_t4,31,18,hdslay1,arr,,,,,,
oname:hdslay1_t4_otype:arr_i:31_j:19,33.79247,0.0,hdslay1_t4,31,19,hdslay1,arr,,,,,,
oname:hdslay1_t4_otype:arr_i:31_j:2,34.10505,0.0,hdslay1_t4,31,2,hdslay1,arr,,,,,,
oname:hdslay1_t4_otype:arr_i:31_j:3,34.06871,0.0,hdslay1_t4,31,3,hdslay1,arr,,,,,,
oname:hdslay1_t4_otype:arr_i:31_j:4,34.01354,0.0,hdslay1_t4,31,4,hdslay1,arr,,,,,,
oname:hdslay1_t4_otype:arr_i:31_j:5,33.95568,0.0,hdslay1_t4,31,5,hdslay1,arr,,,,,,
oname:hdslay1_t4_otype:arr_i:31_j:6,33.91031,0.0,hdslay1_t4,31,6,hdslay1,arr,,,,,,
oname:hdslay1_t4_otype:arr_i:31_j:7,33.88108,0.0,hdslay1_t4,31,7,hdslay1,arr,,,,,,
oname:hdslay1_t4_otype:arr_i:31_j:8,33.8634,0.0,hdslay1_t4,31,8,hdslay1,arr,,,,,,
oname:hdslay1_t4_otype:arr_i:31_j:9,33.84615,0.0,hdslay1_t4,31,9,hdslay1,arr,,,,,,
oname:hdslay1_t4_otype:arr_i:32_j:0,1e+30,0.0,hdslay1_t4,32,0,hdslay1,arr,,,,,,
oname:hdslay1_t4_otype:arr_i:32_j:1,34.10649,0.0,hdslay1_t4,32,1,hdslay1,arr,,,,,,
oname:hdslay1_t4_otype:arr_i:32_j:10,33.79981,0.0,hdslay1_t4,32,10,hdslay1,arr,,,,,,
oname:hdslay1_t4_otype:arr_i:32_j:11,33.77977,0.0,hdslay1_t4,32,11,hdslay1,arr,,,,,,
oname:hdslay1_t4_otype:arr_i:32_j:12,33.76348,0.0,hdslay1_t4,32,12,hdslay1,arr,,,,,,
oname:hdslay1_t4_otype:arr_i:32_j:13,33.75514,0.0,hdslay1_t4,32,13,hdslay1,arr,,,,,,
oname:hdslay1_t4_otype:arr_i:32_j:14,33.75346,0.0,hdslay1_t4,32,14,hdslay1,arr,,,,,,
oname:hdslay1_t4_otype:arr_i:32_j:15,33.75371,0.0,hdslay1_t4,32,15,hdslay1,arr,,,,,,
oname:hdslay1_t4_otype:arr_i:32_j:16,33.7616,0.0,hdslay1_t4,32,16,hdslay1,arr,,,,,,
oname:hdslay1_t4_otype:arr_i:32_j:17,33.76686,0.0,hdslay1_t4,32,17,hdslay1,arr,,,,,,
oname:hdslay1_t4_otype:arr_i:32_j:18,33.77201,0.0,hdslay1_t4,32,18,hdslay1,arr,,,,,,
oname:hdslay1_t4_otype:arr_i:32_j:19,33.77515,0.0,hdslay1_t4,32,19,hdslay1,arr,,,,,,
oname:hdslay1_t4_otype:arr_i:32_j:2,34.07929,0.0,hdslay1_t4,32,2,hdslay1,arr,,,,,,
oname:hdslay1_t4_otype:arr_i:32_j:3,34.03423,0.0,hdslay1_t4,32,3,hdslay1,arr,,,,,,
oname:hdslay1_t4_otype:arr_i:32_j:4,33.97792,0.0,hdslay1_t4,32,4,hdslay1,arr,,,,,,
oname:hdslay1_t4_otype:arr_i:32_j:5,33.92873,0.0,hdslay1_t4,32,5,hdslay1,arr,,,,,,
oname:hdslay1_t4_otype:arr_i:32_j:6,33.89101,0.0,hdslay1_t4,32,6,hdslay1,arr,,,,,,
oname:hdslay1_t4_otype:arr_i:32_j:7,33.86231,0.0,hdslay1_t4,32,7,hdslay1,arr,,,,,,
oname:hdslay1_t4_otype:arr_i:32_j:8,33.83947,0.0,hdslay1_t4,32,8,hdslay1,arr,,,,,,
oname:hdslay1_t4_otype:arr_i:32_j:9,33.81976,0.0,hdslay1_t4,32,9,hdslay1,arr,,,,,,
oname:hdslay1_t4_otype:arr_i:33_j:0,1e+30,0.0,hdslay1_t4,33,0,hdslay1,arr,,,,,,
oname:hdslay1_t4_otype:arr_i:33_j:1,1e+30,0.0,hdslay1_t4,33,1,hdslay1,arr,,,,,,
oname:hdslay1_t4_otype:arr_i:33_j:10,33.76753,0.0,hdslay1_t4,33,10,hdslay1,arr,,,,,,
oname:hdslay1_t4_otype:arr_i:33_j:11,33.73871,0.0,hdslay1_t4,33,11,hdslay1,arr,,,,,,
oname:hdslay1_t4_otype:arr_i:33_j:12,33.7164,0.0,hdslay1_t4,33,12,hdslay1,arr,,,,,,
oname:hdslay1_t4_otype:arr_i:33_j:13,33.72436,0.0,hdslay1_t4,33,13,hdslay1,arr,,,,,,
oname:hdslay1_t4_otype:arr_i:33_j:14,33.72947,0.0,hdslay1_t4,33,14,hdslay1,arr,,,,,,
oname:hdslay1_t4_otype:arr_i:33_j:15,33.73166,0.0,hdslay1_t4,33,15,hdslay1,arr,,,,,,
oname:hdslay1_t4_otype:arr_i:33_j:16,33.74357,0.0,hdslay1_t4,33,16,hdslay1,arr,,,,,,
oname:hdslay1_t4_otype:arr_i:33_j:17,33.75243,0.0,hdslay1_t4,33,17,hdslay1,arr,,,,,,
oname:hdslay1_t4_otype:arr_i:33_j:18,33.75918,0.0,hdslay1_t4,33,18,hdslay1,arr,,,,,,
oname:hdslay1_t4_otype:arr_i:33_j:19,33.7639,0.0,hdslay1_t4,33,19,hdslay1,arr,,,,,,
oname:hdslay1_t4_otype:arr_i:33_j:2,34.04829,0.0,hdslay1_t4,33,2,hdslay1,arr,,,,,,
oname:hdslay1_t4_otype:arr_i:33_j:3,33.99857,0.0,hdslay1_t4,33,3,hdslay1,arr,,,,,,
oname:hdslay1_t4_otype:arr_i:33_j:4,33.93751,0.0,hdslay1_t4,33,4,hdslay1,arr,,,,,,
oname:hdslay1_t4_otype:arr_i:33_j:5,33.89595,0.0,hdslay1_t4,33,5,hdslay1,arr,,,,,,
oname:hdslay1_t4_otype:arr_i:33_j:6,33.86231,0.0,hdslay1_t4,33,6,hdslay1,arr,,,,,,
oname:hdslay1_t4_otype:arr_i:33_j:7,33.83302,0.0,hdslay1_t4,33,7,hdslay1,arr,,,,,,
oname:hdslay1_t4_otype:arr_i:33_j:8,33.80762,0.0,hdslay1_t4,33,8,hdslay1,arr,,,,,,
oname:hdslay1_t4_otype:arr_i:33_j:9,33.78795,0.0,hdslay1_t4,33,9,hdslay1,arr,,,,,,
oname:hdslay1_t4_otype:arr_i:34_j:0,1e+30,0.0,hdslay1_t4,34,0,hdslay1,arr,,,,,,
oname:hdslay1_t4_otype:arr_i:34_j:1,1e+30,0.0,hdslay1_t4,34,1,hdslay1,arr,,,,,,
oname:hdslay1_t4_otype:arr_i:34_j:10,33.72759,0.0,hdslay1_t4,34,10,hdslay1,arr,,,,,,
oname:hdslay1_t4_otype:arr_i:34_j:11,33.68361,0.0,hdslay1_t4,34,11,hdslay1,arr,,,,,,
oname:hdslay1_t4_otype:arr_i:34_j:12,33.61182,0.0,hdslay1_t4,34,12,hdslay1,arr,,,,,,
oname:hdslay1_t4_otype:arr_i:34_j:13,33.68345,0.0,hdslay1_t4,34,13,hdslay1,arr,,,,,,
oname:hdslay1_t4_otype:arr_i:34_j:14,33.70152,0.0,hdslay1_t4,34,14,hdslay1,arr,,,,,,
oname:hdslay1_t4_otype:arr_i:34_j:15,33.70642,0.0,hdslay1_t4,34,15,hdslay1,arr,,,,,,
oname:hdslay1_t4_otype:arr_i:34_j:16,33.72137,0.0,hdslay1_t4,34,16,hdslay1,arr,,,,,,
oname:hdslay1_t4_otype:arr_i:34_j:17,33.73481,0.0,hdslay1_t4,34,17,hdslay1,arr,,,,,,
oname:hdslay1_t4_otype:arr_i:34_j:18,33.74633,0.0,hdslay1_t4,34,18,hdslay1,arr,,,,,,
oname:hdslay1_t4_otype:arr_i:34_j:19,33.75692,0.0,hdslay1_t4,34,19,hdslay1,arr,,,,,,
oname:hdslay1_t4_otype:arr_i:34_j:2,1e+30,0.0,hdslay1_t4,34,2,hdslay1,arr,,,,,,
oname:hdslay1_t4_otype:arr_i:34_j:3,33.94595,0.0,hdslay1_t4,34,3,hdslay1,arr,,,,,,
oname:hdslay1_t4_otype:arr_i:34_j:4,33.88463,0.0,hdslay1_t4,34,4,hdslay1,arr,,,,,,
oname:hdslay1_t4_otype:arr_i:34_j:5,33.85368,0.0,hdslay1_t4,34,5,hdslay1,arr,,,,,,
oname:hdslay1_t4_otype:arr_i:34_j:6,33.82046,0.0,hdslay1_t4,34,6,hdslay1,arr,,,,,,
oname:hdslay1_t4_otype:arr_i:34_j:7,33.79408,0.0,hdslay1_t4,34,7,hdslay1,arr,,,,,,
oname:hdslay1_t4_otype:arr_i:34_j:8,33.7736,0.0,hdslay1_t4,34,8,hdslay1,arr,,,,,,
oname:hdslay1_t4_otype:arr_i:34_j:9,33.75428,0.0,hdslay1_t4,34,9,hdslay1,arr,,,,,,
oname:hdslay1_t4_otype:arr_i:35_j:0,1e+30,0.0,hdslay1_t4,35,0,hdslay1,arr,,,,,,
oname:hdslay1_t4_otype:arr_i:35_j:1,1e+30,0.0,hdslay1_t4,35,1,hdslay1,arr,,,,,,
oname:hdslay1_t4_otype:arr_i:35_j:10,33.68639,0.0,hdslay1_t4,35,10,hdslay1,arr,,,,,,
oname:hdslay1_t4_otype:arr_i:35_j:11,33.66436,0.0,hdslay1_t4,35,11,hdslay1,arr,,,,,,
oname:hdslay1_t4_otype:arr_i:35_j:12,33.64814,0.0,hdslay1_t4,35,12,hdslay1,arr,,,,,,
oname:hdslay1_t4_otype:arr_i:35_j:13,33.6674,0.0,hdslay1_t4,35,13,hdslay1,arr,,,,,,
oname:hdslay1_t4_otype:arr_i:35_j:14,33.67978,0.0,hdslay1_t4,35,14,hdslay1,arr,,,,,,
oname:hdslay1_t4_otype:arr_i:35_j:15,33.68593,0.0,hdslay1_t4,35,15,hdslay1,arr,,,,,,
oname:hdslay1_t4_otype:arr_i:35_j:16,33.69874,0.0,hdslay1_t4,35,16,hdslay1,arr,,,,,,
oname:hdslay1_t4_otype:arr_i:35_j:17,33.71238,0.0,hdslay1_t4,35,17,hdslay1,arr,,,,,,
oname:hdslay1_t4_otype:arr_i:35_j:18,33.72419,0.0,hdslay1_t4,35,18,hdslay1,arr,,,,,,
oname:hdslay1_t4_otype:arr_i:35_j:19,1e+30,0.0,hdslay1_t4,35,19,hdslay1,arr,,,,,,
oname:hdslay1_t4_otype:arr_i:35_j:2,1e+30,0.0,hdslay1_t4,35,2,hdslay1,arr,,,,,,
oname:hdslay1_t4_otype:arr_i:35_j:3,1e+30,0.0,hdslay1_t4,35,3,hdslay1,arr,,,,,,
oname:hdslay1_t4_otype:arr_i:35_j:4,33.82918,0.0,hdslay1_t4,35,4,hdslay1,arr,,,,,,
oname:hdslay1_t4_otype:arr_i:35_j:5,33.80326,0.0,hdslay1_t4,35,5,hdslay1,arr,,,,,,
oname:hdslay1_t4_otype:arr_i:35_j:6,33.77199,0.0,hdslay1_t4,35,6,hdslay1,arr,,,,,,
oname:hdslay1_t4_otype:arr_i:35_j:7,33.74781,0.0,hdslay1_t4,35,7,hdslay1,arr,,,,,,
oname:hdslay1_t4_otype:arr_i:35_j:8,33.73109,0.0,hdslay1_t4,35,8,hdslay1,arr,,,,,,
oname:hdslay1_t4_otype:arr_i:35_j:9,33.71297,0.0,hdslay1_t4,35,9,hdslay1,arr,,,,,,
oname:hdslay1_t4_otype:arr_i:36_j:0,1e+30,0.0,hdslay1_t4,36,0,hdslay1,arr,,,,,,
oname:hdslay1_t4_otype:arr_i:36_j:1,1e+30,0.0,hdslay1_t4,36,1,hdslay1,arr,,,,,,
oname:hdslay1_t4_otype:arr_i:36_j:10,33.64966,0.0,hdslay1_t4,36,10,hdslay1,arr,,,,,,
oname:hdslay1_t4_otype:arr_i:36_j:11,33.64221,0.0,hdslay1_t4,36,11,hdslay1,arr,,,,,,
oname:hdslay1_t4_otype:arr_i:36_j:12,33.63531,0.0,hdslay1_t4,36,12,hdslay1,arr,,,,,,
oname:hdslay1_t4_otype:arr_i:36_j:13,33.64477,0.0,hdslay1_t4,36,13,hdslay1,arr,,,,,,
oname:hdslay1_t4_otype:arr_i:36_j:14,33.65682,0.0,hdslay1_t4,36,14,hdslay1,arr,,,,,,
oname:hdslay1_t4_otype:arr_i:36_j:15,33.66621,0.0,hdslay1_t4,36,15,hdslay1,arr,,,,,,
oname:hdslay1_t4_otype:arr_i:36_j:16,33.67807,0.0,hdslay1_t4,36,16,hdslay1,arr,,,,,,
oname:hdslay1_t4_otype:arr_i:36_j:17,33.69328,0.0,hdslay1_t4,36,17,hdslay1,arr,,,,,,
oname:hdslay1_t4_otype:arr_i:36_j:18,33.70983,0.0,hdslay1_t4,36,18,hdslay1,arr,,,,,,
oname:hdslay1_t4_otype:arr_i:36_j:19,1e+30,0.0,hdslay1_t4,36,19,hdslay1,arr,,,,,,
oname:hdslay1_t4_otype:arr_i:36_j:2,1e+30,0.0,hdslay1_t4,36,2,hdslay1,arr,,,,,,
oname:hdslay1_t4_otype:arr_i:36_j:3,1e+30,0.0,hdslay1_t4,36,3,hdslay1,arr,,,,,,
oname:hdslay1_t4_otype:arr_i:36_j:4,33.79542,0.0,hdslay1_t4,36,4,hdslay1,arr,,,,,,
oname:hdslay1_t4_otype:arr_i:36_j:5,33.75002,0.0,hdslay1_t4,36,5,hdslay1,arr,,,,,,
oname:hdslay1_t4_otype:arr_i:36_j:6,33.7192,0.0,hdslay1_t4,36,6,hdslay1,arr,,,,,,
oname:hdslay1_t4_otype:arr_i:36_j:7,33.69916,0.0,hdslay1_t4,36,7,hdslay1,arr,,,,,,
oname:hdslay1_t4_otype:arr_i:36_j:8,33.68255,0.0,hdslay1_t4,36,8,hdslay1,arr,,,,,,
oname:hdslay1_t4_otype:arr_i:36_j:9,33.66794,0.0,hdslay1_t4,36,9,hdslay1,arr,,,,,,
oname:hdslay1_t4_otype:arr_i:37_j:0,1e+30,0.0,hdslay1_t4,37,0,hdslay1,arr,,,,,,
oname:hdslay1_t4_otype:arr_i:37_j:1,1e+30,0.0,hdslay1_t4,37,1,hdslay1,arr,,,,,,
oname:hdslay1_t4_otype:arr_i:37_j:10,33.61061,0.0,hdslay1_t4,37,10,hdslay1,arr,,,,,,
oname:hdslay1_t4_otype:arr_i:37_j:11,33.60175,0.0,hdslay1_t4,37,11,hdslay1,arr,,,,,,
oname:hdslay1_t4_otype:arr_i:37_j:12,33.60161,0.0,hdslay1_t4,37,12,hdslay1,arr,,,,,,
oname:hdslay1_t4_otype:arr_i:37_j:13,33.61436,0.0,hdslay1_t4,37,13,hdslay1,arr,,,,,,
oname:hdslay1_t4_otype:arr_i:37_j:14,33.6314,0.0,hdslay1_t4,37,14,hdslay1,arr,,,,,,
oname:hdslay1_t4_otype:arr_i:37_j:15,33.64718,0.0,hdslay1_t4,37,15,hdslay1,arr,,,,,,
oname:hdslay1_t4_otype:arr_i:37_j:16,33.66029,0.0,hdslay1_t4,37,16,hdslay1,arr,,,,,,
oname:hdslay1_t4_otype:arr_i:37_j:17,33.67534,0.0,hdslay1_t4,37,17,hdslay1,arr,,,,,,
oname:hdslay1_t4_otype:arr_i:37_j:18,1e+30,0.0,hdslay1_t4,37,18,hdslay1,arr,,,,,,
oname:hdslay1_t4_otype:arr_i:37_j:19,1e+30,0.0,hdslay1_t4,37,19,hdslay1,arr,,,,,,
oname:hdslay1_t4_otype:arr_i:37_j:2,1e+30,0.0,hdslay1_t4,37,2,hdslay1,arr,,,,,,
oname:hdslay1_t4_otype:arr_i:37_j:3,1e+30,0.0,hdslay1_t4,37,3,hdslay1,arr,,,,,,
oname:hdslay1_t4_otype:arr_i:37_j:4,1e+30,0.0,hdslay1_t4,37,4,hdslay1,arr,,,,,,
oname:hdslay1_t4_otype:arr_i:37_j:5,33.67188,0.0,hdslay1_t4,37,5,hdslay1,arr,,,,,,
oname:hdslay1_t4_otype:arr_i:37_j:6,33.66417,0.0,hdslay1_t4,37,6,hdslay1,arr,,,,,,
oname:hdslay1_t4_otype:arr_i:37_j:7,33.65258,0.0,hdslay1_t4,37,7,hdslay1,arr,,,,,,
oname:hdslay1_t4_otype:arr_i:37_j:8,33.63698,0.0,hdslay1_t4,37,8,hdslay1,arr,,,,,,
oname:hdslay1_t4_otype:arr_i:37_j:9,33.62441,0.0,hdslay1_t4,37,9,hdslay1,arr,,,,,,
oname:hdslay1_t4_otype:arr_i:38_j:0,1e+30,0.0,hdslay1_t4,38,0,hdslay1,arr,,,,,,
oname:hdslay1_t4_otype:arr_i:38_j:1,1e+30,0.0,hdslay1_t4,38,1,hdslay1,arr,,,,,,
oname:hdslay1_t4_otype:arr_i:38_j:10,33.54901,0.0,hdslay1_t4,38,10,hdslay1,arr,,,,,,
oname:hdslay1_t4_otype:arr_i:38_j:11,33.53669,0.0,hdslay1_t4,38,11,hdslay1,arr,,,,,,
oname:hdslay1_t4_otype:arr_i:38_j:12,33.54647,0.0,hdslay1_t4,38,12,hdslay1,arr,,,,,,
oname:hdslay1_t4_otype:arr_i:38_j:13,33.56995,0.0,hdslay1_t4,38,13,hdslay1,arr,,,,,,
oname:hdslay1_t4_otype:arr_i:38_j:14,33.59894,0.0,hdslay1_t4,38,14,hdslay1,arr,,,,,,
oname:hdslay1_t4_otype:arr_i:38_j:15,33.62362,0.0,hdslay1_t4,38,15,hdslay1,arr,,,,,,
oname:hdslay1_t4_otype:arr_i:38_j:16,33.64558,0.0,hdslay1_t4,38,16,hdslay1,arr,,,,,,
oname:hdslay1_t4_otype:arr_i:38_j:17,1e+30,0.0,hdslay1_t4,38,17,hdslay1,arr,,,,,,
oname:hdslay1_t4_otype:arr_i:38_j:18,1e+30,0.0,hdslay1_t4,38,18,hdslay1,arr,,,,,,
oname:hdslay1_t4_otype:arr_i:38_j:19,1e+30,0.0,hdslay1_t4,38,19,hdslay1,arr,,,,,,
oname:hdslay1_t4_otype:arr_i:38_j:2,1e+30,0.0,hdslay1_t4,38,2,hdslay1,arr,,,,,,
oname:hdslay1_t4_otype:arr_i:38_j:3,1e+30,0.0,hdslay1_t4,38,3,hdslay1,arr,,,,,,
oname:hdslay1_t4_otype:arr_i:38_j:4,1e+30,0.0,hdslay1_t4,38,4,hdslay1,arr,,,,,,
oname:hdslay1_t4_otype:arr_i:38_j:5,33.60629,0.0,hdslay1_t4,38,5,hdslay1,arr,,,,,,
oname:hdslay1_t4_otype:arr_i:38_j:6,33.60472,0.0,hdslay1_t4,38,6,hdslay1,arr,,,,,,
oname:hdslay1_t4_otype:arr_i:38_j:7,33.59144,0.0,hdslay1_t4,38,7,hdslay1,arr,,,,,,
oname:hdslay1_t4_otype:arr_i:38_j:8,33.58104,0.0,hdslay1_t4,38,8,hdslay1,arr,,,,,,
oname:hdslay1_t4_otype:arr_i:38_j:9,33.56672,0.0,hdslay1_t4,38,9,hdslay1,arr,,,,,,
oname:hdslay1_t4_otype:arr_i:39_j:0,1e+30,0.0,hdslay1_t4,39,0,hdslay1,arr,,,,,,
oname:hdslay1_t4_otype:arr_i:39_j:1,1e+30,0.0,hdslay1_t4,39,1,hdslay1,arr,,,,,,
oname:hdslay1_t4_otype:arr_i:39_j:10,33.44642,0.0,hdslay1_t4,39,10,hdslay1,arr,,,,,,
oname:hdslay1_t4_otype:arr_i:39_j:11,33.45032,0.0,hdslay1_t4,39,11,hdslay1,arr,,,,,,
oname:hdslay1_t4_otype:arr_i:39_j:12,33.46704,0.0,hdslay1_t4,39,12,hdslay1,arr,,,,,,
oname:hdslay1_t4_otype:arr_i:39_j:13,33.50118,0.0,hdslay1_t4,39,13,hdslay1,arr,,,,,,
oname:hdslay1_t4_otype:arr_i:39_j:14,33.54028,0.0,hdslay1_t4,39,14,hdslay1,arr,,,,,,
oname:hdslay1_t4_otype:arr_i:39_j:15,33.59376,0.0,hdslay1_t4,39,15,hdslay1,arr,,,,,,
oname:hdslay1_t4_otype:arr_i:39_j:16,1e+30,0.0,hdslay1_t4,39,16,hdslay1,arr,,,,,,
oname:hdslay1_t4_otype:arr_i:39_j:17,1e+30,0.0,hdslay1_t4,39,17,hdslay1,arr,,,,,,
oname:hdslay1_t4_otype:arr_i:39_j:18,1e+30,0.0,hdslay1_t4,39,18,hdslay1,arr,,,,,,
oname:hdslay1_t4_otype:arr_i:39_j:19,1e+30,0.0,hdslay1_t4,39,19,hdslay1,arr,,,,,,
oname:hdslay1_t4_otype:arr_i:39_j:2,1e+30,0.0,hdslay1_t4,39,2,hdslay1,arr,,,,,,
oname:hdslay1_t4_otype:arr_i:39_j:3,1e+30,0.0,hdslay1_t4,39,3,hdslay1,arr,,,,,,
oname:hdslay1_t4_otype:arr_i:39_j:4,1e+30,0.0,hdslay1_t4,39,4,hdslay1,arr,,,,,,
oname:hdslay1_t4_otype:arr_i:39_j:5,33.52996,0.0,hdslay1_t4,39,5,hdslay1,arr,,,,,,
oname:hdslay1_t4_otype:arr_i:39_j:6,33.52136,0.0,hdslay1_t4,39,6,hdslay1,arr,,,,,,
oname:hdslay1_t4_otype:arr_i:39_j:7,33.51538,0.0,hdslay1_t4,39,7,hdslay1,arr,,,,,,
oname:hdslay1_t4_otype:arr_i:39_j:8,33.50269,0.0,hdslay1_t4,39,8,hdslay1,arr,,,,,,
oname:hdslay1_t4_otype:arr_i:39_j:9,33.47951,0.0,hdslay1_t4,39,9,hdslay1,arr,,,,,,
oname:hdslay1_t4_otype:arr_i:3_j:0,35.50467,0.0,hdslay1_t4,3,0,hdslay1,arr,,,,,,
oname:hdslay1_t4_otype:arr_i:3_j:1,35.49965,0.0,hdslay1_t4,3,1,hdslay1,arr,,,,,,
oname:hdslay1_t4_otype:arr_i:3_j:10,34.64581,0.0,hdslay1_t4,3,10,hdslay1,arr,,,,,,
oname:hdslay1_t4_otype:arr_i:3_j:11,34.57469,0.0,hdslay1_t4,3,11,hdslay1,arr,,,,,,
oname:hdslay1_t4_otype:arr_i:3_j:12,34.50326,0.0,hdslay1_t4,3,12,hdslay1,arr,,,,,,
oname:hdslay1_t4_otype:arr_i:3_j:13,34.42468,0.0,hdslay1_t4,3,13,hdslay1,arr,,,,,,
oname:hdslay1_t4_otype:arr_i:3_j:14,34.35779,0.0,hdslay1_t4,3,14,hdslay1,arr,,,,,,
oname:hdslay1_t4_otype:arr_i:3_j:15,34.29923,0.0,hdslay1_t4,3,15,hdslay1,arr,,,,,,
oname:hdslay1_t4_otype:arr_i:3_j:16,34.28537,0.0,hdslay1_t4,3,16,hdslay1,arr,,,,,,
oname:hdslay1_t4_otype:arr_i:3_j:17,34.27401,0.0,hdslay1_t4,3,17,hdslay1,arr,,,,,,
oname:hdslay1_t4_otype:arr_i:3_j:18,34.26808,0.0,hdslay1_t4,3,18,hdslay1,arr,,,,,,
oname:hdslay1_t4_otype:arr_i:3_j:19,34.26525,0.0,hdslay1_t4,3,19,hdslay1,arr,,,,,,
oname:hdslay1_t4_otype:arr_i:3_j:2,35.48649,0.0,hdslay1_t4,3,2,hdslay1,arr,,,,,,
oname:hdslay1_t4_otype:arr_i:3_j:3,35.43944,0.0,hdslay1_t4,3,3,hdslay1,arr,,,,,,
oname:hdslay1_t4_otype:arr_i:3_j:4,35.3587,0.0,hdslay1_t4,3,4,hdslay1,arr,,,,,,
oname:hdslay1_t4_otype:arr_i:3_j:5,35.25028,0.0,hdslay1_t4,3,5,hdslay1,arr,,,,,,
oname:hdslay1_t4_otype:arr_i:3_j:6,35.10944,0.0,hdslay1_t4,3,6,hdslay1,arr,,,,,,
oname:hdslay1_t4_otype:arr_i:3_j:7,34.96197,0.0,hdslay1_t4,3,7,hdslay1,arr,,,,,,
oname:hdslay1_t4_otype:arr_i:3_j:8,34.83201,0.0,hdslay1_t4,3,8,hdslay1,arr,,,,,,
oname:hdslay1_t4_otype:arr_i:3_j:9,34.72986,0.0,hdslay1_t4,3,9,hdslay1,arr,,,,,,
oname:hdslay1_t4_otype:arr_i:4_j:0,35.48352,0.0,hdslay1_t4,4,0,hdslay1,arr,,,,,,
oname:hdslay1_t4_otype:arr_i:4_j:1,35.47925,0.0,hdslay1_t4,4,1,hdslay1,arr,,,,,,
oname:hdslay1_t4_otype:arr_i:4_j:10,34.65459,0.0,hdslay1_t4,4,10,hdslay1,arr,,,,,,
oname:hdslay1_t4_otype:arr_i:4_j:11,34.57641,0.0,hdslay1_t4,4,11,hdslay1,arr,,,,,,
oname:hdslay1_t4_otype:arr_i:4_j:12,34.48664,0.0,hdslay1_t4,4,12,hdslay1,arr,,,,,,
oname:hdslay1_t4_otype:arr_i:4_j:13,34.40141,0.0,hdslay1_t4,4,13,hdslay1,arr,,,,,,
oname:hdslay1_t4_otype:arr_i:4_j:14,34.33383,0.0,hdslay1_t4,4,14,hdslay1,arr,,,,,,
oname:hdslay1_t4_otype:arr_i:4_j:15,34.27784,0.0,hdslay1_t4,4,15,hdslay1,arr,,,,,,
oname:hdslay1_t4_otype:arr_i:4_j:16,34.25972,0.0,hdslay1_t4,4,16,hdslay1,arr,,,,,,
oname:hdslay1_t4_otype:arr_i:4_j:17,34.24856,0.0,hdslay1_t4,4,17,hdslay1,arr,,,,,,
oname:hdslay1_t4_otype:arr_i:4_j:18,34.24549,0.0,hdslay1_t4,4,18,hdslay1,arr,,,,,,
oname:hdslay1_t4_otype:arr_i:4_j:19,34.2456,0.0,hdslay1_t4,4,19,hdslay1,arr,,,,,,
oname:hdslay1_t4_otype:arr_i:4_j:2,35.46968,0.0,hdslay1_t4,4,2,hdslay1,arr,,,,,,
oname:hdslay1_t4_otype:arr_i:4_j:3,35.43316,0.0,hdslay1_t4,4,3,hdslay1,arr,,,,,,
oname:hdslay1_t4_otype:arr_i:4_j:4,35.37013,0.0,hdslay1_t4,4,4,hdslay1,arr,,,,,,
oname:hdslay1_t4_otype:arr_i:4_j:5,35.27281,0.0,hdslay1_t4,4,5,hdslay1,arr,,,,,,
oname:hdslay1_t4_otype:arr_i:4_j:6,35.15646,0.0,hdslay1_t4,4,6,hdslay1,arr,,,,,,
oname:hdslay1_t4_otype:arr_i:4_j:7,35.00545,0.0,hdslay1_t4,4,7,hdslay1,arr,,,,,,
oname:hdslay1_t4_otype:arr_i:4_j:8,34.86091,0.0,hdslay1_t4,4,8,hdslay1,arr,,,,,,
oname:hdslay1_t4_otype:arr_i:4_j:9,34.74786,0.0,hdslay1_t4,4,9,hdslay1,arr,,,,,,
oname:hdslay1_t4_otype:arr_i:5_j:0,35.45849,0.0,hdslay1_t4,5,0,hdslay1,arr,,,,,,
oname:hdslay1_t4_otype:arr_i:5_j:1,35.45582,0.0,hdslay1_t4,5,1,hdslay1,arr,,,,,,
oname:hdslay1_t4_otype:arr_i:5_j:10,34.65437,0.0,hdslay1_t4,5,10,hdslay1,arr,,,,,,
oname:hdslay1_t4_otype:arr_i:5_j:11,34.5642,0.0,hdslay1_t4,5,11,hdslay1,arr,,,,,,
oname:hdslay1_t4_otype:arr_i:5_j:12,34.46548,0.0,hdslay1_t4,5,12,hdslay1,arr,,,,,,
oname:hdslay1_t4_otype:arr_i:5_j:13,34.37353,0.0,hdslay1_t4,5,13,hdslay1,arr,,,,,,
oname:hdslay1_t4_otype:arr_i:5_j:14,34.29937,0.0,hdslay1_t4,5,14,hdslay1,arr,,,,,,
oname:hdslay1_t4_otype:arr_i:5_j:15,34.24363,0.0,hdslay1_t4,5,15,hdslay1,arr,,,,,,
oname:hdslay1_t4_otype:arr_i:5_j:16,34.23036,0.0,hdslay1_t4,5,16,hdslay1,arr,,,,,,
oname:hdslay1_t4_otype:arr_i:5_j:17,34.22071,0.0,hdslay1_t4,5,17,hdslay1,arr,,,,,,
oname:hdslay1_t4_otype:arr_i:5_j:18,34.22064,0.0,hdslay1_t4,5,18,hdslay1,arr,,,,,,
oname:hdslay1_t4_otype:arr_i:5_j:19,34.22392,0.0,hdslay1_t4,5,19,hdslay1,arr,,,,,,
oname:hdslay1_t4_otype:arr_i:5_j:2,35.44395,0.0,hdslay1_t4,5,2,hdslay1,arr,,,,,,
oname:hdslay1_t4_otype:arr_i:5_j:3,35.41398,0.0,hdslay1_t4,5,3,hdslay1,arr,,,,,,
oname:hdslay1_t4_otype:arr_i:5_j:4,35.36595,0.0,hdslay1_t4,5,4,hdslay1,arr,,,,,,
oname:hdslay1_t4_otype:arr_i:5_j:5,35.28405,0.0,hdslay1_t4,5,5,hdslay1,arr,,,,,,
oname:hdslay1_t4_otype:arr_i:5_j:6,35.17227,0.0,hdslay1_t4,5,6,hdslay1,arr,,,,,,
oname:hdslay1_t4_otype:arr_i:5_j:7,35.04214,0.0,hdslay1_t4,5,7,hdslay1,arr,,,,,,
oname:hdslay1_t4_otype:arr_i:5_j:8,34.90281,0.0,hdslay1_t4,5,8,hdslay1,arr,,,,,,
oname:hdslay1_t4_otype:arr_i:5_j:9,34.76166,0.0,hdslay1_t4,5,9,hdslay1,arr,,,,,,
oname:hdslay1_t4_otype:arr_i:6_j:0,35.4435,0.0,hdslay1_t4,6,0,hdslay1,arr,,,,,,
oname:hdslay1_t4_otype:arr_i:6_j:1,35.44078,0.0,hdslay1_t4,6,1,hdslay1,arr,,,,,,
oname:hdslay1_t4_otype:arr_i:6_j:10,34.62629,0.0,hdslay1_t4,6,10,hdslay1,arr,,,,,,
oname:hdslay1_t4_otype:arr_i:6_j:11,34.53042,0.0,hdslay1_t4,6,11,hdslay1,arr,,,,,,
oname:hdslay1_t4_otype:arr_i:6_j:12,34.42127,0.0,hdslay1_t4,6,12,hdslay1,arr,,,,,,
oname:hdslay1_t4_otype:arr_i:6_j:13,34.32188,0.0,hdslay1_t4,6,13,hdslay1,arr,,,,,,
oname:hdslay1_t4_otype:arr_i:6_j:14,34.2534,0.0,hdslay1_t4,6,14,hdslay1,arr,,,,,,
oname:hdslay1_t4_otype:arr_i:6_j:15,34.20171,0.0,hdslay1_t4,6,15,hdslay1,arr,,,,,,
oname:hdslay1_t4_otype:arr_i:6_j:16,34.19528,0.0,hdslay1_t4,6,16,hdslay1,arr,,,,,,
oname:hdslay1_t4_otype:arr_i:6_j:17,34.18952,0.0,hdslay1_t4,6,17,hdslay1,arr,,,,,,
oname:hdslay1_t4_otype:arr_i:6_j:18,34.19025,0.0,hdslay1_t4,6,18,hdslay1,arr,,,,,,
oname:hdslay1_t4_otype:arr_i:6_j:19,34.19128,0.0,hdslay1_t4,6,19,hdslay1,arr,,,,,,
oname:hdslay1_t4_otype:arr_i:6_j:2,35.43199,0.0,hdslay1_t4,6,2,hdslay1,arr,,,,,,
oname:hdslay1_t4_otype:arr_i:6_j:3,35.40952,0.0,hdslay1_t4,6,3,hdslay1,arr,,,,,,
oname:hdslay1_t4_otype:arr_i:6_j:4,35.36788,0.0,hdslay1_t4,6,4,hdslay1,arr,,,,,,
oname:hdslay1_t4_otype:arr_i:6_j:5,35.28378,0.0,hdslay1_t4,6,5,hdslay1,arr,,,,,,
oname:hdslay1_t4_otype:arr_i:6_j:6,35.16245,0.0,hdslay1_t4,6,6,hdslay1,arr,,,,,,
oname:hdslay1_t4_otype:arr_i:6_j:7,35.03119,0.0,hdslay1_t4,6,7,hdslay1,arr,,,,,,
oname:hdslay1_t4_otype:arr_i:6_j:8,34.89039,0.0,hdslay1_t4,6,8,hdslay1,arr,,,,,,
oname:hdslay1_t4_otype:arr_i:6_j:9,34.74101,0.0,hdslay1_t4,6,9,hdslay1,arr,,,,,,
oname:hdslay1_t4_otype:arr_i:7_j:0,35.43359,0.0,hdslay1_t4,7,0,hdslay1,arr,,,,,,
oname:hdslay1_t4_otype:arr_i:7_j:1,35.43197,0.0,hdslay1_t4,7,1,hdslay1,arr,,,,,,
oname:hdslay1_t4_otype:arr_i:7_j:10,34.56488,0.0,hdslay1_t4,7,10,hdslay1,arr,,,,,,
oname:hdslay1_t4_otype:arr_i:7_j:11,34.46931,0.0,hdslay1_t4,7,11,hdslay1,arr,,,,,,
oname:hdslay1_t4_otype:arr_i:7_j:12,34.3517,0.0,hdslay1_t4,7,12,hdslay1,arr,,,,,,
oname:hdslay1_t4_otype:arr_i:7_j:13,34.25568,0.0,hdslay1_t4,7,13,hdslay1,arr,,,,,,
oname:hdslay1_t4_otype:arr_i:7_j:14,34.19534,0.0,hdslay1_t4,7,14,hdslay1,arr,,,,,,
oname:hdslay1_t4_otype:arr_i:7_j:15,34.15239,0.0,hdslay1_t4,7,15,hdslay1,arr,,,,,,
oname:hdslay1_t4_otype:arr_i:7_j:16,34.14213,0.0,hdslay1_t4,7,16,hdslay1,arr,,,,,,
oname:hdslay1_t4_otype:arr_i:7_j:17,34.15004,0.0,hdslay1_t4,7,17,hdslay1,arr,,,,,,
oname:hdslay1_t4_otype:arr_i:7_j:18,34.15421,0.0,hdslay1_t4,7,18,hdslay1,arr,,,,,,
oname:hdslay1_t4_otype:arr_i:7_j:19,34.15504,0.0,hdslay1_t4,7,19,hdslay1,arr,,,,,,
oname:hdslay1_t4_otype:arr_i:7_j:2,35.42651,0.0,hdslay1_t4,7,2,hdslay1,arr,,,,,,
oname:hdslay1_t4_otype:arr_i:7_j:3,35.41271,0.0,hdslay1_t4,7,3,hdslay1,arr,,,,,,
oname:hdslay1_t4_otype:arr_i:7_j:4,35.36692,0.0,hdslay1_t4,7,4,hdslay1,arr,,,,,,
oname:hdslay1_t4_otype:arr_i:7_j:5,35.27752,0.0,hdslay1_t4,7,5,hdslay1,arr,,,,,,
oname:hdslay1_t4_otype:arr_i:7_j:6,35.16039,0.0,hdslay1_t4,7,6,hdslay1,arr,,,,,,
oname:hdslay1_t4_otype:arr_i:7_j:7,34.99819,0.0,hdslay1_t4,7,7,hdslay1,arr,,,,,,
oname:hdslay1_t4_otype:arr_i:7_j:8,34.81458,0.0,hdslay1_t4,7,8,hdslay1,arr,,,,,,
oname:hdslay1_t4_otype:arr_i:7_j:9,34.66501,0.0,hdslay1_t4,7,9,hdslay1,arr,,,,,,
oname:hdslay1_t4_otype:arr_i:8_j:0,35.42431,0.0,hdslay1_t4,8,0,hdslay1,arr,,,,,,
oname:hdslay1_t4_otype:arr_i:8_j:1,35.42416,0.0,hdslay1_t4,8,1,hdslay1,arr,,,,,,
oname:hdslay1_t4_otype:arr_i:8_j:10,34.46821,0.0,hdslay1_t4,8,10,hdslay1,arr,,,,,,
oname:hdslay1_t4_otype:arr_i:8_j:11,34.36877,0.0,hdslay1_t4,8,11,hdslay1,arr,,,,,,
oname:hdslay1_t4_otype:arr_i:8_j:12,34.2585,0.0,hdslay1_t4,8,12,hdslay1,arr,,,,,,
oname:hdslay1_t4_otype:arr_i:8_j:13,34.18197,0.0,hdslay1_t4,8,13,hdslay1,arr,,,,,,
oname:hdslay1_t4_otype:arr_i:8_j:14,34.1329,0.0,hdslay1_t4,8,14,hdslay1,arr,,,,,,
oname:hdslay1_t4_otype:arr_i:8_j:15,34.09482,0.0,hdslay1_t4,8,15,hdslay1,arr,,,,,,
oname:hdslay1_t4_otype:arr_i:8_j:16,34.07425,0.0,hdslay1_t4,8,16,hdslay1,arr,,,,,,
oname:hdslay1_t4_otype:arr_i:8_j:17,34.0985,0.0,hdslay1_t4,8,17,hdslay1,arr,,,,,,
oname:hdslay1_t4_otype:arr_i:8_j:18,34.11824,0.0,hdslay1_t4,8,18,hdslay1,arr,,,,,,
oname:hdslay1_t4_otype:arr_i:8_j:19,34.12514,0.0,hdslay1_t4,8,19,hdslay1,arr,,,,,,
oname:hdslay1_t4_otype:arr_i:8_j:2,35.42292,0.0,hdslay1_t4,8,2,hdslay1,arr,,,,,,
oname:hdslay1_t4_otype:arr_i:8_j:3,35.42015,0.0,hdslay1_t4,8,3,hdslay1,arr,,,,,,
oname:hdslay1_t4_otype:arr_i:8_j:4,1e+30,0.0,hdslay1_t4,8,4,hdslay1,arr,,,,,,
oname:hdslay1_t4_otype:arr_i:8_j:5,1e+30,0.0,hdslay1_t4,8,5,hdslay1,arr,,,,,,
oname:hdslay1_t4_otype:arr_i:8_j:6,1e+30,0.0,hdslay1_t4,8,6,hdslay1,arr,,,,,,
oname:hdslay1_t4_otype:arr_i:8_j:7,34.85277,0.0,hdslay1_t4,8,7,hdslay1,arr,,,,,,
oname:hdslay1_t4_otype:arr_i:8_j:8,34.66898,0.0,hdslay1_t4,8,8,hdslay1,arr,,,,,,
oname:hdslay1_t4_otype:arr_i:8_j:9,34.55898,0.0,hdslay1_t4,8,9,hdslay1,arr,,,,,,
oname:hdslay1_t4_otype:arr_i:9_j:0,35.41208,0.0,hdslay1_t4,9,0,hdslay1,arr,,,,,,
oname:hdslay1_t4_otype:arr_i:9_j:1,35.40948,0.0,hdslay1_t4,9,1,hdslay1,arr,,,,,,
oname:hdslay1_t4_otype:arr_i:9_j:10,34.35869,0.0,hdslay1_t4,9,10,hdslay1,arr,,,,,,
oname:hdslay1_t4_otype:arr_i:9_j:11,34.26585,0.0,hdslay1_t4,9,11,hdslay1,arr,,,,,,
oname:hdslay1_t4_otype:arr_i:9_j:12,34.17871,0.0,hdslay1_t4,9,12,hdslay1,arr,,,,,,
oname:hdslay1_t4_otype:arr_i:9_j:13,34.1226,0.0,hdslay1_t4,9,13,hdslay1,arr,,,,,,
oname:hdslay1_t4_otype:arr_i:9_j:14,34.08666,0.0,hdslay1_t4,9,14,hdslay1,arr,,,,,,
oname:hdslay1_t4_otype:arr_i:9_j:15,34.05473,0.0,hdslay1_t4,9,15,hdslay1,arr,,,,,,
oname:hdslay1_t4_otype:arr_i:9_j:16,33.97344,0.0,hdslay1_t4,9,16,hdslay1,arr,,,,,,
oname:hdslay1_t4_otype:arr_i:9_j:17,34.05979,0.0,hdslay1_t4,9,17,hdslay1,arr,,,,,,
oname:hdslay1_t4_otype:arr_i:9_j:18,34.09342,0.0,hdslay1_t4,9,18,hdslay1,arr,,,,,,
oname:hdslay1_t4_otype:arr_i:9_j:19,34.10745,0.0,hdslay1_t4,9,19,hdslay1,arr,,,,,,
oname:hdslay1_t4_otype:arr_i:9_j:2,35.40928,0.0,hdslay1_t4,9,2,hdslay1,arr,,,,,,
oname:hdslay1_t4_otype:arr_i:9_j:3,35.40548,0.0,hdslay1_t4,9,3,hdslay1,arr,,,,,,
oname:hdslay1_t4_otype:arr_i:9_j:4,1e+30,0.0,hdslay1_t4,9,4,hdslay1,arr,,,,,,
oname:hdslay1_t4_otype:arr_i:9_j:5,1e+30,0.0,hdslay1_t4,9,5,hdslay1,arr,,,,,,
oname:hdslay1_t4_otype:arr_i:9_j:6,1e+30,0.0,hdslay1_t4,9,6,hdslay1,arr,,,,,,
oname:hdslay1_t4_otype:arr_i:9_j:7,1e+30,0.0,hdslay1_t4,9,7,hdslay1,arr,,,,,,
oname:hdslay1_t4_otype:arr_i:9_j:8,34.47947,0.0,hdslay1_t4,9,8,hdslay1,arr,,,,,,
oname:hdslay1_t4_otype:arr_i:9_j:9,34.42901,0.0,hdslay1_t4,9,9,hdslay1,arr,,,,,,
oname:hdslay1_t5_otype:arr_i:0_j:0,35.55581,0.0,hdslay1_t5,0,0,hdslay1,arr,,,,,,
oname:hdslay1_t5_otype:arr_i:0_j:1,35.53867,0.0,hdslay1_t5,0,1,hdslay1,arr,,,,,,
oname:hdslay1_t5_otype:arr_i:0_j:10,34.65426,0.0,hdslay1_t5,0,10,hdslay1,arr,,,,,,
oname:hdslay1_t5_otype:arr_i:0_j:11,34.58268,0.0,hdslay1_t5,0,11,hdslay1,arr,,,,,,
oname:hdslay1_t5_otype:arr_i:0_j:12,34.52438,0.0,hdslay1_t5,0,12,hdslay1,arr,,,,,,
oname:hdslay1_t5_otype:arr_i:0_j:13,34.46563,0.0,hdslay1_t5,0,13,hdslay1,arr,,,,,,
oname:hdslay1_t5_otype:arr_i:0_j:14,34.40415,0.0,hdslay1_t5,0,14,hdslay1,arr,,,,,,
oname:hdslay1_t5_otype:arr_i:0_j:15,34.32889,0.0,hdslay1_t5,0,15,hdslay1,arr,,,,,,
oname:hdslay1_t5_otype:arr_i:0_j:16,34.32737,0.0,hdslay1_t5,0,16,hdslay1,arr,,,,,,
oname:hdslay1_t5_otype:arr_i:0_j:17,34.3252,0.0,hdslay1_t5,0,17,hdslay1,arr,,,,,,
oname:hdslay1_t5_otype:arr_i:0_j:18,34.32272,0.0,hdslay1_t5,0,18,hdslay1,arr,,,,,,
oname:hdslay1_t5_otype:arr_i:0_j:19,34.32122,0.0,hdslay1_t5,0,19,hdslay1,arr,,,,,,
oname:hdslay1_t5_otype:arr_i:0_j:2,35.49954,0.0,hdslay1_t5,0,2,hdslay1,arr,,,,,,
oname:hdslay1_t5_otype:arr_i:0_j:3,35.44951,0.0,hdslay1_t5,0,3,hdslay1,arr,,,,,,
oname:hdslay1_t5_otype:arr_i:0_j:4,35.36455,0.0,hdslay1_t5,0,4,hdslay1,arr,,,,,,
oname:hdslay1_t5_otype:arr_i:0_j:5,35.23321,0.0,hdslay1_t5,0,5,hdslay1,arr,,,,,,
oname:hdslay1_t5_otype:arr_i:0_j:6,35.07507,0.0,hdslay1_t5,0,6,hdslay1,arr,,,,,,
oname:hdslay1_t5_otype:arr_i:0_j:7,34.9376,0.0,hdslay1_t5,0,7,hdslay1,arr,,,,,,
oname:hdslay1_t5_otype:arr_i:0_j:8,34.82233,0.0,hdslay1_t5,0,8,hdslay1,arr,,,,,,
oname:hdslay1_t5_otype:arr_i:0_j:9,34.7301,0.0,hdslay1_t5,0,9,hdslay1,arr,,,,,,
oname:hdslay1_t5_otype:arr_i:10_j:0,35.42538,0.0,hdslay1_t5,10,0,hdslay1,arr,,,,,,
oname:hdslay1_t5_otype:arr_i:10_j:1,35.42171,0.0,hdslay1_t5,10,1,hdslay1,arr,,,,,,
oname:hdslay1_t5_otype:arr_i:10_j:10,34.29226,0.0,hdslay1_t5,10,10,hdslay1,arr,,,,,,
oname:hdslay1_t5_otype:arr_i:10_j:11,34.20942,0.0,hdslay1_t5,10,11,hdslay1,arr,,,,,,
oname:hdslay1_t5_otype:arr_i:10_j:12,34.13349,0.0,hdslay1_t5,10,12,hdslay1,arr,,,,,,
oname:hdslay1_t5_otype:arr_i:10_j:13,34.07846,0.0,hdslay1_t5,10,13,hdslay1,arr,,,,,,
oname:hdslay1_t5_otype:arr_i:10_j:14,34.06858,0.0,hdslay1_t5,10,14,hdslay1,arr,,,,,,
oname:hdslay1_t5_otype:arr_i:10_j:15,34.05605,0.0,hdslay1_t5,10,15,hdslay1,arr,,,,,,
oname:hdslay1_t5_otype:arr_i:10_j:16,34.04852,0.0,hdslay1_t5,10,16,hdslay1,arr,,,,,,
oname:hdslay1_t5_otype:arr_i:10_j:17,34.07002,0.0,hdslay1_t5,10,17,hdslay1,arr,,,,,,
oname:hdslay1_t5_otype:arr_i:10_j:18,34.08814,0.0,hdslay1_t5,10,18,hdslay1,arr,,,,,,
oname:hdslay1_t5_otype:arr_i:10_j:19,34.09737,0.0,hdslay1_t5,10,19,hdslay1,arr,,,,,,
oname:hdslay1_t5_otype:arr_i:10_j:2,35.41944,0.0,hdslay1_t5,10,2,hdslay1,arr,,,,,,
oname:hdslay1_t5_otype:arr_i:10_j:3,35.41519,0.0,hdslay1_t5,10,3,hdslay1,arr,,,,,,
oname:hdslay1_t5_otype:arr_i:10_j:4,1e+30,0.0,hdslay1_t5,10,4,hdslay1,arr,,,,,,
oname:hdslay1_t5_otype:arr_i:10_j:5,1e+30,0.0,hdslay1_t5,10,5,hdslay1,arr,,,,,,
oname:hdslay1_t5_otype:arr_i:10_j:6,1e+30,0.0,hdslay1_t5,10,6,hdslay1,arr,,,,,,
oname:hdslay1_t5_otype:arr_i:10_j:7,1e+30,0.0,hdslay1_t5,10,7,hdslay1,arr,,,,,,
oname:hdslay1_t5_otype:arr_i:10_j:8,34.37643,0.0,hdslay1_t5,10,8,hdslay1,arr,,,,,,
oname:hdslay1_t5_otype:arr_i:10_j:9,34.34439,0.0,hdslay1_t5,10,9,hdslay1,arr,,,,,,
oname:hdslay1_t5_otype:arr_i:11_j:0,35.37895,0.0,hdslay1_t5,11,0,hdslay1,arr,,,,,,
oname:hdslay1_t5_otype:arr_i:11_j:1,35.37597,0.0,hdslay1_t5,11,1,hdslay1,arr,,,,,,
oname:hdslay1_t5_otype:arr_i:11_j:10,34.24036,0.0,hdslay1_t5,11,10,hdslay1,arr,,,,,,
oname:hdslay1_t5_otype:arr_i:11_j:11,34.17283,0.0,hdslay1_t5,11,11,hdslay1,arr,,,,,,
oname:hdslay1_t5_otype:arr_i:11_j:12,34.10006,0.0,hdslay1_t5,11,12,hdslay1,arr,,,,,,
oname:hdslay1_t5_otype:arr_i:11_j:13,34.0048,0.0,hdslay1_t5,11,13,hdslay1,arr,,,,,,
oname:hdslay1_t5_otype:arr_i:11_j:14,34.04988,0.0,hdslay1_t5,11,14,hdslay1,arr,,,,,,
oname:hdslay1_t5_otype:arr_i:11_j:15,34.05334,0.0,hdslay1_t5,11,15,hdslay1,arr,,,,,,
oname:hdslay1_t5_otype:arr_i:11_j:16,34.06406,0.0,hdslay1_t5,11,16,hdslay1,arr,,,,,,
oname:hdslay1_t5_otype:arr_i:11_j:17,34.07904,0.0,hdslay1_t5,11,17,hdslay1,arr,,,,,,
oname:hdslay1_t5_otype:arr_i:11_j:18,34.0917,0.0,hdslay1_t5,11,18,hdslay1,arr,,,,,,
oname:hdslay1_t5_otype:arr_i:11_j:19,34.09806,0.0,hdslay1_t5,11,19,hdslay1,arr,,,,,,
oname:hdslay1_t5_otype:arr_i:11_j:2,35.37257,0.0,hdslay1_t5,11,2,hdslay1,arr,,,,,,
oname:hdslay1_t5_otype:arr_i:11_j:3,35.37344,0.0,hdslay1_t5,11,3,hdslay1,arr,,,,,,
oname:hdslay1_t5_otype:arr_i:11_j:4,1e+30,0.0,hdslay1_t5,11,4,hdslay1,arr,,,,,,
oname:hdslay1_t5_otype:arr_i:11_j:5,1e+30,0.0,hdslay1_t5,11,5,hdslay1,arr,,,,,,
oname:hdslay1_t5_otype:arr_i:11_j:6,1e+30,0.0,hdslay1_t5,11,6,hdslay1,arr,,,,,,
oname:hdslay1_t5_otype:arr_i:11_j:7,1e+30,0.0,hdslay1_t5,11,7,hdslay1,arr,,,,,,
oname:hdslay1_t5_otype:arr_i:11_j:8,34.30479,0.0,hdslay1_t5,11,8,hdslay1,arr,,,,,,
oname:hdslay1_t5_otype:arr_i:11_j:9,34.28365,0.0,hdslay1_t5,11,9,hdslay1,arr,,,,,,
oname:hdslay1_t5_otype:arr_i:12_j:0,35.32673,0.0,hdslay1_t5,12,0,hdslay1,arr,,,,,,
oname:hdslay1_t5_otype:arr_i:12_j:1,35.32289,0.0,hdslay1_t5,12,1,hdslay1,arr,,,,,,
oname:hdslay1_t5_otype:arr_i:12_j:10,34.21913,0.0,hdslay1_t5,12,10,hdslay1,arr,,,,,,
oname:hdslay1_t5_otype:arr_i:12_j:11,34.16869,0.0,hdslay1_t5,12,11,hdslay1,arr,,,,,,
oname:hdslay1_t5_otype:arr_i:12_j:12,34.11375,0.0,hdslay1_t5,12,12,hdslay1,arr,,,,,,
oname:hdslay1_t5_otype:arr_i:12_j:13,34.0695,0.0,hdslay1_t5,12,13,hdslay1,arr,,,,,,
oname:hdslay1_t5_otype:arr_i:12_j:14,34.06367,0.0,hdslay1_t5,12,14,hdslay1,arr,,,,,,
oname:hdslay1_t5_otype:arr_i:12_j:15,34.06012,0.0,hdslay1_t5,12,15,hdslay1,arr,,,,,,
oname:hdslay1_t5_otype:arr_i:12_j:16,34.0741,0.0,hdslay1_t5,12,16,hdslay1,arr,,,,,,
oname:hdslay1_t5_otype:arr_i:12_j:17,34.08657,0.0,hdslay1_t5,12,17,hdslay1,arr,,,,,,
oname:hdslay1_t5_otype:arr_i:12_j:18,34.09743,0.0,hdslay1_t5,12,18,hdslay1,arr,,,,,,
oname:hdslay1_t5_otype:arr_i:12_j:19,34.10277,0.0,hdslay1_t5,12,19,hdslay1,arr,,,,,,
oname:hdslay1_t5_otype:arr_i:12_j:2,35.32087,0.0,hdslay1_t5,12,2,hdslay1,arr,,,,,,
oname:hdslay1_t5_otype:arr_i:12_j:3,35.31844,0.0,hdslay1_t5,12,3,hdslay1,arr,,,,,,
oname:hdslay1_t5_otype:arr_i:12_j:4,1e+30,0.0,hdslay1_t5,12,4,hdslay1,arr,,,,,,
oname:hdslay1_t5_otype:arr_i:12_j:5,1e+30,0.0,hdslay1_t5,12,5,hdslay1,arr,,,,,,
oname:hdslay1_t5_otype:arr_i:12_j:6,1e+30,0.0,hdslay1_t5,12,6,hdslay1,arr,,,,,,
oname:hdslay1_t5_otype:arr_i:12_j:7,1e+30,0.0,hdslay1_t5,12,7,hdslay1,arr,,,,,,
oname:hdslay1_t5_otype:arr_i:12_j:8,34.26783,0.0,hdslay1_t5,12,8,hdslay1,arr,,,,,,
oname:hdslay1_t5_otype:arr_i:12_j:9,34.24928,0.0,hdslay1_t5,12,9,hdslay1,arr,,,,,,
oname:hdslay1_t5_otype:arr_i:13_j:0,35.26855,0.0,hdslay1_t5,13,0,hdslay1,arr,,,,,,
oname:hdslay1_t5_otype:arr_i:13_j:1,35.26794,0.0,hdslay1_t5,13,1,hdslay1,arr,,,,,,
oname:hdslay1_t5_otype:arr_i:13_j:10,34.20982,0.0,hdslay1_t5,13,10,hdslay1,arr,,,,,,
oname:hdslay1_t5_otype:arr_i:13_j:11,34.1732,0.0,hdslay1_t5,13,11,hdslay1,arr,,,,,,
oname:hdslay1_t5_otype:arr_i:13_j:12,34.12862,0.0,hdslay1_t5,13,12,hdslay1,arr,,,,,,
oname:hdslay1_t5_otype:arr_i:13_j:13,34.09562,0.0,hdslay1_t5,13,13,hdslay1,arr,,,,,,
oname:hdslay1_t5_otype:arr_i:13_j:14,34.07816,0.0,hdslay1_t5,13,14,hdslay1,arr,,,,,,
oname:hdslay1_t5_otype:arr_i:13_j:15,34.06669,0.0,hdslay1_t5,13,15,hdslay1,arr,,,,,,
oname:hdslay1_t5_otype:arr_i:13_j:16,34.08148,0.0,hdslay1_t5,13,16,hdslay1,arr,,,,,,
oname:hdslay1_t5_otype:arr_i:13_j:17,34.09289,0.0,hdslay1_t5,13,17,hdslay1,arr,,,,,,
oname:hdslay1_t5_otype:arr_i:13_j:18,34.1034,0.0,hdslay1_t5,13,18,hdslay1,arr,,,,,,
oname:hdslay1_t5_otype:arr_i:13_j:19,34.10897,0.0,hdslay1_t5,13,19,hdslay1,arr,,,,,,
oname:hdslay1_t5_otype:arr_i:13_j:2,35.26407,0.0,hdslay1_t5,13,2,hdslay1,arr,,,,,,
oname:hdslay1_t5_otype:arr_i:13_j:3,35.25733,0.0,hdslay1_t5,13,3,hdslay1,arr,,,,,,
oname:hdslay1_t5_otype:arr_i:13_j:4,1e+30,0.0,hdslay1_t5,13,4,hdslay1,arr,,,,,,
oname:hdslay1_t5_otype:arr_i:13_j:5,1e+30,0.0,hdslay1_t5,13,5,hdslay1,arr,,,,,,
oname:hdslay1_t5_otype:arr_i:13_j:6,1e+30,0.0,hdslay1_t5,13,6,hdslay1,arr,,,,,,
oname:hdslay1_t5_otype:arr_i:13_j:7,1e+30,0.0,hdslay1_t5,13,7,hdslay1,arr,,,,,,
oname:hdslay1_t5_otype:arr_i:13_j:8,34.24028,0.0,hdslay1_t5,13,8,hdslay1,arr,,,,,,
oname:hdslay1_t5_otype:arr_i:13_j:9,34.22751,0.0,hdslay1_t5,13,9,hdslay1,arr,,,,,,
oname:hdslay1_t5_otype:arr_i:14_j:0,35.1902,0.0,hdslay1_t5,14,0,hdslay1,arr,,,,,,
oname:hdslay1_t5_otype:arr_i:14_j:1,35.19553,0.0,hdslay1_t5,14,1,hdslay1,arr,,,,,,
oname:hdslay1_t5_otype:arr_i:14_j:10,34.1992,0.0,hdslay1_t5,14,10,hdslay1,arr,,,,,,
oname:hdslay1_t5_otype:arr_i:14_j:11,34.16949,0.0,hdslay1_t5,14,11,hdslay1,arr,,,,,,
oname:hdslay1_t5_otype:arr_i:14_j:12,34.13381,0.0,hdslay1_t5,14,12,hdslay1,arr,,,,,,
oname:hdslay1_t5_otype:arr_i:14_j:13,34.10634,0.0,hdslay1_t5,14,13,hdslay1,arr,,,,,,
oname:hdslay1_t5_otype:arr_i:14_j:14,34.0878,0.0,hdslay1_t5,14,14,hdslay1,arr,,,,,,
oname:hdslay1_t5_otype:arr_i:14_j:15,34.07264,0.0,hdslay1_t5,14,15,hdslay1,arr,,,,,,
oname:hdslay1_t5_otype:arr_i:14_j:16,34.08664,0.0,hdslay1_t5,14,16,hdslay1,arr,,,,,,
oname:hdslay1_t5_otype:arr_i:14_j:17,34.09755,0.0,hdslay1_t5,14,17,hdslay1,arr,,,,,,
oname:hdslay1_t5_otype:arr_i:14_j:18,34.10743,0.0,hdslay1_t5,14,18,hdslay1,arr,,,,,,
oname:hdslay1_t5_otype:arr_i:14_j:19,34.1143,0.0,hdslay1_t5,14,19,hdslay1,arr,,,,,,
oname:hdslay1_t5_otype:arr_i:14_j:2,35.19209,0.0,hdslay1_t5,14,2,hdslay1,arr,,,,,,
oname:hdslay1_t5_otype:arr_i:14_j:3,35.18712,0.0,hdslay1_t5,14,3,hdslay1,arr,,,,,,
oname:hdslay1_t5_otype:arr_i:14_j:4,1e+30,0.0,hdslay1_t5,14,4,hdslay1,arr,,,,,,
oname:hdslay1_t5_otype:arr_i:14_j:5,1e+30,0.0,hdslay1_t5,14,5,hdslay1,arr,,,,,,
oname:hdslay1_t5_otype:arr_i:14_j:6,1e+30,0.0,hdslay1_t5,14,6,hdslay1,arr,,,,,,
oname:hdslay1_t5_otype:arr_i:14_j:7,1e+30,0.0,hdslay1_t5,14,7,hdslay1,arr,,,,,,
oname:hdslay1_t5_otype:arr_i:14_j:8,34.21541,0.0,hdslay1_t5,14,8,hdslay1,arr,,,,,,
oname:hdslay1_t5_otype:arr_i:14_j:9,34.21168,0.0,hdslay1_t5,14,9,hdslay1,arr,,,,,,
oname:hdslay1_t5_otype:arr_i:15_j:0,35.1207,0.0,hdslay1_t5,15,0,hdslay1,arr,,,,,,
oname:hdslay1_t5_otype:arr_i:15_j:1,35.12371,0.0,hdslay1_t5,15,1,hdslay1,arr,,,,,,
oname:hdslay1_t5_otype:arr_i:15_j:10,34.17779,0.0,hdslay1_t5,15,10,hdslay1,arr,,,,,,
oname:hdslay1_t5_otype:arr_i:15_j:11,34.15269,0.0,hdslay1_t5,15,11,hdslay1,arr,,,,,,
oname:hdslay1_t5_otype:arr_i:15_j:12,34.12801,0.0,hdslay1_t5,15,12,hdslay1,arr,,,,,,
oname:hdslay1_t5_otype:arr_i:15_j:13,34.10595,0.0,hdslay1_t5,15,13,hdslay1,arr,,,,,,
oname:hdslay1_t5_otype:arr_i:15_j:14,34.08945,0.0,hdslay1_t5,15,14,hdslay1,arr,,,,,,
oname:hdslay1_t5_otype:arr_i:15_j:15,34.0738,0.0,hdslay1_t5,15,15,hdslay1,arr,,,,,,
oname:hdslay1_t5_otype:arr_i:15_j:16,34.08983,0.0,hdslay1_t5,15,16,hdslay1,arr,,,,,,
oname:hdslay1_t5_otype:arr_i:15_j:17,34.10224,0.0,hdslay1_t5,15,17,hdslay1,arr,,,,,,
oname:hdslay1_t5_otype:arr_i:15_j:18,34.11206,0.0,hdslay1_t5,15,18,hdslay1,arr,,,,,,
oname:hdslay1_t5_otype:arr_i:15_j:19,34.12,0.0,hdslay1_t5,15,19,hdslay1,arr,,,,,,
oname:hdslay1_t5_otype:arr_i:15_j:2,35.11324,0.0,hdslay1_t5,15,2,hdslay1,arr,,,,,,
oname:hdslay1_t5_otype:arr_i:15_j:3,35.10494,0.0,hdslay1_t5,15,3,hdslay1,arr,,,,,,
oname:hdslay1_t5_otype:arr_i:15_j:4,1e+30,0.0,hdslay1_t5,15,4,hdslay1,arr,,,,,,
oname:hdslay1_t5_otype:arr_i:15_j:5,1e+30,0.0,hdslay1_t5,15,5,hdslay1,arr,,,,,,
oname:hdslay1_t5_otype:arr_i:15_j:6,1e+30,0.0,hdslay1_t5,15,6,hdslay1,arr,,,,,,
oname:hdslay1_t5_otype:arr_i:15_j:7,1e+30,0.0,hdslay1_t5,15,7,hdslay1,arr,,,,,,
oname:hdslay1_t5_otype:arr_i:15_j:8,34.19425,0.0,hdslay1_t5,15,8,hdslay1,arr,,,,,,
oname:hdslay1_t5_otype:arr_i:15_j:9,34.18954,0.0,hdslay1_t5,15,9,hdslay1,arr,,,,,,
oname:hdslay1_t5_otype:arr_i:16_j:0,35.05604,0.0,hdslay1_t5,16,0,hdslay1,arr,,,,,,
oname:hdslay1_t5_otype:arr_i:16_j:1,35.04853,0.0,hdslay1_t5,16,1,hdslay1,arr,,,,,,
oname:hdslay1_t5_otype:arr_i:16_j:10,34.14858,0.0,hdslay1_t5,16,10,hdslay1,arr,,,,,,
oname:hdslay1_t5_otype:arr_i:16_j:11,34.13147,0.0,hdslay1_t5,16,11,hdslay1,arr,,,,,,
oname:hdslay1_t5_otype:arr_i:16_j:12,34.11294,0.0,hdslay1_t5,16,12,hdslay1,arr,,,,,,
oname:hdslay1_t5_otype:arr_i:16_j:13,34.09812,0.0,hdslay1_t5,16,13,hdslay1,arr,,,,,,
oname:hdslay1_t5_otype:arr_i:16_j:14,34.08625,0.0,hdslay1_t5,16,14,hdslay1,arr,,,,,,
oname:hdslay1_t5_otype:arr_i:16_j:15,34.07275,0.0,hdslay1_t5,16,15,hdslay1,arr,,,,,,
oname:hdslay1_t5_otype:arr_i:16_j:16,34.09002,0.0,hdslay1_t5,16,16,hdslay1,arr,,,,,,
oname:hdslay1_t5_otype:arr_i:16_j:17,34.10529,0.0,hdslay1_t5,16,17,hdslay1,arr,,,,,,
oname:hdslay1_t5_otype:arr_i:16_j:18,34.11755,0.0,hdslay1_t5,16,18,hdslay1,arr,,,,,,
oname:hdslay1_t5_otype:arr_i:16_j:19,34.12589,0.0,hdslay1_t5,16,19,hdslay1,arr,,,,,,
oname:hdslay1_t5_otype:arr_i:16_j:2,35.03574,0.0,hdslay1_t5,16,2,hdslay1,arr,,,,,,
oname:hdslay1_t5_otype:arr_i:16_j:3,35.03201,0.0,hdslay1_t5,16,3,hdslay1,arr,,,,,,
oname:hdslay1_t5_otype:arr_i:16_j:4,1e+30,0.0,hdslay1_t5,16,4,hdslay1,arr,,,,,,
oname:hdslay1_t5_otype:arr_i:16_j:5,1e+30,0.0,hdslay1_t5,16,5,hdslay1,arr,,,,,,
oname:hdslay1_t5_otype:arr_i:16_j:6,1e+30,0.0,hdslay1_t5,16,6,hdslay1,arr,,,,,,
oname:hdslay1_t5_otype:arr_i:16_j:7,1e+30,0.0,hdslay1_t5,16,7,hdslay1,arr,,,,,,
oname:hdslay1_t5_otype:arr_i:16_j:8,34.16362,0.0,hdslay1_t5,16,8,hdslay1,arr,,,,,,
oname:hdslay1_t5_otype:arr_i:16_j:9,34.16066,0.0,hdslay1_t5,16,9,hdslay1,arr,,,,,,
oname:hdslay1_t5_otype:arr_i:17_j:0,34.97895,0.0,hdslay1_t5,17,0,hdslay1,arr,,,,,,
oname:hdslay1_t5_otype:arr_i:17_j:1,34.97243,0.0,hdslay1_t5,17,1,hdslay1,arr,,,,,,
oname:hdslay1_t5_otype:arr_i:17_j:10,34.11435,0.0,hdslay1_t5,17,10,hdslay1,arr,,,,,,
oname:hdslay1_t5_otype:arr_i:17_j:11,34.10246,0.0,hdslay1_t5,17,11,hdslay1,arr,,,,,,
oname:hdslay1_t5_otype:arr_i:17_j:12,34.08678,0.0,hdslay1_t5,17,12,hdslay1,arr,,,,,,
oname:hdslay1_t5_otype:arr_i:17_j:13,34.07639,0.0,hdslay1_t5,17,13,hdslay1,arr,,,,,,
oname:hdslay1_t5_otype:arr_i:17_j:14,34.06177,0.0,hdslay1_t5,17,14,hdslay1,arr,,,,,,
oname:hdslay1_t5_otype:arr_i:17_j:15,34.04853,0.0,hdslay1_t5,17,15,hdslay1,arr,,,,,,
oname:hdslay1_t5_otype:arr_i:17_j:16,34.07737,0.0,hdslay1_t5,17,16,hdslay1,arr,,,,,,
oname:hdslay1_t5_otype:arr_i:17_j:17,34.09871,0.0,hdslay1_t5,17,17,hdslay1,arr,,,,,,
oname:hdslay1_t5_otype:arr_i:17_j:18,34.11461,0.0,hdslay1_t5,17,18,hdslay1,arr,,,,,,
oname:hdslay1_t5_otype:arr_i:17_j:19,34.1241,0.0,hdslay1_t5,17,19,hdslay1,arr,,,,,,
oname:hdslay1_t5_otype:arr_i:17_j:2,34.97271,0.0,hdslay1_t5,17,2,hdslay1,arr,,,,,,
oname:hdslay1_t5_otype:arr_i:17_j:3,34.97932,0.0,hdslay1_t5,17,3,hdslay1,arr,,,,,,
oname:hdslay1_t5_otype:arr_i:17_j:4,1e+30,0.0,hdslay1_t5,17,4,hdslay1,arr,,,,,,
oname:hdslay1_t5_otype:arr_i:17_j:5,1e+30,0.0,hdslay1_t5,17,5,hdslay1,arr,,,,,,
oname:hdslay1_t5_otype:arr_i:17_j:6,1e+30,0.0,hdslay1_t5,17,6,hdslay1,arr,,,,,,
oname:hdslay1_t5_otype:arr_i:17_j:7,1e+30,0.0,hdslay1_t5,17,7,hdslay1,arr,,,,,,
oname:hdslay1_t5_otype:arr_i:17_j:8,34.13142,0.0,hdslay1_t5,17,8,hdslay1,arr,,,,,,
oname:hdslay1_t5_otype:arr_i:17_j:9,34.12664,0.0,hdslay1_t5,17,9,hdslay1,arr,,,,,,
oname:hdslay1_t5_otype:arr_i:18_j:0,34.89067,0.0,hdslay1_t5,18,0,hdslay1,arr,,,,,,
oname:hdslay1_t5_otype:arr_i:18_j:1,34.89335,0.0,hdslay1_t5,18,1,hdslay1,arr,,,,,,
oname:hdslay1_t5_otype:arr_i:18_j:10,34.08751,0.0,hdslay1_t5,18,10,hdslay1,arr,,,,,,
oname:hdslay1_t5_otype:arr_i:18_j:11,34.07194,0.0,hdslay1_t5,18,11,hdslay1,arr,,,,,,
oname:hdslay1_t5_otype:arr_i:18_j:12,34.05534,0.0,hdslay1_t5,18,12,hdslay1,arr,,,,,,
oname:hdslay1_t5_otype:arr_i:18_j:13,34.03733,0.0,hdslay1_t5,18,13,hdslay1,arr,,,,,,
oname:hdslay1_t5_otype:arr_i:18_j:14,34.01191,0.0,hdslay1_t5,18,14,hdslay1,arr,,,,,,
oname:hdslay1_t5_otype:arr_i:18_j:15,34.0016,0.0,hdslay1_t5,18,15,hdslay1,arr,,,,,,
oname:hdslay1_t5_otype:arr_i:18_j:16,34.04683,0.0,hdslay1_t5,18,16,hdslay1,arr,,,,,,
oname:hdslay1_t5_otype:arr_i:18_j:17,34.07809,0.0,hdslay1_t5,18,17,hdslay1,arr,,,,,,
oname:hdslay1_t5_otype:arr_i:18_j:18,34.10168,0.0,hdslay1_t5,18,18,hdslay1,arr,,,,,,
oname:hdslay1_t5_otype:arr_i:18_j:19,34.11183,0.0,hdslay1_t5,18,19,hdslay1,arr,,,,,,
oname:hdslay1_t5_otype:arr_i:18_j:2,34.90158,0.0,hdslay1_t5,18,2,hdslay1,arr,,,,,,
oname:hdslay1_t5_otype:arr_i:18_j:3,34.91501,0.0,hdslay1_t5,18,3,hdslay1,arr,,,,,,
oname:hdslay1_t5_otype:arr_i:18_j:4,1e+30,0.0,hdslay1_t5,18,4,hdslay1,arr,,,,,,
oname:hdslay1_t5_otype:arr_i:18_j:5,1e+30,0.0,hdslay1_t5,18,5,hdslay1,arr,,,,,,
oname:hdslay1_t5_otype:arr_i:18_j:6,1e+30,0.0,hdslay1_t5,18,6,hdslay1,arr,,,,,,
oname:hdslay1_t5_otype:arr_i:18_j:7,1e+30,0.0,hdslay1_t5,18,7,hdslay1,arr,,,,,,
oname:hdslay1_t5_otype:arr_i:18_j:8,34.10402,0.0,hdslay1_t5,18,8,hdslay1,arr,,,,,,
oname:hdslay1_t5_otype:arr_i:18_j:9,34.09754,0.0,hdslay1_t5,18,9,hdslay1,arr,,,,,,
oname:hdslay1_t5_otype:arr_i:19_j:0,34.80478,0.0,hdslay1_t5,19,0,hdslay1,arr,,,,,,
oname:hdslay1_t5_otype:arr_i:19_j:1,34.80465,0.0,hdslay1_t5,19,1,hdslay1,arr,,,,,,
oname:hdslay1_t5_otype:arr_i:19_j:10,34.06188,0.0,hdslay1_t5,19,10,hdslay1,arr,,,,,,
oname:hdslay1_t5_otype:arr_i:19_j:11,34.04277,0.0,hdslay1_t5,19,11,hdslay1,arr,,,,,,
oname:hdslay1_t5_otype:arr_i:19_j:12,34.02499,0.0,hdslay1_t5,19,12,hdslay1,arr,,,,,,
oname:hdslay1_t5_otype:arr_i:19_j:13,33.98967,0.0,hdslay1_t5,19,13,hdslay1,arr,,,,,,
oname:hdslay1_t5_otype:arr_i:19_j:14,33.93602,0.0,hdslay1_t5,19,14,hdslay1,arr,,,,,,
oname:hdslay1_t5_otype:arr_i:19_j:15,33.95037,0.0,hdslay1_t5,19,15,hdslay1,arr,,,,,,
oname:hdslay1_t5_otype:arr_i:19_j:16,34.01186,0.0,hdslay1_t5,19,16,hdslay1,arr,,,,,,
oname:hdslay1_t5_otype:arr_i:19_j:17,34.04778,0.0,hdslay1_t5,19,17,hdslay1,arr,,,,,,
oname:hdslay1_t5_otype:arr_i:19_j:18,34.07046,0.0,hdslay1_t5,19,18,hdslay1,arr,,,,,,
oname:hdslay1_t5_otype:arr_i:19_j:19,34.08496,0.0,hdslay1_t5,19,19,hdslay1,arr,,,,,,
oname:hdslay1_t5_otype:arr_i:19_j:2,34.8121,0.0,hdslay1_t5,19,2,hdslay1,arr,,,,,,
oname:hdslay1_t5_otype:arr_i:19_j:3,34.82457,0.0,hdslay1_t5,19,3,hdslay1,arr,,,,,,
oname:hdslay1_t5_otype:arr_i:19_j:4,1e+30,0.0,hdslay1_t5,19,4,hdslay1,arr,,,,,,
oname:hdslay1_t5_otype:arr_i:19_j:5,1e+30,0.0,hdslay1_t5,19,5,hdslay1,arr,,,,,,
oname:hdslay1_t5_otype:arr_i:19_j:6,1e+30,0.0,hdslay1_t5,19,6,hdslay1,arr,,,,,,
oname:hdslay1_t5_otype:arr_i:19_j:7,1e+30,0.0,hdslay1_t5,19,7,hdslay1,arr,,,,,,
oname:hdslay1_t5_otype:arr_i:19_j:8,34.08191,0.0,hdslay1_t5,19,8,hdslay1,arr,,,,,,
oname:hdslay1_t5_otype:arr_i:19_j:9,34.07496,0.0,hdslay1_t5,19,9,hdslay1,arr,,,,,,
oname:hdslay1_t5_otype:arr_i:1_j:0,35.55138,0.0,hdslay1_t5,1,0,hdslay1,arr,,,,,,
oname:hdslay1_t5_otype:arr_i:1_j:1,35.53591,0.0,hdslay1_t5,1,1,hdslay1,arr,,,,,,
oname:hdslay1_t5_otype:arr_i:1_j:10,34.65336,0.0,hdslay1_t5,1,10,hdslay1,arr,,,,,,
oname:hdslay1_t5_otype:arr_i:1_j:11,34.58373,0.0,hdslay1_t5,1,11,hdslay1,arr,,,,,,
oname:hdslay1_t5_otype:arr_i:1_j:12,34.52225,0.0,hdslay1_t5,1,12,hdslay1,arr,,,,,,
oname:hdslay1_t5_otype:arr_i:1_j:13,34.46434,0.0,hdslay1_t5,1,13,hdslay1,arr,,,,,,
oname:hdslay1_t5_otype:arr_i:1_j:14,34.40142,0.0,hdslay1_t5,1,14,hdslay1,arr,,,,,,
oname:hdslay1_t5_otype:arr_i:1_j:15,34.33381,0.0,hdslay1_t5,1,15,hdslay1,arr,,,,,,
oname:hdslay1_t5_otype:arr_i:1_j:16,34.32564,0.0,hdslay1_t5,1,16,hdslay1,arr,,,,,,
oname:hdslay1_t5_otype:arr_i:1_j:17,34.3197,0.0,hdslay1_t5,1,17,hdslay1,arr,,,,,,
oname:hdslay1_t5_otype:arr_i:1_j:18,34.31624,0.0,hdslay1_t5,1,18,hdslay1,arr,,,,,,
oname:hdslay1_t5_otype:arr_i:1_j:19,34.31328,0.0,hdslay1_t5,1,19,hdslay1,arr,,,,,,
oname:hdslay1_t5_otype:arr_i:1_j:2,35.50026,0.0,hdslay1_t5,1,2,hdslay1,arr,,,,,,
oname:hdslay1_t5_otype:arr_i:1_j:3,35.44513,0.0,hdslay1_t5,1,3,hdslay1,arr,,,,,,
oname:hdslay1_t5_otype:arr_i:1_j:4,35.36238,0.0,hdslay1_t5,1,4,hdslay1,arr,,,,,,
oname:hdslay1_t5_otype:arr_i:1_j:5,35.25089,0.0,hdslay1_t5,1,5,hdslay1,arr,,,,,,
oname:hdslay1_t5_otype:arr_i:1_j:6,35.10548,0.0,hdslay1_t5,1,6,hdslay1,arr,,,,,,
oname:hdslay1_t5_otype:arr_i:1_j:7,34.94691,0.0,hdslay1_t5,1,7,hdslay1,arr,,,,,,
oname:hdslay1_t5_otype:arr_i:1_j:8,34.81994,0.0,hdslay1_t5,1,8,hdslay1,arr,,,,,,
oname:hdslay1_t5_otype:arr_i:1_j:9,34.72782,0.0,hdslay1_t5,1,9,hdslay1,arr,,,,,,
oname:hdslay1_t5_otype:arr_i:20_j:0,34.72081,0.0,hdslay1_t5,20,0,hdslay1,arr,,,,,,
oname:hdslay1_t5_otype:arr_i:20_j:1,34.7241,0.0,hdslay1_t5,20,1,hdslay1,arr,,,,,,
oname:hdslay1_t5_otype:arr_i:20_j:10,34.04339,0.0,hdslay1_t5,20,10,hdslay1,arr,,,,,,
oname:hdslay1_t5_otype:arr_i:20_j:11,34.02608,0.0,hdslay1_t5,20,11,hdslay1,arr,,,,,,
oname:hdslay1_t5_otype:arr_i:20_j:12,34.00513,0.0,hdslay1_t5,20,12,hdslay1,arr,,,,,,
oname:hdslay1_t5_otype:arr_i:20_j:13,33.94715,0.0,hdslay1_t5,20,13,hdslay1,arr,,,,,,
oname:hdslay1_t5_otype:arr_i:20_j:14,33.79692,0.0,hdslay1_t5,20,14,hdslay1,arr,,,,,,
oname:hdslay1_t5_otype:arr_i:20_j:15,33.90241,0.0,hdslay1_t5,20,15,hdslay1,arr,,,,,,
oname:hdslay1_t5_otype:arr_i:20_j:16,33.98191,0.0,hdslay1_t5,20,16,hdslay1,arr,,,,,,
oname:hdslay1_t5_otype:arr_i:20_j:17,34.02059,0.0,hdslay1_t5,20,17,hdslay1,arr,,,,,,
oname:hdslay1_t5_otype:arr_i:20_j:18,34.03791,0.0,hdslay1_t5,20,18,hdslay1,arr,,,,,,
oname:hdslay1_t5_otype:arr_i:20_j:19,34.05134,0.0,hdslay1_t5,20,19,hdslay1,arr,,,,,,
oname:hdslay1_t5_otype:arr_i:20_j:2,34.72135,0.0,hdslay1_t5,20,2,hdslay1,arr,,,,,,
oname:hdslay1_t5_otype:arr_i:20_j:3,34.71653,0.0,hdslay1_t5,20,3,hdslay1,arr,,,,,,
oname:hdslay1_t5_otype:arr_i:20_j:4,1e+30,0.0,hdslay1_t5,20,4,hdslay1,arr,,,,,,
oname:hdslay1_t5_otype:arr_i:20_j:5,1e+30,0.0,hdslay1_t5,20,5,hdslay1,arr,,,,,,
oname:hdslay1_t5_otype:arr_i:20_j:6,1e+30,0.0,hdslay1_t5,20,6,hdslay1,arr,,,,,,
oname:hdslay1_t5_otype:arr_i:20_j:7,1e+30,0.0,hdslay1_t5,20,7,hdslay1,arr,,,,,,
oname:hdslay1_t5_otype:arr_i:20_j:8,34.06751,0.0,hdslay1_t5,20,8,hdslay1,arr,,,,,,
oname:hdslay1_t5_otype:arr_i:20_j:9,34.05885,0.0,hdslay1_t5,20,9,hdslay1,arr,,,,,,
oname:hdslay1_t5_otype:arr_i:21_j:0,34.64249,0.0,hdslay1_t5,21,0,hdslay1,arr,,,,,,
oname:hdslay1_t5_otype:arr_i:21_j:1,34.64656,0.0,hdslay1_t5,21,1,hdslay1,arr,,,,,,
oname:hdslay1_t5_otype:arr_i:21_j:10,34.03288,0.0,hdslay1_t5,21,10,hdslay1,arr,,,,,,
oname:hdslay1_t5_otype:arr_i:21_j:11,34.01815,0.0,hdslay1_t5,21,11,hdslay1,arr,,,,,,
oname:hdslay1_t5_otype:arr_i:21_j:12,33.99776,0.0,hdslay1_t5,21,12,hdslay1,arr,,,,,,
oname:hdslay1_t5_otype:arr_i:21_j:13,33.95745,0.0,hdslay1_t5,21,13,hdslay1,arr,,,,,,
oname:hdslay1_t5_otype:arr_i:21_j:14,33.90884,0.0,hdslay1_t5,21,14,hdslay1,arr,,,,,,
oname:hdslay1_t5_otype:arr_i:21_j:15,33.91869,0.0,hdslay1_t5,21,15,hdslay1,arr,,,,,,
oname:hdslay1_t5_otype:arr_i:21_j:16,33.96516,0.0,hdslay1_t5,21,16,hdslay1,arr,,,,,,
oname:hdslay1_t5_otype:arr_i:21_j:17,34.00011,0.0,hdslay1_t5,21,17,hdslay1,arr,,,,,,
oname:hdslay1_t5_otype:arr_i:21_j:18,34.01836,0.0,hdslay1_t5,21,18,hdslay1,arr,,,,,,
oname:hdslay1_t5_otype:arr_i:21_j:19,34.02577,0.0,hdslay1_t5,21,19,hdslay1,arr,,,,,,
oname:hdslay1_t5_otype:arr_i:21_j:2,34.63275,0.0,hdslay1_t5,21,2,hdslay1,arr,,,,,,
oname:hdslay1_t5_otype:arr_i:21_j:3,34.6067,0.0,hdslay1_t5,21,3,hdslay1,arr,,,,,,
oname:hdslay1_t5_otype:arr_i:21_j:4,1e+30,0.0,hdslay1_t5,21,4,hdslay1,arr,,,,,,
oname:hdslay1_t5_otype:arr_i:21_j:5,1e+30,0.0,hdslay1_t5,21,5,hdslay1,arr,,,,,,
oname:hdslay1_t5_otype:arr_i:21_j:6,34.08525,0.0,hdslay1_t5,21,6,hdslay1,arr,,,,,,
oname:hdslay1_t5_otype:arr_i:21_j:7,34.07368,0.0,hdslay1_t5,21,7,hdslay1,arr,,,,,,
oname:hdslay1_t5_otype:arr_i:21_j:8,34.06142,0.0,hdslay1_t5,21,8,hdslay1,arr,,,,,,
oname:hdslay1_t5_otype:arr_i:21_j:9,34.04874,0.0,hdslay1_t5,21,9,hdslay1,arr,,,,,,
oname:hdslay1_t5_otype:arr_i:22_j:0,34.5633,0.0,hdslay1_t5,22,0,hdslay1,arr,,,,,,
oname:hdslay1_t5_otype:arr_i:22_j:1,34.54842,0.0,hdslay1_t5,22,1,hdslay1,arr,,,,,,
oname:hdslay1_t5_otype:arr_i:22_j:10,34.02384,0.0,hdslay1_t5,22,10,hdslay1,arr,,,,,,
oname:hdslay1_t5_otype:arr_i:22_j:11,34.00907,0.0,hdslay1_t5,22,11,hdslay1,arr,,,,,,
oname:hdslay1_t5_otype:arr_i:22_j:12,33.9891,0.0,hdslay1_t5,22,12,hdslay1,arr,,,,,,
oname:hdslay1_t5_otype:arr_i:22_j:13,33.9597,0.0,hdslay1_t5,22,13,hdslay1,arr,,,,,,
oname:hdslay1_t5_otype:arr_i:22_j:14,33.93346,0.0,hdslay1_t5,22,14,hdslay1,arr,,,,,,
oname:hdslay1_t5_otype:arr_i:22_j:15,33.93003,0.0,hdslay1_t5,22,15,hdslay1,arr,,,,,,
oname:hdslay1_t5_otype:arr_i:22_j:16,33.95322,0.0,hdslay1_t5,22,16,hdslay1,arr,,,,,,
oname:hdslay1_t5_otype:arr_i:22_j:17,33.98015,0.0,hdslay1_t5,22,17,hdslay1,arr,,,,,,
oname:hdslay1_t5_otype:arr_i:22_j:18,33.99599,0.0,hdslay1_t5,22,18,hdslay1,arr,,,,,,
oname:hdslay1_t5_otype:arr_i:22_j:19,34.00199,0.0,hdslay1_t5,22,19,hdslay1,arr,,,,,,
oname:hdslay1_t5_otype:arr_i:22_j:2,34.52853,0.0,hdslay1_t5,22,2,hdslay1,arr,,,,,,
oname:hdslay1_t5_otype:arr_i:22_j:3,34.46941,0.0,hdslay1_t5,22,3,hdslay1,arr,,,,,,
oname:hdslay1_t5_otype:arr_i:22_j:4,34.36571,0.0,hdslay1_t5,22,4,hdslay1,arr,,,,,,
oname:hdslay1_t5_otype:arr_i:22_j:5,1e+30,0.0,hdslay1_t5,22,5,hdslay1,arr,,,,,,
oname:hdslay1_t5_otype:arr_i:22_j:6,34.09315,0.0,hdslay1_t5,22,6,hdslay1,arr,,,,,,
oname:hdslay1_t5_otype:arr_i:22_j:7,34.07568,0.0,hdslay1_t5,22,7,hdslay1,arr,,,,,,
oname:hdslay1_t5_otype:arr_i:22_j:8,34.0574,0.0,hdslay1_t5,22,8,hdslay1,arr,,,,,,
oname:hdslay1_t5_otype:arr_i:22_j:9,34.04045,0.0,hdslay1_t5,22,9,hdslay1,arr,,,,,,
oname:hdslay1_t5_otype:arr_i:23_j:0,34.46948,0.0,hdslay1_t5,23,0,hdslay1,arr,,,,,,
oname:hdslay1_t5_otype:arr_i:23_j:1,34.44871,0.0,hdslay1_t5,23,1,hdslay1,arr,,,,,,
oname:hdslay1_t5_otype:arr_i:23_j:10,34.005,0.0,hdslay1_t5,23,10,hdslay1,arr,,,,,,
oname:hdslay1_t5_otype:arr_i:23_j:11,33.98968,0.0,hdslay1_t5,23,11,hdslay1,arr,,,,,,
oname:hdslay1_t5_otype:arr_i:23_j:12,33.97324,0.0,hdslay1_t5,23,12,hdslay1,arr,,,,,,
oname:hdslay1_t5_otype:arr_i:23_j:13,33.95266,0.0,hdslay1_t5,23,13,hdslay1,arr,,,,,,
oname:hdslay1_t5_otype:arr_i:23_j:14,33.93314,0.0,hdslay1_t5,23,14,hdslay1,arr,,,,,,
oname:hdslay1_t5_otype:arr_i:23_j:15,33.92127,0.0,hdslay1_t5,23,15,hdslay1,arr,,,,,,
oname:hdslay1_t5_otype:arr_i:23_j:16,33.94004,0.0,hdslay1_t5,23,16,hdslay1,arr,,,,,,
oname:hdslay1_t5_otype:arr_i:23_j:17,33.96097,0.0,hdslay1_t5,23,17,hdslay1,arr,,,,,,
oname:hdslay1_t5_otype:arr_i:23_j:18,33.9754,0.0,hdslay1_t5,23,18,hdslay1,arr,,,,,,
oname:hdslay1_t5_otype:arr_i:23_j:19,33.97971,0.0,hdslay1_t5,23,19,hdslay1,arr,,,,,,
oname:hdslay1_t5_otype:arr_i:23_j:2,34.41937,0.0,hdslay1_t5,23,2,hdslay1,arr,,,,,,
oname:hdslay1_t5_otype:arr_i:23_j:3,34.35802,0.0,hdslay1_t5,23,3,hdslay1,arr,,,,,,
oname:hdslay1_t5_otype:arr_i:23_j:4,34.28219,0.0,hdslay1_t5,23,4,hdslay1,arr,,,,,,
oname:hdslay1_t5_otype:arr_i:23_j:5,34.18912,0.0,hdslay1_t5,23,5,hdslay1,arr,,,,,,
oname:hdslay1_t5_otype:arr_i:23_j:6,34.11573,0.0,hdslay1_t5,23,6,hdslay1,arr,,,,,,
oname:hdslay1_t5_otype:arr_i:23_j:7,34.07934,0.0,hdslay1_t5,23,7,hdslay1,arr,,,,,,
oname:hdslay1_t5_otype:arr_i:23_j:8,34.05242,0.0,hdslay1_t5,23,8,hdslay1,arr,,,,,,
oname:hdslay1_t5_otype:arr_i:23_j:9,34.02732,0.0,hdslay1_t5,23,9,hdslay1,arr,,,,,,
oname:hdslay1_t5_otype:arr_i:24_j:0,34.38348,0.0,hdslay1_t5,24,0,hdslay1,arr,,,,,,
oname:hdslay1_t5_otype:arr_i:24_j:1,34.371,0.0,hdslay1_t5,24,1,hdslay1,arr,,,,,,
oname:hdslay1_t5_otype:arr_i:24_j:10,33.9715,0.0,hdslay1_t5,24,10,hdslay1,arr,,,,,,
oname:hdslay1_t5_otype:arr_i:24_j:11,33.96031,0.0,hdslay1_t5,24,11,hdslay1,arr,,,,,,
oname:hdslay1_t5_otype:arr_i:24_j:12,33.95151,0.0,hdslay1_t5,24,12,hdslay1,arr,,,,,,
oname:hdslay1_t5_otype:arr_i:24_j:13,33.93799,0.0,hdslay1_t5,24,13,hdslay1,arr,,,,,,
oname:hdslay1_t5_otype:arr_i:24_j:14,33.92254,0.0,hdslay1_t5,24,14,hdslay1,arr,,,,,,
oname:hdslay1_t5_otype:arr_i:24_j:15,33.90512,0.0,hdslay1_t5,24,15,hdslay1,arr,,,,,,
oname:hdslay1_t5_otype:arr_i:24_j:16,33.92225,0.0,hdslay1_t5,24,16,hdslay1,arr,,,,,,
oname:hdslay1_t5_otype:arr_i:24_j:17,33.93754,0.0,hdslay1_t5,24,17,hdslay1,arr,,,,,,
oname:hdslay1_t5_otype:arr_i:24_j:18,33.95227,0.0,hdslay1_t5,24,18,hdslay1,arr,,,,,,
oname:hdslay1_t5_otype:arr_i:24_j:19,33.96008,0.0,hdslay1_t5,24,19,hdslay1,arr,,,,,,
oname:hdslay1_t5_otype:arr_i:24_j:2,34.34068,0.0,hdslay1_t5,24,2,hdslay1,arr,,,,,,
oname:hdslay1_t5_otype:arr_i:24_j:3,34.29582,0.0,hdslay1_t5,24,3,hdslay1,arr,,,,,,
oname:hdslay1_t5_otype:arr_i:24_j:4,34.2351,0.0,hdslay1_t5,24,4,hdslay1,arr,,,,,,
oname:hdslay1_t5_otype:arr_i:24_j:5,34.16884,0.0,hdslay1_t5,24,5,hdslay1,arr,,,,,,
oname:hdslay1_t5_otype:arr_i:24_j:6,34.11595,0.0,hdslay1_t5,24,6,hdslay1,arr,,,,,,
oname:hdslay1_t5_otype:arr_i:24_j:7,34.07551,0.0,hdslay1_t5,24,7,hdslay1,arr,,,,,,
oname:hdslay1_t5_otype:arr_i:24_j:8,34.04052,0.0,hdslay1_t5,24,8,hdslay1,arr,,,,,,
oname:hdslay1_t5_otype:arr_i:24_j:9,34.00257,0.0,hdslay1_t5,24,9,hdslay1,arr,,,,,,
oname:hdslay1_t5_otype:arr_i:25_j:0,34.32691,0.0,hdslay1_t5,25,0,hdslay1,arr,,,,,,
oname:hdslay1_t5_otype:arr_i:25_j:1,34.31887,0.0,hdslay1_t5,25,1,hdslay1,arr,,,,,,
oname:hdslay1_t5_otype:arr_i:25_j:10,33.9227,0.0,hdslay1_t5,25,10,hdslay1,arr,,,,,,
oname:hdslay1_t5_otype:arr_i:25_j:11,33.92435,0.0,hdslay1_t5,25,11,hdslay1,arr,,,,,,
oname:hdslay1_t5_otype:arr_i:25_j:12,33.92228,0.0,hdslay1_t5,25,12,hdslay1,arr,,,,,,
oname:hdslay1_t5_otype:arr_i:25_j:13,33.91522,0.0,hdslay1_t5,25,13,hdslay1,arr,,,,,,
oname:hdslay1_t5_otype:arr_i:25_j:14,33.90296,0.0,hdslay1_t5,25,14,hdslay1,arr,,,,,,
oname:hdslay1_t5_otype:arr_i:25_j:15,33.88555,0.0,hdslay1_t5,25,15,hdslay1,arr,,,,,,
oname:hdslay1_t5_otype:arr_i:25_j:16,33.90273,0.0,hdslay1_t5,25,16,hdslay1,arr,,,,,,
oname:hdslay1_t5_otype:arr_i:25_j:17,33.91693,0.0,hdslay1_t5,25,17,hdslay1,arr,,,,,,
oname:hdslay1_t5_otype:arr_i:25_j:18,33.92744,0.0,hdslay1_t5,25,18,hdslay1,arr,,,,,,
oname:hdslay1_t5_otype:arr_i:25_j:19,33.93601,0.0,hdslay1_t5,25,19,hdslay1,arr,,,,,,
oname:hdslay1_t5_otype:arr_i:25_j:2,34.29584,0.0,hdslay1_t5,25,2,hdslay1,arr,,,,,,
oname:hdslay1_t5_otype:arr_i:25_j:3,34.2526,0.0,hdslay1_t5,25,3,hdslay1,arr,,,,,,
oname:hdslay1_t5_otype:arr_i:25_j:4,34.20039,0.0,hdslay1_t5,25,4,hdslay1,arr,,,,,,
oname:hdslay1_t5_otype:arr_i:25_j:5,34.14902,0.0,hdslay1_t5,25,5,hdslay1,arr,,,,,,
oname:hdslay1_t5_otype:arr_i:25_j:6,34.10217,0.0,hdslay1_t5,25,6,hdslay1,arr,,,,,,
oname:hdslay1_t5_otype:arr_i:25_j:7,34.05922,0.0,hdslay1_t5,25,7,hdslay1,arr,,,,,,
oname:hdslay1_t5_otype:arr_i:25_j:8,34.01254,0.0,hdslay1_t5,25,8,hdslay1,arr,,,,,,
oname:hdslay1_t5_otype:arr_i:25_j:9,33.95918,0.0,hdslay1_t5,25,9,hdslay1,arr,,,,,,
oname:hdslay1_t5_otype:arr_i:26_j:0,34.29099,0.0,hdslay1_t5,26,0,hdslay1,arr,,,,,,
oname:hdslay1_t5_otype:arr_i:26_j:1,34.28175,0.0,hdslay1_t5,26,1,hdslay1,arr,,,,,,
oname:hdslay1_t5_otype:arr_i:26_j:10,33.83662,0.0,hdslay1_t5,26,10,hdslay1,arr,,,,,,
oname:hdslay1_t5_otype:arr_i:26_j:11,33.88128,0.0,hdslay1_t5,26,11,hdslay1,arr,,,,,,
oname:hdslay1_t5_otype:arr_i:26_j:12,33.88945,0.0,hdslay1_t5,26,12,hdslay1,arr,,,,,,
oname:hdslay1_t5_otype:arr_i:26_j:13,33.88641,0.0,hdslay1_t5,26,13,hdslay1,arr,,,,,,
oname:hdslay1_t5_otype:arr_i:26_j:14,33.87338,0.0,hdslay1_t5,26,14,hdslay1,arr,,,,,,
oname:hdslay1_t5_otype:arr_i:26_j:15,33.85521,0.0,hdslay1_t5,26,15,hdslay1,arr,,,,,,
oname:hdslay1_t5_otype:arr_i:26_j:16,33.8722,0.0,hdslay1_t5,26,16,hdslay1,arr,,,,,,
oname:hdslay1_t5_otype:arr_i:26_j:17,33.88607,0.0,hdslay1_t5,26,17,hdslay1,arr,,,,,,
oname:hdslay1_t5_otype:arr_i:26_j:18,33.90114,0.0,hdslay1_t5,26,18,hdslay1,arr,,,,,,
oname:hdslay1_t5_otype:arr_i:26_j:19,33.90755,0.0,hdslay1_t5,26,19,hdslay1,arr,,,,,,
oname:hdslay1_t5_otype:arr_i:26_j:2,34.25644,0.0,hdslay1_t5,26,2,hdslay1,arr,,,,,,
oname:hdslay1_t5_otype:arr_i:26_j:3,34.21838,0.0,hdslay1_t5,26,3,hdslay1,arr,,,,,,
oname:hdslay1_t5_otype:arr_i:26_j:4,34.17428,0.0,hdslay1_t5,26,4,hdslay1,arr,,,,,,
oname:hdslay1_t5_otype:arr_i:26_j:5,34.11867,0.0,hdslay1_t5,26,5,hdslay1,arr,,,,,,
oname:hdslay1_t5_otype:arr_i:26_j:6,34.07021,0.0,hdslay1_t5,26,6,hdslay1,arr,,,,,,
oname:hdslay1_t5_otype:arr_i:26_j:7,34.02768,0.0,hdslay1_t5,26,7,hdslay1,arr,,,,,,
oname:hdslay1_t5_otype:arr_i:26_j:8,33.97504,0.0,hdslay1_t5,26,8,hdslay1,arr,,,,,,
oname:hdslay1_t5_otype:arr_i:26_j:9,33.91564,0.0,hdslay1_t5,26,9,hdslay1,arr,,,,,,
oname:hdslay1_t5_otype:arr_i:27_j:0,34.25938,0.0,hdslay1_t5,27,0,hdslay1,arr,,,,,,
oname:hdslay1_t5_otype:arr_i:27_j:1,34.24847,0.0,hdslay1_t5,27,1,hdslay1,arr,,,,,,
oname:hdslay1_t5_otype:arr_i:27_j:10,33.87465,0.0,hdslay1_t5,27,10,hdslay1,arr,,,,,,
oname:hdslay1_t5_otype:arr_i:27_j:11,33.87171,0.0,hdslay1_t5,27,11,hdslay1,arr,,,,,,
oname:hdslay1_t5_otype:arr_i:27_j:12,33.86903,0.0,hdslay1_t5,27,12,hdslay1,arr,,,,,,
oname:hdslay1_t5_otype:arr_i:27_j:13,33.86077,0.0,hdslay1_t5,27,13,hdslay1,arr,,,,,,
oname:hdslay1_t5_otype:arr_i:27_j:14,33.84623,0.0,hdslay1_t5,27,14,hdslay1,arr,,,,,,
oname:hdslay1_t5_otype:arr_i:27_j:15,33.83335,0.0,hdslay1_t5,27,15,hdslay1,arr,,,,,,
oname:hdslay1_t5_otype:arr_i:27_j:16,33.84274,0.0,hdslay1_t5,27,16,hdslay1,arr,,,,,,
oname:hdslay1_t5_otype:arr_i:27_j:17,33.85524,0.0,hdslay1_t5,27,17,hdslay1,arr,,,,,,
oname:hdslay1_t5_otype:arr_i:27_j:18,33.86913,0.0,hdslay1_t5,27,18,hdslay1,arr,,,,,,
oname:hdslay1_t5_otype:arr_i:27_j:19,33.87844,0.0,hdslay1_t5,27,19,hdslay1,arr,,,,,,
oname:hdslay1_t5_otype:arr_i:27_j:2,34.22322,0.0,hdslay1_t5,27,2,hdslay1,arr,,,,,,
oname:hdslay1_t5_otype:arr_i:27_j:3,34.18852,0.0,hdslay1_t5,27,3,hdslay1,arr,,,,,,
oname:hdslay1_t5_otype:arr_i:27_j:4,34.13994,0.0,hdslay1_t5,27,4,hdslay1,arr,,,,,,
oname:hdslay1_t5_otype:arr_i:27_j:5,34.08059,0.0,hdslay1_t5,27,5,hdslay1,arr,,,,,,
oname:hdslay1_t5_otype:arr_i:27_j:6,34.03081,0.0,hdslay1_t5,27,6,hdslay1,arr,,,,,,
oname:hdslay1_t5_otype:arr_i:27_j:7,33.99191,0.0,hdslay1_t5,27,7,hdslay1,arr,,,,,,
oname:hdslay1_t5_otype:arr_i:27_j:8,33.95228,0.0,hdslay1_t5,27,8,hdslay1,arr,,,,,,
oname:hdslay1_t5_otype:arr_i:27_j:9,33.91338,0.0,hdslay1_t5,27,9,hdslay1,arr,,,,,,
oname:hdslay1_t5_otype:arr_i:28_j:0,34.23218,0.0,hdslay1_t5,28,0,hdslay1,arr,,,,,,
oname:hdslay1_t5_otype:arr_i:28_j:1,34.21945,0.0,hdslay1_t5,28,1,hdslay1,arr,,,,,,
oname:hdslay1_t5_otype:arr_i:28_j:10,33.87232,0.0,hdslay1_t5,28,10,hdslay1,arr,,,,,,
oname:hdslay1_t5_otype:arr_i:28_j:11,33.86158,0.0,hdslay1_t5,28,11,hdslay1,arr,,,,,,
oname:hdslay1_t5_otype:arr_i:28_j:12,33.8504,0.0,hdslay1_t5,28,12,hdslay1,arr,,,,,,
oname:hdslay1_t5_otype:arr_i:28_j:13,33.83992,0.0,hdslay1_t5,28,13,hdslay1,arr,,,,,,
oname:hdslay1_t5_otype:arr_i:28_j:14,33.82914,0.0,hdslay1_t5,28,14,hdslay1,arr,,,,,,
oname:hdslay1_t5_otype:arr_i:28_j:15,33.81952,0.0,hdslay1_t5,28,15,hdslay1,arr,,,,,,
oname:hdslay1_t5_otype:arr_i:28_j:16,33.82555,0.0,hdslay1_t5,28,16,hdslay1,arr,,,,,,
oname:hdslay1_t5_otype:arr_i:28_j:17,33.83498,0.0,hdslay1_t5,28,17,hdslay1,arr,,,,,,
oname:hdslay1_t5_otype:arr_i:28_j:18,33.8431,0.0,hdslay1_t5,28,18,hdslay1,arr,,,,,,
oname:hdslay1_t5_otype:arr_i:28_j:19,33.85007,0.0,hdslay1_t5,28,19,hdslay1,arr,,,,,,
oname:hdslay1_t5_otype:arr_i:28_j:2,34.19277,0.0,hdslay1_t5,28,2,hdslay1,arr,,,,,,
oname:hdslay1_t5_otype:arr_i:28_j:3,34.15302,0.0,hdslay1_t5,28,3,hdslay1,arr,,,,,,
oname:hdslay1_t5_otype:arr_i:28_j:4,34.09785,0.0,hdslay1_t5,28,4,hdslay1,arr,,,,,,
oname:hdslay1_t5_otype:arr_i:28_j:5,34.03512,0.0,hdslay1_t5,28,5,hdslay1,arr,,,,,,
oname:hdslay1_t5_otype:arr_i:28_j:6,33.97332,0.0,hdslay1_t5,28,6,hdslay1,arr,,,,,,
oname:hdslay1_t5_otype:arr_i:28_j:7,33.94722,0.0,hdslay1_t5,28,7,hdslay1,arr,,,,,,
oname:hdslay1_t5_otype:arr_i:28_j:8,33.92546,0.0,hdslay1_t5,28,8,hdslay1,arr,,,,,,
oname:hdslay1_t5_otype:arr_i:28_j:9,33.89749,0.0,hdslay1_t5,28,9,hdslay1,arr,,,,,,
oname:hdslay1_t5_otype:arr_i:29_j:0,34.2016,0.0,hdslay1_t5,29,0,hdslay1,arr,,,,,,
oname:hdslay1_t5_otype:arr_i:29_j:1,34.18714,0.0,hdslay1_t5,29,1,hdslay1,arr,,,,,,
oname:hdslay1_t5_otype:arr_i:29_j:10,33.85779,0.0,hdslay1_t5,29,10,hdslay1,arr,,,,,,
oname:hdslay1_t5_otype:arr_i:29_j:11,33.84159,0.0,hdslay1_t5,29,11,hdslay1,arr,,,,,,
oname:hdslay1_t5_otype:arr_i:29_j:12,33.82929,0.0,hdslay1_t5,29,12,hdslay1,arr,,,,,,
oname:hdslay1_t5_otype:arr_i:29_j:13,33.82038,0.0,hdslay1_t5,29,13,hdslay1,arr,,,,,,
oname:hdslay1_t5_otype:arr_i:29_j:14,33.80972,0.0,hdslay1_t5,29,14,hdslay1,arr,,,,,,
oname:hdslay1_t5_otype:arr_i:29_j:15,33.79865,0.0,hdslay1_t5,29,15,hdslay1,arr,,,,,,
oname:hdslay1_t5_otype:arr_i:29_j:16,33.80683,0.0,hdslay1_t5,29,16,hdslay1,arr,,,,,,
oname:hdslay1_t5_otype:arr_i:29_j:17,33.81374,0.0,hdslay1_t5,29,17,hdslay1,arr,,,,,,
oname:hdslay1_t5_otype:arr_i:29_j:18,33.82174,0.0,hdslay1_t5,29,18,hdslay1,arr,,,,,,
oname:hdslay1_t5_otype:arr_i:29_j:19,33.82614,0.0,hdslay1_t5,29,19,hdslay1,arr,,,,,,
oname:hdslay1_t5_otype:arr_i:29_j:2,34.15397,0.0,hdslay1_t5,29,2,hdslay1,arr,,,,,,
oname:hdslay1_t5_otype:arr_i:29_j:3,34.11143,0.0,hdslay1_t5,29,3,hdslay1,arr,,,,,,
oname:hdslay1_t5_otype:arr_i:29_j:4,34.05789,0.0,hdslay1_t5,29,4,hdslay1,arr,,,,,,
oname:hdslay1_t5_otype:arr_i:29_j:5,33.98045,0.0,hdslay1_t5,29,5,hdslay1,arr,,,,,,
oname:hdslay1_t5_otype:arr_i:29_j:6,33.88102,0.0,hdslay1_t5,29,6,hdslay1,arr,,,,,,
oname:hdslay1_t5_otype:arr_i:29_j:7,33.90244,0.0,hdslay1_t5,29,7,hdslay1,arr,,,,,,
oname:hdslay1_t5_otype:arr_i:29_j:8,33.89457,0.0,hdslay1_t5,29,8,hdslay1,arr,,,,,,
oname:hdslay1_t5_otype:arr_i:29_j:9,33.87605,0.0,hdslay1_t5,29,9,hdslay1,arr,,,,,,
oname:hdslay1_t5_otype:arr_i:2_j:0,35.54595,0.0,hdslay1_t5,2,0,hdslay1,arr,,,,,,
oname:hdslay1_t5_otype:arr_i:2_j:1,35.53284,0.0,hdslay1_t5,2,1,hdslay1,arr,,,,,,
oname:hdslay1_t5_otype:arr_i:2_j:10,34.65636,0.0,hdslay1_t5,2,10,hdslay1,arr,,,,,,
oname:hdslay1_t5_otype:arr_i:2_j:11,34.58892,0.0,hdslay1_t5,2,11,hdslay1,arr,,,,,,
oname:hdslay1_t5_otype:arr_i:2_j:12,34.52321,0.0,hdslay1_t5,2,12,hdslay1,arr,,,,,,
oname:hdslay1_t5_otype:arr_i:2_j:13,34.45371,0.0,hdslay1_t5,2,13,hdslay1,arr,,,,,,
oname:hdslay1_t5_otype:arr_i:2_j:14,34.3867,0.0,hdslay1_t5,2,14,hdslay1,arr,,,,,,
oname:hdslay1_t5_otype:arr_i:2_j:15,34.32854,0.0,hdslay1_t5,2,15,hdslay1,arr,,,,,,
oname:hdslay1_t5_otype:arr_i:2_j:16,34.31742,0.0,hdslay1_t5,2,16,hdslay1,arr,,,,,,
oname:hdslay1_t5_otype:arr_i:2_j:17,34.30794,0.0,hdslay1_t5,2,17,hdslay1,arr,,,,,,
oname:hdslay1_t5_otype:arr_i:2_j:18,34.30106,0.0,hdslay1_t5,2,18,hdslay1,arr,,,,,,
oname:hdslay1_t5_otype:arr_i:2_j:19,34.29869,0.0,hdslay1_t5,2,19,hdslay1,arr,,,,,,
oname:hdslay1_t5_otype:arr_i:2_j:2,35.50889,0.0,hdslay1_t5,2,2,hdslay1,arr,,,,,,
oname:hdslay1_t5_otype:arr_i:2_j:3,35.45363,0.0,hdslay1_t5,2,3,hdslay1,arr,,,,,,
oname:hdslay1_t5_otype:arr_i:2_j:4,35.36808,0.0,hdslay1_t5,2,4,hdslay1,arr,,,,,,
oname:hdslay1_t5_otype:arr_i:2_j:5,35.25674,0.0,hdslay1_t5,2,5,hdslay1,arr,,,,,,
oname:hdslay1_t5_otype:arr_i:2_j:6,35.12004,0.0,hdslay1_t5,2,6,hdslay1,arr,,,,,,
oname:hdslay1_t5_otype:arr_i:2_j:7,34.9581,0.0,hdslay1_t5,2,7,hdslay1,arr,,,,,,
oname:hdslay1_t5_otype:arr_i:2_j:8,34.82712,0.0,hdslay1_t5,2,8,hdslay1,arr,,,,,,
oname:hdslay1_t5_otype:arr_i:2_j:9,34.73161,0.0,hdslay1_t5,2,9,hdslay1,arr,,,,,,
oname:hdslay1_t5_otype:arr_i:30_j:0,34.16732,0.0,hdslay1_t5,30,0,hdslay1,arr,,,,,,
oname:hdslay1_t5_otype:arr_i:30_j:1,34.14764,0.0,hdslay1_t5,30,1,hdslay1,arr,,,,,,
oname:hdslay1_t5_otype:arr_i:30_j:10,33.83703,0.0,hdslay1_t5,30,10,hdslay1,arr,,,,,,
oname:hdslay1_t5_otype:arr_i:30_j:11,33.82053,0.0,hdslay1_t5,30,11,hdslay1,arr,,,,,,
oname:hdslay1_t5_otype:arr_i:30_j:12,33.80806,0.0,hdslay1_t5,30,12,hdslay1,arr,,,,,,
oname:hdslay1_t5_otype:arr_i:30_j:13,33.79726,0.0,hdslay1_t5,30,13,hdslay1,arr,,,,,,
oname:hdslay1_t5_otype:arr_i:30_j:14,33.78744,0.0,hdslay1_t5,30,14,hdslay1,arr,,,,,,
oname:hdslay1_t5_otype:arr_i:30_j:15,33.7815,0.0,hdslay1_t5,30,15,hdslay1,arr,,,,,,
oname:hdslay1_t5_otype:arr_i:30_j:16,33.78611,0.0,hdslay1_t5,30,16,hdslay1,arr,,,,,,
oname:hdslay1_t5_otype:arr_i:30_j:17,33.79133,0.0,hdslay1_t5,30,17,hdslay1,arr,,,,,,
oname:hdslay1_t5_otype:arr_i:30_j:18,33.79761,0.0,hdslay1_t5,30,18,hdslay1,arr,,,,,,
oname:hdslay1_t5_otype:arr_i:30_j:19,33.79939,0.0,hdslay1_t5,30,19,hdslay1,arr,,,,,,
oname:hdslay1_t5_otype:arr_i:30_j:2,34.11644,0.0,hdslay1_t5,30,2,hdslay1,arr,,,,,,
oname:hdslay1_t5_otype:arr_i:30_j:3,34.08112,0.0,hdslay1_t5,30,3,hdslay1,arr,,,,,,
oname:hdslay1_t5_otype:arr_i:30_j:4,34.02821,0.0,hdslay1_t5,30,4,hdslay1,arr,,,,,,
oname:hdslay1_t5_otype:arr_i:30_j:5,33.96268,0.0,hdslay1_t5,30,5,hdslay1,arr,,,,,,
oname:hdslay1_t5_otype:arr_i:30_j:6,33.90517,0.0,hdslay1_t5,30,6,hdslay1,arr,,,,,,
oname:hdslay1_t5_otype:arr_i:30_j:7,33.88527,0.0,hdslay1_t5,30,7,hdslay1,arr,,,,,,
oname:hdslay1_t5_otype:arr_i:30_j:8,33.86973,0.0,hdslay1_t5,30,8,hdslay1,arr,,,,,,
oname:hdslay1_t5_otype:arr_i:30_j:9,33.85337,0.0,hdslay1_t5,30,9,hdslay1,arr,,,,,,
oname:hdslay1_t5_otype:arr_i:31_j:0,34.14313,0.0,hdslay1_t5,31,0,hdslay1,arr,,,,,,
oname:hdslay1_t5_otype:arr_i:31_j:1,34.11419,0.0,hdslay1_t5,31,1,hdslay1,arr,,,,,,
oname:hdslay1_t5_otype:arr_i:31_j:10,33.81611,0.0,hdslay1_t5,31,10,hdslay1,arr,,,,,,
oname:hdslay1_t5_otype:arr_i:31_j:11,33.79662,0.0,hdslay1_t5,31,11,hdslay1,arr,,,,,,
oname:hdslay1_t5_otype:arr_i:31_j:12,33.78217,0.0,hdslay1_t5,31,12,hdslay1,arr,,,,,,
oname:hdslay1_t5_otype:arr_i:31_j:13,33.77056,0.0,hdslay1_t5,31,13,hdslay1,arr,,,,,,
oname:hdslay1_t5_otype:arr_i:31_j:14,33.7645,0.0,hdslay1_t5,31,14,hdslay1,arr,,,,,,
oname:hdslay1_t5_otype:arr_i:31_j:15,33.76225,0.0,hdslay1_t5,31,15,hdslay1,arr,,,,,,
oname:hdslay1_t5_otype:arr_i:31_j:16,33.76668,0.0,hdslay1_t5,31,16,hdslay1,arr,,,,,,
oname:hdslay1_t5_otype:arr_i:31_j:17,33.77133,0.0,hdslay1_t5,31,17,hdslay1,arr,,,,,,
oname:hdslay1_t5_otype:arr_i:31_j:18,33.77572,0.0,hdslay1_t5,31,18,hdslay1,arr,,,,,,
oname:hdslay1_t5_otype:arr_i:31_j:19,33.77802,0.0,hdslay1_t5,31,19,hdslay1,arr,,,,,,
oname:hdslay1_t5_otype:arr_i:31_j:2,34.08689,0.0,hdslay1_t5,31,2,hdslay1,arr,,,,,,
oname:hdslay1_t5_otype:arr_i:31_j:3,34.0496,0.0,hdslay1_t5,31,3,hdslay1,arr,,,,,,
oname:hdslay1_t5_otype:arr_i:31_j:4,33.99374,0.0,hdslay1_t5,31,4,hdslay1,arr,,,,,,
oname:hdslay1_t5_otype:arr_i:31_j:5,33.93663,0.0,hdslay1_t5,31,5,hdslay1,arr,,,,,,
oname:hdslay1_t5_otype:arr_i:31_j:6,33.8933,0.0,hdslay1_t5,31,6,hdslay1,arr,,,,,,
oname:hdslay1_t5_otype:arr_i:31_j:7,33.86627,0.0,hdslay1_t5,31,7,hdslay1,arr,,,,,,
oname:hdslay1_t5_otype:arr_i:31_j:8,33.84962,0.0,hdslay1_t5,31,8,hdslay1,arr,,,,,,
oname:hdslay1_t5_otype:arr_i:31_j:9,33.83299,0.0,hdslay1_t5,31,9,hdslay1,arr,,,,,,
oname:hdslay1_t5_otype:arr_i:32_j:0,1e+30,0.0,hdslay1_t5,32,0,hdslay1,arr,,,,,,
oname:hdslay1_t5_otype:arr_i:32_j:1,34.08942,0.0,hdslay1_t5,32,1,hdslay1,arr,,,,,,
oname:hdslay1_t5_otype:arr_i:32_j:10,33.78817,0.0,hdslay1_t5,32,10,hdslay1,arr,,,,,,
oname:hdslay1_t5_otype:arr_i:32_j:11,33.76801,0.0,hdslay1_t5,32,11,hdslay1,arr,,,,,,
oname:hdslay1_t5_otype:arr_i:32_j:12,33.75159,0.0,hdslay1_t5,32,12,hdslay1,arr,,,,,,
oname:hdslay1_t5_otype:arr_i:32_j:13,33.74334,0.0,hdslay1_t5,32,13,hdslay1,arr,,,,,,
oname:hdslay1_t5_otype:arr_i:32_j:14,33.74206,0.0,hdslay1_t5,32,14,hdslay1,arr,,,,,,
oname:hdslay1_t5_otype:arr_i:32_j:15,33.74292,0.0,hdslay1_t5,32,15,hdslay1,arr,,,,,,
oname:hdslay1_t5_otype:arr_i:32_j:16,33.74985,0.0,hdslay1_t5,32,16,hdslay1,arr,,,,,,
oname:hdslay1_t5_otype:arr_i:32_j:17,33.75448,0.0,hdslay1_t5,32,17,hdslay1,arr,,,,,,
oname:hdslay1_t5_otype:arr_i:32_j:18,33.75905,0.0,hdslay1_t5,32,18,hdslay1,arr,,,,,,
oname:hdslay1_t5_otype:arr_i:32_j:19,33.76176,0.0,hdslay1_t5,32,19,hdslay1,arr,,,,,,
oname:hdslay1_t5_otype:arr_i:32_j:2,34.05996,0.0,hdslay1_t5,32,2,hdslay1,arr,,,,,,
oname:hdslay1_t5_otype:arr_i:32_j:3,34.01525,0.0,hdslay1_t5,32,3,hdslay1,arr,,,,,,
oname:hdslay1_t5_otype:arr_i:32_j:4,33.95918,0.0,hdslay1_t5,32,4,hdslay1,arr,,,,,,
oname:hdslay1_t5_otype:arr_i:32_j:5,33.91123,0.0,hdslay1_t5,32,5,hdslay1,arr,,,,,,
oname:hdslay1_t5_otype:arr_i:32_j:6,33.8755,0.0,hdslay1_t5,32,6,hdslay1,arr,,,,,,
oname:hdslay1_t5_otype:arr_i:32_j:7,33.84873,0.0,hdslay1_t5,32,7,hdslay1,arr,,,,,,
oname:hdslay1_t5_otype:arr_i:32_j:8,33.82706,0.0,hdslay1_t5,32,8,hdslay1,arr,,,,,,
oname:hdslay1_t5_otype:arr_i:32_j:9,33.80795,0.0,hdslay1_t5,32,9,hdslay1,arr,,,,,,
oname:hdslay1_t5_otype:arr_i:33_j:0,1e+30,0.0,hdslay1_t5,33,0,hdslay1,arr,,,,,,
oname:hdslay1_t5_otype:arr_i:33_j:1,1e+30,0.0,hdslay1_t5,33,1,hdslay1,arr,,,,,,
oname:hdslay1_t5_otype:arr_i:33_j:10,33.75695,0.0,hdslay1_t5,33,10,hdslay1,arr,,,,,,
oname:hdslay1_t5_otype:arr_i:33_j:11,33.72771,0.0,hdslay1_t5,33,11,hdslay1,arr,,,,,,
oname:hdslay1_t5_otype:arr_i:33_j:12,33.70502,0.0,hdslay1_t5,33,12,hdslay1,arr,,,,,,
oname:hdslay1_t5_otype:arr_i:33_j:13,33.7128,0.0,hdslay1_t5,33,13,hdslay1,arr,,,,,,
oname:hdslay1_t5_otype:arr_i:33_j:14,33.7182,0.0,hdslay1_t5,33,14,hdslay1,arr,,,,,,
oname:hdslay1_t5_otype:arr_i:33_j:15,33.72128,0.0,hdslay1_t5,33,15,hdslay1,arr,,,,,,
oname:hdslay1_t5_otype:arr_i:33_j:16,33.73218,0.0,hdslay1_t5,33,16,hdslay1,arr,,,,,,
oname:hdslay1_t5_otype:arr_i:33_j:17,33.74042,0.0,hdslay1_t5,33,17,hdslay1,arr,,,,,,
oname:hdslay1_t5_otype:arr_i:33_j:18,33.74675,0.0,hdslay1_t5,33,18,hdslay1,arr,,,,,,
oname:hdslay1_t5_otype:arr_i:33_j:19,33.75104,0.0,hdslay1_t5,33,19,hdslay1,arr,,,,,,
oname:hdslay1_t5_otype:arr_i:33_j:2,34.02933,0.0,hdslay1_t5,33,2,hdslay1,arr,,,,,,
oname:hdslay1_t5_otype:arr_i:33_j:3,33.98105,0.0,hdslay1_t5,33,3,hdslay1,arr,,,,,,
oname:hdslay1_t5_otype:arr_i:33_j:4,33.9208,0.0,hdslay1_t5,33,4,hdslay1,arr,,,,,,
oname:hdslay1_t5_otype:arr_i:33_j:5,33.88065,0.0,hdslay1_t5,33,5,hdslay1,arr,,,,,,
oname:hdslay1_t5_otype:arr_i:33_j:6,33.8489,0.0,hdslay1_t5,33,6,hdslay1,arr,,,,,,
oname:hdslay1_t5_otype:arr_i:33_j:7,33.82105,0.0,hdslay1_t5,33,7,hdslay1,arr,,,,,,
oname:hdslay1_t5_otype:arr_i:33_j:8,33.79665,0.0,hdslay1_t5,33,8,hdslay1,arr,,,,,,
oname:hdslay1_t5_otype:arr_i:33_j:9,33.77741,0.0,hdslay1_t5,33,9,hdslay1,arr,,,,,,
oname:hdslay1_t5_otype:arr_i:34_j:0,1e+30,0.0,hdslay1_t5,34,0,hdslay1,arr,,,,,,
oname:hdslay1_t5_otype:arr_i:34_j:1,1e+30,0.0,hdslay1_t5,34,1,hdslay1,arr,,,,,,
oname:hdslay1_t5_otype:arr_i:34_j:10,33.71784,0.0,hdslay1_t5,34,10,hdslay1,arr,,,,,,
oname:hdslay1_t5_otype:arr_i:34_j:11,33.67315,0.0,hdslay1_t5,34,11,hdslay1,arr,,,,,,
oname:hdslay1_t5_otype:arr_i:34_j:12,33.60067,0.0,hdslay1_t5,34,12,hdslay1,arr,,,,,,
oname:hdslay1_t5_otype:arr_i:34_j:13,33.67206,0.0,hdslay1_t5,34,13,hdslay1,arr,,,,,,
oname:hdslay1_t5_otype:arr_i:34_j:14,33.69046,0.0,hdslay1_t5,34,14,hdslay1,arr,,,,,,
oname:hdslay1_t5_otype:arr_i:34_j:15,33.69632,0.0,hdslay1_t5,34,15,hdslay1,arr,,,,,,
oname:hdslay1_t5_otype:arr_i:34_j:16,33.71013,0.0,hdslay1_t5,34,16,hdslay1,arr,,,,,,
oname:hdslay1_t5_otype:arr_i:34_j:17,33.7228,0.0,hdslay1_t5,34,17,hdslay1,arr,,,,,,
oname:hdslay1_t5_otype:arr_i:34_j:18,33.73398,0.0,hdslay1_t5,34,18,hdslay1,arr,,,,,,
oname:hdslay1_t5_otype:arr_i:34_j:19,33.74423,0.0,hdslay1_t5,34,19,hdslay1,arr,,,,,,
oname:hdslay1_t5_otype:arr_i:34_j:2,1e+30,0.0,hdslay1_t5,34,2,hdslay1,arr,,,,,,
oname:hdslay1_t5_otype:arr_i:34_j:3,33.92901,0.0,hdslay1_t5,34,3,hdslay1,arr,,,,,,
oname:hdslay1_t5_otype:arr_i:34_j:4,33.87076,0.0,hdslay1_t5,34,4,hdslay1,arr,,,,,,
oname:hdslay1_t5_otype:arr_i:34_j:5,33.84108,0.0,hdslay1_t5,34,5,hdslay1,arr,,,,,,
oname:hdslay1_t5_otype:arr_i:34_j:6,33.80927,0.0,hdslay1_t5,34,6,hdslay1,arr,,,,,,
oname:hdslay1_t5_otype:arr_i:34_j:7,33.78405,0.0,hdslay1_t5,34,7,hdslay1,arr,,,,,,
oname:hdslay1_t5_otype:arr_i:34_j:8,33.76396,0.0,hdslay1_t5,34,8,hdslay1,arr,,,,,,
oname:hdslay1_t5_otype:arr_i:34_j:9,33.74484,0.0,hdslay1_t5,34,9,hdslay1,arr,,,,,,
oname:hdslay1_t5_otype:arr_i:35_j:0,1e+30,0.0,hdslay1_t5,35,0,hdslay1,arr,,,,,,
oname:hdslay1_t5_otype:arr_i:35_j:1,1e+30,0.0,hdslay1_t5,35,1,hdslay1,arr,,,,,,
oname:hdslay1_t5_otype:arr_i:35_j:10,33.67715,0.0,hdslay1_t5,35,10,hdslay1,arr,,,,,,
oname:hdslay1_t5_otype:arr_i:35_j:11,33.65402,0.0,hdslay1_t5,35,11,hdslay1,arr,,,,,,
oname:hdslay1_t5_otype:arr_i:35_j:12,33.63697,0.0,hdslay1_t5,35,12,hdslay1,arr,,,,,,
oname:hdslay1_t5_otype:arr_i:35_j:13,33.65602,0.0,hdslay1_t5,35,13,hdslay1,arr,,,,,,
oname:hdslay1_t5_otype:arr_i:35_j:14,33.66906,0.0,hdslay1_t5,35,14,hdslay1,arr,,,,,,
oname:hdslay1_t5_otype:arr_i:35_j:15,33.67596,0.0,hdslay1_t5,35,15,hdslay1,arr,,,,,,
oname:hdslay1_t5_otype:arr_i:35_j:16,33.68777,0.0,hdslay1_t5,35,16,hdslay1,arr,,,,,,
oname:hdslay1_t5_otype:arr_i:35_j:17,33.70057,0.0,hdslay1_t5,35,17,hdslay1,arr,,,,,,
oname:hdslay1_t5_otype:arr_i:35_j:18,33.71199,0.0,hdslay1_t5,35,18,hdslay1,arr,,,,,,
oname:hdslay1_t5_otype:arr_i:35_j:19,1e+30,0.0,hdslay1_t5,35,19,hdslay1,arr,,,,,,
oname:hdslay1_t5_otype:arr_i:35_j:2,1e+30,0.0,hdslay1_t5,35,2,hdslay1,arr,,,,,,
oname:hdslay1_t5_otype:arr_i:35_j:3,1e+30,0.0,hdslay1_t5,35,3,hdslay1,arr,,,,,,
oname:hdslay1_t5_otype:arr_i:35_j:4,33.8183,0.0,hdslay1_t5,35,4,hdslay1,arr,,,,,,
oname:hdslay1_t5_otype:arr_i:35_j:5,33.79334,0.0,hdslay1_t5,35,5,hdslay1,arr,,,,,,
oname:hdslay1_t5_otype:arr_i:35_j:6,33.76305,0.0,hdslay1_t5,35,6,hdslay1,arr,,,,,,
oname:hdslay1_t5_otype:arr_i:35_j:7,33.73966,0.0,hdslay1_t5,35,7,hdslay1,arr,,,,,,
oname:hdslay1_t5_otype:arr_i:35_j:8,33.72289,0.0,hdslay1_t5,35,8,hdslay1,arr,,,,,,
oname:hdslay1_t5_otype:arr_i:35_j:9,33.70445,0.0,hdslay1_t5,35,9,hdslay1,arr,,,,,,
oname:hdslay1_t5_otype:arr_i:36_j:0,1e+30,0.0,hdslay1_t5,36,0,hdslay1,arr,,,,,,
oname:hdslay1_t5_otype:arr_i:36_j:1,1e+30,0.0,hdslay1_t5,36,1,hdslay1,arr,,,,,,
oname:hdslay1_t5_otype:arr_i:36_j:10,33.64102,0.0,hdslay1_t5,36,10,hdslay1,arr,,,,,,
oname:hdslay1_t5_otype:arr_i:36_j:11,33.63227,0.0,hdslay1_t5,36,11,hdslay1,arr,,,,,,
oname:hdslay1_t5_otype:arr_i:36_j:12,33.62452,0.0,hdslay1_t5,36,12,hdslay1,arr,,,,,,
oname:hdslay1_t5_otype:arr_i:36_j:13,33.63382,0.0,hdslay1_t5,36,13,hdslay1,arr,,,,,,
oname:hdslay1_t5_otype:arr_i:36_j:14,33.64656,0.0,hdslay1_t5,36,14,hdslay1,arr,,,,,,
oname:hdslay1_t5_otype:arr_i:36_j:15,33.65682,0.0,hdslay1_t5,36,15,hdslay1,arr,,,,,,
oname:hdslay1_t5_otype:arr_i:36_j:16,33.66773,0.0,hdslay1_t5,36,16,hdslay1,arr,,,,,,
oname:hdslay1_t5_otype:arr_i:36_j:17,33.68179,0.0,hdslay1_t5,36,17,hdslay1,arr,,,,,,
oname:hdslay1_t5_otype:arr_i:36_j:18,33.69736,0.0,hdslay1_t5,36,18,hdslay1,arr,,,,,,
oname:hdslay1_t5_otype:arr_i:36_j:19,1e+30,0.0,hdslay1_t5,36,19,hdslay1,arr,,,,,,
oname:hdslay1_t5_otype:arr_i:36_j:2,1e+30,0.0,hdslay1_t5,36,2,hdslay1,arr,,,,,,
oname:hdslay1_t5_otype:arr_i:36_j:3,1e+30,0.0,hdslay1_t5,36,3,hdslay1,arr,,,,,,
oname:hdslay1_t5_otype:arr_i:36_j:4,33.78631,0.0,hdslay1_t5,36,4,hdslay1,arr,,,,,,
oname:hdslay1_t5_otype:arr_i:36_j:5,33.74248,0.0,hdslay1_t5,36,5,hdslay1,arr,,,,,,
oname:hdslay1_t5_otype:arr_i:36_j:6,33.71248,0.0,hdslay1_t5,36,6,hdslay1,arr,,,,,,
oname:hdslay1_t5_otype:arr_i:36_j:7,33.69253,0.0,hdslay1_t5,36,7,hdslay1,arr,,,,,,
oname:hdslay1_t5_otype:arr_i:36_j:8,33.67563,0.0,hdslay1_t5,36,8,hdslay1,arr,,,,,,
oname:hdslay1_t5_otype:arr_i:36_j:9,33.66023,0.0,hdslay1_t5,36,9,hdslay1,arr,,,,,,
oname:hdslay1_t5_otype:arr_i:37_j:0,1e+30,0.0,hdslay1_t5,37,0,hdslay1,arr,,,,,,
oname:hdslay1_t5_otype:arr_i:37_j:1,1e+30,0.0,hdslay1_t5,37,1,hdslay1,arr,,,,,,
oname:hdslay1_t5_otype:arr_i:37_j:10,33.60248,0.0,hdslay1_t5,37,10,hdslay1,arr,,,,,,
oname:hdslay1_t5_otype:arr_i:37_j:11,33.59205,0.0,hdslay1_t5,37,11,hdslay1,arr,,,,,,
oname:hdslay1_t5_otype:arr_i:37_j:12,33.59099,0.0,hdslay1_t5,37,12,hdslay1,arr,,,,,,
oname:hdslay1_t5_otype:arr_i:37_j:13,33.60374,0.0,hdslay1_t5,37,13,hdslay1,arr,,,,,,
oname:hdslay1_t5_otype:arr_i:37_j:14,33.62162,0.0,hdslay1_t5,37,14,hdslay1,arr,,,,,,
oname:hdslay1_t5_otype:arr_i:37_j:15,33.6383,0.0,hdslay1_t5,37,15,hdslay1,arr,,,,,,
oname:hdslay1_t5_otype:arr_i:37_j:16,33.65062,0.0,hdslay1_t5,37,16,hdslay1,arr,,,,,,
oname:hdslay1_t5_otype:arr_i:37_j:17,33.66474,0.0,hdslay1_t5,37,17,hdslay1,arr,,,,,,
oname:hdslay1_t5_otype:arr_i:37_j:18,1e+30,0.0,hdslay1_t5,37,18,hdslay1,arr,,,,,,
oname:hdslay1_t5_otype:arr_i:37_j:19,1e+30,0.0,hdslay1_t5,37,19,hdslay1,arr,,,,,,
oname:hdslay1_t5_otype:arr_i:37_j:2,1e+30,0.0,hdslay1_t5,37,2,hdslay1,arr,,,,,,
oname:hdslay1_t5_otype:arr_i:37_j:3,1e+30,0.0,hdslay1_t5,37,3,hdslay1,arr,,,,,,
oname:hdslay1_t5_otype:arr_i:37_j:4,1e+30,0.0,hdslay1_t5,37,4,hdslay1,arr,,,,,,
oname:hdslay1_t5_otype:arr_i:37_j:5,33.66626,0.0,hdslay1_t5,37,5,hdslay1,arr,,,,,,
oname:hdslay1_t5_otype:arr_i:37_j:6,33.65892,0.0,hdslay1_t5,37,6,hdslay1,arr,,,,,,
oname:hdslay1_t5_otype:arr_i:37_j:7,33.64698,0.0,hdslay1_t5,37,7,hdslay1,arr,,,,,,
oname:hdslay1_t5_otype:arr_i:37_j:8,33.63098,0.0,hdslay1_t5,37,8,hdslay1,arr,,,,,,
oname:hdslay1_t5_otype:arr_i:37_j:9,33.61755,0.0,hdslay1_t5,37,9,hdslay1,arr,,,,,,
oname:hdslay1_t5_otype:arr_i:38_j:0,1e+30,0.0,hdslay1_t5,38,0,hdslay1,arr,,,,,,
oname:hdslay1_t5_otype:arr_i:38_j:1,1e+30,0.0,hdslay1_t5,38,1,hdslay1,arr,,,,,,
oname:hdslay1_t5_otype:arr_i:38_j:10,33.54118,0.0,hdslay1_t5,38,10,hdslay1,arr,,,,,,
oname:hdslay1_t5_otype:arr_i:38_j:11,33.52719,0.0,hdslay1_t5,38,11,hdslay1,arr,,,,,,
oname:hdslay1_t5_otype:arr_i:38_j:12,33.53594,0.0,hdslay1_t5,38,12,hdslay1,arr,,,,,,
oname:hdslay1_t5_otype:arr_i:38_j:13,33.55912,0.0,hdslay1_t5,38,13,hdslay1,arr,,,,,,
oname:hdslay1_t5_otype:arr_i:38_j:14,33.58949,0.0,hdslay1_t5,38,14,hdslay1,arr,,,,,,
oname:hdslay1_t5_otype:arr_i:38_j:15,33.61633,0.0,hdslay1_t5,38,15,hdslay1,arr,,,,,,
oname:hdslay1_t5_otype:arr_i:38_j:16,33.63674,0.0,hdslay1_t5,38,16,hdslay1,arr,,,,,,
oname:hdslay1_t5_otype:arr_i:38_j:17,1e+30,0.0,hdslay1_t5,38,17,hdslay1,arr,,,,,,
oname:hdslay1_t5_otype:arr_i:38_j:18,1e+30,0.0,hdslay1_t5,38,18,hdslay1,arr,,,,,,
oname:hdslay1_t5_otype:arr_i:38_j:19,1e+30,0.0,hdslay1_t5,38,19,hdslay1,arr,,,,,,
oname:hdslay1_t5_otype:arr_i:38_j:2,1e+30,0.0,hdslay1_t5,38,2,hdslay1,arr,,,,,,
oname:hdslay1_t5_otype:arr_i:38_j:3,1e+30,0.0,hdslay1_t5,38,3,hdslay1,arr,,,,,,
oname:hdslay1_t5_otype:arr_i:38_j:4,1e+30,0.0,hdslay1_t5,38,4,hdslay1,arr,,,,,,
oname:hdslay1_t5_otype:arr_i:38_j:5,33.60182,0.0,hdslay1_t5,38,5,hdslay1,arr,,,,,,
oname:hdslay1_t5_otype:arr_i:38_j:6,33.6003,0.0,hdslay1_t5,38,6,hdslay1,arr,,,,,,
oname:hdslay1_t5_otype:arr_i:38_j:7,33.5868,0.0,hdslay1_t5,38,7,hdslay1,arr,,,,,,
oname:hdslay1_t5_otype:arr_i:38_j:8,33.57585,0.0,hdslay1_t5,38,8,hdslay1,arr,,,,,,
oname:hdslay1_t5_otype:arr_i:38_j:9,33.56036,0.0,hdslay1_t5,38,9,hdslay1,arr,,,,,,
oname:hdslay1_t5_otype:arr_i:39_j:0,1e+30,0.0,hdslay1_t5,39,0,hdslay1,arr,,,,,,
oname:hdslay1_t5_otype:arr_i:39_j:1,1e+30,0.0,hdslay1_t5,39,1,hdslay1,arr,,,,,,
oname:hdslay1_t5_otype:arr_i:39_j:10,33.43876,0.0,hdslay1_t5,39,10,hdslay1,arr,,,,,,
oname:hdslay1_t5_otype:arr_i:39_j:11,33.44105,0.0,hdslay1_t5,39,11,hdslay1,arr,,,,,,
oname:hdslay1_t5_otype:arr_i:39_j:12,33.45701,0.0,hdslay1_t5,39,12,hdslay1,arr,,,,,,
oname:hdslay1_t5_otype:arr_i:39_j:13,33.49083,0.0,hdslay1_t5,39,13,hdslay1,arr,,,,,,
oname:hdslay1_t5_otype:arr_i:39_j:14,33.53131,0.0,hdslay1_t5,39,14,hdslay1,arr,,,,,,
oname:hdslay1_t5_otype:arr_i:39_j:15,33.58758,0.0,hdslay1_t5,39,15,hdslay1,arr,,,,,,
oname:hdslay1_t5_otype:arr_i:39_j:16,1e+30,0.0,hdslay1_t5,39,16,hdslay1,arr,,,,,,
oname:hdslay1_t5_otype:arr_i:39_j:17,1e+30,0.0,hdslay1_t5,39,17,hdslay1,arr,,,,,,
oname:hdslay1_t5_otype:arr_i:39_j:18,1e+30,0.0,hdslay1_t5,39,18,hdslay1,arr,,,,,,
oname:hdslay1_t5_otype:arr_i:39_j:19,1e+30,0.0,hdslay1_t5,39,19,hdslay1,arr,,,,,,
oname:hdslay1_t5_otype:arr_i:39_j:2,1e+30,0.0,hdslay1_t5,39,2,hdslay1,arr,,,,,,
oname:hdslay1_t5_otype:arr_i:39_j:3,1e+30,0.0,hdslay1_t5,39,3,hdslay1,arr,,,,,,
oname:hdslay1_t5_otype:arr_i:39_j:4,1e+30,0.0,hdslay1_t5,39,4,hdslay1,arr,,,,,,
oname:hdslay1_t5_otype:arr_i:39_j:5,33.52607,0.0,hdslay1_t5,39,5,hdslay1,arr,,,,,,
oname:hdslay1_t5_otype:arr_i:39_j:6,33.5177,0.0,hdslay1_t5,39,6,hdslay1,arr,,,,,,
oname:hdslay1_t5_otype:arr_i:39_j:7,33.51129,0.0,hdslay1_t5,39,7,hdslay1,arr,,,,,,
oname:hdslay1_t5_otype:arr_i:39_j:8,33.49806,0.0,hdslay1_t5,39,8,hdslay1,arr,,,,,,
oname:hdslay1_t5_otype:arr_i:39_j:9,33.47342,0.0,hdslay1_t5,39,9,hdslay1,arr,,,,,,
oname:hdslay1_t5_otype:arr_i:3_j:0,35.53457,0.0,hdslay1_t5,3,0,hdslay1,arr,,,,,,
oname:hdslay1_t5_otype:arr_i:3_j:1,35.52527,0.0,hdslay1_t5,3,1,hdslay1,arr,,,,,,
oname:hdslay1_t5_otype:arr_i:3_j:10,34.65812,0.0,hdslay1_t5,3,10,hdslay1,arr,,,,,,
oname:hdslay1_t5_otype:arr_i:3_j:11,34.58753,0.0,hdslay1_t5,3,11,hdslay1,arr,,,,,,
oname:hdslay1_t5_otype:arr_i:3_j:12,34.51648,0.0,hdslay1_t5,3,12,hdslay1,arr,,,,,,
oname:hdslay1_t5_otype:arr_i:3_j:13,34.43779,0.0,hdslay1_t5,3,13,hdslay1,arr,,,,,,
oname:hdslay1_t5_otype:arr_i:3_j:14,34.37054,0.0,hdslay1_t5,3,14,hdslay1,arr,,,,,,
oname:hdslay1_t5_otype:arr_i:3_j:15,34.31113,0.0,hdslay1_t5,3,15,hdslay1,arr,,,,,,
oname:hdslay1_t5_otype:arr_i:3_j:16,34.29811,0.0,hdslay1_t5,3,16,hdslay1,arr,,,,,,
oname:hdslay1_t5_otype:arr_i:3_j:17,34.28677,0.0,hdslay1_t5,3,17,hdslay1,arr,,,,,,
oname:hdslay1_t5_otype:arr_i:3_j:18,34.27965,0.0,hdslay1_t5,3,18,hdslay1,arr,,,,,,
oname:hdslay1_t5_otype:arr_i:3_j:19,34.27663,0.0,hdslay1_t5,3,19,hdslay1,arr,,,,,,
oname:hdslay1_t5_otype:arr_i:3_j:2,35.50845,0.0,hdslay1_t5,3,2,hdslay1,arr,,,,,,
oname:hdslay1_t5_otype:arr_i:3_j:3,35.46205,0.0,hdslay1_t5,3,3,hdslay1,arr,,,,,,
oname:hdslay1_t5_otype:arr_i:3_j:4,35.38474,0.0,hdslay1_t5,3,4,hdslay1,arr,,,,,,
oname:hdslay1_t5_otype:arr_i:3_j:5,35.27626,0.0,hdslay1_t5,3,5,hdslay1,arr,,,,,,
oname:hdslay1_t5_otype:arr_i:3_j:6,35.13322,0.0,hdslay1_t5,3,6,hdslay1,arr,,,,,,
oname:hdslay1_t5_otype:arr_i:3_j:7,34.98206,0.0,hdslay1_t5,3,7,hdslay1,arr,,,,,,
oname:hdslay1_t5_otype:arr_i:3_j:8,34.84878,0.0,hdslay1_t5,3,8,hdslay1,arr,,,,,,
oname:hdslay1_t5_otype:arr_i:3_j:9,34.7436,0.0,hdslay1_t5,3,9,hdslay1,arr,,,,,,
oname:hdslay1_t5_otype:arr_i:4_j:0,35.51293,0.0,hdslay1_t5,4,0,hdslay1,arr,,,,,,
oname:hdslay1_t5_otype:arr_i:4_j:1,35.50651,0.0,hdslay1_t5,4,1,hdslay1,arr,,,,,,
oname:hdslay1_t5_otype:arr_i:4_j:10,34.66234,0.0,hdslay1_t5,4,10,hdslay1,arr,,,,,,
oname:hdslay1_t5_otype:arr_i:4_j:11,34.58568,0.0,hdslay1_t5,4,11,hdslay1,arr,,,,,,
oname:hdslay1_t5_otype:arr_i:4_j:12,34.49767,0.0,hdslay1_t5,4,12,hdslay1,arr,,,,,,
oname:hdslay1_t5_otype:arr_i:4_j:13,34.4139,0.0,hdslay1_t5,4,13,hdslay1,arr,,,,,,
oname:hdslay1_t5_otype:arr_i:4_j:14,34.34642,0.0,hdslay1_t5,4,14,hdslay1,arr,,,,,,
oname:hdslay1_t5_otype:arr_i:4_j:15,34.2898,0.0,hdslay1_t5,4,15,hdslay1,arr,,,,,,
oname:hdslay1_t5_otype:arr_i:4_j:16,34.27233,0.0,hdslay1_t5,4,16,hdslay1,arr,,,,,,
oname:hdslay1_t5_otype:arr_i:4_j:17,34.26139,0.0,hdslay1_t5,4,17,hdslay1,arr,,,,,,
oname:hdslay1_t5_otype:arr_i:4_j:18,34.25764,0.0,hdslay1_t5,4,18,hdslay1,arr,,,,,,
oname:hdslay1_t5_otype:arr_i:4_j:19,34.25722,0.0,hdslay1_t5,4,19,hdslay1,arr,,,,,,
oname:hdslay1_t5_otype:arr_i:4_j:2,35.49402,0.0,hdslay1_t5,4,2,hdslay1,arr,,,,,,
oname:hdslay1_t5_otype:arr_i:4_j:3,35.45728,0.0,hdslay1_t5,4,3,hdslay1,arr,,,,,,
oname:hdslay1_t5_otype:arr_i:4_j:4,35.39354,0.0,hdslay1_t5,4,4,hdslay1,arr,,,,,,
oname:hdslay1_t5_otype:arr_i:4_j:5,35.29923,0.0,hdslay1_t5,4,5,hdslay1,arr,,,,,,
oname:hdslay1_t5_otype:arr_i:4_j:6,35.17657,0.0,hdslay1_t5,4,6,hdslay1,arr,,,,,,
oname:hdslay1_t5_otype:arr_i:4_j:7,35.02104,0.0,hdslay1_t5,4,7,hdslay1,arr,,,,,,
oname:hdslay1_t5_otype:arr_i:4_j:8,34.87224,0.0,hdslay1_t5,4,8,hdslay1,arr,,,,,,
oname:hdslay1_t5_otype:arr_i:4_j:9,34.75599,0.0,hdslay1_t5,4,9,hdslay1,arr,,,,,,
oname:hdslay1_t5_otype:arr_i:5_j:0,35.49102,0.0,hdslay1_t5,5,0,hdslay1,arr,,,,,,
oname:hdslay1_t5_otype:arr_i:5_j:1,35.48704,0.0,hdslay1_t5,5,1,hdslay1,arr,,,,,,
oname:hdslay1_t5_otype:arr_i:5_j:10,34.65774,0.0,hdslay1_t5,5,10,hdslay1,arr,,,,,,
oname:hdslay1_t5_otype:arr_i:5_j:11,34.57049,0.0,hdslay1_t5,5,11,hdslay1,arr,,,,,,
oname:hdslay1_t5_otype:arr_i:5_j:12,34.47541,0.0,hdslay1_t5,5,12,hdslay1,arr,,,,,,
oname:hdslay1_t5_otype:arr_i:5_j:13,34.38612,0.0,hdslay1_t5,5,13,hdslay1,arr,,,,,,
oname:hdslay1_t5_otype:arr_i:5_j:14,34.31218,0.0,hdslay1_t5,5,14,hdslay1,arr,,,,,,
oname:hdslay1_t5_otype:arr_i:5_j:15,34.25561,0.0,hdslay1_t5,5,15,hdslay1,arr,,,,,,
oname:hdslay1_t5_otype:arr_i:5_j:16,34.24276,0.0,hdslay1_t5,5,16,hdslay1,arr,,,,,,
oname:hdslay1_t5_otype:arr_i:5_j:17,34.23336,0.0,hdslay1_t5,5,17,hdslay1,arr,,,,,,
oname:hdslay1_t5_otype:arr_i:5_j:18,34.23286,0.0,hdslay1_t5,5,18,hdslay1,arr,,,,,,
oname:hdslay1_t5_otype:arr_i:5_j:19,34.23545,0.0,hdslay1_t5,5,19,hdslay1,arr,,,,,,
oname:hdslay1_t5_otype:arr_i:5_j:2,35.47414,0.0,hdslay1_t5,5,2,hdslay1,arr,,,,,,
oname:hdslay1_t5_otype:arr_i:5_j:3,35.44376,0.0,hdslay1_t5,5,3,hdslay1,arr,,,,,,
oname:hdslay1_t5_otype:arr_i:5_j:4,35.39255,0.0,hdslay1_t5,5,4,hdslay1,arr,,,,,,
oname:hdslay1_t5_otype:arr_i:5_j:5,35.30738,0.0,hdslay1_t5,5,5,hdslay1,arr,,,,,,
oname:hdslay1_t5_otype:arr_i:5_j:6,35.18927,0.0,hdslay1_t5,5,6,hdslay1,arr,,,,,,
oname:hdslay1_t5_otype:arr_i:5_j:7,35.05485,0.0,hdslay1_t5,5,7,hdslay1,arr,,,,,,
oname:hdslay1_t5_otype:arr_i:5_j:8,34.90926,0.0,hdslay1_t5,5,8,hdslay1,arr,,,,,,
oname:hdslay1_t5_otype:arr_i:5_j:9,34.76398,0.0,hdslay1_t5,5,9,hdslay1,arr,,,,,,
oname:hdslay1_t5_otype:arr_i:6_j:0,35.47759,0.0,hdslay1_t5,6,0,hdslay1,arr,,,,,,
oname:hdslay1_t5_otype:arr_i:6_j:1,35.47386,0.0,hdslay1_t5,6,1,hdslay1,arr,,,,,,
oname:hdslay1_t5_otype:arr_i:6_j:10,34.63361,0.0,hdslay1_t5,6,10,hdslay1,arr,,,,,,
oname:hdslay1_t5_otype:arr_i:6_j:11,34.53794,0.0,hdslay1_t5,6,11,hdslay1,arr,,,,,,
oname:hdslay1_t5_otype:arr_i:6_j:12,34.43131,0.0,hdslay1_t5,6,12,hdslay1,arr,,,,,,
oname:hdslay1_t5_otype:arr_i:6_j:13,34.33437,0.0,hdslay1_t5,6,13,hdslay1,arr,,,,,,
oname:hdslay1_t5_otype:arr_i:6_j:14,34.26558,0.0,hdslay1_t5,6,14,hdslay1,arr,,,,,,
oname:hdslay1_t5_otype:arr_i:6_j:15,34.21302,0.0,hdslay1_t5,6,15,hdslay1,arr,,,,,,
oname:hdslay1_t5_otype:arr_i:6_j:16,34.20688,0.0,hdslay1_t5,6,16,hdslay1,arr,,,,,,
oname:hdslay1_t5_otype:arr_i:6_j:17,34.20109,0.0,hdslay1_t5,6,17,hdslay1,arr,,,,,,
oname:hdslay1_t5_otype:arr_i:6_j:18,34.20121,0.0,hdslay1_t5,6,18,hdslay1,arr,,,,,,
oname:hdslay1_t5_otype:arr_i:6_j:19,34.20142,0.0,hdslay1_t5,6,19,hdslay1,arr,,,,,,
oname:hdslay1_t5_otype:arr_i:6_j:2,35.46379,0.0,hdslay1_t5,6,2,hdslay1,arr,,,,,,
oname:hdslay1_t5_otype:arr_i:6_j:3,35.44131,0.0,hdslay1_t5,6,3,hdslay1,arr,,,,,,
oname:hdslay1_t5_otype:arr_i:6_j:4,35.39618,0.0,hdslay1_t5,6,4,hdslay1,arr,,,,,,
oname:hdslay1_t5_otype:arr_i:6_j:5,35.30514,0.0,hdslay1_t5,6,5,hdslay1,arr,,,,,,
oname:hdslay1_t5_otype:arr_i:6_j:6,35.17863,0.0,hdslay1_t5,6,6,hdslay1,arr,,,,,,
oname:hdslay1_t5_otype:arr_i:6_j:7,35.04512,0.0,hdslay1_t5,6,7,hdslay1,arr,,,,,,
oname:hdslay1_t5_otype:arr_i:6_j:8,34.90162,0.0,hdslay1_t5,6,8,hdslay1,arr,,,,,,
oname:hdslay1_t5_otype:arr_i:6_j:9,34.74899,0.0,hdslay1_t5,6,9,hdslay1,arr,,,,,,
oname:hdslay1_t5_otype:arr_i:7_j:0,35.46845,0.0,hdslay1_t5,7,0,hdslay1,arr,,,,,,
oname:hdslay1_t5_otype:arr_i:7_j:1,35.46587,0.0,hdslay1_t5,7,1,hdslay1,arr,,,,,,
oname:hdslay1_t5_otype:arr_i:7_j:10,34.57644,0.0,hdslay1_t5,7,10,hdslay1,arr,,,,,,
oname:hdslay1_t5_otype:arr_i:7_j:11,34.47923,0.0,hdslay1_t5,7,11,hdslay1,arr,,,,,,
oname:hdslay1_t5_otype:arr_i:7_j:12,34.36215,0.0,hdslay1_t5,7,12,hdslay1,arr,,,,,,
oname:hdslay1_t5_otype:arr_i:7_j:13,34.26694,0.0,hdslay1_t5,7,13,hdslay1,arr,,,,,,
oname:hdslay1_t5_otype:arr_i:7_j:14,34.20604,0.0,hdslay1_t5,7,14,hdslay1,arr,,,,,,
oname:hdslay1_t5_otype:arr_i:7_j:15,34.16202,0.0,hdslay1_t5,7,15,hdslay1,arr,,,,,,
oname:hdslay1_t5_otype:arr_i:7_j:16,34.15121,0.0,hdslay1_t5,7,16,hdslay1,arr,,,,,,
oname:hdslay1_t5_otype:arr_i:7_j:17,34.15894,0.0,hdslay1_t5,7,17,hdslay1,arr,,,,,,
oname:hdslay1_t5_otype:arr_i:7_j:18,34.16182,0.0,hdslay1_t5,7,18,hdslay1,arr,,,,,,
oname:hdslay1_t5_otype:arr_i:7_j:19,34.16203,0.0,hdslay1_t5,7,19,hdslay1,arr,,,,,,
oname:hdslay1_t5_otype:arr_i:7_j:2,35.45904,0.0,hdslay1_t5,7,2,hdslay1,arr,,,,,,
oname:hdslay1_t5_otype:arr_i:7_j:3,35.4441,0.0,hdslay1_t5,7,3,hdslay1,arr,,,,,,
oname:hdslay1_t5_otype:arr_i:7_j:4,35.39458,0.0,hdslay1_t5,7,4,hdslay1,arr,,,,,,
oname:hdslay1_t5_otype:arr_i:7_j:5,35.29918,0.0,hdslay1_t5,7,5,hdslay1,arr,,,,,,
oname:hdslay1_t5_otype:arr_i:7_j:6,35.17976,0.0,hdslay1_t5,7,6,hdslay1,arr,,,,,,
oname:hdslay1_t5_otype:arr_i:7_j:7,35.01682,0.0,hdslay1_t5,7,7,hdslay1,arr,,,,,,
oname:hdslay1_t5_otype:arr_i:7_j:8,34.83395,0.0,hdslay1_t5,7,8,hdslay1,arr,,,,,,
oname:hdslay1_t5_otype:arr_i:7_j:9,34.67923,0.0,hdslay1_t5,7,9,hdslay1,arr,,,,,,
oname:hdslay1_t5_otype:arr_i:8_j:0,35.46008,0.0,hdslay1_t5,8,0,hdslay1,arr,,,,,,
oname:hdslay1_t5_otype:arr_i:8_j:1,35.45909,0.0,hdslay1_t5,8,1,hdslay1,arr,,,,,,
oname:hdslay1_t5_otype:arr_i:8_j:10,34.4841,0.0,hdslay1_t5,8,10,hdslay1,arr,,,,,,
oname:hdslay1_t5_otype:arr_i:8_j:11,34.38234,0.0,hdslay1_t5,8,11,hdslay1,arr,,,,,,
oname:hdslay1_t5_otype:arr_i:8_j:12,34.26868,0.0,hdslay1_t5,8,12,hdslay1,arr,,,,,,
oname:hdslay1_t5_otype:arr_i:8_j:13,34.19121,0.0,hdslay1_t5,8,13,hdslay1,arr,,,,,,
oname:hdslay1_t5_otype:arr_i:8_j:14,34.14076,0.0,hdslay1_t5,8,14,hdslay1,arr,,,,,,
oname:hdslay1_t5_otype:arr_i:8_j:15,34.10156,0.0,hdslay1_t5,8,15,hdslay1,arr,,,,,,
oname:hdslay1_t5_otype:arr_i:8_j:16,34.08013,0.0,hdslay1_t5,8,16,hdslay1,arr,,,,,,
oname:hdslay1_t5_otype:arr_i:8_j:17,34.10311,0.0,hdslay1_t5,8,17,hdslay1,arr,,,,,,
oname:hdslay1_t5_otype:arr_i:8_j:18,34.12196,0.0,hdslay1_t5,8,18,hdslay1,arr,,,,,,
oname:hdslay1_t5_otype:arr_i:8_j:19,34.12829,0.0,hdslay1_t5,8,19,hdslay1,arr,,,,,,
oname:hdslay1_t5_otype:arr_i:8_j:2,35.45703,0.0,hdslay1_t5,8,2,hdslay1,arr,,,,,,
oname:hdslay1_t5_otype:arr_i:8_j:3,35.45286,0.0,hdslay1_t5,8,3,hdslay1,arr,,,,,,
oname:hdslay1_t5_otype:arr_i:8_j:4,1e+30,0.0,hdslay1_t5,8,4,hdslay1,arr,,,,,,
oname:hdslay1_t5_otype:arr_i:8_j:5,1e+30,0.0,hdslay1_t5,8,5,hdslay1,arr,,,,,,
oname:hdslay1_t5_otype:arr_i:8_j:6,1e+30,0.0,hdslay1_t5,8,6,hdslay1,arr,,,,,,
oname:hdslay1_t5_otype:arr_i:8_j:7,34.87808,0.0,hdslay1_t5,8,7,hdslay1,arr,,,,,,
oname:hdslay1_t5_otype:arr_i:8_j:8,34.69447,0.0,hdslay1_t5,8,8,hdslay1,arr,,,,,,
oname:hdslay1_t5_otype:arr_i:8_j:9,34.57735,0.0,hdslay1_t5,8,9,hdslay1,arr,,,,,,
oname:hdslay1_t5_otype:arr_i:9_j:0,35.44885,0.0,hdslay1_t5,9,0,hdslay1,arr,,,,,,
oname:hdslay1_t5_otype:arr_i:9_j:1,35.44618,0.0,hdslay1_t5,9,1,hdslay1,arr,,,,,,
oname:hdslay1_t5_otype:arr_i:9_j:10,34.37586,0.0,hdslay1_t5,9,10,hdslay1,arr,,,,,,
oname:hdslay1_t5_otype:arr_i:9_j:11,34.2795,0.0,hdslay1_t5,9,11,hdslay1,arr,,,,,,
oname:hdslay1_t5_otype:arr_i:9_j:12,34.1879,0.0,hdslay1_t5,9,12,hdslay1,arr,,,,,,
oname:hdslay1_t5_otype:arr_i:9_j:13,34.12909,0.0,hdslay1_t5,9,13,hdslay1,arr,,,,,,
oname:hdslay1_t5_otype:arr_i:9_j:14,34.09117,0.0,hdslay1_t5,9,14,hdslay1,arr,,,,,,
oname:hdslay1_t5_otype:arr_i:9_j:15,34.058,0.0,hdslay1_t5,9,15,hdslay1,arr,,,,,,
oname:hdslay1_t5_otype:arr_i:9_j:16,33.97538,0.0,hdslay1_t5,9,16,hdslay1,arr,,,,,,
oname:hdslay1_t5_otype:arr_i:9_j:17,34.06001,0.0,hdslay1_t5,9,17,hdslay1,arr,,,,,,
oname:hdslay1_t5_otype:arr_i:9_j:18,34.09262,0.0,hdslay1_t5,9,18,hdslay1,arr,,,,,,
oname:hdslay1_t5_otype:arr_i:9_j:19,34.1059,0.0,hdslay1_t5,9,19,hdslay1,arr,,,,,,
oname:hdslay1_t5_otype:arr_i:9_j:2,35.44587,0.0,hdslay1_t5,9,2,hdslay1,arr,,,,,,
oname:hdslay1_t5_otype:arr_i:9_j:3,35.44204,0.0,hdslay1_t5,9,3,hdslay1,arr,,,,,,
oname:hdslay1_t5_otype:arr_i:9_j:4,1e+30,0.0,hdslay1_t5,9,4,hdslay1,arr,,,,,,
oname:hdslay1_t5_otype:arr_i:9_j:5,1e+30,0.0,hdslay1_t5,9,5,hdslay1,arr,,,,,,
oname:hdslay1_t5_otype:arr_i:9_j:6,1e+30,0.0,hdslay1_t5,9,6,hdslay1,arr,,,,,,
oname:hdslay1_t5_otype:arr_i:9_j:7,1e+30,0.0,hdslay1_t5,9,7,hdslay1,arr,,,,,,
oname:hdslay1_t5_otype:arr_i:9_j:8,34.50059,0.0,hdslay1_t5,9,8,hdslay1,arr,,,,,,
oname:hdslay1_t5_otype:arr_i:9_j:9,34.44626,0.0,hdslay1_t5,9,9,hdslay1,arr,,,,,,
oname:hdslay1_t6_otype:arr_i:0_j:0,35.69447,0.0,hdslay1_t6,0,0,hdslay1,arr,,,,,,
oname:hdslay1_t6_otype:arr_i:0_j:1,35.67647,0.0,hdslay1_t6,0,1,hdslay1,arr,,,,,,
oname:hdslay1_t6_otype:arr_i:0_j:10,34.71613,0.0,hdslay1_t6,0,10,hdslay1,arr,,,,,,
oname:hdslay1_t6_otype:arr_i:0_j:11,34.63848,0.0,hdslay1_t6,0,11,hdslay1,arr,,,,,,
oname:hdslay1_t6_otype:arr_i:0_j:12,34.57494,0.0,hdslay1_t6,0,12,hdslay1,arr,,,,,,
oname:hdslay1_t6_otype:arr_i:0_j:13,34.51071,0.0,hdslay1_t6,0,13,hdslay1,arr,,,,,,
oname:hdslay1_t6_otype:arr_i:0_j:14,34.44327,0.0,hdslay1_t6,0,14,hdslay1,arr,,,,,,
oname:hdslay1_t6_otype:arr_i:0_j:15,34.36047,0.0,hdslay1_t6,0,15,hdslay1,arr,,,,,,
oname:hdslay1_t6_otype:arr_i:0_j:16,34.36027,0.0,hdslay1_t6,0,16,hdslay1,arr,,,,,,
oname:hdslay1_t6_otype:arr_i:0_j:17,34.35961,0.0,hdslay1_t6,0,17,hdslay1,arr,,,,,,
oname:hdslay1_t6_otype:arr_i:0_j:18,34.35838,0.0,hdslay1_t6,0,18,hdslay1,arr,,,,,,
oname:hdslay1_t6_otype:arr_i:0_j:19,34.35738,0.0,hdslay1_t6,0,19,hdslay1,arr,,,,,,
oname:hdslay1_t6_otype:arr_i:0_j:2,35.63374,0.0,hdslay1_t6,0,2,hdslay1,arr,,,,,,
oname:hdslay1_t6_otype:arr_i:0_j:3,35.57905,0.0,hdslay1_t6,0,3,hdslay1,arr,,,,,,
oname:hdslay1_t6_otype:arr_i:0_j:4,35.48556,0.0,hdslay1_t6,0,4,hdslay1,arr,,,,,,
oname:hdslay1_t6_otype:arr_i:0_j:5,35.34302,0.0,hdslay1_t6,0,5,hdslay1,arr,,,,,,
oname:hdslay1_t6_otype:arr_i:0_j:6,35.17109,0.0,hdslay1_t6,0,6,hdslay1,arr,,,,,,
oname:hdslay1_t6_otype:arr_i:0_j:7,35.02232,0.0,hdslay1_t6,0,7,hdslay1,arr,,,,,,
oname:hdslay1_t6_otype:arr_i:0_j:8,34.89757,0.0,hdslay1_t6,0,8,hdslay1,arr,,,,,,
oname:hdslay1_t6_otype:arr_i:0_j:9,34.7979,0.0,hdslay1_t6,0,9,hdslay1,arr,,,,,,
oname:hdslay1_t6_otype:arr_i:10_j:0,35.55715,0.0,hdslay1_t6,10,0,hdslay1,arr,,,,,,
oname:hdslay1_t6_otype:arr_i:10_j:1,35.55301,0.0,hdslay1_t6,10,1,hdslay1,arr,,,,,,
oname:hdslay1_t6_otype:arr_i:10_j:10,34.33791,0.0,hdslay1_t6,10,10,hdslay1,arr,,,,,,
oname:hdslay1_t6_otype:arr_i:10_j:11,34.25077,0.0,hdslay1_t6,10,11,hdslay1,arr,,,,,,
oname:hdslay1_t6_otype:arr_i:10_j:12,34.17119,0.0,hdslay1_t6,10,12,hdslay1,arr,,,,,,
oname:hdslay1_t6_otype:arr_i:10_j:13,34.11337,0.0,hdslay1_t6,10,13,hdslay1,arr,,,,,,
oname:hdslay1_t6_otype:arr_i:10_j:14,34.10115,0.0,hdslay1_t6,10,14,hdslay1,arr,,,,,,
oname:hdslay1_t6_otype:arr_i:10_j:15,34.08677,0.0,hdslay1_t6,10,15,hdslay1,arr,,,,,,
oname:hdslay1_t6_otype:arr_i:10_j:16,34.08027,0.0,hdslay1_t6,10,16,hdslay1,arr,,,,,,
oname:hdslay1_t6_otype:arr_i:10_j:17,34.10284,0.0,hdslay1_t6,10,17,hdslay1,arr,,,,,,
oname:hdslay1_t6_otype:arr_i:10_j:18,34.12188,0.0,hdslay1_t6,10,18,hdslay1,arr,,,,,,
oname:hdslay1_t6_otype:arr_i:10_j:19,34.13159,0.0,hdslay1_t6,10,19,hdslay1,arr,,,,,,
oname:hdslay1_t6_otype:arr_i:10_j:2,35.55045,0.0,hdslay1_t6,10,2,hdslay1,arr,,,,,,
oname:hdslay1_t6_otype:arr_i:10_j:3,35.54582,0.0,hdslay1_t6,10,3,hdslay1,arr,,,,,,
oname:hdslay1_t6_otype:arr_i:10_j:4,1e+30,0.0,hdslay1_t6,10,4,hdslay1,arr,,,,,,
oname:hdslay1_t6_otype:arr_i:10_j:5,1e+30,0.0,hdslay1_t6,10,5,hdslay1,arr,,,,,,
oname:hdslay1_t6_otype:arr_i:10_j:6,1e+30,0.0,hdslay1_t6,10,6,hdslay1,arr,,,,,,
oname:hdslay1_t6_otype:arr_i:10_j:7,1e+30,0.0,hdslay1_t6,10,7,hdslay1,arr,,,,,,
oname:hdslay1_t6_otype:arr_i:10_j:8,34.42859,0.0,hdslay1_t6,10,8,hdslay1,arr,,,,,,
oname:hdslay1_t6_otype:arr_i:10_j:9,34.3941,0.0,hdslay1_t6,10,9,hdslay1,arr,,,,,,
oname:hdslay1_t6_otype:arr_i:11_j:0,35.50805,0.0,hdslay1_t6,11,0,hdslay1,arr,,,,,,
oname:hdslay1_t6_otype:arr_i:11_j:1,35.50458,0.0,hdslay1_t6,11,1,hdslay1,arr,,,,,,
oname:hdslay1_t6_otype:arr_i:11_j:10,34.28438,0.0,hdslay1_t6,11,10,hdslay1,arr,,,,,,
oname:hdslay1_t6_otype:arr_i:11_j:11,34.21317,0.0,hdslay1_t6,11,11,hdslay1,arr,,,,,,
oname:hdslay1_t6_otype:arr_i:11_j:12,34.13749,0.0,hdslay1_t6,11,12,hdslay1,arr,,,,,,
oname:hdslay1_t6_otype:arr_i:11_j:13,34.03998,0.0,hdslay1_t6,11,13,hdslay1,arr,,,,,,
oname:hdslay1_t6_otype:arr_i:11_j:14,34.08258,0.0,hdslay1_t6,11,14,hdslay1,arr,,,,,,
oname:hdslay1_t6_otype:arr_i:11_j:15,34.08378,0.0,hdslay1_t6,11,15,hdslay1,arr,,,,,,
oname:hdslay1_t6_otype:arr_i:11_j:16,34.09617,0.0,hdslay1_t6,11,16,hdslay1,arr,,,,,,
oname:hdslay1_t6_otype:arr_i:11_j:17,34.11262,0.0,hdslay1_t6,11,17,hdslay1,arr,,,,,,
oname:hdslay1_t6_otype:arr_i:11_j:18,34.12641,0.0,hdslay1_t6,11,18,hdslay1,arr,,,,,,
oname:hdslay1_t6_otype:arr_i:11_j:19,34.13323,0.0,hdslay1_t6,11,19,hdslay1,arr,,,,,,
oname:hdslay1_t6_otype:arr_i:11_j:2,35.50041,0.0,hdslay1_t6,11,2,hdslay1,arr,,,,,,
oname:hdslay1_t6_otype:arr_i:11_j:3,35.50088,0.0,hdslay1_t6,11,3,hdslay1,arr,,,,,,
oname:hdslay1_t6_otype:arr_i:11_j:4,1e+30,0.0,hdslay1_t6,11,4,hdslay1,arr,,,,,,
oname:hdslay1_t6_otype:arr_i:11_j:5,1e+30,0.0,hdslay1_t6,11,5,hdslay1,arr,,,,,,
oname:hdslay1_t6_otype:arr_i:11_j:6,1e+30,0.0,hdslay1_t6,11,6,hdslay1,arr,,,,,,
oname:hdslay1_t6_otype:arr_i:11_j:7,1e+30,0.0,hdslay1_t6,11,7,hdslay1,arr,,,,,,
oname:hdslay1_t6_otype:arr_i:11_j:8,34.35355,0.0,hdslay1_t6,11,8,hdslay1,arr,,,,,,
oname:hdslay1_t6_otype:arr_i:11_j:9,34.33085,0.0,hdslay1_t6,11,9,hdslay1,arr,,,,,,
oname:hdslay1_t6_otype:arr_i:12_j:0,35.45233,0.0,hdslay1_t6,12,0,hdslay1,arr,,,,,,
oname:hdslay1_t6_otype:arr_i:12_j:1,35.44794,0.0,hdslay1_t6,12,1,hdslay1,arr,,,,,,
oname:hdslay1_t6_otype:arr_i:12_j:10,34.26317,0.0,hdslay1_t6,12,10,hdslay1,arr,,,,,,
oname:hdslay1_t6_otype:arr_i:12_j:11,34.20936,0.0,hdslay1_t6,12,11,hdslay1,arr,,,,,,
oname:hdslay1_t6_otype:arr_i:12_j:12,34.15166,0.0,hdslay1_t6,12,12,hdslay1,arr,,,,,,
oname:hdslay1_t6_otype:arr_i:12_j:13,34.10514,0.0,hdslay1_t6,12,13,hdslay1,arr,,,,,,
oname:hdslay1_t6_otype:arr_i:12_j:14,34.09672,0.0,hdslay1_t6,12,14,hdslay1,arr,,,,,,
oname:hdslay1_t6_otype:arr_i:12_j:15,34.0909,0.0,hdslay1_t6,12,15,hdslay1,arr,,,,,,
oname:hdslay1_t6_otype:arr_i:12_j:16,34.10682,0.0,hdslay1_t6,12,16,hdslay1,arr,,,,,,
oname:hdslay1_t6_otype:arr_i:12_j:17,34.1209,0.0,hdslay1_t6,12,17,hdslay1,arr,,,,,,
oname:hdslay1_t6_otype:arr_i:12_j:18,34.13318,0.0,hdslay1_t6,12,18,hdslay1,arr,,,,,,
oname:hdslay1_t6_otype:arr_i:12_j:19,34.13899,0.0,hdslay1_t6,12,19,hdslay1,arr,,,,,,
oname:hdslay1_t6_otype:arr_i:12_j:2,35.44495,0.0,hdslay1_t6,12,2,hdslay1,arr,,,,,,
oname:hdslay1_t6_otype:arr_i:12_j:3,35.44137,0.0,hdslay1_t6,12,3,hdslay1,arr,,,,,,
oname:hdslay1_t6_otype:arr_i:12_j:4,1e+30,0.0,hdslay1_t6,12,4,hdslay1,arr,,,,,,
oname:hdslay1_t6_otype:arr_i:12_j:5,1e+30,0.0,hdslay1_t6,12,5,hdslay1,arr,,,,,,
oname:hdslay1_t6_otype:arr_i:12_j:6,1e+30,0.0,hdslay1_t6,12,6,hdslay1,arr,,,,,,
oname:hdslay1_t6_otype:arr_i:12_j:7,1e+30,0.0,hdslay1_t6,12,7,hdslay1,arr,,,,,,
oname:hdslay1_t6_otype:arr_i:12_j:8,34.31568,0.0,hdslay1_t6,12,8,hdslay1,arr,,,,,,
oname:hdslay1_t6_otype:arr_i:12_j:9,34.29574,0.0,hdslay1_t6,12,9,hdslay1,arr,,,,,,
oname:hdslay1_t6_otype:arr_i:13_j:0,35.39046,0.0,hdslay1_t6,13,0,hdslay1,arr,,,,,,
oname:hdslay1_t6_otype:arr_i:13_j:1,35.38877,0.0,hdslay1_t6,13,1,hdslay1,arr,,,,,,
oname:hdslay1_t6_otype:arr_i:13_j:10,34.25398,0.0,hdslay1_t6,13,10,hdslay1,arr,,,,,,
oname:hdslay1_t6_otype:arr_i:13_j:11,34.21454,0.0,hdslay1_t6,13,11,hdslay1,arr,,,,,,
oname:hdslay1_t6_otype:arr_i:13_j:12,34.16731,0.0,hdslay1_t6,13,12,hdslay1,arr,,,,,,
oname:hdslay1_t6_otype:arr_i:13_j:13,34.13161,0.0,hdslay1_t6,13,13,hdslay1,arr,,,,,,
oname:hdslay1_t6_otype:arr_i:13_j:14,34.11152,0.0,hdslay1_t6,13,14,hdslay1,arr,,,,,,
oname:hdslay1_t6_otype:arr_i:13_j:15,34.09759,0.0,hdslay1_t6,13,15,hdslay1,arr,,,,,,
oname:hdslay1_t6_otype:arr_i:13_j:16,34.11458,0.0,hdslay1_t6,13,16,hdslay1,arr,,,,,,
oname:hdslay1_t6_otype:arr_i:13_j:17,34.12757,0.0,hdslay1_t6,13,17,hdslay1,arr,,,,,,
oname:hdslay1_t6_otype:arr_i:13_j:18,34.13969,0.0,hdslay1_t6,13,18,hdslay1,arr,,,,,,
oname:hdslay1_t6_otype:arr_i:13_j:19,34.14617,0.0,hdslay1_t6,13,19,hdslay1,arr,,,,,,
oname:hdslay1_t6_otype:arr_i:13_j:2,35.3832,0.0,hdslay1_t6,13,2,hdslay1,arr,,,,,,
oname:hdslay1_t6_otype:arr_i:13_j:3,35.37489,0.0,hdslay1_t6,13,3,hdslay1,arr,,,,,,
oname:hdslay1_t6_otype:arr_i:13_j:4,1e+30,0.0,hdslay1_t6,13,4,hdslay1,arr,,,,,,
oname:hdslay1_t6_otype:arr_i:13_j:5,1e+30,0.0,hdslay1_t6,13,5,hdslay1,arr,,,,,,
oname:hdslay1_t6_otype:arr_i:13_j:6,1e+30,0.0,hdslay1_t6,13,6,hdslay1,arr,,,,,,
oname:hdslay1_t6_otype:arr_i:13_j:7,1e+30,0.0,hdslay1_t6,13,7,hdslay1,arr,,,,,,
oname:hdslay1_t6_otype:arr_i:13_j:8,34.28744,0.0,hdslay1_t6,13,8,hdslay1,arr,,,,,,
oname:hdslay1_t6_otype:arr_i:13_j:9,34.27355,0.0,hdslay1_t6,13,9,hdslay1,arr,,,,,,
oname:hdslay1_t6_otype:arr_i:14_j:0,35.30615,0.0,hdslay1_t6,14,0,hdslay1,arr,,,,,,
oname:hdslay1_t6_otype:arr_i:14_j:1,35.31076,0.0,hdslay1_t6,14,1,hdslay1,arr,,,,,,
oname:hdslay1_t6_otype:arr_i:14_j:10,34.24349,0.0,hdslay1_t6,14,10,hdslay1,arr,,,,,,
oname:hdslay1_t6_otype:arr_i:14_j:11,34.21151,0.0,hdslay1_t6,14,11,hdslay1,arr,,,,,,
oname:hdslay1_t6_otype:arr_i:14_j:12,34.17293,0.0,hdslay1_t6,14,12,hdslay1,arr,,,,,,
oname:hdslay1_t6_otype:arr_i:14_j:13,34.14267,0.0,hdslay1_t6,14,13,hdslay1,arr,,,,,,
oname:hdslay1_t6_otype:arr_i:14_j:14,34.1218,0.0,hdslay1_t6,14,14,hdslay1,arr,,,,,,
oname:hdslay1_t6_otype:arr_i:14_j:15,34.104,0.0,hdslay1_t6,14,15,hdslay1,arr,,,,,,
oname:hdslay1_t6_otype:arr_i:14_j:16,34.12003,0.0,hdslay1_t6,14,16,hdslay1,arr,,,,,,
oname:hdslay1_t6_otype:arr_i:14_j:17,34.13232,0.0,hdslay1_t6,14,17,hdslay1,arr,,,,,,
oname:hdslay1_t6_otype:arr_i:14_j:18,34.14373,0.0,hdslay1_t6,14,18,hdslay1,arr,,,,,,
oname:hdslay1_t6_otype:arr_i:14_j:19,34.1517,0.0,hdslay1_t6,14,19,hdslay1,arr,,,,,,
oname:hdslay1_t6_otype:arr_i:14_j:2,35.30618,0.0,hdslay1_t6,14,2,hdslay1,arr,,,,,,
oname:hdslay1_t6_otype:arr_i:14_j:3,35.29994,0.0,hdslay1_t6,14,3,hdslay1,arr,,,,,,
oname:hdslay1_t6_otype:arr_i:14_j:4,1e+30,0.0,hdslay1_t6,14,4,hdslay1,arr,,,,,,
oname:hdslay1_t6_otype:arr_i:14_j:5,1e+30,0.0,hdslay1_t6,14,5,hdslay1,arr,,,,,,
oname:hdslay1_t6_otype:arr_i:14_j:6,1e+30,0.0,hdslay1_t6,14,6,hdslay1,arr,,,,,,
oname:hdslay1_t6_otype:arr_i:14_j:7,1e+30,0.0,hdslay1_t6,14,7,hdslay1,arr,,,,,,
oname:hdslay1_t6_otype:arr_i:14_j:8,34.26082,0.0,hdslay1_t6,14,8,hdslay1,arr,,,,,,
oname:hdslay1_t6_otype:arr_i:14_j:9,34.25699,0.0,hdslay1_t6,14,9,hdslay1,arr,,,,,,
oname:hdslay1_t6_otype:arr_i:15_j:0,35.23192,0.0,hdslay1_t6,15,0,hdslay1,arr,,,,,,
oname:hdslay1_t6_otype:arr_i:15_j:1,35.2344,0.0,hdslay1_t6,15,1,hdslay1,arr,,,,,,
oname:hdslay1_t6_otype:arr_i:15_j:10,34.22108,0.0,hdslay1_t6,15,10,hdslay1,arr,,,,,,
oname:hdslay1_t6_otype:arr_i:15_j:11,34.19386,0.0,hdslay1_t6,15,11,hdslay1,arr,,,,,,
oname:hdslay1_t6_otype:arr_i:15_j:12,34.16679,0.0,hdslay1_t6,15,12,hdslay1,arr,,,,,,
oname:hdslay1_t6_otype:arr_i:15_j:13,34.14289,0.0,hdslay1_t6,15,13,hdslay1,arr,,,,,,
oname:hdslay1_t6_otype:arr_i:15_j:14,34.12444,0.0,hdslay1_t6,15,14,hdslay1,arr,,,,,,
oname:hdslay1_t6_otype:arr_i:15_j:15,34.10599,0.0,hdslay1_t6,15,15,hdslay1,arr,,,,,,
oname:hdslay1_t6_otype:arr_i:15_j:16,34.12401,0.0,hdslay1_t6,15,16,hdslay1,arr,,,,,,
oname:hdslay1_t6_otype:arr_i:15_j:17,34.1379,0.0,hdslay1_t6,15,17,hdslay1,arr,,,,,,
oname:hdslay1_t6_otype:arr_i:15_j:18,34.14909,0.0,hdslay1_t6,15,18,hdslay1,arr,,,,,,
oname:hdslay1_t6_otype:arr_i:15_j:19,34.15835,0.0,hdslay1_t6,15,19,hdslay1,arr,,,,,,
oname:hdslay1_t6_otype:arr_i:15_j:2,35.22259,0.0,hdslay1_t6,15,2,hdslay1,arr,,,,,,
oname:hdslay1_t6_otype:arr_i:15_j:3,35.21318,0.0,hdslay1_t6,15,3,hdslay1,arr,,,,,,
oname:hdslay1_t6_otype:arr_i:15_j:4,1e+30,0.0,hdslay1_t6,15,4,hdslay1,arr,,,,,,
oname:hdslay1_t6_otype:arr_i:15_j:5,1e+30,0.0,hdslay1_t6,15,5,hdslay1,arr,,,,,,
oname:hdslay1_t6_otype:arr_i:15_j:6,1e+30,0.0,hdslay1_t6,15,6,hdslay1,arr,,,,,,
oname:hdslay1_t6_otype:arr_i:15_j:7,1e+30,0.0,hdslay1_t6,15,7,hdslay1,arr,,,,,,
oname:hdslay1_t6_otype:arr_i:15_j:8,34.23871,0.0,hdslay1_t6,15,8,hdslay1,arr,,,,,,
oname:hdslay1_t6_otype:arr_i:15_j:9,34.23368,0.0,hdslay1_t6,15,9,hdslay1,arr,,,,,,
oname:hdslay1_t6_otype:arr_i:16_j:0,35.16337,0.0,hdslay1_t6,16,0,hdslay1,arr,,,,,,
oname:hdslay1_t6_otype:arr_i:16_j:1,35.15563,0.0,hdslay1_t6,16,1,hdslay1,arr,,,,,,
oname:hdslay1_t6_otype:arr_i:16_j:10,34.19068,0.0,hdslay1_t6,16,10,hdslay1,arr,,,,,,
oname:hdslay1_t6_otype:arr_i:16_j:11,34.17221,0.0,hdslay1_t6,16,11,hdslay1,arr,,,,,,
oname:hdslay1_t6_otype:arr_i:16_j:12,34.15198,0.0,hdslay1_t6,16,12,hdslay1,arr,,,,,,
oname:hdslay1_t6_otype:arr_i:16_j:13,34.13642,0.0,hdslay1_t6,16,13,hdslay1,arr,,,,,,
oname:hdslay1_t6_otype:arr_i:16_j:14,34.12311,0.0,hdslay1_t6,16,14,hdslay1,arr,,,,,,
oname:hdslay1_t6_otype:arr_i:16_j:15,34.1066,0.0,hdslay1_t6,16,15,hdslay1,arr,,,,,,
oname:hdslay1_t6_otype:arr_i:16_j:16,34.12616,0.0,hdslay1_t6,16,16,hdslay1,arr,,,,,,
oname:hdslay1_t6_otype:arr_i:16_j:17,34.14323,0.0,hdslay1_t6,16,17,hdslay1,arr,,,,,,
oname:hdslay1_t6_otype:arr_i:16_j:18,34.15648,0.0,hdslay1_t6,16,18,hdslay1,arr,,,,,,
oname:hdslay1_t6_otype:arr_i:16_j:19,34.16569,0.0,hdslay1_t6,16,19,hdslay1,arr,,,,,,
oname:hdslay1_t6_otype:arr_i:16_j:2,35.14171,0.0,hdslay1_t6,16,2,hdslay1,arr,,,,,,
oname:hdslay1_t6_otype:arr_i:16_j:3,35.13704,0.0,hdslay1_t6,16,3,hdslay1,arr,,,,,,
oname:hdslay1_t6_otype:arr_i:16_j:4,1e+30,0.0,hdslay1_t6,16,4,hdslay1,arr,,,,,,
oname:hdslay1_t6_otype:arr_i:16_j:5,1e+30,0.0,hdslay1_t6,16,5,hdslay1,arr,,,,,,
oname:hdslay1_t6_otype:arr_i:16_j:6,1e+30,0.0,hdslay1_t6,16,6,hdslay1,arr,,,,,,
oname:hdslay1_t6_otype:arr_i:16_j:7,1e+30,0.0,hdslay1_t6,16,7,hdslay1,arr,,,,,,
oname:hdslay1_t6_otype:arr_i:16_j:8,34.2066,0.0,hdslay1_t6,16,8,hdslay1,arr,,,,,,
oname:hdslay1_t6_otype:arr_i:16_j:9,34.20348,0.0,hdslay1_t6,16,9,hdslay1,arr,,,,,,
oname:hdslay1_t6_otype:arr_i:17_j:0,35.08292,0.0,hdslay1_t6,17,0,hdslay1,arr,,,,,,
oname:hdslay1_t6_otype:arr_i:17_j:1,35.07632,0.0,hdslay1_t6,17,1,hdslay1,arr,,,,,,
oname:hdslay1_t6_otype:arr_i:17_j:10,34.15555,0.0,hdslay1_t6,17,10,hdslay1,arr,,,,,,
oname:hdslay1_t6_otype:arr_i:17_j:11,34.14299,0.0,hdslay1_t6,17,11,hdslay1,arr,,,,,,
oname:hdslay1_t6_otype:arr_i:17_j:12,34.12675,0.0,hdslay1_t6,17,12,hdslay1,arr,,,,,,
oname:hdslay1_t6_otype:arr_i:17_j:13,34.11552,0.0,hdslay1_t6,17,13,hdslay1,arr,,,,,,
oname:hdslay1_t6_otype:arr_i:17_j:14,34.09946,0.0,hdslay1_t6,17,14,hdslay1,arr,,,,,,
oname:hdslay1_t6_otype:arr_i:17_j:15,34.08252,0.0,hdslay1_t6,17,15,hdslay1,arr,,,,,,
oname:hdslay1_t6_otype:arr_i:17_j:16,34.11514,0.0,hdslay1_t6,17,16,hdslay1,arr,,,,,,
oname:hdslay1_t6_otype:arr_i:17_j:17,34.13874,0.0,hdslay1_t6,17,17,hdslay1,arr,,,,,,
oname:hdslay1_t6_otype:arr_i:17_j:18,34.15574,0.0,hdslay1_t6,17,18,hdslay1,arr,,,,,,
oname:hdslay1_t6_otype:arr_i:17_j:19,34.16619,0.0,hdslay1_t6,17,19,hdslay1,arr,,,,,,
oname:hdslay1_t6_otype:arr_i:17_j:2,35.07609,0.0,hdslay1_t6,17,2,hdslay1,arr,,,,,,
oname:hdslay1_t6_otype:arr_i:17_j:3,35.0823,0.0,hdslay1_t6,17,3,hdslay1,arr,,,,,,
oname:hdslay1_t6_otype:arr_i:17_j:4,1e+30,0.0,hdslay1_t6,17,4,hdslay1,arr,,,,,,
oname:hdslay1_t6_otype:arr_i:17_j:5,1e+30,0.0,hdslay1_t6,17,5,hdslay1,arr,,,,,,
oname:hdslay1_t6_otype:arr_i:17_j:6,1e+30,0.0,hdslay1_t6,17,6,hdslay1,arr,,,,,,
oname:hdslay1_t6_otype:arr_i:17_j:7,1e+30,0.0,hdslay1_t6,17,7,hdslay1,arr,,,,,,
oname:hdslay1_t6_otype:arr_i:17_j:8,34.17376,0.0,hdslay1_t6,17,8,hdslay1,arr,,,,,,
oname:hdslay1_t6_otype:arr_i:17_j:9,34.16871,0.0,hdslay1_t6,17,9,hdslay1,arr,,,,,,
oname:hdslay1_t6_otype:arr_i:18_j:0,34.99006,0.0,hdslay1_t6,18,0,hdslay1,arr,,,,,,
oname:hdslay1_t6_otype:arr_i:18_j:1,34.99309,0.0,hdslay1_t6,18,1,hdslay1,arr,,,,,,
oname:hdslay1_t6_otype:arr_i:18_j:10,34.1295,0.0,hdslay1_t6,18,10,hdslay1,arr,,,,,,
oname:hdslay1_t6_otype:arr_i:18_j:11,34.11331,0.0,hdslay1_t6,18,11,hdslay1,arr,,,,,,
oname:hdslay1_t6_otype:arr_i:18_j:12,34.09623,0.0,hdslay1_t6,18,12,hdslay1,arr,,,,,,
oname:hdslay1_t6_otype:arr_i:18_j:13,34.07701,0.0,hdslay1_t6,18,13,hdslay1,arr,,,,,,
oname:hdslay1_t6_otype:arr_i:18_j:14,34.04837,0.0,hdslay1_t6,18,14,hdslay1,arr,,,,,,
oname:hdslay1_t6_otype:arr_i:18_j:15,34.03264,0.0,hdslay1_t6,18,15,hdslay1,arr,,,,,,
oname:hdslay1_t6_otype:arr_i:18_j:16,34.08371,0.0,hdslay1_t6,18,16,hdslay1,arr,,,,,,
oname:hdslay1_t6_otype:arr_i:18_j:17,34.11847,0.0,hdslay1_t6,18,17,hdslay1,arr,,,,,,
oname:hdslay1_t6_otype:arr_i:18_j:18,34.14369,0.0,hdslay1_t6,18,18,hdslay1,arr,,,,,,
oname:hdslay1_t6_otype:arr_i:18_j:19,34.15446,0.0,hdslay1_t6,18,19,hdslay1,arr,,,,,,
oname:hdslay1_t6_otype:arr_i:18_j:2,35.00124,0.0,hdslay1_t6,18,2,hdslay1,arr,,,,,,
oname:hdslay1_t6_otype:arr_i:18_j:3,35.01463,0.0,hdslay1_t6,18,3,hdslay1,arr,,,,,,
oname:hdslay1_t6_otype:arr_i:18_j:4,1e+30,0.0,hdslay1_t6,18,4,hdslay1,arr,,,,,,
oname:hdslay1_t6_otype:arr_i:18_j:5,1e+30,0.0,hdslay1_t6,18,5,hdslay1,arr,,,,,,
oname:hdslay1_t6_otype:arr_i:18_j:6,1e+30,0.0,hdslay1_t6,18,6,hdslay1,arr,,,,,,
oname:hdslay1_t6_otype:arr_i:18_j:7,1e+30,0.0,hdslay1_t6,18,7,hdslay1,arr,,,,,,
oname:hdslay1_t6_otype:arr_i:18_j:8,34.14655,0.0,hdslay1_t6,18,8,hdslay1,arr,,,,,,
oname:hdslay1_t6_otype:arr_i:18_j:9,34.13991,0.0,hdslay1_t6,18,9,hdslay1,arr,,,,,,
oname:hdslay1_t6_otype:arr_i:19_j:0,34.90006,0.0,hdslay1_t6,19,0,hdslay1,arr,,,,,,
oname:hdslay1_t6_otype:arr_i:19_j:1,34.89987,0.0,hdslay1_t6,19,1,hdslay1,arr,,,,,,
oname:hdslay1_t6_otype:arr_i:19_j:10,34.10412,0.0,hdslay1_t6,19,10,hdslay1,arr,,,,,,
oname:hdslay1_t6_otype:arr_i:19_j:11,34.08434,0.0,hdslay1_t6,19,11,hdslay1,arr,,,,,,
oname:hdslay1_t6_otype:arr_i:19_j:12,34.0658,0.0,hdslay1_t6,19,12,hdslay1,arr,,,,,,
oname:hdslay1_t6_otype:arr_i:19_j:13,34.02843,0.0,hdslay1_t6,19,13,hdslay1,arr,,,,,,
oname:hdslay1_t6_otype:arr_i:19_j:14,33.97091,0.0,hdslay1_t6,19,14,hdslay1,arr,,,,,,
oname:hdslay1_t6_otype:arr_i:19_j:15,33.97916,0.0,hdslay1_t6,19,15,hdslay1,arr,,,,,,
oname:hdslay1_t6_otype:arr_i:19_j:16,34.04697,0.0,hdslay1_t6,19,16,hdslay1,arr,,,,,,
oname:hdslay1_t6_otype:arr_i:19_j:17,34.0869,0.0,hdslay1_t6,19,17,hdslay1,arr,,,,,,
oname:hdslay1_t6_otype:arr_i:19_j:18,34.11096,0.0,hdslay1_t6,19,18,hdslay1,arr,,,,,,
oname:hdslay1_t6_otype:arr_i:19_j:19,34.12629,0.0,hdslay1_t6,19,19,hdslay1,arr,,,,,,
oname:hdslay1_t6_otype:arr_i:19_j:2,34.90717,0.0,hdslay1_t6,19,2,hdslay1,arr,,,,,,
oname:hdslay1_t6_otype:arr_i:19_j:3,34.91922,0.0,hdslay1_t6,19,3,hdslay1,arr,,,,,,
oname:hdslay1_t6_otype:arr_i:19_j:4,1e+30,0.0,hdslay1_t6,19,4,hdslay1,arr,,,,,,
oname:hdslay1_t6_otype:arr_i:19_j:5,1e+30,0.0,hdslay1_t6,19,5,hdslay1,arr,,,,,,
oname:hdslay1_t6_otype:arr_i:19_j:6,1e+30,0.0,hdslay1_t6,19,6,hdslay1,arr,,,,,,
oname:hdslay1_t6_otype:arr_i:19_j:7,1e+30,0.0,hdslay1_t6,19,7,hdslay1,arr,,,,,,
oname:hdslay1_t6_otype:arr_i:19_j:8,34.1249,0.0,hdslay1_t6,19,8,hdslay1,arr,,,,,,
oname:hdslay1_t6_otype:arr_i:19_j:9,34.11788,0.0,hdslay1_t6,19,9,hdslay1,arr,,,,,,
oname:hdslay1_t6_otype:arr_i:1_j:0,35.68901,0.0,hdslay1_t6,1,0,hdslay1,arr,,,,,,
oname:hdslay1_t6_otype:arr_i:1_j:1,35.67315,0.0,hdslay1_t6,1,1,hdslay1,arr,,,,,,
oname:hdslay1_t6_otype:arr_i:1_j:10,34.71569,0.0,hdslay1_t6,1,10,hdslay1,arr,,,,,,
oname:hdslay1_t6_otype:arr_i:1_j:11,34.64007,0.0,hdslay1_t6,1,11,hdslay1,arr,,,,,,
oname:hdslay1_t6_otype:arr_i:1_j:12,34.57299,0.0,hdslay1_t6,1,12,hdslay1,arr,,,,,,
oname:hdslay1_t6_otype:arr_i:1_j:13,34.50966,0.0,hdslay1_t6,1,13,hdslay1,arr,,,,,,
oname:hdslay1_t6_otype:arr_i:1_j:14,34.4408,0.0,hdslay1_t6,1,14,hdslay1,arr,,,,,,
oname:hdslay1_t6_otype:arr_i:1_j:15,34.36665,0.0,hdslay1_t6,1,15,hdslay1,arr,,,,,,
oname:hdslay1_t6_otype:arr_i:1_j:16,34.35874,0.0,hdslay1_t6,1,16,hdslay1,arr,,,,,,
oname:hdslay1_t6_otype:arr_i:1_j:17,34.35354,0.0,hdslay1_t6,1,17,hdslay1,arr,,,,,,
oname:hdslay1_t6_otype:arr_i:1_j:18,34.35129,0.0,hdslay1_t6,1,18,hdslay1,arr,,,,,,
oname:hdslay1_t6_otype:arr_i:1_j:19,34.34862,0.0,hdslay1_t6,1,19,hdslay1,arr,,,,,,
oname:hdslay1_t6_otype:arr_i:1_j:2,35.63481,0.0,hdslay1_t6,1,2,hdslay1,arr,,,,,,
oname:hdslay1_t6_otype:arr_i:1_j:3,35.57452,0.0,hdslay1_t6,1,3,hdslay1,arr,,,,,,
oname:hdslay1_t6_otype:arr_i:1_j:4,35.48378,0.0,hdslay1_t6,1,4,hdslay1,arr,,,,,,
oname:hdslay1_t6_otype:arr_i:1_j:5,35.36235,0.0,hdslay1_t6,1,5,hdslay1,arr,,,,,,
oname:hdslay1_t6_otype:arr_i:1_j:6,35.2042,0.0,hdslay1_t6,1,6,hdslay1,arr,,,,,,
oname:hdslay1_t6_otype:arr_i:1_j:7,35.03283,0.0,hdslay1_t6,1,7,hdslay1,arr,,,,,,
oname:hdslay1_t6_otype:arr_i:1_j:8,34.89551,0.0,hdslay1_t6,1,8,hdslay1,arr,,,,,,
oname:hdslay1_t6_otype:arr_i:1_j:9,34.79611,0.0,hdslay1_t6,1,9,hdslay1,arr,,,,,,
oname:hdslay1_t6_otype:arr_i:20_j:0,34.81131,0.0,hdslay1_t6,20,0,hdslay1,arr,,,,,,
oname:hdslay1_t6_otype:arr_i:20_j:1,34.81476,0.0,hdslay1_t6,20,1,hdslay1,arr,,,,,,
oname:hdslay1_t6_otype:arr_i:20_j:10,34.08581,0.0,hdslay1_t6,20,10,hdslay1,arr,,,,,,
oname:hdslay1_t6_otype:arr_i:20_j:11,34.06763,0.0,hdslay1_t6,20,11,hdslay1,arr,,,,,,
oname:hdslay1_t6_otype:arr_i:20_j:12,34.04568,0.0,hdslay1_t6,20,12,hdslay1,arr,,,,,,
oname:hdslay1_t6_otype:arr_i:20_j:13,33.98551,0.0,hdslay1_t6,20,13,hdslay1,arr,,,,,,
oname:hdslay1_t6_otype:arr_i:20_j:14,33.83163,0.0,hdslay1_t6,20,14,hdslay1,arr,,,,,,
oname:hdslay1_t6_otype:arr_i:20_j:15,33.93149,0.0,hdslay1_t6,20,15,hdslay1,arr,,,,,,
oname:hdslay1_t6_otype:arr_i:20_j:16,34.01582,0.0,hdslay1_t6,20,16,hdslay1,arr,,,,,,
oname:hdslay1_t6_otype:arr_i:20_j:17,34.05767,0.0,hdslay1_t6,20,17,hdslay1,arr,,,,,,
oname:hdslay1_t6_otype:arr_i:20_j:18,34.07633,0.0,hdslay1_t6,20,18,hdslay1,arr,,,,,,
oname:hdslay1_t6_otype:arr_i:20_j:19,34.09091,0.0,hdslay1_t6,20,19,hdslay1,arr,,,,,,
oname:hdslay1_t6_otype:arr_i:20_j:2,34.81145,0.0,hdslay1_t6,20,2,hdslay1,arr,,,,,,
oname:hdslay1_t6_otype:arr_i:20_j:3,34.80561,0.0,hdslay1_t6,20,3,hdslay1,arr,,,,,,
oname:hdslay1_t6_otype:arr_i:20_j:4,1e+30,0.0,hdslay1_t6,20,4,hdslay1,arr,,,,,,
oname:hdslay1_t6_otype:arr_i:20_j:5,1e+30,0.0,hdslay1_t6,20,5,hdslay1,arr,,,,,,
oname:hdslay1_t6_otype:arr_i:20_j:6,1e+30,0.0,hdslay1_t6,20,6,hdslay1,arr,,,,,,
oname:hdslay1_t6_otype:arr_i:20_j:7,1e+30,0.0,hdslay1_t6,20,7,hdslay1,arr,,,,,,
oname:hdslay1_t6_otype:arr_i:20_j:8,34.11127,0.0,hdslay1_t6,20,8,hdslay1,arr,,,,,,
oname:hdslay1_t6_otype:arr_i:20_j:9,34.1021,0.0,hdslay1_t6,20,9,hdslay1,arr,,,,,,
oname:hdslay1_t6_otype:arr_i:21_j:0,34.72843,0.0,hdslay1_t6,21,0,hdslay1,arr,,,,,,
oname:hdslay1_t6_otype:arr_i:21_j:1,34.73271,0.0,hdslay1_t6,21,1,hdslay1,arr,,,,,,
oname:hdslay1_t6_otype:arr_i:21_j:10,34.07545,0.0,hdslay1_t6,21,10,hdslay1,arr,,,,,,
oname:hdslay1_t6_otype:arr_i:21_j:11,34.05969,0.0,hdslay1_t6,21,11,hdslay1,arr,,,,,,
oname:hdslay1_t6_otype:arr_i:21_j:12,34.03806,0.0,hdslay1_t6,21,12,hdslay1,arr,,,,,,
oname:hdslay1_t6_otype:arr_i:21_j:13,33.99522,0.0,hdslay1_t6,21,13,hdslay1,arr,,,,,,
oname:hdslay1_t6_otype:arr_i:21_j:14,33.94339,0.0,hdslay1_t6,21,14,hdslay1,arr,,,,,,
oname:hdslay1_t6_otype:arr_i:21_j:15,33.94879,0.0,hdslay1_t6,21,15,hdslay1,arr,,,,,,
oname:hdslay1_t6_otype:arr_i:21_j:16,33.99876,0.0,hdslay1_t6,21,16,hdslay1,arr,,,,,,
oname:hdslay1_t6_otype:arr_i:21_j:17,34.03611,0.0,hdslay1_t6,21,17,hdslay1,arr,,,,,,
oname:hdslay1_t6_otype:arr_i:21_j:18,34.05579,0.0,hdslay1_t6,21,18,hdslay1,arr,,,,,,
oname:hdslay1_t6_otype:arr_i:21_j:19,34.06374,0.0,hdslay1_t6,21,19,hdslay1,arr,,,,,,
oname:hdslay1_t6_otype:arr_i:21_j:2,34.7175,0.0,hdslay1_t6,21,2,hdslay1,arr,,,,,,
oname:hdslay1_t6_otype:arr_i:21_j:3,34.68928,0.0,hdslay1_t6,21,3,hdslay1,arr,,,,,,
oname:hdslay1_t6_otype:arr_i:21_j:4,1e+30,0.0,hdslay1_t6,21,4,hdslay1,arr,,,,,,
oname:hdslay1_t6_otype:arr_i:21_j:5,1e+30,0.0,hdslay1_t6,21,5,hdslay1,arr,,,,,,
oname:hdslay1_t6_otype:arr_i:21_j:6,34.13247,0.0,hdslay1_t6,21,6,hdslay1,arr,,,,,,
oname:hdslay1_t6_otype:arr_i:21_j:7,34.11987,0.0,hdslay1_t6,21,7,hdslay1,arr,,,,,,
oname:hdslay1_t6_otype:arr_i:21_j:8,34.10616,0.0,hdslay1_t6,21,8,hdslay1,arr,,,,,,
oname:hdslay1_t6_otype:arr_i:21_j:9,34.0924,0.0,hdslay1_t6,21,9,hdslay1,arr,,,,,,
oname:hdslay1_t6_otype:arr_i:22_j:0,34.64498,0.0,hdslay1_t6,22,0,hdslay1,arr,,,,,,
oname:hdslay1_t6_otype:arr_i:22_j:1,34.62875,0.0,hdslay1_t6,22,1,hdslay1,arr,,,,,,
oname:hdslay1_t6_otype:arr_i:22_j:10,34.06672,0.0,hdslay1_t6,22,10,hdslay1,arr,,,,,,
oname:hdslay1_t6_otype:arr_i:22_j:11,34.05072,0.0,hdslay1_t6,22,11,hdslay1,arr,,,,,,
oname:hdslay1_t6_otype:arr_i:22_j:12,34.02918,0.0,hdslay1_t6,22,12,hdslay1,arr,,,,,,
oname:hdslay1_t6_otype:arr_i:22_j:13,33.9971,0.0,hdslay1_t6,22,13,hdslay1,arr,,,,,,
oname:hdslay1_t6_otype:arr_i:22_j:14,33.96787,0.0,hdslay1_t6,22,14,hdslay1,arr,,,,,,
oname:hdslay1_t6_otype:arr_i:22_j:15,33.96146,0.0,hdslay1_t6,22,15,hdslay1,arr,,,,,,
oname:hdslay1_t6_otype:arr_i:22_j:16,33.98638,0.0,hdslay1_t6,22,16,hdslay1,arr,,,,,,
oname:hdslay1_t6_otype:arr_i:22_j:17,34.0157,0.0,hdslay1_t6,22,17,hdslay1,arr,,,,,,
oname:hdslay1_t6_otype:arr_i:22_j:18,34.03246,0.0,hdslay1_t6,22,18,hdslay1,arr,,,,,,
oname:hdslay1_t6_otype:arr_i:22_j:19,34.0385,0.0,hdslay1_t6,22,19,hdslay1,arr,,,,,,
oname:hdslay1_t6_otype:arr_i:22_j:2,34.60669,0.0,hdslay1_t6,22,2,hdslay1,arr,,,,,,
oname:hdslay1_t6_otype:arr_i:22_j:3,34.54321,0.0,hdslay1_t6,22,3,hdslay1,arr,,,,,,
oname:hdslay1_t6_otype:arr_i:22_j:4,34.43305,0.0,hdslay1_t6,22,4,hdslay1,arr,,,,,,
oname:hdslay1_t6_otype:arr_i:22_j:5,1e+30,0.0,hdslay1_t6,22,5,hdslay1,arr,,,,,,
oname:hdslay1_t6_otype:arr_i:22_j:6,34.14163,0.0,hdslay1_t6,22,6,hdslay1,arr,,,,,,
oname:hdslay1_t6_otype:arr_i:22_j:7,34.12274,0.0,hdslay1_t6,22,7,hdslay1,arr,,,,,,
oname:hdslay1_t6_otype:arr_i:22_j:8,34.10297,0.0,hdslay1_t6,22,8,hdslay1,arr,,,,,,
oname:hdslay1_t6_otype:arr_i:22_j:9,34.08459,0.0,hdslay1_t6,22,9,hdslay1,arr,,,,,,
oname:hdslay1_t6_otype:arr_i:23_j:0,34.54577,0.0,hdslay1_t6,23,0,hdslay1,arr,,,,,,
oname:hdslay1_t6_otype:arr_i:23_j:1,34.52298,0.0,hdslay1_t6,23,1,hdslay1,arr,,,,,,
oname:hdslay1_t6_otype:arr_i:23_j:10,34.0483,0.0,hdslay1_t6,23,10,hdslay1,arr,,,,,,
oname:hdslay1_t6_otype:arr_i:23_j:11,34.03155,0.0,hdslay1_t6,23,11,hdslay1,arr,,,,,,
oname:hdslay1_t6_otype:arr_i:23_j:12,34.01344,0.0,hdslay1_t6,23,12,hdslay1,arr,,,,,,
oname:hdslay1_t6_otype:arr_i:23_j:13,33.99008,0.0,hdslay1_t6,23,13,hdslay1,arr,,,,,,
oname:hdslay1_t6_otype:arr_i:23_j:14,33.96719,0.0,hdslay1_t6,23,14,hdslay1,arr,,,,,,
oname:hdslay1_t6_otype:arr_i:23_j:15,33.95161,0.0,hdslay1_t6,23,15,hdslay1,arr,,,,,,
oname:hdslay1_t6_otype:arr_i:23_j:16,33.97255,0.0,hdslay1_t6,23,16,hdslay1,arr,,,,,,
oname:hdslay1_t6_otype:arr_i:23_j:17,33.9955,0.0,hdslay1_t6,23,17,hdslay1,arr,,,,,,
oname:hdslay1_t6_otype:arr_i:23_j:18,34.01092,0.0,hdslay1_t6,23,18,hdslay1,arr,,,,,,
oname:hdslay1_t6_otype:arr_i:23_j:19,34.0153,0.0,hdslay1_t6,23,19,hdslay1,arr,,,,,,
oname:hdslay1_t6_otype:arr_i:23_j:2,34.49136,0.0,hdslay1_t6,23,2,hdslay1,arr,,,,,,
oname:hdslay1_t6_otype:arr_i:23_j:3,34.42556,0.0,hdslay1_t6,23,3,hdslay1,arr,,,,,,
oname:hdslay1_t6_otype:arr_i:23_j:4,34.34502,0.0,hdslay1_t6,23,4,hdslay1,arr,,,,,,
oname:hdslay1_t6_otype:arr_i:23_j:5,34.24592,0.0,hdslay1_t6,23,5,hdslay1,arr,,,,,,
oname:hdslay1_t6_otype:arr_i:23_j:6,34.16704,0.0,hdslay1_t6,23,6,hdslay1,arr,,,,,,
oname:hdslay1_t6_otype:arr_i:23_j:7,34.12792,0.0,hdslay1_t6,23,7,hdslay1,arr,,,,,,
oname:hdslay1_t6_otype:arr_i:23_j:8,34.09906,0.0,hdslay1_t6,23,8,hdslay1,arr,,,,,,
oname:hdslay1_t6_otype:arr_i:23_j:9,34.07225,0.0,hdslay1_t6,23,9,hdslay1,arr,,,,,,
oname:hdslay1_t6_otype:arr_i:24_j:0,34.45486,0.0,hdslay1_t6,24,0,hdslay1,arr,,,,,,
oname:hdslay1_t6_otype:arr_i:24_j:1,34.44111,0.0,hdslay1_t6,24,1,hdslay1,arr,,,,,,
oname:hdslay1_t6_otype:arr_i:24_j:10,34.01475,0.0,hdslay1_t6,24,10,hdslay1,arr,,,,,,
oname:hdslay1_t6_otype:arr_i:24_j:11,34.00187,0.0,hdslay1_t6,24,11,hdslay1,arr,,,,,,
oname:hdslay1_t6_otype:arr_i:24_j:12,33.99159,0.0,hdslay1_t6,24,12,hdslay1,arr,,,,,,
oname:hdslay1_t6_otype:arr_i:24_j:13,33.97547,0.0,hdslay1_t6,24,13,hdslay1,arr,,,,,,
oname:hdslay1_t6_otype:arr_i:24_j:14,33.95616,0.0,hdslay1_t6,24,14,hdslay1,arr,,,,,,
oname:hdslay1_t6_otype:arr_i:24_j:15,33.93395,0.0,hdslay1_t6,24,15,hdslay1,arr,,,,,,
oname:hdslay1_t6_otype:arr_i:24_j:16,33.95343,0.0,hdslay1_t6,24,16,hdslay1,arr,,,,,,
oname:hdslay1_t6_otype:arr_i:24_j:17,33.97062,0.0,hdslay1_t6,24,17,hdslay1,arr,,,,,,
oname:hdslay1_t6_otype:arr_i:24_j:18,33.98664,0.0,hdslay1_t6,24,18,hdslay1,arr,,,,,,
oname:hdslay1_t6_otype:arr_i:24_j:19,33.99484,0.0,hdslay1_t6,24,19,hdslay1,arr,,,,,,
oname:hdslay1_t6_otype:arr_i:24_j:2,34.40879,0.0,hdslay1_t6,24,2,hdslay1,arr,,,,,,
oname:hdslay1_t6_otype:arr_i:24_j:3,34.36087,0.0,hdslay1_t6,24,3,hdslay1,arr,,,,,,
oname:hdslay1_t6_otype:arr_i:24_j:4,34.29631,0.0,hdslay1_t6,24,4,hdslay1,arr,,,,,,
oname:hdslay1_t6_otype:arr_i:24_j:5,34.22575,0.0,hdslay1_t6,24,5,hdslay1,arr,,,,,,
oname:hdslay1_t6_otype:arr_i:24_j:6,34.16894,0.0,hdslay1_t6,24,6,hdslay1,arr,,,,,,
oname:hdslay1_t6_otype:arr_i:24_j:7,34.12537,0.0,hdslay1_t6,24,7,hdslay1,arr,,,,,,
oname:hdslay1_t6_otype:arr_i:24_j:8,34.08794,0.0,hdslay1_t6,24,8,hdslay1,arr,,,,,,
oname:hdslay1_t6_otype:arr_i:24_j:9,34.0479,0.0,hdslay1_t6,24,9,hdslay1,arr,,,,,,
oname:hdslay1_t6_otype:arr_i:25_j:0,34.39527,0.0,hdslay1_t6,25,0,hdslay1,arr,,,,,,
oname:hdslay1_t6_otype:arr_i:25_j:1,34.38673,0.0,hdslay1_t6,25,1,hdslay1,arr,,,,,,
oname:hdslay1_t6_otype:arr_i:25_j:10,33.9654,0.0,hdslay1_t6,25,10,hdslay1,arr,,,,,,
oname:hdslay1_t6_otype:arr_i:25_j:11,33.96505,0.0,hdslay1_t6,25,11,hdslay1,arr,,,,,,
oname:hdslay1_t6_otype:arr_i:25_j:12,33.96136,0.0,hdslay1_t6,25,12,hdslay1,arr,,,,,,
oname:hdslay1_t6_otype:arr_i:25_j:13,33.95197,0.0,hdslay1_t6,25,13,hdslay1,arr,,,,,,
oname:hdslay1_t6_otype:arr_i:25_j:14,33.93578,0.0,hdslay1_t6,25,14,hdslay1,arr,,,,,,
oname:hdslay1_t6_otype:arr_i:25_j:15,33.91293,0.0,hdslay1_t6,25,15,hdslay1,arr,,,,,,
oname:hdslay1_t6_otype:arr_i:25_j:16,33.93275,0.0,hdslay1_t6,25,16,hdslay1,arr,,,,,,
oname:hdslay1_t6_otype:arr_i:25_j:17,33.94895,0.0,hdslay1_t6,25,17,hdslay1,arr,,,,,,
oname:hdslay1_t6_otype:arr_i:25_j:18,33.96069,0.0,hdslay1_t6,25,18,hdslay1,arr,,,,,,
oname:hdslay1_t6_otype:arr_i:25_j:19,33.97025,0.0,hdslay1_t6,25,19,hdslay1,arr,,,,,,
oname:hdslay1_t6_otype:arr_i:25_j:2,34.36239,0.0,hdslay1_t6,25,2,hdslay1,arr,,,,,,
oname:hdslay1_t6_otype:arr_i:25_j:3,34.31677,0.0,hdslay1_t6,25,3,hdslay1,arr,,,,,,
oname:hdslay1_t6_otype:arr_i:25_j:4,34.26128,0.0,hdslay1_t6,25,4,hdslay1,arr,,,,,,
oname:hdslay1_t6_otype:arr_i:25_j:5,34.20643,0.0,hdslay1_t6,25,5,hdslay1,arr,,,,,,
oname:hdslay1_t6_otype:arr_i:25_j:6,34.1561,0.0,hdslay1_t6,25,6,hdslay1,arr,,,,,,
oname:hdslay1_t6_otype:arr_i:25_j:7,34.10984,0.0,hdslay1_t6,25,7,hdslay1,arr,,,,,,
oname:hdslay1_t6_otype:arr_i:25_j:8,34.06004,0.0,hdslay1_t6,25,8,hdslay1,arr,,,,,,
oname:hdslay1_t6_otype:arr_i:25_j:9,34.00407,0.0,hdslay1_t6,25,9,hdslay1,arr,,,,,,
oname:hdslay1_t6_otype:arr_i:26_j:0,34.35764,0.0,hdslay1_t6,26,0,hdslay1,arr,,,,,,
oname:hdslay1_t6_otype:arr_i:26_j:1,34.34808,0.0,hdslay1_t6,26,1,hdslay1,arr,,,,,,
oname:hdslay1_t6_otype:arr_i:26_j:10,33.87891,0.0,hdslay1_t6,26,10,hdslay1,arr,,,,,,
oname:hdslay1_t6_otype:arr_i:26_j:11,33.92084,0.0,hdslay1_t6,26,11,hdslay1,arr,,,,,,
oname:hdslay1_t6_otype:arr_i:26_j:12,33.92674,0.0,hdslay1_t6,26,12,hdslay1,arr,,,,,,
oname:hdslay1_t6_otype:arr_i:26_j:13,33.92108,0.0,hdslay1_t6,26,13,hdslay1,arr,,,,,,
oname:hdslay1_t6_otype:arr_i:26_j:14,33.90429,0.0,hdslay1_t6,26,14,hdslay1,arr,,,,,,
oname:hdslay1_t6_otype:arr_i:26_j:15,33.88049,0.0,hdslay1_t6,26,15,hdslay1,arr,,,,,,
oname:hdslay1_t6_otype:arr_i:26_j:16,33.90004,0.0,hdslay1_t6,26,16,hdslay1,arr,,,,,,
oname:hdslay1_t6_otype:arr_i:26_j:17,33.91588,0.0,hdslay1_t6,26,17,hdslay1,arr,,,,,,
oname:hdslay1_t6_otype:arr_i:26_j:18,33.93277,0.0,hdslay1_t6,26,18,hdslay1,arr,,,,,,
oname:hdslay1_t6_otype:arr_i:26_j:19,33.94004,0.0,hdslay1_t6,26,19,hdslay1,arr,,,,,,
oname:hdslay1_t6_otype:arr_i:26_j:2,34.32181,0.0,hdslay1_t6,26,2,hdslay1,arr,,,,,,
oname:hdslay1_t6_otype:arr_i:26_j:3,34.28215,0.0,hdslay1_t6,26,3,hdslay1,arr,,,,,,
oname:hdslay1_t6_otype:arr_i:26_j:4,34.23561,0.0,hdslay1_t6,26,4,hdslay1,arr,,,,,,
oname:hdslay1_t6_otype:arr_i:26_j:5,34.1762,0.0,hdslay1_t6,26,5,hdslay1,arr,,,,,,
oname:hdslay1_t6_otype:arr_i:26_j:6,34.12439,0.0,hdslay1_t6,26,6,hdslay1,arr,,,,,,
oname:hdslay1_t6_otype:arr_i:26_j:7,34.079,0.0,hdslay1_t6,26,7,hdslay1,arr,,,,,,
oname:hdslay1_t6_otype:arr_i:26_j:8,34.0229,0.0,hdslay1_t6,26,8,hdslay1,arr,,,,,,
oname:hdslay1_t6_otype:arr_i:26_j:9,33.95998,0.0,hdslay1_t6,26,9,hdslay1,arr,,,,,,
oname:hdslay1_t6_otype:arr_i:27_j:0,34.32472,0.0,hdslay1_t6,27,0,hdslay1,arr,,,,,,
oname:hdslay1_t6_otype:arr_i:27_j:1,34.31349,0.0,hdslay1_t6,27,1,hdslay1,arr,,,,,,
oname:hdslay1_t6_otype:arr_i:27_j:10,33.9154,0.0,hdslay1_t6,27,10,hdslay1,arr,,,,,,
oname:hdslay1_t6_otype:arr_i:27_j:11,33.90948,0.0,hdslay1_t6,27,11,hdslay1,arr,,,,,,
oname:hdslay1_t6_otype:arr_i:27_j:12,33.90457,0.0,hdslay1_t6,27,12,hdslay1,arr,,,,,,
oname:hdslay1_t6_otype:arr_i:27_j:13,33.89299,0.0,hdslay1_t6,27,13,hdslay1,arr,,,,,,
oname:hdslay1_t6_otype:arr_i:27_j:14,33.87428,0.0,hdslay1_t6,27,14,hdslay1,arr,,,,,,
oname:hdslay1_t6_otype:arr_i:27_j:15,33.8578,0.0,hdslay1_t6,27,15,hdslay1,arr,,,,,,
oname:hdslay1_t6_otype:arr_i:27_j:16,33.8684,0.0,hdslay1_t6,27,16,hdslay1,arr,,,,,,
oname:hdslay1_t6_otype:arr_i:27_j:17,33.88256,0.0,hdslay1_t6,27,17,hdslay1,arr,,,,,,
oname:hdslay1_t6_otype:arr_i:27_j:18,33.89833,0.0,hdslay1_t6,27,18,hdslay1,arr,,,,,,
oname:hdslay1_t6_otype:arr_i:27_j:19,33.90861,0.0,hdslay1_t6,27,19,hdslay1,arr,,,,,,
oname:hdslay1_t6_otype:arr_i:27_j:2,34.28766,0.0,hdslay1_t6,27,2,hdslay1,arr,,,,,,
oname:hdslay1_t6_otype:arr_i:27_j:3,34.25178,0.0,hdslay1_t6,27,3,hdslay1,arr,,,,,,
oname:hdslay1_t6_otype:arr_i:27_j:4,34.20078,0.0,hdslay1_t6,27,4,hdslay1,arr,,,,,,
oname:hdslay1_t6_otype:arr_i:27_j:5,34.13772,0.0,hdslay1_t6,27,5,hdslay1,arr,,,,,,
oname:hdslay1_t6_otype:arr_i:27_j:6,34.0845,0.0,hdslay1_t6,27,6,hdslay1,arr,,,,,,
oname:hdslay1_t6_otype:arr_i:27_j:7,34.0429,0.0,hdslay1_t6,27,7,hdslay1,arr,,,,,,
oname:hdslay1_t6_otype:arr_i:27_j:8,34.00018,0.0,hdslay1_t6,27,8,hdslay1,arr,,,,,,
oname:hdslay1_t6_otype:arr_i:27_j:9,33.95758,0.0,hdslay1_t6,27,9,hdslay1,arr,,,,,,
oname:hdslay1_t6_otype:arr_i:28_j:0,34.29647,0.0,hdslay1_t6,28,0,hdslay1,arr,,,,,,
oname:hdslay1_t6_otype:arr_i:28_j:1,34.2833,0.0,hdslay1_t6,28,1,hdslay1,arr,,,,,,
oname:hdslay1_t6_otype:arr_i:28_j:10,33.91178,0.0,hdslay1_t6,28,10,hdslay1,arr,,,,,,
oname:hdslay1_t6_otype:arr_i:28_j:11,33.89847,0.0,hdslay1_t6,28,11,hdslay1,arr,,,,,,
oname:hdslay1_t6_otype:arr_i:28_j:12,33.88414,0.0,hdslay1_t6,28,12,hdslay1,arr,,,,,,
oname:hdslay1_t6_otype:arr_i:28_j:13,33.87017,0.0,hdslay1_t6,28,13,hdslay1,arr,,,,,,
oname:hdslay1_t6_otype:arr_i:28_j:14,33.85566,0.0,hdslay1_t6,28,14,hdslay1,arr,,,,,,
oname:hdslay1_t6_otype:arr_i:28_j:15,33.84299,0.0,hdslay1_t6,28,15,hdslay1,arr,,,,,,
oname:hdslay1_t6_otype:arr_i:28_j:16,33.85003,0.0,hdslay1_t6,28,16,hdslay1,arr,,,,,,
oname:hdslay1_t6_otype:arr_i:28_j:17,33.86087,0.0,hdslay1_t6,28,17,hdslay1,arr,,,,,,
oname:hdslay1_t6_otype:arr_i:28_j:18,33.87027,0.0,hdslay1_t6,28,18,hdslay1,arr,,,,,,
oname:hdslay1_t6_otype:arr_i:28_j:19,33.8779,0.0,hdslay1_t6,28,19,hdslay1,arr,,,,,,
oname:hdslay1_t6_otype:arr_i:28_j:2,34.25624,0.0,hdslay1_t6,28,2,hdslay1,arr,,,,,,
oname:hdslay1_t6_otype:arr_i:28_j:3,34.21547,0.0,hdslay1_t6,28,3,hdslay1,arr,,,,,,
oname:hdslay1_t6_otype:arr_i:28_j:4,34.15751,0.0,hdslay1_t6,28,4,hdslay1,arr,,,,,,
oname:hdslay1_t6_otype:arr_i:28_j:5,34.09134,0.0,hdslay1_t6,28,5,hdslay1,arr,,,,,,
oname:hdslay1_t6_otype:arr_i:28_j:6,34.02606,0.0,hdslay1_t6,28,6,hdslay1,arr,,,,,,
oname:hdslay1_t6_otype:arr_i:28_j:7,33.99672,0.0,hdslay1_t6,28,7,hdslay1,arr,,,,,,
oname:hdslay1_t6_otype:arr_i:28_j:8,33.97223,0.0,hdslay1_t6,28,8,hdslay1,arr,,,,,,
oname:hdslay1_t6_otype:arr_i:28_j:9,33.9405,0.0,hdslay1_t6,28,9,hdslay1,arr,,,,,,
oname:hdslay1_t6_otype:arr_i:29_j:0,34.26423,0.0,hdslay1_t6,29,0,hdslay1,arr,,,,,,
oname:hdslay1_t6_otype:arr_i:29_j:1,34.24931,0.0,hdslay1_t6,29,1,hdslay1,arr,,,,,,
oname:hdslay1_t6_otype:arr_i:29_j:10,33.89588,0.0,hdslay1_t6,29,10,hdslay1,arr,,,,,,
oname:hdslay1_t6_otype:arr_i:29_j:11,33.87646,0.0,hdslay1_t6,29,11,hdslay1,arr,,,,,,
oname:hdslay1_t6_otype:arr_i:29_j:12,33.86119,0.0,hdslay1_t6,29,12,hdslay1,arr,,,,,,
oname:hdslay1_t6_otype:arr_i:29_j:13,33.84933,0.0,hdslay1_t6,29,13,hdslay1,arr,,,,,,
oname:hdslay1_t6_otype:arr_i:29_j:14,33.83502,0.0,hdslay1_t6,29,14,hdslay1,arr,,,,,,
oname:hdslay1_t6_otype:arr_i:29_j:15,33.82022,0.0,hdslay1_t6,29,15,hdslay1,arr,,,,,,
oname:hdslay1_t6_otype:arr_i:29_j:16,33.83006,0.0,hdslay1_t6,29,16,hdslay1,arr,,,,,,
oname:hdslay1_t6_otype:arr_i:29_j:17,33.83805,0.0,hdslay1_t6,29,17,hdslay1,arr,,,,,,
oname:hdslay1_t6_otype:arr_i:29_j:18,33.84713,0.0,hdslay1_t6,29,18,hdslay1,arr,,,,,,
oname:hdslay1_t6_otype:arr_i:29_j:19,33.85201,0.0,hdslay1_t6,29,19,hdslay1,arr,,,,,,
oname:hdslay1_t6_otype:arr_i:29_j:2,34.21552,0.0,hdslay1_t6,29,2,hdslay1,arr,,,,,,
oname:hdslay1_t6_otype:arr_i:29_j:3,34.17195,0.0,hdslay1_t6,29,3,hdslay1,arr,,,,,,
oname:hdslay1_t6_otype:arr_i:29_j:4,34.11607,0.0,hdslay1_t6,29,4,hdslay1,arr,,,,,,
oname:hdslay1_t6_otype:arr_i:29_j:5,34.03497,0.0,hdslay1_t6,29,5,hdslay1,arr,,,,,,
oname:hdslay1_t6_otype:arr_i:29_j:6,33.93215,0.0,hdslay1_t6,29,6,hdslay1,arr,,,,,,
oname:hdslay1_t6_otype:arr_i:29_j:7,33.9503,0.0,hdslay1_t6,29,7,hdslay1,arr,,,,,,
oname:hdslay1_t6_otype:arr_i:29_j:8,33.93931,0.0,hdslay1_t6,29,8,hdslay1,arr,,,,,,
oname:hdslay1_t6_otype:arr_i:29_j:9,33.91739,0.0,hdslay1_t6,29,9,hdslay1,arr,,,,,,
oname:hdslay1_t6_otype:arr_i:2_j:0,35.683,0.0,hdslay1_t6,2,0,hdslay1,arr,,,,,,
oname:hdslay1_t6_otype:arr_i:2_j:1,35.67034,0.0,hdslay1_t6,2,1,hdslay1,arr,,,,,,
oname:hdslay1_t6_otype:arr_i:2_j:10,34.72001,0.0,hdslay1_t6,2,10,hdslay1,arr,,,,,,
oname:hdslay1_t6_otype:arr_i:2_j:11,34.64665,0.0,hdslay1_t6,2,11,hdslay1,arr,,,,,,
oname:hdslay1_t6_otype:arr_i:2_j:12,34.57484,0.0,hdslay1_t6,2,12,hdslay1,arr,,,,,,
oname:hdslay1_t6_otype:arr_i:2_j:13,34.49887,0.0,hdslay1_t6,2,13,hdslay1,arr,,,,,,
oname:hdslay1_t6_otype:arr_i:2_j:14,34.42557,0.0,hdslay1_t6,2,14,hdslay1,arr,,,,,,
oname:hdslay1_t6_otype:arr_i:2_j:15,34.36179,0.0,hdslay1_t6,2,15,hdslay1,arr,,,,,,
oname:hdslay1_t6_otype:arr_i:2_j:16,34.35042,0.0,hdslay1_t6,2,16,hdslay1,arr,,,,,,
oname:hdslay1_t6_otype:arr_i:2_j:17,34.34116,0.0,hdslay1_t6,2,17,hdslay1,arr,,,,,,
oname:hdslay1_t6_otype:arr_i:2_j:18,34.33505,0.0,hdslay1_t6,2,18,hdslay1,arr,,,,,,
oname:hdslay1_t6_otype:arr_i:2_j:19,34.33295,0.0,hdslay1_t6,2,19,hdslay1,arr,,,,,,
oname:hdslay1_t6_otype:arr_i:2_j:2,35.64587,0.0,hdslay1_t6,2,2,hdslay1,arr,,,,,,
oname:hdslay1_t6_otype:arr_i:2_j:3,35.58453,0.0,hdslay1_t6,2,3,hdslay1,arr,,,,,,
oname:hdslay1_t6_otype:arr_i:2_j:4,35.49058,0.0,hdslay1_t6,2,4,hdslay1,arr,,,,,,
oname:hdslay1_t6_otype:arr_i:2_j:5,35.36948,0.0,hdslay1_t6,2,5,hdslay1,arr,,,,,,
oname:hdslay1_t6_otype:arr_i:2_j:6,35.22156,0.0,hdslay1_t6,2,6,hdslay1,arr,,,,,,
oname:hdslay1_t6_otype:arr_i:2_j:7,35.04608,0.0,hdslay1_t6,2,7,hdslay1,arr,,,,,,
oname:hdslay1_t6_otype:arr_i:2_j:8,34.90465,0.0,hdslay1_t6,2,8,hdslay1,arr,,,,,,
oname:hdslay1_t6_otype:arr_i:2_j:9,34.80136,0.0,hdslay1_t6,2,9,hdslay1,arr,,,,,,
oname:hdslay1_t6_otype:arr_i:30_j:0,34.22789,0.0,hdslay1_t6,30,0,hdslay1,arr,,,,,,
oname:hdslay1_t6_otype:arr_i:30_j:1,34.20777,0.0,hdslay1_t6,30,1,hdslay1,arr,,,,,,
oname:hdslay1_t6_otype:arr_i:30_j:10,33.87336,0.0,hdslay1_t6,30,10,hdslay1,arr,,,,,,
oname:hdslay1_t6_otype:arr_i:30_j:11,33.85381,0.0,hdslay1_t6,30,11,hdslay1,arr,,,,,,
oname:hdslay1_t6_otype:arr_i:30_j:12,33.83855,0.0,hdslay1_t6,30,12,hdslay1,arr,,,,,,
oname:hdslay1_t6_otype:arr_i:30_j:13,33.82472,0.0,hdslay1_t6,30,13,hdslay1,arr,,,,,,
oname:hdslay1_t6_otype:arr_i:30_j:14,33.81167,0.0,hdslay1_t6,30,14,hdslay1,arr,,,,,,
oname:hdslay1_t6_otype:arr_i:30_j:15,33.8033,0.0,hdslay1_t6,30,15,hdslay1,arr,,,,,,
oname:hdslay1_t6_otype:arr_i:30_j:16,33.8084,0.0,hdslay1_t6,30,16,hdslay1,arr,,,,,,
oname:hdslay1_t6_otype:arr_i:30_j:17,33.81419,0.0,hdslay1_t6,30,17,hdslay1,arr,,,,,,
oname:hdslay1_t6_otype:arr_i:30_j:18,33.82118,0.0,hdslay1_t6,30,18,hdslay1,arr,,,,,,
oname:hdslay1_t6_otype:arr_i:30_j:19,33.82305,0.0,hdslay1_t6,30,19,hdslay1,arr,,,,,,
oname:hdslay1_t6_otype:arr_i:30_j:2,34.17643,0.0,hdslay1_t6,30,2,hdslay1,arr,,,,,,
oname:hdslay1_t6_otype:arr_i:30_j:3,34.13999,0.0,hdslay1_t6,30,3,hdslay1,arr,,,,,,
oname:hdslay1_t6_otype:arr_i:30_j:4,34.08466,0.0,hdslay1_t6,30,4,hdslay1,arr,,,,,,
oname:hdslay1_t6_otype:arr_i:30_j:5,34.01568,0.0,hdslay1_t6,30,5,hdslay1,arr,,,,,,
oname:hdslay1_t6_otype:arr_i:30_j:6,33.95444,0.0,hdslay1_t6,30,6,hdslay1,arr,,,,,,
oname:hdslay1_t6_otype:arr_i:30_j:7,33.93053,0.0,hdslay1_t6,30,7,hdslay1,arr,,,,,,
oname:hdslay1_t6_otype:arr_i:30_j:8,33.91191,0.0,hdslay1_t6,30,8,hdslay1,arr,,,,,,
oname:hdslay1_t6_otype:arr_i:30_j:9,33.89262,0.0,hdslay1_t6,30,9,hdslay1,arr,,,,,,
oname:hdslay1_t6_otype:arr_i:31_j:0,34.20253,0.0,hdslay1_t6,31,0,hdslay1,arr,,,,,,
oname:hdslay1_t6_otype:arr_i:31_j:1,34.17308,0.0,hdslay1_t6,31,1,hdslay1,arr,,,,,,
oname:hdslay1_t6_otype:arr_i:31_j:10,33.85096,0.0,hdslay1_t6,31,10,hdslay1,arr,,,,,,
oname:hdslay1_t6_otype:arr_i:31_j:11,33.82823,0.0,hdslay1_t6,31,11,hdslay1,arr,,,,,,
oname:hdslay1_t6_otype:arr_i:31_j:12,33.81115,0.0,hdslay1_t6,31,12,hdslay1,arr,,,,,,
oname:hdslay1_t6_otype:arr_i:31_j:13,33.79664,0.0,hdslay1_t6,31,13,hdslay1,arr,,,,,,
oname:hdslay1_t6_otype:arr_i:31_j:14,33.78773,0.0,hdslay1_t6,31,14,hdslay1,arr,,,,,,
oname:hdslay1_t6_otype:arr_i:31_j:15,33.78345,0.0,hdslay1_t6,31,15,hdslay1,arr,,,,,,
oname:hdslay1_t6_otype:arr_i:31_j:16,33.78804,0.0,hdslay1_t6,31,16,hdslay1,arr,,,,,,
oname:hdslay1_t6_otype:arr_i:31_j:17,33.79303,0.0,hdslay1_t6,31,17,hdslay1,arr,,,,,,
oname:hdslay1_t6_otype:arr_i:31_j:18,33.79787,0.0,hdslay1_t6,31,18,hdslay1,arr,,,,,,
oname:hdslay1_t6_otype:arr_i:31_j:19,33.80036,0.0,hdslay1_t6,31,19,hdslay1,arr,,,,,,
oname:hdslay1_t6_otype:arr_i:31_j:2,34.1454,0.0,hdslay1_t6,31,2,hdslay1,arr,,,,,,
oname:hdslay1_t6_otype:arr_i:31_j:3,34.10634,0.0,hdslay1_t6,31,3,hdslay1,arr,,,,,,
oname:hdslay1_t6_otype:arr_i:31_j:4,34.04754,0.0,hdslay1_t6,31,4,hdslay1,arr,,,,,,
oname:hdslay1_t6_otype:arr_i:31_j:5,33.98674,0.0,hdslay1_t6,31,5,hdslay1,arr,,,,,,
oname:hdslay1_t6_otype:arr_i:31_j:6,33.9396,0.0,hdslay1_t6,31,6,hdslay1,arr,,,,,,
oname:hdslay1_t6_otype:arr_i:31_j:7,33.90903,0.0,hdslay1_t6,31,7,hdslay1,arr,,,,,,
oname:hdslay1_t6_otype:arr_i:31_j:8,33.8899,0.0,hdslay1_t6,31,8,hdslay1,arr,,,,,,
oname:hdslay1_t6_otype:arr_i:31_j:9,33.87074,0.0,hdslay1_t6,31,9,hdslay1,arr,,,,,,
oname:hdslay1_t6_otype:arr_i:32_j:0,1e+30,0.0,hdslay1_t6,32,0,hdslay1,arr,,,,,,
oname:hdslay1_t6_otype:arr_i:32_j:1,34.1474,0.0,hdslay1_t6,32,1,hdslay1,arr,,,,,,
oname:hdslay1_t6_otype:arr_i:32_j:10,33.82141,0.0,hdslay1_t6,32,10,hdslay1,arr,,,,,,
oname:hdslay1_t6_otype:arr_i:32_j:11,33.79813,0.0,hdslay1_t6,32,11,hdslay1,arr,,,,,,
oname:hdslay1_t6_otype:arr_i:32_j:12,33.77899,0.0,hdslay1_t6,32,12,hdslay1,arr,,,,,,
oname:hdslay1_t6_otype:arr_i:32_j:13,33.76819,0.0,hdslay1_t6,32,13,hdslay1,arr,,,,,,
oname:hdslay1_t6_otype:arr_i:32_j:14,33.76447,0.0,hdslay1_t6,32,14,hdslay1,arr,,,,,,
oname:hdslay1_t6_otype:arr_i:32_j:15,33.763,0.0,hdslay1_t6,32,15,hdslay1,arr,,,,,,
oname:hdslay1_t6_otype:arr_i:32_j:16,33.77039,0.0,hdslay1_t6,32,16,hdslay1,arr,,,,,,
oname:hdslay1_t6_otype:arr_i:32_j:17,33.77533,0.0,hdslay1_t6,32,17,hdslay1,arr,,,,,,
oname:hdslay1_t6_otype:arr_i:32_j:18,33.78023,0.0,hdslay1_t6,32,18,hdslay1,arr,,,,,,
oname:hdslay1_t6_otype:arr_i:32_j:19,33.7832,0.0,hdslay1_t6,32,19,hdslay1,arr,,,,,,
oname:hdslay1_t6_otype:arr_i:32_j:2,34.11717,0.0,hdslay1_t6,32,2,hdslay1,arr,,,,,,
oname:hdslay1_t6_otype:arr_i:32_j:3,34.06962,0.0,hdslay1_t6,32,3,hdslay1,arr,,,,,,
oname:hdslay1_t6_otype:arr_i:32_j:4,34.01015,0.0,hdslay1_t6,32,4,hdslay1,arr,,,,,,
oname:hdslay1_t6_otype:arr_i:32_j:5,33.95873,0.0,hdslay1_t6,32,5,hdslay1,arr,,,,,,
oname:hdslay1_t6_otype:arr_i:32_j:6,33.91964,0.0,hdslay1_t6,32,6,hdslay1,arr,,,,,,
oname:hdslay1_t6_otype:arr_i:32_j:7,33.88976,0.0,hdslay1_t6,32,7,hdslay1,arr,,,,,,
oname:hdslay1_t6_otype:arr_i:32_j:8,33.8655,0.0,hdslay1_t6,32,8,hdslay1,arr,,,,,,
oname:hdslay1_t6_otype:arr_i:32_j:9,33.84398,0.0,hdslay1_t6,32,9,hdslay1,arr,,,,,,
oname:hdslay1_t6_otype:arr_i:33_j:0,1e+30,0.0,hdslay1_t6,33,0,hdslay1,arr,,,,,,
oname:hdslay1_t6_otype:arr_i:33_j:1,1e+30,0.0,hdslay1_t6,33,1,hdslay1,arr,,,,,,
oname:hdslay1_t6_otype:arr_i:33_j:10,33.78888,0.0,hdslay1_t6,33,10,hdslay1,arr,,,,,,
oname:hdslay1_t6_otype:arr_i:33_j:11,33.75669,0.0,hdslay1_t6,33,11,hdslay1,arr,,,,,,
oname:hdslay1_t6_otype:arr_i:33_j:12,33.73123,0.0,hdslay1_t6,33,12,hdslay1,arr,,,,,,
oname:hdslay1_t6_otype:arr_i:33_j:13,33.73665,0.0,hdslay1_t6,33,13,hdslay1,arr,,,,,,
oname:hdslay1_t6_otype:arr_i:33_j:14,33.73983,0.0,hdslay1_t6,33,14,hdslay1,arr,,,,,,
oname:hdslay1_t6_otype:arr_i:33_j:15,33.74033,0.0,hdslay1_t6,33,15,hdslay1,arr,,,,,,
oname:hdslay1_t6_otype:arr_i:33_j:16,33.75194,0.0,hdslay1_t6,33,16,hdslay1,arr,,,,,,
oname:hdslay1_t6_otype:arr_i:33_j:17,33.76065,0.0,hdslay1_t6,33,17,hdslay1,arr,,,,,,
oname:hdslay1_t6_otype:arr_i:33_j:18,33.76732,0.0,hdslay1_t6,33,18,hdslay1,arr,,,,,,
oname:hdslay1_t6_otype:arr_i:33_j:19,33.77193,0.0,hdslay1_t6,33,19,hdslay1,arr,,,,,,
oname:hdslay1_t6_otype:arr_i:33_j:2,34.08441,0.0,hdslay1_t6,33,2,hdslay1,arr,,,,,,
oname:hdslay1_t6_otype:arr_i:33_j:3,34.03266,0.0,hdslay1_t6,33,3,hdslay1,arr,,,,,,
oname:hdslay1_t6_otype:arr_i:33_j:4,33.96861,0.0,hdslay1_t6,33,4,hdslay1,arr,,,,,,
oname:hdslay1_t6_otype:arr_i:33_j:5,33.92538,0.0,hdslay1_t6,33,5,hdslay1,arr,,,,,,
oname:hdslay1_t6_otype:arr_i:33_j:6,33.89063,0.0,hdslay1_t6,33,6,hdslay1,arr,,,,,,
oname:hdslay1_t6_otype:arr_i:33_j:7,33.85992,0.0,hdslay1_t6,33,7,hdslay1,arr,,,,,,
oname:hdslay1_t6_otype:arr_i:33_j:8,33.83295,0.0,hdslay1_t6,33,8,hdslay1,arr,,,,,,
oname:hdslay1_t6_otype:arr_i:33_j:9,33.81164,0.0,hdslay1_t6,33,9,hdslay1,arr,,,,,,
oname:hdslay1_t6_otype:arr_i:34_j:0,1e+30,0.0,hdslay1_t6,34,0,hdslay1,arr,,,,,,
oname:hdslay1_t6_otype:arr_i:34_j:1,1e+30,0.0,hdslay1_t6,34,1,hdslay1,arr,,,,,,
oname:hdslay1_t6_otype:arr_i:34_j:10,33.74814,0.0,hdslay1_t6,34,10,hdslay1,arr,,,,,,
oname:hdslay1_t6_otype:arr_i:34_j:11,33.70072,0.0,hdslay1_t6,34,11,hdslay1,arr,,,,,,
oname:hdslay1_t6_otype:arr_i:34_j:12,33.62592,0.0,hdslay1_t6,34,12,hdslay1,arr,,,,,,
oname:hdslay1_t6_otype:arr_i:34_j:13,33.69482,0.0,hdslay1_t6,34,13,hdslay1,arr,,,,,,
oname:hdslay1_t6_otype:arr_i:34_j:14,33.71089,0.0,hdslay1_t6,34,14,hdslay1,arr,,,,,,
oname:hdslay1_t6_otype:arr_i:34_j:15,33.71426,0.0,hdslay1_t6,34,15,hdslay1,arr,,,,,,
oname:hdslay1_t6_otype:arr_i:34_j:16,33.72905,0.0,hdslay1_t6,34,16,hdslay1,arr,,,,,,
oname:hdslay1_t6_otype:arr_i:34_j:17,33.74245,0.0,hdslay1_t6,34,17,hdslay1,arr,,,,,,
oname:hdslay1_t6_otype:arr_i:34_j:18,33.75411,0.0,hdslay1_t6,34,18,hdslay1,arr,,,,,,
oname:hdslay1_t6_otype:arr_i:34_j:19,33.76483,0.0,hdslay1_t6,34,19,hdslay1,arr,,,,,,
oname:hdslay1_t6_otype:arr_i:34_j:2,1e+30,0.0,hdslay1_t6,34,2,hdslay1,arr,,,,,,
oname:hdslay1_t6_otype:arr_i:34_j:3,33.97743,0.0,hdslay1_t6,34,3,hdslay1,arr,,,,,,
oname:hdslay1_t6_otype:arr_i:34_j:4,33.91466,0.0,hdslay1_t6,34,4,hdslay1,arr,,,,,,
oname:hdslay1_t6_otype:arr_i:34_j:5,33.88263,0.0,hdslay1_t6,34,5,hdslay1,arr,,,,,,
oname:hdslay1_t6_otype:arr_i:34_j:6,33.84812,0.0,hdslay1_t6,34,6,hdslay1,arr,,,,,,
oname:hdslay1_t6_otype:arr_i:34_j:7,33.82041,0.0,hdslay1_t6,34,7,hdslay1,arr,,,,,,
oname:hdslay1_t6_otype:arr_i:34_j:8,33.79832,0.0,hdslay1_t6,34,8,hdslay1,arr,,,,,,
oname:hdslay1_t6_otype:arr_i:34_j:9,33.77739,0.0,hdslay1_t6,34,9,hdslay1,arr,,,,,,
oname:hdslay1_t6_otype:arr_i:35_j:0,1e+30,0.0,hdslay1_t6,35,0,hdslay1,arr,,,,,,
oname:hdslay1_t6_otype:arr_i:35_j:1,1e+30,0.0,hdslay1_t6,35,1,hdslay1,arr,,,,,,
oname:hdslay1_t6_otype:arr_i:35_j:10,33.70558,0.0,hdslay1_t6,35,10,hdslay1,arr,,,,,,
oname:hdslay1_t6_otype:arr_i:35_j:11,33.68043,0.0,hdslay1_t6,35,11,hdslay1,arr,,,,,,
oname:hdslay1_t6_otype:arr_i:35_j:12,33.66138,0.0,hdslay1_t6,35,12,hdslay1,arr,,,,,,
oname:hdslay1_t6_otype:arr_i:35_j:13,33.67775,0.0,hdslay1_t6,35,13,hdslay1,arr,,,,,,
oname:hdslay1_t6_otype:arr_i:35_j:14,33.68818,0.0,hdslay1_t6,35,14,hdslay1,arr,,,,,,
oname:hdslay1_t6_otype:arr_i:35_j:15,33.69313,0.0,hdslay1_t6,35,15,hdslay1,arr,,,,,,
oname:hdslay1_t6_otype:arr_i:35_j:16,33.70578,0.0,hdslay1_t6,35,16,hdslay1,arr,,,,,,
oname:hdslay1_t6_otype:arr_i:35_j:17,33.71938,0.0,hdslay1_t6,35,17,hdslay1,arr,,,,,,
oname:hdslay1_t6_otype:arr_i:35_j:18,33.73134,0.0,hdslay1_t6,35,18,hdslay1,arr,,,,,,
oname:hdslay1_t6_otype:arr_i:35_j:19,1e+30,0.0,hdslay1_t6,35,19,hdslay1,arr,,,,,,
oname:hdslay1_t6_otype:arr_i:35_j:2,1e+30,0.0,hdslay1_t6,35,2,hdslay1,arr,,,,,,
oname:hdslay1_t6_otype:arr_i:35_j:3,1e+30,0.0,hdslay1_t6,35,3,hdslay1,arr,,,,,,
oname:hdslay1_t6_otype:arr_i:35_j:4,33.85828,0.0,hdslay1_t6,35,4,hdslay1,arr,,,,,,
oname:hdslay1_t6_otype:arr_i:35_j:5,33.83151,0.0,hdslay1_t6,35,5,hdslay1,arr,,,,,,
oname:hdslay1_t6_otype:arr_i:35_j:6,33.79897,0.0,hdslay1_t6,35,6,hdslay1,arr,,,,,,
oname:hdslay1_t6_otype:arr_i:35_j:7,33.77351,0.0,hdslay1_t6,35,7,hdslay1,arr,,,,,,
oname:hdslay1_t6_otype:arr_i:35_j:8,33.75506,0.0,hdslay1_t6,35,8,hdslay1,arr,,,,,,
oname:hdslay1_t6_otype:arr_i:35_j:9,33.73503,0.0,hdslay1_t6,35,9,hdslay1,arr,,,,,,
oname:hdslay1_t6_otype:arr_i:36_j:0,1e+30,0.0,hdslay1_t6,36,0,hdslay1,arr,,,,,,
oname:hdslay1_t6_otype:arr_i:36_j:1,1e+30,0.0,hdslay1_t6,36,1,hdslay1,arr,,,,,,
oname:hdslay1_t6_otype:arr_i:36_j:10,33.66797,0.0,hdslay1_t6,36,10,hdslay1,arr,,,,,,
oname:hdslay1_t6_otype:arr_i:36_j:11,33.65774,0.0,hdslay1_t6,36,11,hdslay1,arr,,,,,,
oname:hdslay1_t6_otype:arr_i:36_j:12,33.64757,0.0,hdslay1_t6,36,12,hdslay1,arr,,,,,,
oname:hdslay1_t6_otype:arr_i:36_j:13,33.65417,0.0,hdslay1_t6,36,13,hdslay1,arr,,,,,,
oname:hdslay1_t6_otype:arr_i:36_j:14,33.66452,0.0,hdslay1_t6,36,14,hdslay1,arr,,,,,,
oname:hdslay1_t6_otype:arr_i:36_j:15,33.67302,0.0,hdslay1_t6,36,15,hdslay1,arr,,,,,,
oname:hdslay1_t6_otype:arr_i:36_j:16,33.68471,0.0,hdslay1_t6,36,16,hdslay1,arr,,,,,,
oname:hdslay1_t6_otype:arr_i:36_j:17,33.6998,0.0,hdslay1_t6,36,17,hdslay1,arr,,,,,,
oname:hdslay1_t6_otype:arr_i:36_j:18,33.71636,0.0,hdslay1_t6,36,18,hdslay1,arr,,,,,,
oname:hdslay1_t6_otype:arr_i:36_j:19,1e+30,0.0,hdslay1_t6,36,19,hdslay1,arr,,,,,,
oname:hdslay1_t6_otype:arr_i:36_j:2,1e+30,0.0,hdslay1_t6,36,2,hdslay1,arr,,,,,,
oname:hdslay1_t6_otype:arr_i:36_j:3,1e+30,0.0,hdslay1_t6,36,3,hdslay1,arr,,,,,,
oname:hdslay1_t6_otype:arr_i:36_j:4,33.82405,0.0,hdslay1_t6,36,4,hdslay1,arr,,,,,,
oname:hdslay1_t6_otype:arr_i:36_j:5,33.77752,0.0,hdslay1_t6,36,5,hdslay1,arr,,,,,,
oname:hdslay1_t6_otype:arr_i:36_j:6,33.74544,0.0,hdslay1_t6,36,6,hdslay1,arr,,,,,,
oname:hdslay1_t6_otype:arr_i:36_j:7,33.72404,0.0,hdslay1_t6,36,7,hdslay1,arr,,,,,,
oname:hdslay1_t6_otype:arr_i:36_j:8,33.70565,0.0,hdslay1_t6,36,8,hdslay1,arr,,,,,,
oname:hdslay1_t6_otype:arr_i:36_j:9,33.68876,0.0,hdslay1_t6,36,9,hdslay1,arr,,,,,,
oname:hdslay1_t6_otype:arr_i:37_j:0,1e+30,0.0,hdslay1_t6,37,0,hdslay1,arr,,,,,,
oname:hdslay1_t6_otype:arr_i:37_j:1,1e+30,0.0,hdslay1_t6,37,1,hdslay1,arr,,,,,,
oname:hdslay1_t6_otype:arr_i:37_j:10,33.62803,0.0,hdslay1_t6,37,10,hdslay1,arr,,,,,,
oname:hdslay1_t6_otype:arr_i:37_j:11,33.61595,0.0,hdslay1_t6,37,11,hdslay1,arr,,,,,,
oname:hdslay1_t6_otype:arr_i:37_j:12,33.61249,0.0,hdslay1_t6,37,12,hdslay1,arr,,,,,,
oname:hdslay1_t6_otype:arr_i:37_j:13,33.62283,0.0,hdslay1_t6,37,13,hdslay1,arr,,,,,,
oname:hdslay1_t6_otype:arr_i:37_j:14,33.63854,0.0,hdslay1_t6,37,14,hdslay1,arr,,,,,,
oname:hdslay1_t6_otype:arr_i:37_j:15,33.65364,0.0,hdslay1_t6,37,15,hdslay1,arr,,,,,,
oname:hdslay1_t6_otype:arr_i:37_j:16,33.66662,0.0,hdslay1_t6,37,16,hdslay1,arr,,,,,,
oname:hdslay1_t6_otype:arr_i:37_j:17,33.6817,0.0,hdslay1_t6,37,17,hdslay1,arr,,,,,,
oname:hdslay1_t6_otype:arr_i:37_j:18,1e+30,0.0,hdslay1_t6,37,18,hdslay1,arr,,,,,,
oname:hdslay1_t6_otype:arr_i:37_j:19,1e+30,0.0,hdslay1_t6,37,19,hdslay1,arr,,,,,,
oname:hdslay1_t6_otype:arr_i:37_j:2,1e+30,0.0,hdslay1_t6,37,2,hdslay1,arr,,,,,,
oname:hdslay1_t6_otype:arr_i:37_j:3,1e+30,0.0,hdslay1_t6,37,3,hdslay1,arr,,,,,,
oname:hdslay1_t6_otype:arr_i:37_j:4,1e+30,0.0,hdslay1_t6,37,4,hdslay1,arr,,,,,,
oname:hdslay1_t6_otype:arr_i:37_j:5,33.69767,0.0,hdslay1_t6,37,5,hdslay1,arr,,,,,,
oname:hdslay1_t6_otype:arr_i:37_j:6,33.68942,0.0,hdslay1_t6,37,6,hdslay1,arr,,,,,,
oname:hdslay1_t6_otype:arr_i:37_j:7,33.67654,0.0,hdslay1_t6,37,7,hdslay1,arr,,,,,,
oname:hdslay1_t6_otype:arr_i:37_j:8,33.65925,0.0,hdslay1_t6,37,8,hdslay1,arr,,,,,,
oname:hdslay1_t6_otype:arr_i:37_j:9,33.64449,0.0,hdslay1_t6,37,9,hdslay1,arr,,,,,,
oname:hdslay1_t6_otype:arr_i:38_j:0,1e+30,0.0,hdslay1_t6,38,0,hdslay1,arr,,,,,,
oname:hdslay1_t6_otype:arr_i:38_j:1,1e+30,0.0,hdslay1_t6,38,1,hdslay1,arr,,,,,,
oname:hdslay1_t6_otype:arr_i:38_j:10,33.56495,0.0,hdslay1_t6,38,10,hdslay1,arr,,,,,,
oname:hdslay1_t6_otype:arr_i:38_j:11,33.5493,0.0,hdslay1_t6,38,11,hdslay1,arr,,,,,,
oname:hdslay1_t6_otype:arr_i:38_j:12,33.55613,0.0,hdslay1_t6,38,12,hdslay1,arr,,,,,,
oname:hdslay1_t6_otype:arr_i:38_j:13,33.57739,0.0,hdslay1_t6,38,13,hdslay1,arr,,,,,,
oname:hdslay1_t6_otype:arr_i:38_j:14,33.60542,0.0,hdslay1_t6,38,14,hdslay1,arr,,,,,,
oname:hdslay1_t6_otype:arr_i:38_j:15,33.62938,0.0,hdslay1_t6,38,15,hdslay1,arr,,,,,,
oname:hdslay1_t6_otype:arr_i:38_j:16,33.6516,0.0,hdslay1_t6,38,16,hdslay1,arr,,,,,,
oname:hdslay1_t6_otype:arr_i:38_j:17,1e+30,0.0,hdslay1_t6,38,17,hdslay1,arr,,,,,,
oname:hdslay1_t6_otype:arr_i:38_j:18,1e+30,0.0,hdslay1_t6,38,18,hdslay1,arr,,,,,,
oname:hdslay1_t6_otype:arr_i:38_j:19,1e+30,0.0,hdslay1_t6,38,19,hdslay1,arr,,,,,,
oname:hdslay1_t6_otype:arr_i:38_j:2,1e+30,0.0,hdslay1_t6,38,2,hdslay1,arr,,,,,,
oname:hdslay1_t6_otype:arr_i:38_j:3,1e+30,0.0,hdslay1_t6,38,3,hdslay1,arr,,,,,,
oname:hdslay1_t6_otype:arr_i:38_j:4,1e+30,0.0,hdslay1_t6,38,4,hdslay1,arr,,,,,,
oname:hdslay1_t6_otype:arr_i:38_j:5,33.63078,0.0,hdslay1_t6,38,5,hdslay1,arr,,,,,,
oname:hdslay1_t6_otype:arr_i:38_j:6,33.62879,0.0,hdslay1_t6,38,6,hdslay1,arr,,,,,,
oname:hdslay1_t6_otype:arr_i:38_j:7,33.61433,0.0,hdslay1_t6,38,7,hdslay1,arr,,,,,,
oname:hdslay1_t6_otype:arr_i:38_j:8,33.60232,0.0,hdslay1_t6,38,8,hdslay1,arr,,,,,,
oname:hdslay1_t6_otype:arr_i:38_j:9,33.58558,0.0,hdslay1_t6,38,9,hdslay1,arr,,,,,,
oname:hdslay1_t6_otype:arr_i:39_j:0,1e+30,0.0,hdslay1_t6,39,0,hdslay1,arr,,,,,,
oname:hdslay1_t6_otype:arr_i:39_j:1,1e+30,0.0,hdslay1_t6,39,1,hdslay1,arr,,,,,,
oname:hdslay1_t6_otype:arr_i:39_j:10,33.46007,0.0,hdslay1_t6,39,10,hdslay1,arr,,,,,,
oname:hdslay1_t6_otype:arr_i:39_j:11,33.46113,0.0,hdslay1_t6,39,11,hdslay1,arr,,,,,,
oname:hdslay1_t6_otype:arr_i:39_j:12,33.47558,0.0,hdslay1_t6,39,12,hdslay1,arr,,,,,,
oname:hdslay1_t6_otype:arr_i:39_j:13,33.50797,0.0,hdslay1_t6,39,13,hdslay1,arr,,,,,,
oname:hdslay1_t6_otype:arr_i:39_j:14,33.54609,0.0,hdslay1_t6,39,14,hdslay1,arr,,,,,,
oname:hdslay1_t6_otype:arr_i:39_j:15,33.59912,0.0,hdslay1_t6,39,15,hdslay1,arr,,,,,,
oname:hdslay1_t6_otype:arr_i:39_j:16,1e+30,0.0,hdslay1_t6,39,16,hdslay1,arr,,,,,,
oname:hdslay1_t6_otype:arr_i:39_j:17,1e+30,0.0,hdslay1_t6,39,17,hdslay1,arr,,,,,,
oname:hdslay1_t6_otype:arr_i:39_j:18,1e+30,0.0,hdslay1_t6,39,18,hdslay1,arr,,,,,,
oname:hdslay1_t6_otype:arr_i:39_j:19,1e+30,0.0,hdslay1_t6,39,19,hdslay1,arr,,,,,,
oname:hdslay1_t6_otype:arr_i:39_j:2,1e+30,0.0,hdslay1_t6,39,2,hdslay1,arr,,,,,,
oname:hdslay1_t6_otype:arr_i:39_j:3,1e+30,0.0,hdslay1_t6,39,3,hdslay1,arr,,,,,,
oname:hdslay1_t6_otype:arr_i:39_j:4,1e+30,0.0,hdslay1_t6,39,4,hdslay1,arr,,,,,,
oname:hdslay1_t6_otype:arr_i:39_j:5,33.55285,0.0,hdslay1_t6,39,5,hdslay1,arr,,,,,,
oname:hdslay1_t6_otype:arr_i:39_j:6,33.54375,0.0,hdslay1_t6,39,6,hdslay1,arr,,,,,,
oname:hdslay1_t6_otype:arr_i:39_j:7,33.53672,0.0,hdslay1_t6,39,7,hdslay1,arr,,,,,,
oname:hdslay1_t6_otype:arr_i:39_j:8,33.52256,0.0,hdslay1_t6,39,8,hdslay1,arr,,,,,,
oname:hdslay1_t6_otype:arr_i:39_j:9,33.49662,0.0,hdslay1_t6,39,9,hdslay1,arr,,,,,,
oname:hdslay1_t6_otype:arr_i:3_j:0,35.67179,0.0,hdslay1_t6,3,0,hdslay1,arr,,,,,,
oname:hdslay1_t6_otype:arr_i:3_j:1,35.66335,0.0,hdslay1_t6,3,1,hdslay1,arr,,,,,,
oname:hdslay1_t6_otype:arr_i:3_j:10,34.72377,0.0,hdslay1_t6,3,10,hdslay1,arr,,,,,,
oname:hdslay1_t6_otype:arr_i:3_j:11,34.64648,0.0,hdslay1_t6,3,11,hdslay1,arr,,,,,,
oname:hdslay1_t6_otype:arr_i:3_j:12,34.56872,0.0,hdslay1_t6,3,12,hdslay1,arr,,,,,,
oname:hdslay1_t6_otype:arr_i:3_j:13,34.48273,0.0,hdslay1_t6,3,13,hdslay1,arr,,,,,,
oname:hdslay1_t6_otype:arr_i:3_j:14,34.40907,0.0,hdslay1_t6,3,14,hdslay1,arr,,,,,,
oname:hdslay1_t6_otype:arr_i:3_j:15,34.34395,0.0,hdslay1_t6,3,15,hdslay1,arr,,,,,,
oname:hdslay1_t6_otype:arr_i:3_j:16,34.33056,0.0,hdslay1_t6,3,16,hdslay1,arr,,,,,,
oname:hdslay1_t6_otype:arr_i:3_j:17,34.31933,0.0,hdslay1_t6,3,17,hdslay1,arr,,,,,,
oname:hdslay1_t6_otype:arr_i:3_j:18,34.31284,0.0,hdslay1_t6,3,18,hdslay1,arr,,,,,,
oname:hdslay1_t6_otype:arr_i:3_j:19,34.30994,0.0,hdslay1_t6,3,19,hdslay1,arr,,,,,,
oname:hdslay1_t6_otype:arr_i:3_j:2,35.64636,0.0,hdslay1_t6,3,2,hdslay1,arr,,,,,,
oname:hdslay1_t6_otype:arr_i:3_j:3,35.5954,0.0,hdslay1_t6,3,3,hdslay1,arr,,,,,,
oname:hdslay1_t6_otype:arr_i:3_j:4,35.50986,0.0,hdslay1_t6,3,4,hdslay1,arr,,,,,,
oname:hdslay1_t6_otype:arr_i:3_j:5,35.39182,0.0,hdslay1_t6,3,5,hdslay1,arr,,,,,,
oname:hdslay1_t6_otype:arr_i:3_j:6,35.23692,0.0,hdslay1_t6,3,6,hdslay1,arr,,,,,,
oname:hdslay1_t6_otype:arr_i:3_j:7,35.07375,0.0,hdslay1_t6,3,7,hdslay1,arr,,,,,,
oname:hdslay1_t6_otype:arr_i:3_j:8,34.92983,0.0,hdslay1_t6,3,8,hdslay1,arr,,,,,,
oname:hdslay1_t6_otype:arr_i:3_j:9,34.81639,0.0,hdslay1_t6,3,9,hdslay1,arr,,,,,,
oname:hdslay1_t6_otype:arr_i:4_j:0,35.64967,0.0,hdslay1_t6,4,0,hdslay1,arr,,,,,,
oname:hdslay1_t6_otype:arr_i:4_j:1,35.64335,0.0,hdslay1_t6,4,1,hdslay1,arr,,,,,,
oname:hdslay1_t6_otype:arr_i:4_j:10,34.73077,0.0,hdslay1_t6,4,10,hdslay1,arr,,,,,,
oname:hdslay1_t6_otype:arr_i:4_j:11,34.64663,0.0,hdslay1_t6,4,11,hdslay1,arr,,,,,,
oname:hdslay1_t6_otype:arr_i:4_j:12,34.55006,0.0,hdslay1_t6,4,12,hdslay1,arr,,,,,,
oname:hdslay1_t6_otype:arr_i:4_j:13,34.45805,0.0,hdslay1_t6,4,13,hdslay1,arr,,,,,,
oname:hdslay1_t6_otype:arr_i:4_j:14,34.38419,0.0,hdslay1_t6,4,14,hdslay1,arr,,,,,,
oname:hdslay1_t6_otype:arr_i:4_j:15,34.32233,0.0,hdslay1_t6,4,15,hdslay1,arr,,,,,,
oname:hdslay1_t6_otype:arr_i:4_j:16,34.30429,0.0,hdslay1_t6,4,16,hdslay1,arr,,,,,,
oname:hdslay1_t6_otype:arr_i:4_j:17,34.29329,0.0,hdslay1_t6,4,17,hdslay1,arr,,,,,,
oname:hdslay1_t6_otype:arr_i:4_j:18,34.28999,0.0,hdslay1_t6,4,18,hdslay1,arr,,,,,,
oname:hdslay1_t6_otype:arr_i:4_j:19,34.28989,0.0,hdslay1_t6,4,19,hdslay1,arr,,,,,,
oname:hdslay1_t6_otype:arr_i:4_j:2,35.63073,0.0,hdslay1_t6,4,2,hdslay1,arr,,,,,,
oname:hdslay1_t6_otype:arr_i:4_j:3,35.59052,0.0,hdslay1_t6,4,3,hdslay1,arr,,,,,,
oname:hdslay1_t6_otype:arr_i:4_j:4,35.52111,0.0,hdslay1_t6,4,4,hdslay1,arr,,,,,,
oname:hdslay1_t6_otype:arr_i:4_j:5,35.417,0.0,hdslay1_t6,4,5,hdslay1,arr,,,,,,
oname:hdslay1_t6_otype:arr_i:4_j:6,35.2858,0.0,hdslay1_t6,4,6,hdslay1,arr,,,,,,
oname:hdslay1_t6_otype:arr_i:4_j:7,35.1182,0.0,hdslay1_t6,4,7,hdslay1,arr,,,,,,
oname:hdslay1_t6_otype:arr_i:4_j:8,34.95782,0.0,hdslay1_t6,4,8,hdslay1,arr,,,,,,
oname:hdslay1_t6_otype:arr_i:4_j:9,34.83253,0.0,hdslay1_t6,4,9,hdslay1,arr,,,,,,
oname:hdslay1_t6_otype:arr_i:5_j:0,35.62561,0.0,hdslay1_t6,5,0,hdslay1,arr,,,,,,
oname:hdslay1_t6_otype:arr_i:5_j:1,35.62158,0.0,hdslay1_t6,5,1,hdslay1,arr,,,,,,
oname:hdslay1_t6_otype:arr_i:5_j:10,34.72845,0.0,hdslay1_t6,5,10,hdslay1,arr,,,,,,
oname:hdslay1_t6_otype:arr_i:5_j:11,34.63241,0.0,hdslay1_t6,5,11,hdslay1,arr,,,,,,
oname:hdslay1_t6_otype:arr_i:5_j:12,34.52764,0.0,hdslay1_t6,5,12,hdslay1,arr,,,,,,
oname:hdslay1_t6_otype:arr_i:5_j:13,34.42942,0.0,hdslay1_t6,5,13,hdslay1,arr,,,,,,
oname:hdslay1_t6_otype:arr_i:5_j:14,34.34868,0.0,hdslay1_t6,5,14,hdslay1,arr,,,,,,
oname:hdslay1_t6_otype:arr_i:5_j:15,34.28684,0.0,hdslay1_t6,5,15,hdslay1,arr,,,,,,
oname:hdslay1_t6_otype:arr_i:5_j:16,34.27397,0.0,hdslay1_t6,5,16,hdslay1,arr,,,,,,
oname:hdslay1_t6_otype:arr_i:5_j:17,34.26456,0.0,hdslay1_t6,5,17,hdslay1,arr,,,,,,
oname:hdslay1_t6_otype:arr_i:5_j:18,34.26447,0.0,hdslay1_t6,5,18,hdslay1,arr,,,,,,
oname:hdslay1_t6_otype:arr_i:5_j:19,34.26753,0.0,hdslay1_t6,5,19,hdslay1,arr,,,,,,
oname:hdslay1_t6_otype:arr_i:5_j:2,35.60768,0.0,hdslay1_t6,5,2,hdslay1,arr,,,,,,
oname:hdslay1_t6_otype:arr_i:5_j:3,35.57443,0.0,hdslay1_t6,5,3,hdslay1,arr,,,,,,
oname:hdslay1_t6_otype:arr_i:5_j:4,35.51941,0.0,hdslay1_t6,5,4,hdslay1,arr,,,,,,
oname:hdslay1_t6_otype:arr_i:5_j:5,35.42759,0.0,hdslay1_t6,5,5,hdslay1,arr,,,,,,
oname:hdslay1_t6_otype:arr_i:5_j:6,35.30137,0.0,hdslay1_t6,5,6,hdslay1,arr,,,,,,
oname:hdslay1_t6_otype:arr_i:5_j:7,35.15679,0.0,hdslay1_t6,5,7,hdslay1,arr,,,,,,
oname:hdslay1_t6_otype:arr_i:5_j:8,35.00077,0.0,hdslay1_t6,5,8,hdslay1,arr,,,,,,
oname:hdslay1_t6_otype:arr_i:5_j:9,34.84439,0.0,hdslay1_t6,5,9,hdslay1,arr,,,,,,
oname:hdslay1_t6_otype:arr_i:6_j:0,35.61116,0.0,hdslay1_t6,6,0,hdslay1,arr,,,,,,
oname:hdslay1_t6_otype:arr_i:6_j:1,35.60735,0.0,hdslay1_t6,6,1,hdslay1,arr,,,,,,
oname:hdslay1_t6_otype:arr_i:6_j:10,34.70212,0.0,hdslay1_t6,6,10,hdslay1,arr,,,,,,
oname:hdslay1_t6_otype:arr_i:6_j:11,34.59814,0.0,hdslay1_t6,6,11,hdslay1,arr,,,,,,
oname:hdslay1_t6_otype:arr_i:6_j:12,34.48154,0.0,hdslay1_t6,6,12,hdslay1,arr,,,,,,
oname:hdslay1_t6_otype:arr_i:6_j:13,34.37548,0.0,hdslay1_t6,6,13,hdslay1,arr,,,,,,
oname:hdslay1_t6_otype:arr_i:6_j:14,34.30069,0.0,hdslay1_t6,6,14,hdslay1,arr,,,,,,
oname:hdslay1_t6_otype:arr_i:6_j:15,34.24318,0.0,hdslay1_t6,6,15,hdslay1,arr,,,,,,
oname:hdslay1_t6_otype:arr_i:6_j:16,34.23748,0.0,hdslay1_t6,6,16,hdslay1,arr,,,,,,
oname:hdslay1_t6_otype:arr_i:6_j:17,34.2319,0.0,hdslay1_t6,6,17,hdslay1,arr,,,,,,
oname:hdslay1_t6_otype:arr_i:6_j:18,34.23247,0.0,hdslay1_t6,6,18,hdslay1,arr,,,,,,
oname:hdslay1_t6_otype:arr_i:6_j:19,34.23309,0.0,hdslay1_t6,6,19,hdslay1,arr,,,,,,
oname:hdslay1_t6_otype:arr_i:6_j:2,35.5967,0.0,hdslay1_t6,6,2,hdslay1,arr,,,,,,
oname:hdslay1_t6_otype:arr_i:6_j:3,35.57179,0.0,hdslay1_t6,6,3,hdslay1,arr,,,,,,
oname:hdslay1_t6_otype:arr_i:6_j:4,35.52334,0.0,hdslay1_t6,6,4,hdslay1,arr,,,,,,
oname:hdslay1_t6_otype:arr_i:6_j:5,35.42644,0.0,hdslay1_t6,6,5,hdslay1,arr,,,,,,
oname:hdslay1_t6_otype:arr_i:6_j:6,35.29064,0.0,hdslay1_t6,6,6,hdslay1,arr,,,,,,
oname:hdslay1_t6_otype:arr_i:6_j:7,35.14648,0.0,hdslay1_t6,6,7,hdslay1,arr,,,,,,
oname:hdslay1_t6_otype:arr_i:6_j:8,34.99172,0.0,hdslay1_t6,6,8,hdslay1,arr,,,,,,
oname:hdslay1_t6_otype:arr_i:6_j:9,34.82726,0.0,hdslay1_t6,6,9,hdslay1,arr,,,,,,
oname:hdslay1_t6_otype:arr_i:7_j:0,35.60168,0.0,hdslay1_t6,7,0,hdslay1,arr,,,,,,
oname:hdslay1_t6_otype:arr_i:7_j:1,35.59909,0.0,hdslay1_t6,7,1,hdslay1,arr,,,,,,
oname:hdslay1_t6_otype:arr_i:7_j:10,34.64062,0.0,hdslay1_t6,7,10,hdslay1,arr,,,,,,
oname:hdslay1_t6_otype:arr_i:7_j:11,34.53586,0.0,hdslay1_t6,7,11,hdslay1,arr,,,,,,
oname:hdslay1_t6_otype:arr_i:7_j:12,34.40902,0.0,hdslay1_t6,7,12,hdslay1,arr,,,,,,
oname:hdslay1_t6_otype:arr_i:7_j:13,34.30571,0.0,hdslay1_t6,7,13,hdslay1,arr,,,,,,
oname:hdslay1_t6_otype:arr_i:7_j:14,34.23968,0.0,hdslay1_t6,7,14,hdslay1,arr,,,,,,
oname:hdslay1_t6_otype:arr_i:7_j:15,34.19176,0.0,hdslay1_t6,7,15,hdslay1,arr,,,,,,
oname:hdslay1_t6_otype:arr_i:7_j:16,34.18163,0.0,hdslay1_t6,7,16,hdslay1,arr,,,,,,
oname:hdslay1_t6_otype:arr_i:7_j:17,34.18984,0.0,hdslay1_t6,7,17,hdslay1,arr,,,,,,
oname:hdslay1_t6_otype:arr_i:7_j:18,34.19333,0.0,hdslay1_t6,7,18,hdslay1,arr,,,,,,
oname:hdslay1_t6_otype:arr_i:7_j:19,34.19374,0.0,hdslay1_t6,7,19,hdslay1,arr,,,,,,
oname:hdslay1_t6_otype:arr_i:7_j:2,35.59198,0.0,hdslay1_t6,7,2,hdslay1,arr,,,,,,
oname:hdslay1_t6_otype:arr_i:7_j:3,35.57577,0.0,hdslay1_t6,7,3,hdslay1,arr,,,,,,
oname:hdslay1_t6_otype:arr_i:7_j:4,35.52233,0.0,hdslay1_t6,7,4,hdslay1,arr,,,,,,
oname:hdslay1_t6_otype:arr_i:7_j:5,35.42019,0.0,hdslay1_t6,7,5,hdslay1,arr,,,,,,
oname:hdslay1_t6_otype:arr_i:7_j:6,35.291,0.0,hdslay1_t6,7,6,hdslay1,arr,,,,,,
oname:hdslay1_t6_otype:arr_i:7_j:7,35.1148,0.0,hdslay1_t6,7,7,hdslay1,arr,,,,,,
oname:hdslay1_t6_otype:arr_i:7_j:8,34.91662,0.0,hdslay1_t6,7,8,hdslay1,arr,,,,,,
oname:hdslay1_t6_otype:arr_i:7_j:9,34.75105,0.0,hdslay1_t6,7,9,hdslay1,arr,,,,,,
oname:hdslay1_t6_otype:arr_i:8_j:0,35.59302,0.0,hdslay1_t6,8,0,hdslay1,arr,,,,,,
oname:hdslay1_t6_otype:arr_i:8_j:1,35.59221,0.0,hdslay1_t6,8,1,hdslay1,arr,,,,,,
oname:hdslay1_t6_otype:arr_i:8_j:10,34.54142,0.0,hdslay1_t6,8,10,hdslay1,arr,,,,,,
oname:hdslay1_t6_otype:arr_i:8_j:11,34.4325,0.0,hdslay1_t6,8,11,hdslay1,arr,,,,,,
oname:hdslay1_t6_otype:arr_i:8_j:12,34.31123,0.0,hdslay1_t6,8,12,hdslay1,arr,,,,,,
oname:hdslay1_t6_otype:arr_i:8_j:13,34.22767,0.0,hdslay1_t6,8,13,hdslay1,arr,,,,,,
oname:hdslay1_t6_otype:arr_i:8_j:14,34.17339,0.0,hdslay1_t6,8,14,hdslay1,arr,,,,,,
oname:hdslay1_t6_otype:arr_i:8_j:15,34.13099,0.0,hdslay1_t6,8,15,hdslay1,arr,,,,,,
oname:hdslay1_t6_otype:arr_i:8_j:16,34.11056,0.0,hdslay1_t6,8,16,hdslay1,arr,,,,,,
oname:hdslay1_t6_otype:arr_i:8_j:17,34.13444,0.0,hdslay1_t6,8,17,hdslay1,arr,,,,,,
oname:hdslay1_t6_otype:arr_i:8_j:18,34.15385,0.0,hdslay1_t6,8,18,hdslay1,arr,,,,,,
oname:hdslay1_t6_otype:arr_i:8_j:19,34.1604,0.0,hdslay1_t6,8,19,hdslay1,arr,,,,,,
oname:hdslay1_t6_otype:arr_i:8_j:2,35.59004,0.0,hdslay1_t6,8,2,hdslay1,arr,,,,,,
oname:hdslay1_t6_otype:arr_i:8_j:3,35.58592,0.0,hdslay1_t6,8,3,hdslay1,arr,,,,,,
oname:hdslay1_t6_otype:arr_i:8_j:4,1e+30,0.0,hdslay1_t6,8,4,hdslay1,arr,,,,,,
oname:hdslay1_t6_otype:arr_i:8_j:5,1e+30,0.0,hdslay1_t6,8,5,hdslay1,arr,,,,,,
oname:hdslay1_t6_otype:arr_i:8_j:6,1e+30,0.0,hdslay1_t6,8,6,hdslay1,arr,,,,,,
oname:hdslay1_t6_otype:arr_i:8_j:7,34.96308,0.0,hdslay1_t6,8,7,hdslay1,arr,,,,,,
oname:hdslay1_t6_otype:arr_i:8_j:8,34.76525,0.0,hdslay1_t6,8,8,hdslay1,arr,,,,,,
oname:hdslay1_t6_otype:arr_i:8_j:9,34.64129,0.0,hdslay1_t6,8,9,hdslay1,arr,,,,,,
oname:hdslay1_t6_otype:arr_i:9_j:0,35.58142,0.0,hdslay1_t6,9,0,hdslay1,arr,,,,,,
oname:hdslay1_t6_otype:arr_i:9_j:1,35.57868,0.0,hdslay1_t6,9,1,hdslay1,arr,,,,,,
oname:hdslay1_t6_otype:arr_i:9_j:10,34.42597,0.0,hdslay1_t6,9,10,hdslay1,arr,,,,,,
oname:hdslay1_t6_otype:arr_i:9_j:11,34.32385,0.0,hdslay1_t6,9,11,hdslay1,arr,,,,,,
oname:hdslay1_t6_otype:arr_i:9_j:12,34.22716,0.0,hdslay1_t6,9,12,hdslay1,arr,,,,,,
oname:hdslay1_t6_otype:arr_i:9_j:13,34.16449,0.0,hdslay1_t6,9,13,hdslay1,arr,,,,,,
oname:hdslay1_t6_otype:arr_i:9_j:14,34.12357,0.0,hdslay1_t6,9,14,hdslay1,arr,,,,,,
oname:hdslay1_t6_otype:arr_i:9_j:15,34.08814,0.0,hdslay1_t6,9,15,hdslay1,arr,,,,,,
oname:hdslay1_t6_otype:arr_i:9_j:16,34.00659,0.0,hdslay1_t6,9,16,hdslay1,arr,,,,,,
oname:hdslay1_t6_otype:arr_i:9_j:17,34.09208,0.0,hdslay1_t6,9,17,hdslay1,arr,,,,,,
oname:hdslay1_t6_otype:arr_i:9_j:18,34.12532,0.0,hdslay1_t6,9,18,hdslay1,arr,,,,,,
oname:hdslay1_t6_otype:arr_i:9_j:19,34.13902,0.0,hdslay1_t6,9,19,hdslay1,arr,,,,,,
oname:hdslay1_t6_otype:arr_i:9_j:2,35.57829,0.0,hdslay1_t6,9,2,hdslay1,arr,,,,,,
oname:hdslay1_t6_otype:arr_i:9_j:3,35.57435,0.0,hdslay1_t6,9,3,hdslay1,arr,,,,,,
oname:hdslay1_t6_otype:arr_i:9_j:4,1e+30,0.0,hdslay1_t6,9,4,hdslay1,arr,,,,,,
oname:hdslay1_t6_otype:arr_i:9_j:5,1e+30,0.0,hdslay1_t6,9,5,hdslay1,arr,,,,,,
oname:hdslay1_t6_otype:arr_i:9_j:6,1e+30,0.0,hdslay1_t6,9,6,hdslay1,arr,,,,,,
oname:hdslay1_t6_otype:arr_i:9_j:7,1e+30,0.0,hdslay1_t6,9,7,hdslay1,arr,,,,,,
oname:hdslay1_t6_otype:arr_i:9_j:8,34.55905,0.0,hdslay1_t6,9,8,hdslay1,arr,,,,,,
oname:hdslay1_t6_otype:arr_i:9_j:9,34.50183,0.0,hdslay1_t6,9,9,hdslay1,arr,,,,,,
oname:hdslay1_t7_otype:arr_i:0_j:0,35.64852,0.0,hdslay1_t7,0,0,hdslay1,arr,,,,,,
oname:hdslay1_t7_otype:arr_i:0_j:1,35.63002,0.0,hdslay1_t7,0,1,hdslay1,arr,,,,,,
oname:hdslay1_t7_otype:arr_i:0_j:10,34.70056,0.0,hdslay1_t7,0,10,hdslay1,arr,,,,,,
oname:hdslay1_t7_otype:arr_i:0_j:11,34.62444,0.0,hdslay1_t7,0,11,hdslay1,arr,,,,,,
oname:hdslay1_t7_otype:arr_i:0_j:12,34.56256,0.0,hdslay1_t7,0,12,hdslay1,arr,,,,,,
oname:hdslay1_t7_otype:arr_i:0_j:13,34.50011,0.0,hdslay1_t7,0,13,hdslay1,arr,,,,,,
oname:hdslay1_t7_otype:arr_i:0_j:14,34.43447,0.0,hdslay1_t7,0,14,hdslay1,arr,,,,,,
oname:hdslay1_t7_otype:arr_i:0_j:15,34.35337,0.0,hdslay1_t7,0,15,hdslay1,arr,,,,,,
oname:hdslay1_t7_otype:arr_i:0_j:16,34.35269,0.0,hdslay1_t7,0,16,hdslay1,arr,,,,,,
oname:hdslay1_t7_otype:arr_i:0_j:17,34.35081,0.0,hdslay1_t7,0,17,hdslay1,arr,,,,,,
oname:hdslay1_t7_otype:arr_i:0_j:18,34.34826,0.0,hdslay1_t7,0,18,hdslay1,arr,,,,,,
oname:hdslay1_t7_otype:arr_i:0_j:19,34.34671,0.0,hdslay1_t7,0,19,hdslay1,arr,,,,,,
oname:hdslay1_t7_otype:arr_i:0_j:2,35.58931,0.0,hdslay1_t7,0,2,hdslay1,arr,,,,,,
oname:hdslay1_t7_otype:arr_i:0_j:3,35.53733,0.0,hdslay1_t7,0,3,hdslay1,arr,,,,,,
oname:hdslay1_t7_otype:arr_i:0_j:4,35.44963,0.0,hdslay1_t7,0,4,hdslay1,arr,,,,,,
oname:hdslay1_t7_otype:arr_i:0_j:5,35.31224,0.0,hdslay1_t7,0,5,hdslay1,arr,,,,,,
oname:hdslay1_t7_otype:arr_i:0_j:6,35.14665,0.0,hdslay1_t7,0,6,hdslay1,arr,,,,,,
oname:hdslay1_t7_otype:arr_i:0_j:7,35.00159,0.0,hdslay1_t7,0,7,hdslay1,arr,,,,,,
oname:hdslay1_t7_otype:arr_i:0_j:8,34.87958,0.0,hdslay1_t7,0,8,hdslay1,arr,,,,,,
oname:hdslay1_t7_otype:arr_i:0_j:9,34.78151,0.0,hdslay1_t7,0,9,hdslay1,arr,,,,,,
oname:hdslay1_t7_otype:arr_i:10_j:0,35.5279,0.0,hdslay1_t7,10,0,hdslay1,arr,,,,,,
oname:hdslay1_t7_otype:arr_i:10_j:1,35.52449,0.0,hdslay1_t7,10,1,hdslay1,arr,,,,,,
oname:hdslay1_t7_otype:arr_i:10_j:10,34.32424,0.0,hdslay1_t7,10,10,hdslay1,arr,,,,,,
oname:hdslay1_t7_otype:arr_i:10_j:11,34.23663,0.0,hdslay1_t7,10,11,hdslay1,arr,,,,,,
oname:hdslay1_t7_otype:arr_i:10_j:12,34.15633,0.0,hdslay1_t7,10,12,hdslay1,arr,,,,,,
oname:hdslay1_t7_otype:arr_i:10_j:13,34.09802,0.0,hdslay1_t7,10,13,hdslay1,arr,,,,,,
oname:hdslay1_t7_otype:arr_i:10_j:14,34.08573,0.0,hdslay1_t7,10,14,hdslay1,arr,,,,,,
oname:hdslay1_t7_otype:arr_i:10_j:15,34.07116,0.0,hdslay1_t7,10,15,hdslay1,arr,,,,,,
oname:hdslay1_t7_otype:arr_i:10_j:16,34.06261,0.0,hdslay1_t7,10,16,hdslay1,arr,,,,,,
oname:hdslay1_t7_otype:arr_i:10_j:17,34.08334,0.0,hdslay1_t7,10,17,hdslay1,arr,,,,,,
oname:hdslay1_t7_otype:arr_i:10_j:18,34.10079,0.0,hdslay1_t7,10,18,hdslay1,arr,,,,,,
oname:hdslay1_t7_otype:arr_i:10_j:19,34.10974,0.0,hdslay1_t7,10,19,hdslay1,arr,,,,,,
oname:hdslay1_t7_otype:arr_i:10_j:2,35.5226,0.0,hdslay1_t7,10,2,hdslay1,arr,,,,,,
oname:hdslay1_t7_otype:arr_i:10_j:3,35.51879,0.0,hdslay1_t7,10,3,hdslay1,arr,,,,,,
oname:hdslay1_t7_otype:arr_i:10_j:4,1e+30,0.0,hdslay1_t7,10,4,hdslay1,arr,,,,,,
oname:hdslay1_t7_otype:arr_i:10_j:5,1e+30,0.0,hdslay1_t7,10,5,hdslay1,arr,,,,,,
oname:hdslay1_t7_otype:arr_i:10_j:6,1e+30,0.0,hdslay1_t7,10,6,hdslay1,arr,,,,,,
oname:hdslay1_t7_otype:arr_i:10_j:7,1e+30,0.0,hdslay1_t7,10,7,hdslay1,arr,,,,,,
oname:hdslay1_t7_otype:arr_i:10_j:8,34.41152,0.0,hdslay1_t7,10,8,hdslay1,arr,,,,,,
oname:hdslay1_t7_otype:arr_i:10_j:9,34.37813,0.0,hdslay1_t7,10,9,hdslay1,arr,,,,,,
oname:hdslay1_t7_otype:arr_i:11_j:0,35.48344,0.0,hdslay1_t7,11,0,hdslay1,arr,,,,,,
oname:hdslay1_t7_otype:arr_i:11_j:1,35.4808,0.0,hdslay1_t7,11,1,hdslay1,arr,,,,,,
oname:hdslay1_t7_otype:arr_i:11_j:10,34.26731,0.0,hdslay1_t7,11,10,hdslay1,arr,,,,,,
oname:hdslay1_t7_otype:arr_i:11_j:11,34.19698,0.0,hdslay1_t7,11,11,hdslay1,arr,,,,,,
oname:hdslay1_t7_otype:arr_i:11_j:12,34.12099,0.0,hdslay1_t7,11,12,hdslay1,arr,,,,,,
oname:hdslay1_t7_otype:arr_i:11_j:13,34.02311,0.0,hdslay1_t7,11,13,hdslay1,arr,,,,,,
oname:hdslay1_t7_otype:arr_i:11_j:14,34.06549,0.0,hdslay1_t7,11,14,hdslay1,arr,,,,,,
oname:hdslay1_t7_otype:arr_i:11_j:15,34.06648,0.0,hdslay1_t7,11,15,hdslay1,arr,,,,,,
oname:hdslay1_t7_otype:arr_i:11_j:16,34.07636,0.0,hdslay1_t7,11,16,hdslay1,arr,,,,,,
oname:hdslay1_t7_otype:arr_i:11_j:17,34.09053,0.0,hdslay1_t7,11,17,hdslay1,arr,,,,,,
oname:hdslay1_t7_otype:arr_i:11_j:18,34.10264,0.0,hdslay1_t7,11,18,hdslay1,arr,,,,,,
oname:hdslay1_t7_otype:arr_i:11_j:19,34.10879,0.0,hdslay1_t7,11,19,hdslay1,arr,,,,,,
oname:hdslay1_t7_otype:arr_i:11_j:2,35.47821,0.0,hdslay1_t7,11,2,hdslay1,arr,,,,,,
oname:hdslay1_t7_otype:arr_i:11_j:3,35.47957,0.0,hdslay1_t7,11,3,hdslay1,arr,,,,,,
oname:hdslay1_t7_otype:arr_i:11_j:4,1e+30,0.0,hdslay1_t7,11,4,hdslay1,arr,,,,,,
oname:hdslay1_t7_otype:arr_i:11_j:5,1e+30,0.0,hdslay1_t7,11,5,hdslay1,arr,,,,,,
oname:hdslay1_t7_otype:arr_i:11_j:6,1e+30,0.0,hdslay1_t7,11,6,hdslay1,arr,,,,,,
oname:hdslay1_t7_otype:arr_i:11_j:7,1e+30,0.0,hdslay1_t7,11,7,hdslay1,arr,,,,,,
oname:hdslay1_t7_otype:arr_i:11_j:8,34.33389,0.0,hdslay1_t7,11,8,hdslay1,arr,,,,,,
oname:hdslay1_t7_otype:arr_i:11_j:9,34.31201,0.0,hdslay1_t7,11,9,hdslay1,arr,,,,,,
oname:hdslay1_t7_otype:arr_i:12_j:0,35.43247,0.0,hdslay1_t7,12,0,hdslay1,arr,,,,,,
oname:hdslay1_t7_otype:arr_i:12_j:1,35.42908,0.0,hdslay1_t7,12,1,hdslay1,arr,,,,,,
oname:hdslay1_t7_otype:arr_i:12_j:10,34.24252,0.0,hdslay1_t7,12,10,hdslay1,arr,,,,,,
oname:hdslay1_t7_otype:arr_i:12_j:11,34.19045,0.0,hdslay1_t7,12,11,hdslay1,arr,,,,,,
oname:hdslay1_t7_otype:arr_i:12_j:12,34.13312,0.0,hdslay1_t7,12,12,hdslay1,arr,,,,,,
oname:hdslay1_t7_otype:arr_i:12_j:13,34.08623,0.0,hdslay1_t7,12,13,hdslay1,arr,,,,,,
oname:hdslay1_t7_otype:arr_i:12_j:14,34.07746,0.0,hdslay1_t7,12,14,hdslay1,arr,,,,,,
oname:hdslay1_t7_otype:arr_i:12_j:15,34.07137,0.0,hdslay1_t7,12,15,hdslay1,arr,,,,,,
oname:hdslay1_t7_otype:arr_i:12_j:16,34.08446,0.0,hdslay1_t7,12,16,hdslay1,arr,,,,,,
oname:hdslay1_t7_otype:arr_i:12_j:17,34.09625,0.0,hdslay1_t7,12,17,hdslay1,arr,,,,,,
oname:hdslay1_t7_otype:arr_i:12_j:18,34.10651,0.0,hdslay1_t7,12,18,hdslay1,arr,,,,,,
oname:hdslay1_t7_otype:arr_i:12_j:19,34.11167,0.0,hdslay1_t7,12,19,hdslay1,arr,,,,,,
oname:hdslay1_t7_otype:arr_i:12_j:2,35.42807,0.0,hdslay1_t7,12,2,hdslay1,arr,,,,,,
oname:hdslay1_t7_otype:arr_i:12_j:3,35.42671,0.0,hdslay1_t7,12,3,hdslay1,arr,,,,,,
oname:hdslay1_t7_otype:arr_i:12_j:4,1e+30,0.0,hdslay1_t7,12,4,hdslay1,arr,,,,,,
oname:hdslay1_t7_otype:arr_i:12_j:5,1e+30,0.0,hdslay1_t7,12,5,hdslay1,arr,,,,,,
oname:hdslay1_t7_otype:arr_i:12_j:6,1e+30,0.0,hdslay1_t7,12,6,hdslay1,arr,,,,,,
oname:hdslay1_t7_otype:arr_i:12_j:7,1e+30,0.0,hdslay1_t7,12,7,hdslay1,arr,,,,,,
oname:hdslay1_t7_otype:arr_i:12_j:8,34.29276,0.0,hdslay1_t7,12,8,hdslay1,arr,,,,,,
oname:hdslay1_t7_otype:arr_i:12_j:9,34.27347,0.0,hdslay1_t7,12,9,hdslay1,arr,,,,,,
oname:hdslay1_t7_otype:arr_i:13_j:0,35.37404,0.0,hdslay1_t7,13,0,hdslay1,arr,,,,,,
oname:hdslay1_t7_otype:arr_i:13_j:1,35.37451,0.0,hdslay1_t7,13,1,hdslay1,arr,,,,,,
oname:hdslay1_t7_otype:arr_i:13_j:10,34.23083,0.0,hdslay1_t7,13,10,hdslay1,arr,,,,,,
oname:hdslay1_t7_otype:arr_i:13_j:11,34.19278,0.0,hdslay1_t7,13,11,hdslay1,arr,,,,,,
oname:hdslay1_t7_otype:arr_i:13_j:12,34.14566,0.0,hdslay1_t7,13,12,hdslay1,arr,,,,,,
oname:hdslay1_t7_otype:arr_i:13_j:13,34.1099,0.0,hdslay1_t7,13,13,hdslay1,arr,,,,,,
oname:hdslay1_t7_otype:arr_i:13_j:14,34.08967,0.0,hdslay1_t7,13,14,hdslay1,arr,,,,,,
oname:hdslay1_t7_otype:arr_i:13_j:15,34.07575,0.0,hdslay1_t7,13,15,hdslay1,arr,,,,,,
oname:hdslay1_t7_otype:arr_i:13_j:16,34.0898,0.0,hdslay1_t7,13,16,hdslay1,arr,,,,,,
oname:hdslay1_t7_otype:arr_i:13_j:17,34.1007,0.0,hdslay1_t7,13,17,hdslay1,arr,,,,,,
oname:hdslay1_t7_otype:arr_i:13_j:18,34.11054,0.0,hdslay1_t7,13,18,hdslay1,arr,,,,,,
oname:hdslay1_t7_otype:arr_i:13_j:19,34.11588,0.0,hdslay1_t7,13,19,hdslay1,arr,,,,,,
oname:hdslay1_t7_otype:arr_i:13_j:2,35.37233,0.0,hdslay1_t7,13,2,hdslay1,arr,,,,,,
oname:hdslay1_t7_otype:arr_i:13_j:3,35.36703,0.0,hdslay1_t7,13,3,hdslay1,arr,,,,,,
oname:hdslay1_t7_otype:arr_i:13_j:4,1e+30,0.0,hdslay1_t7,13,4,hdslay1,arr,,,,,,
oname:hdslay1_t7_otype:arr_i:13_j:5,1e+30,0.0,hdslay1_t7,13,5,hdslay1,arr,,,,,,
oname:hdslay1_t7_otype:arr_i:13_j:6,1e+30,0.0,hdslay1_t7,13,6,hdslay1,arr,,,,,,
oname:hdslay1_t7_otype:arr_i:13_j:7,1e+30,0.0,hdslay1_t7,13,7,hdslay1,arr,,,,,,
oname:hdslay1_t7_otype:arr_i:13_j:8,34.26183,0.0,hdslay1_t7,13,8,hdslay1,arr,,,,,,
oname:hdslay1_t7_otype:arr_i:13_j:9,34.24871,0.0,hdslay1_t7,13,9,hdslay1,arr,,,,,,
oname:hdslay1_t7_otype:arr_i:14_j:0,35.29422,0.0,hdslay1_t7,14,0,hdslay1,arr,,,,,,
oname:hdslay1_t7_otype:arr_i:14_j:1,35.30104,0.0,hdslay1_t7,14,1,hdslay1,arr,,,,,,
oname:hdslay1_t7_otype:arr_i:14_j:10,34.21784,0.0,hdslay1_t7,14,10,hdslay1,arr,,,,,,
oname:hdslay1_t7_otype:arr_i:14_j:11,34.18608,0.0,hdslay1_t7,14,11,hdslay1,arr,,,,,,
oname:hdslay1_t7_otype:arr_i:14_j:12,34.14789,0.0,hdslay1_t7,14,12,hdslay1,arr,,,,,,
oname:hdslay1_t7_otype:arr_i:14_j:13,34.118,0.0,hdslay1_t7,14,13,hdslay1,arr,,,,,,
oname:hdslay1_t7_otype:arr_i:14_j:14,34.09693,0.0,hdslay1_t7,14,14,hdslay1,arr,,,,,,
oname:hdslay1_t7_otype:arr_i:14_j:15,34.07974,0.0,hdslay1_t7,14,15,hdslay1,arr,,,,,,
oname:hdslay1_t7_otype:arr_i:14_j:16,34.09315,0.0,hdslay1_t7,14,16,hdslay1,arr,,,,,,
oname:hdslay1_t7_otype:arr_i:14_j:17,34.10345,0.0,hdslay1_t7,14,17,hdslay1,arr,,,,,,
oname:hdslay1_t7_otype:arr_i:14_j:18,34.11268,0.0,hdslay1_t7,14,18,hdslay1,arr,,,,,,
oname:hdslay1_t7_otype:arr_i:14_j:19,34.11911,0.0,hdslay1_t7,14,19,hdslay1,arr,,,,,,
oname:hdslay1_t7_otype:arr_i:14_j:2,35.29887,0.0,hdslay1_t7,14,2,hdslay1,arr,,,,,,
oname:hdslay1_t7_otype:arr_i:14_j:3,35.29529,0.0,hdslay1_t7,14,3,hdslay1,arr,,,,,,
oname:hdslay1_t7_otype:arr_i:14_j:4,1e+30,0.0,hdslay1_t7,14,4,hdslay1,arr,,,,,,
oname:hdslay1_t7_otype:arr_i:14_j:5,1e+30,0.0,hdslay1_t7,14,5,hdslay1,arr,,,,,,
oname:hdslay1_t7_otype:arr_i:14_j:6,1e+30,0.0,hdslay1_t7,14,6,hdslay1,arr,,,,,,
oname:hdslay1_t7_otype:arr_i:14_j:7,1e+30,0.0,hdslay1_t7,14,7,hdslay1,arr,,,,,,
oname:hdslay1_t7_otype:arr_i:14_j:8,34.23493,0.0,hdslay1_t7,14,8,hdslay1,arr,,,,,,
oname:hdslay1_t7_otype:arr_i:14_j:9,34.23097,0.0,hdslay1_t7,14,9,hdslay1,arr,,,,,,
oname:hdslay1_t7_otype:arr_i:15_j:0,35.22167,0.0,hdslay1_t7,15,0,hdslay1,arr,,,,,,
oname:hdslay1_t7_otype:arr_i:15_j:1,35.22585,0.0,hdslay1_t7,15,1,hdslay1,arr,,,,,,
oname:hdslay1_t7_otype:arr_i:15_j:10,34.19401,0.0,hdslay1_t7,15,10,hdslay1,arr,,,,,,
oname:hdslay1_t7_otype:arr_i:15_j:11,34.1668,0.0,hdslay1_t7,15,11,hdslay1,arr,,,,,,
oname:hdslay1_t7_otype:arr_i:15_j:12,34.13993,0.0,hdslay1_t7,15,12,hdslay1,arr,,,,,,
oname:hdslay1_t7_otype:arr_i:15_j:13,34.1151,0.0,hdslay1_t7,15,13,hdslay1,arr,,,,,,
oname:hdslay1_t7_otype:arr_i:15_j:14,34.09617,0.0,hdslay1_t7,15,14,hdslay1,arr,,,,,,
oname:hdslay1_t7_otype:arr_i:15_j:15,34.0789,0.0,hdslay1_t7,15,15,hdslay1,arr,,,,,,
oname:hdslay1_t7_otype:arr_i:15_j:16,34.09413,0.0,hdslay1_t7,15,16,hdslay1,arr,,,,,,
oname:hdslay1_t7_otype:arr_i:15_j:17,34.10586,0.0,hdslay1_t7,15,17,hdslay1,arr,,,,,,
oname:hdslay1_t7_otype:arr_i:15_j:18,34.11496,0.0,hdslay1_t7,15,18,hdslay1,arr,,,,,,
oname:hdslay1_t7_otype:arr_i:15_j:19,34.12211,0.0,hdslay1_t7,15,19,hdslay1,arr,,,,,,
oname:hdslay1_t7_otype:arr_i:15_j:2,35.21602,0.0,hdslay1_t7,15,2,hdslay1,arr,,,,,,
oname:hdslay1_t7_otype:arr_i:15_j:3,35.20822,0.0,hdslay1_t7,15,3,hdslay1,arr,,,,,,
oname:hdslay1_t7_otype:arr_i:15_j:4,1e+30,0.0,hdslay1_t7,15,4,hdslay1,arr,,,,,,
oname:hdslay1_t7_otype:arr_i:15_j:5,1e+30,0.0,hdslay1_t7,15,5,hdslay1,arr,,,,,,
oname:hdslay1_t7_otype:arr_i:15_j:6,1e+30,0.0,hdslay1_t7,15,6,hdslay1,arr,,,,,,
oname:hdslay1_t7_otype:arr_i:15_j:7,1e+30,0.0,hdslay1_t7,15,7,hdslay1,arr,,,,,,
oname:hdslay1_t7_otype:arr_i:15_j:8,34.21191,0.0,hdslay1_t7,15,8,hdslay1,arr,,,,,,
oname:hdslay1_t7_otype:arr_i:15_j:9,34.20686,0.0,hdslay1_t7,15,9,hdslay1,arr,,,,,,
oname:hdslay1_t7_otype:arr_i:16_j:0,35.15286,0.0,hdslay1_t7,16,0,hdslay1,arr,,,,,,
oname:hdslay1_t7_otype:arr_i:16_j:1,35.14476,0.0,hdslay1_t7,16,1,hdslay1,arr,,,,,,
oname:hdslay1_t7_otype:arr_i:16_j:10,34.16233,0.0,hdslay1_t7,16,10,hdslay1,arr,,,,,,
oname:hdslay1_t7_otype:arr_i:16_j:11,34.14328,0.0,hdslay1_t7,16,11,hdslay1,arr,,,,,,
oname:hdslay1_t7_otype:arr_i:16_j:12,34.12239,0.0,hdslay1_t7,16,12,hdslay1,arr,,,,,,
oname:hdslay1_t7_otype:arr_i:16_j:13,34.10471,0.0,hdslay1_t7,16,13,hdslay1,arr,,,,,,
oname:hdslay1_t7_otype:arr_i:16_j:14,34.09065,0.0,hdslay1_t7,16,14,hdslay1,arr,,,,,,
oname:hdslay1_t7_otype:arr_i:16_j:15,34.07535,0.0,hdslay1_t7,16,15,hdslay1,arr,,,,,,
oname:hdslay1_t7_otype:arr_i:16_j:16,34.09106,0.0,hdslay1_t7,16,16,hdslay1,arr,,,,,,
oname:hdslay1_t7_otype:arr_i:16_j:17,34.10515,0.0,hdslay1_t7,16,17,hdslay1,arr,,,,,,
oname:hdslay1_t7_otype:arr_i:16_j:18,34.11665,0.0,hdslay1_t7,16,18,hdslay1,arr,,,,,,
oname:hdslay1_t7_otype:arr_i:16_j:19,34.12443,0.0,hdslay1_t7,16,19,hdslay1,arr,,,,,,
oname:hdslay1_t7_otype:arr_i:16_j:2,35.13181,0.0,hdslay1_t7,16,2,hdslay1,arr,,,,,,
oname:hdslay1_t7_otype:arr_i:16_j:3,35.12877,0.0,hdslay1_t7,16,3,hdslay1,arr,,,,,,
oname:hdslay1_t7_otype:arr_i:16_j:4,1e+30,0.0,hdslay1_t7,16,4,hdslay1,arr,,,,,,
oname:hdslay1_t7_otype:arr_i:16_j:5,1e+30,0.0,hdslay1_t7,16,5,hdslay1,arr,,,,,,
oname:hdslay1_t7_otype:arr_i:16_j:6,1e+30,0.0,hdslay1_t7,16,6,hdslay1,arr,,,,,,
oname:hdslay1_t7_otype:arr_i:16_j:7,1e+30,0.0,hdslay1_t7,16,7,hdslay1,arr,,,,,,
oname:hdslay1_t7_otype:arr_i:16_j:8,34.17914,0.0,hdslay1_t7,16,8,hdslay1,arr,,,,,,
oname:hdslay1_t7_otype:arr_i:16_j:9,34.1758,0.0,hdslay1_t7,16,9,hdslay1,arr,,,,,,
oname:hdslay1_t7_otype:arr_i:17_j:0,35.06863,0.0,hdslay1_t7,17,0,hdslay1,arr,,,,,,
oname:hdslay1_t7_otype:arr_i:17_j:1,35.06147,0.0,hdslay1_t7,17,1,hdslay1,arr,,,,,,
oname:hdslay1_t7_otype:arr_i:17_j:10,34.12564,0.0,hdslay1_t7,17,10,hdslay1,arr,,,,,,
oname:hdslay1_t7_otype:arr_i:17_j:11,34.11202,0.0,hdslay1_t7,17,11,hdslay1,arr,,,,,,
oname:hdslay1_t7_otype:arr_i:17_j:12,34.09386,0.0,hdslay1_t7,17,12,hdslay1,arr,,,,,,
oname:hdslay1_t7_otype:arr_i:17_j:13,34.08094,0.0,hdslay1_t7,17,13,hdslay1,arr,,,,,,
oname:hdslay1_t7_otype:arr_i:17_j:14,34.06362,0.0,hdslay1_t7,17,14,hdslay1,arr,,,,,,
oname:hdslay1_t7_otype:arr_i:17_j:15,34.04834,0.0,hdslay1_t7,17,15,hdslay1,arr,,,,,,
oname:hdslay1_t7_otype:arr_i:17_j:16,34.07483,0.0,hdslay1_t7,17,16,hdslay1,arr,,,,,,
oname:hdslay1_t7_otype:arr_i:17_j:17,34.09467,0.0,hdslay1_t7,17,17,hdslay1,arr,,,,,,
oname:hdslay1_t7_otype:arr_i:17_j:18,34.1099,0.0,hdslay1_t7,17,18,hdslay1,arr,,,,,,
oname:hdslay1_t7_otype:arr_i:17_j:19,34.11865,0.0,hdslay1_t7,17,19,hdslay1,arr,,,,,,
oname:hdslay1_t7_otype:arr_i:17_j:2,35.06253,0.0,hdslay1_t7,17,2,hdslay1,arr,,,,,,
oname:hdslay1_t7_otype:arr_i:17_j:3,35.07064,0.0,hdslay1_t7,17,3,hdslay1,arr,,,,,,
oname:hdslay1_t7_otype:arr_i:17_j:4,1e+30,0.0,hdslay1_t7,17,4,hdslay1,arr,,,,,,
oname:hdslay1_t7_otype:arr_i:17_j:5,1e+30,0.0,hdslay1_t7,17,5,hdslay1,arr,,,,,,
oname:hdslay1_t7_otype:arr_i:17_j:6,1e+30,0.0,hdslay1_t7,17,6,hdslay1,arr,,,,,,
oname:hdslay1_t7_otype:arr_i:17_j:7,1e+30,0.0,hdslay1_t7,17,7,hdslay1,arr,,,,,,
oname:hdslay1_t7_otype:arr_i:17_j:8,34.14442,0.0,hdslay1_t7,17,8,hdslay1,arr,,,,,,
oname:hdslay1_t7_otype:arr_i:17_j:9,34.13913,0.0,hdslay1_t7,17,9,hdslay1,arr,,,,,,
oname:hdslay1_t7_otype:arr_i:18_j:0,34.97208,0.0,hdslay1_t7,18,0,hdslay1,arr,,,,,,
oname:hdslay1_t7_otype:arr_i:18_j:1,34.97493,0.0,hdslay1_t7,18,1,hdslay1,arr,,,,,,
oname:hdslay1_t7_otype:arr_i:18_j:10,34.09644,0.0,hdslay1_t7,18,10,hdslay1,arr,,,,,,
oname:hdslay1_t7_otype:arr_i:18_j:11,34.07912,0.0,hdslay1_t7,18,11,hdslay1,arr,,,,,,
oname:hdslay1_t7_otype:arr_i:18_j:12,34.06037,0.0,hdslay1_t7,18,12,hdslay1,arr,,,,,,
oname:hdslay1_t7_otype:arr_i:18_j:13,34.04005,0.0,hdslay1_t7,18,13,hdslay1,arr,,,,,,
oname:hdslay1_t7_otype:arr_i:18_j:14,34.01257,0.0,hdslay1_t7,18,14,hdslay1,arr,,,,,,
oname:hdslay1_t7_otype:arr_i:18_j:15,34.00034,0.0,hdslay1_t7,18,15,hdslay1,arr,,,,,,
oname:hdslay1_t7_otype:arr_i:18_j:16,34.04237,0.0,hdslay1_t7,18,16,hdslay1,arr,,,,,,
oname:hdslay1_t7_otype:arr_i:18_j:17,34.07167,0.0,hdslay1_t7,18,17,hdslay1,arr,,,,,,
oname:hdslay1_t7_otype:arr_i:18_j:18,34.09412,0.0,hdslay1_t7,18,18,hdslay1,arr,,,,,,
oname:hdslay1_t7_otype:arr_i:18_j:19,34.10368,0.0,hdslay1_t7,18,19,hdslay1,arr,,,,,,
oname:hdslay1_t7_otype:arr_i:18_j:2,34.98463,0.0,hdslay1_t7,18,2,hdslay1,arr,,,,,,
oname:hdslay1_t7_otype:arr_i:18_j:3,35.00027,0.0,hdslay1_t7,18,3,hdslay1,arr,,,,,,
oname:hdslay1_t7_otype:arr_i:18_j:4,1e+30,0.0,hdslay1_t7,18,4,hdslay1,arr,,,,,,
oname:hdslay1_t7_otype:arr_i:18_j:5,1e+30,0.0,hdslay1_t7,18,5,hdslay1,arr,,,,,,
oname:hdslay1_t7_otype:arr_i:18_j:6,1e+30,0.0,hdslay1_t7,18,6,hdslay1,arr,,,,,,
oname:hdslay1_t7_otype:arr_i:18_j:7,1e+30,0.0,hdslay1_t7,18,7,hdslay1,arr,,,,,,
oname:hdslay1_t7_otype:arr_i:18_j:8,34.11472,0.0,hdslay1_t7,18,8,hdslay1,arr,,,,,,
oname:hdslay1_t7_otype:arr_i:18_j:9,34.10758,0.0,hdslay1_t7,18,9,hdslay1,arr,,,,,,
oname:hdslay1_t7_otype:arr_i:19_j:0,34.87749,0.0,hdslay1_t7,19,0,hdslay1,arr,,,,,,
oname:hdslay1_t7_otype:arr_i:19_j:1,34.87747,0.0,hdslay1_t7,19,1,hdslay1,arr,,,,,,
oname:hdslay1_t7_otype:arr_i:19_j:10,34.06914,0.0,hdslay1_t7,19,10,hdslay1,arr,,,,,,
oname:hdslay1_t7_otype:arr_i:19_j:11,34.04844,0.0,hdslay1_t7,19,11,hdslay1,arr,,,,,,
oname:hdslay1_t7_otype:arr_i:19_j:12,34.02916,0.0,hdslay1_t7,19,12,hdslay1,arr,,,,,,
oname:hdslay1_t7_otype:arr_i:19_j:13,33.992,0.0,hdslay1_t7,19,13,hdslay1,arr,,,,,,
oname:hdslay1_t7_otype:arr_i:19_j:14,33.93631,0.0,hdslay1_t7,19,14,hdslay1,arr,,,,,,
oname:hdslay1_t7_otype:arr_i:19_j:15,33.94873,0.0,hdslay1_t7,19,15,hdslay1,arr,,,,,,
oname:hdslay1_t7_otype:arr_i:19_j:16,34.00681,0.0,hdslay1_t7,19,16,hdslay1,arr,,,,,,
oname:hdslay1_t7_otype:arr_i:19_j:17,34.04019,0.0,hdslay1_t7,19,17,hdslay1,arr,,,,,,
oname:hdslay1_t7_otype:arr_i:19_j:18,34.06148,0.0,hdslay1_t7,19,18,hdslay1,arr,,,,,,
oname:hdslay1_t7_otype:arr_i:19_j:19,34.07538,0.0,hdslay1_t7,19,19,hdslay1,arr,,,,,,
oname:hdslay1_t7_otype:arr_i:19_j:2,34.88629,0.0,hdslay1_t7,19,2,hdslay1,arr,,,,,,
oname:hdslay1_t7_otype:arr_i:19_j:3,34.90118,0.0,hdslay1_t7,19,3,hdslay1,arr,,,,,,
oname:hdslay1_t7_otype:arr_i:19_j:4,1e+30,0.0,hdslay1_t7,19,4,hdslay1,arr,,,,,,
oname:hdslay1_t7_otype:arr_i:19_j:5,1e+30,0.0,hdslay1_t7,19,5,hdslay1,arr,,,,,,
oname:hdslay1_t7_otype:arr_i:19_j:6,1e+30,0.0,hdslay1_t7,19,6,hdslay1,arr,,,,,,
oname:hdslay1_t7_otype:arr_i:19_j:7,1e+30,0.0,hdslay1_t7,19,7,hdslay1,arr,,,,,,
oname:hdslay1_t7_otype:arr_i:19_j:8,34.09099,0.0,hdslay1_t7,19,8,hdslay1,arr,,,,,,
oname:hdslay1_t7_otype:arr_i:19_j:9,34.08333,0.0,hdslay1_t7,19,9,hdslay1,arr,,,,,,
oname:hdslay1_t7_otype:arr_i:1_j:0,35.64492,0.0,hdslay1_t7,1,0,hdslay1,arr,,,,,,
oname:hdslay1_t7_otype:arr_i:1_j:1,35.62793,0.0,hdslay1_t7,1,1,hdslay1,arr,,,,,,
oname:hdslay1_t7_otype:arr_i:1_j:10,34.69913,0.0,hdslay1_t7,1,10,hdslay1,arr,,,,,,
oname:hdslay1_t7_otype:arr_i:1_j:11,34.62526,0.0,hdslay1_t7,1,11,hdslay1,arr,,,,,,
oname:hdslay1_t7_otype:arr_i:1_j:12,34.56017,0.0,hdslay1_t7,1,12,hdslay1,arr,,,,,,
oname:hdslay1_t7_otype:arr_i:1_j:13,34.49881,0.0,hdslay1_t7,1,13,hdslay1,arr,,,,,,
oname:hdslay1_t7_otype:arr_i:1_j:14,34.43178,0.0,hdslay1_t7,1,14,hdslay1,arr,,,,,,
oname:hdslay1_t7_otype:arr_i:1_j:15,34.35939,0.0,hdslay1_t7,1,15,hdslay1,arr,,,,,,
oname:hdslay1_t7_otype:arr_i:1_j:16,34.35145,0.0,hdslay1_t7,1,16,hdslay1,arr,,,,,,
oname:hdslay1_t7_otype:arr_i:1_j:17,34.34574,0.0,hdslay1_t7,1,17,hdslay1,arr,,,,,,
oname:hdslay1_t7_otype:arr_i:1_j:18,34.34209,0.0,hdslay1_t7,1,18,hdslay1,arr,,,,,,
oname:hdslay1_t7_otype:arr_i:1_j:19,34.33913,0.0,hdslay1_t7,1,19,hdslay1,arr,,,,,,
oname:hdslay1_t7_otype:arr_i:1_j:2,35.59018,0.0,hdslay1_t7,1,2,hdslay1,arr,,,,,,
oname:hdslay1_t7_otype:arr_i:1_j:3,35.53278,0.0,hdslay1_t7,1,3,hdslay1,arr,,,,,,
oname:hdslay1_t7_otype:arr_i:1_j:4,35.44697,0.0,hdslay1_t7,1,4,hdslay1,arr,,,,,,
oname:hdslay1_t7_otype:arr_i:1_j:5,35.33061,0.0,hdslay1_t7,1,5,hdslay1,arr,,,,,,
oname:hdslay1_t7_otype:arr_i:1_j:6,35.17837,0.0,hdslay1_t7,1,6,hdslay1,arr,,,,,,
oname:hdslay1_t7_otype:arr_i:1_j:7,35.01082,0.0,hdslay1_t7,1,7,hdslay1,arr,,,,,,
oname:hdslay1_t7_otype:arr_i:1_j:8,34.87637,0.0,hdslay1_t7,1,8,hdslay1,arr,,,,,,
oname:hdslay1_t7_otype:arr_i:1_j:9,34.7784,0.0,hdslay1_t7,1,9,hdslay1,arr,,,,,,
oname:hdslay1_t7_otype:arr_i:20_j:0,34.78562,0.0,hdslay1_t7,20,0,hdslay1,arr,,,,,,
oname:hdslay1_t7_otype:arr_i:20_j:1,34.78931,0.0,hdslay1_t7,20,1,hdslay1,arr,,,,,,
oname:hdslay1_t7_otype:arr_i:20_j:10,34.04967,0.0,hdslay1_t7,20,10,hdslay1,arr,,,,,,
oname:hdslay1_t7_otype:arr_i:20_j:11,34.03107,0.0,hdslay1_t7,20,11,hdslay1,arr,,,,,,
oname:hdslay1_t7_otype:arr_i:20_j:12,34.00894,0.0,hdslay1_t7,20,12,hdslay1,arr,,,,,,
oname:hdslay1_t7_otype:arr_i:20_j:13,33.94912,0.0,hdslay1_t7,20,13,hdslay1,arr,,,,,,
oname:hdslay1_t7_otype:arr_i:20_j:14,33.79686,0.0,hdslay1_t7,20,14,hdslay1,arr,,,,,,
oname:hdslay1_t7_otype:arr_i:20_j:15,33.90057,0.0,hdslay1_t7,20,15,hdslay1,arr,,,,,,
oname:hdslay1_t7_otype:arr_i:20_j:16,33.97658,0.0,hdslay1_t7,20,16,hdslay1,arr,,,,,,
oname:hdslay1_t7_otype:arr_i:20_j:17,34.01282,0.0,hdslay1_t7,20,17,hdslay1,arr,,,,,,
oname:hdslay1_t7_otype:arr_i:20_j:18,34.02883,0.0,hdslay1_t7,20,18,hdslay1,arr,,,,,,
oname:hdslay1_t7_otype:arr_i:20_j:19,34.04135,0.0,hdslay1_t7,20,19,hdslay1,arr,,,,,,
oname:hdslay1_t7_otype:arr_i:20_j:2,34.78675,0.0,hdslay1_t7,20,2,hdslay1,arr,,,,,,
oname:hdslay1_t7_otype:arr_i:20_j:3,34.7823,0.0,hdslay1_t7,20,3,hdslay1,arr,,,,,,
oname:hdslay1_t7_otype:arr_i:20_j:4,1e+30,0.0,hdslay1_t7,20,4,hdslay1,arr,,,,,,
oname:hdslay1_t7_otype:arr_i:20_j:5,1e+30,0.0,hdslay1_t7,20,5,hdslay1,arr,,,,,,
oname:hdslay1_t7_otype:arr_i:20_j:6,1e+30,0.0,hdslay1_t7,20,6,hdslay1,arr,,,,,,
oname:hdslay1_t7_otype:arr_i:20_j:7,1e+30,0.0,hdslay1_t7,20,7,hdslay1,arr,,,,,,
oname:hdslay1_t7_otype:arr_i:20_j:8,34.07574,0.0,hdslay1_t7,20,8,hdslay1,arr,,,,,,
oname:hdslay1_t7_otype:arr_i:20_j:9,34.06632,0.0,hdslay1_t7,20,9,hdslay1,arr,,,,,,
oname:hdslay1_t7_otype:arr_i:21_j:0,34.70003,0.0,hdslay1_t7,21,0,hdslay1,arr,,,,,,
oname:hdslay1_t7_otype:arr_i:21_j:1,34.70456,0.0,hdslay1_t7,21,1,hdslay1,arr,,,,,,
oname:hdslay1_t7_otype:arr_i:21_j:10,34.03876,0.0,hdslay1_t7,21,10,hdslay1,arr,,,,,,
oname:hdslay1_t7_otype:arr_i:21_j:11,34.02283,0.0,hdslay1_t7,21,11,hdslay1,arr,,,,,,
oname:hdslay1_t7_otype:arr_i:21_j:12,34.0011,0.0,hdslay1_t7,21,12,hdslay1,arr,,,,,,
oname:hdslay1_t7_otype:arr_i:21_j:13,33.95883,0.0,hdslay1_t7,21,13,hdslay1,arr,,,,,,
oname:hdslay1_t7_otype:arr_i:21_j:14,33.90805,0.0,hdslay1_t7,21,14,hdslay1,arr,,,,,,
oname:hdslay1_t7_otype:arr_i:21_j:15,33.91632,0.0,hdslay1_t7,21,15,hdslay1,arr,,,,,,
oname:hdslay1_t7_otype:arr_i:21_j:16,33.95961,0.0,hdslay1_t7,21,16,hdslay1,arr,,,,,,
oname:hdslay1_t7_otype:arr_i:21_j:17,33.99228,0.0,hdslay1_t7,21,17,hdslay1,arr,,,,,,
oname:hdslay1_t7_otype:arr_i:21_j:18,34.00916,0.0,hdslay1_t7,21,18,hdslay1,arr,,,,,,
oname:hdslay1_t7_otype:arr_i:21_j:19,34.01592,0.0,hdslay1_t7,21,19,hdslay1,arr,,,,,,
oname:hdslay1_t7_otype:arr_i:21_j:2,34.69012,0.0,hdslay1_t7,21,2,hdslay1,arr,,,,,,
oname:hdslay1_t7_otype:arr_i:21_j:3,34.66239,0.0,hdslay1_t7,21,3,hdslay1,arr,,,,,,
oname:hdslay1_t7_otype:arr_i:21_j:4,1e+30,0.0,hdslay1_t7,21,4,hdslay1,arr,,,,,,
oname:hdslay1_t7_otype:arr_i:21_j:5,1e+30,0.0,hdslay1_t7,21,5,hdslay1,arr,,,,,,
oname:hdslay1_t7_otype:arr_i:21_j:6,34.0964,0.0,hdslay1_t7,21,6,hdslay1,arr,,,,,,
oname:hdslay1_t7_otype:arr_i:21_j:7,34.08354,0.0,hdslay1_t7,21,7,hdslay1,arr,,,,,,
oname:hdslay1_t7_otype:arr_i:21_j:8,34.06979,0.0,hdslay1_t7,21,8,hdslay1,arr,,,,,,
oname:hdslay1_t7_otype:arr_i:21_j:9,34.0559,0.0,hdslay1_t7,21,9,hdslay1,arr,,,,,,
oname:hdslay1_t7_otype:arr_i:22_j:0,34.61322,0.0,hdslay1_t7,22,0,hdslay1,arr,,,,,,
oname:hdslay1_t7_otype:arr_i:22_j:1,34.59749,0.0,hdslay1_t7,22,1,hdslay1,arr,,,,,,
oname:hdslay1_t7_otype:arr_i:22_j:10,34.02949,0.0,hdslay1_t7,22,10,hdslay1,arr,,,,,,
oname:hdslay1_t7_otype:arr_i:22_j:11,34.01332,0.0,hdslay1_t7,22,11,hdslay1,arr,,,,,,
oname:hdslay1_t7_otype:arr_i:22_j:12,33.99164,0.0,hdslay1_t7,22,12,hdslay1,arr,,,,,,
oname:hdslay1_t7_otype:arr_i:22_j:13,33.96003,0.0,hdslay1_t7,22,13,hdslay1,arr,,,,,,
oname:hdslay1_t7_otype:arr_i:22_j:14,33.93171,0.0,hdslay1_t7,22,14,hdslay1,arr,,,,,,
oname:hdslay1_t7_otype:arr_i:22_j:15,33.92678,0.0,hdslay1_t7,22,15,hdslay1,arr,,,,,,
oname:hdslay1_t7_otype:arr_i:22_j:16,33.94765,0.0,hdslay1_t7,22,16,hdslay1,arr,,,,,,
oname:hdslay1_t7_otype:arr_i:22_j:17,33.97229,0.0,hdslay1_t7,22,17,hdslay1,arr,,,,,,
oname:hdslay1_t7_otype:arr_i:22_j:18,33.98686,0.0,hdslay1_t7,22,18,hdslay1,arr,,,,,,
oname:hdslay1_t7_otype:arr_i:22_j:19,33.99245,0.0,hdslay1_t7,22,19,hdslay1,arr,,,,,,
oname:hdslay1_t7_otype:arr_i:22_j:2,34.57686,0.0,hdslay1_t7,22,2,hdslay1,arr,,,,,,
oname:hdslay1_t7_otype:arr_i:22_j:3,34.51342,0.0,hdslay1_t7,22,3,hdslay1,arr,,,,,,
oname:hdslay1_t7_otype:arr_i:22_j:4,34.40104,0.0,hdslay1_t7,22,4,hdslay1,arr,,,,,,
oname:hdslay1_t7_otype:arr_i:22_j:5,1e+30,0.0,hdslay1_t7,22,5,hdslay1,arr,,,,,,
oname:hdslay1_t7_otype:arr_i:22_j:6,34.10526,0.0,hdslay1_t7,22,6,hdslay1,arr,,,,,,
oname:hdslay1_t7_otype:arr_i:22_j:7,34.08615,0.0,hdslay1_t7,22,7,hdslay1,arr,,,,,,
oname:hdslay1_t7_otype:arr_i:22_j:8,34.06603,0.0,hdslay1_t7,22,8,hdslay1,arr,,,,,,
oname:hdslay1_t7_otype:arr_i:22_j:9,34.04752,0.0,hdslay1_t7,22,9,hdslay1,arr,,,,,,
oname:hdslay1_t7_otype:arr_i:23_j:0,34.51079,0.0,hdslay1_t7,23,0,hdslay1,arr,,,,,,
oname:hdslay1_t7_otype:arr_i:23_j:1,34.48896,0.0,hdslay1_t7,23,1,hdslay1,arr,,,,,,
oname:hdslay1_t7_otype:arr_i:23_j:10,34.01007,0.0,hdslay1_t7,23,10,hdslay1,arr,,,,,,
oname:hdslay1_t7_otype:arr_i:23_j:11,33.99297,0.0,hdslay1_t7,23,11,hdslay1,arr,,,,,,
oname:hdslay1_t7_otype:arr_i:23_j:12,33.97446,0.0,hdslay1_t7,23,12,hdslay1,arr,,,,,,
oname:hdslay1_t7_otype:arr_i:23_j:13,33.95182,0.0,hdslay1_t7,23,13,hdslay1,arr,,,,,,
oname:hdslay1_t7_otype:arr_i:23_j:14,33.93072,0.0,hdslay1_t7,23,14,hdslay1,arr,,,,,,
oname:hdslay1_t7_otype:arr_i:23_j:15,33.91779,0.0,hdslay1_t7,23,15,hdslay1,arr,,,,,,
oname:hdslay1_t7_otype:arr_i:23_j:16,33.93429,0.0,hdslay1_t7,23,16,hdslay1,arr,,,,,,
oname:hdslay1_t7_otype:arr_i:23_j:17,33.95318,0.0,hdslay1_t7,23,17,hdslay1,arr,,,,,,
oname:hdslay1_t7_otype:arr_i:23_j:18,33.96643,0.0,hdslay1_t7,23,18,hdslay1,arr,,,,,,
oname:hdslay1_t7_otype:arr_i:23_j:19,33.9704,0.0,hdslay1_t7,23,19,hdslay1,arr,,,,,,
oname:hdslay1_t7_otype:arr_i:23_j:2,34.45774,0.0,hdslay1_t7,23,2,hdslay1,arr,,,,,,
oname:hdslay1_t7_otype:arr_i:23_j:3,34.39202,0.0,hdslay1_t7,23,3,hdslay1,arr,,,,,,
oname:hdslay1_t7_otype:arr_i:23_j:4,34.3101,0.0,hdslay1_t7,23,4,hdslay1,arr,,,,,,
oname:hdslay1_t7_otype:arr_i:23_j:5,34.20947,0.0,hdslay1_t7,23,5,hdslay1,arr,,,,,,
oname:hdslay1_t7_otype:arr_i:23_j:6,34.13008,0.0,hdslay1_t7,23,6,hdslay1,arr,,,,,,
oname:hdslay1_t7_otype:arr_i:23_j:7,34.09071,0.0,hdslay1_t7,23,7,hdslay1,arr,,,,,,
oname:hdslay1_t7_otype:arr_i:23_j:8,34.06142,0.0,hdslay1_t7,23,8,hdslay1,arr,,,,,,
oname:hdslay1_t7_otype:arr_i:23_j:9,34.03421,0.0,hdslay1_t7,23,9,hdslay1,arr,,,,,,
oname:hdslay1_t7_otype:arr_i:24_j:0,34.41706,0.0,hdslay1_t7,24,0,hdslay1,arr,,,,,,
oname:hdslay1_t7_otype:arr_i:24_j:1,34.40409,0.0,hdslay1_t7,24,1,hdslay1,arr,,,,,,
oname:hdslay1_t7_otype:arr_i:24_j:10,33.97588,0.0,hdslay1_t7,24,10,hdslay1,arr,,,,,,
oname:hdslay1_t7_otype:arr_i:24_j:11,33.96282,0.0,hdslay1_t7,24,11,hdslay1,arr,,,,,,
oname:hdslay1_t7_otype:arr_i:24_j:12,33.95183,0.0,hdslay1_t7,24,12,hdslay1,arr,,,,,,
oname:hdslay1_t7_otype:arr_i:24_j:13,33.93625,0.0,hdslay1_t7,24,13,hdslay1,arr,,,,,,
oname:hdslay1_t7_otype:arr_i:24_j:14,33.9196,0.0,hdslay1_t7,24,14,hdslay1,arr,,,,,,
oname:hdslay1_t7_otype:arr_i:24_j:15,33.90156,0.0,hdslay1_t7,24,15,hdslay1,arr,,,,,,
oname:hdslay1_t7_otype:arr_i:24_j:16,33.91665,0.0,hdslay1_t7,24,16,hdslay1,arr,,,,,,
oname:hdslay1_t7_otype:arr_i:24_j:17,33.9303,0.0,hdslay1_t7,24,17,hdslay1,arr,,,,,,
oname:hdslay1_t7_otype:arr_i:24_j:18,33.94374,0.0,hdslay1_t7,24,18,hdslay1,arr,,,,,,
oname:hdslay1_t7_otype:arr_i:24_j:19,33.95104,0.0,hdslay1_t7,24,19,hdslay1,arr,,,,,,
oname:hdslay1_t7_otype:arr_i:24_j:2,34.37162,0.0,hdslay1_t7,24,2,hdslay1,arr,,,,,,
oname:hdslay1_t7_otype:arr_i:24_j:3,34.32362,0.0,hdslay1_t7,24,3,hdslay1,arr,,,,,,
oname:hdslay1_t7_otype:arr_i:24_j:4,34.25843,0.0,hdslay1_t7,24,4,hdslay1,arr,,,,,,
oname:hdslay1_t7_otype:arr_i:24_j:5,34.18724,0.0,hdslay1_t7,24,5,hdslay1,arr,,,,,,
oname:hdslay1_t7_otype:arr_i:24_j:6,34.13049,0.0,hdslay1_t7,24,6,hdslay1,arr,,,,,,
oname:hdslay1_t7_otype:arr_i:24_j:7,34.08711,0.0,hdslay1_t7,24,7,hdslay1,arr,,,,,,
oname:hdslay1_t7_otype:arr_i:24_j:8,34.04951,0.0,hdslay1_t7,24,8,hdslay1,arr,,,,,,
oname:hdslay1_t7_otype:arr_i:24_j:9,34.00898,0.0,hdslay1_t7,24,9,hdslay1,arr,,,,,,
oname:hdslay1_t7_otype:arr_i:25_j:0,34.35539,0.0,hdslay1_t7,25,0,hdslay1,arr,,,,,,
oname:hdslay1_t7_otype:arr_i:25_j:1,34.34687,0.0,hdslay1_t7,25,1,hdslay1,arr,,,,,,
oname:hdslay1_t7_otype:arr_i:25_j:10,33.92642,0.0,hdslay1_t7,25,10,hdslay1,arr,,,,,,
oname:hdslay1_t7_otype:arr_i:25_j:11,33.92644,0.0,hdslay1_t7,25,11,hdslay1,arr,,,,,,
oname:hdslay1_t7_otype:arr_i:25_j:12,33.92211,0.0,hdslay1_t7,25,12,hdslay1,arr,,,,,,
oname:hdslay1_t7_otype:arr_i:25_j:13,33.91322,0.0,hdslay1_t7,25,13,hdslay1,arr,,,,,,
oname:hdslay1_t7_otype:arr_i:25_j:14,33.89993,0.0,hdslay1_t7,25,14,hdslay1,arr,,,,,,
oname:hdslay1_t7_otype:arr_i:25_j:15,33.8822,0.0,hdslay1_t7,25,15,hdslay1,arr,,,,,,
oname:hdslay1_t7_otype:arr_i:25_j:16,33.89742,0.0,hdslay1_t7,25,16,hdslay1,arr,,,,,,
oname:hdslay1_t7_otype:arr_i:25_j:17,33.91001,0.0,hdslay1_t7,25,17,hdslay1,arr,,,,,,
oname:hdslay1_t7_otype:arr_i:25_j:18,33.91941,0.0,hdslay1_t7,25,18,hdslay1,arr,,,,,,
oname:hdslay1_t7_otype:arr_i:25_j:19,33.92722,0.0,hdslay1_t7,25,19,hdslay1,arr,,,,,,
oname:hdslay1_t7_otype:arr_i:25_j:2,34.32221,0.0,hdslay1_t7,25,2,hdslay1,arr,,,,,,
oname:hdslay1_t7_otype:arr_i:25_j:3,34.27575,0.0,hdslay1_t7,25,3,hdslay1,arr,,,,,,
oname:hdslay1_t7_otype:arr_i:25_j:4,34.22006,0.0,hdslay1_t7,25,4,hdslay1,arr,,,,,,
oname:hdslay1_t7_otype:arr_i:25_j:5,34.1655,0.0,hdslay1_t7,25,5,hdslay1,arr,,,,,,
oname:hdslay1_t7_otype:arr_i:25_j:6,34.11587,0.0,hdslay1_t7,25,6,hdslay1,arr,,,,,,
oname:hdslay1_t7_otype:arr_i:25_j:7,34.07035,0.0,hdslay1_t7,25,7,hdslay1,arr,,,,,,
oname:hdslay1_t7_otype:arr_i:25_j:8,34.02081,0.0,hdslay1_t7,25,8,hdslay1,arr,,,,,,
oname:hdslay1_t7_otype:arr_i:25_j:9,33.96461,0.0,hdslay1_t7,25,9,hdslay1,arr,,,,,,
oname:hdslay1_t7_otype:arr_i:26_j:0,34.31612,0.0,hdslay1_t7,26,0,hdslay1,arr,,,,,,
oname:hdslay1_t7_otype:arr_i:26_j:1,34.30616,0.0,hdslay1_t7,26,1,hdslay1,arr,,,,,,
oname:hdslay1_t7_otype:arr_i:26_j:10,33.83978,0.0,hdslay1_t7,26,10,hdslay1,arr,,,,,,
oname:hdslay1_t7_otype:arr_i:26_j:11,33.88264,0.0,hdslay1_t7,26,11,hdslay1,arr,,,,,,
oname:hdslay1_t7_otype:arr_i:26_j:12,33.88908,0.0,hdslay1_t7,26,12,hdslay1,arr,,,,,,
oname:hdslay1_t7_otype:arr_i:26_j:13,33.88468,0.0,hdslay1_t7,26,13,hdslay1,arr,,,,,,
oname:hdslay1_t7_otype:arr_i:26_j:14,33.8708,0.0,hdslay1_t7,26,14,hdslay1,arr,,,,,,
oname:hdslay1_t7_otype:arr_i:26_j:15,33.85253,0.0,hdslay1_t7,26,15,hdslay1,arr,,,,,,
oname:hdslay1_t7_otype:arr_i:26_j:16,33.8678,0.0,hdslay1_t7,26,16,hdslay1,arr,,,,,,
oname:hdslay1_t7_otype:arr_i:26_j:17,33.88021,0.0,hdslay1_t7,26,17,hdslay1,arr,,,,,,
oname:hdslay1_t7_otype:arr_i:26_j:18,33.89395,0.0,hdslay1_t7,26,18,hdslay1,arr,,,,,,
oname:hdslay1_t7_otype:arr_i:26_j:19,33.89971,0.0,hdslay1_t7,26,19,hdslay1,arr,,,,,,
oname:hdslay1_t7_otype:arr_i:26_j:2,34.27887,0.0,hdslay1_t7,26,2,hdslay1,arr,,,,,,
oname:hdslay1_t7_otype:arr_i:26_j:3,34.23793,0.0,hdslay1_t7,26,3,hdslay1,arr,,,,,,
oname:hdslay1_t7_otype:arr_i:26_j:4,34.19106,0.0,hdslay1_t7,26,4,hdslay1,arr,,,,,,
oname:hdslay1_t7_otype:arr_i:26_j:5,34.1327,0.0,hdslay1_t7,26,5,hdslay1,arr,,,,,,
oname:hdslay1_t7_otype:arr_i:26_j:6,34.08193,0.0,hdslay1_t7,26,6,hdslay1,arr,,,,,,
oname:hdslay1_t7_otype:arr_i:26_j:7,34.03707,0.0,hdslay1_t7,26,7,hdslay1,arr,,,,,,
oname:hdslay1_t7_otype:arr_i:26_j:8,33.98184,0.0,hdslay1_t7,26,8,hdslay1,arr,,,,,,
oname:hdslay1_t7_otype:arr_i:26_j:9,33.92042,0.0,hdslay1_t7,26,9,hdslay1,arr,,,,,,
oname:hdslay1_t7_otype:arr_i:27_j:0,34.2815,0.0,hdslay1_t7,27,0,hdslay1,arr,,,,,,
oname:hdslay1_t7_otype:arr_i:27_j:1,34.26971,0.0,hdslay1_t7,27,1,hdslay1,arr,,,,,,
oname:hdslay1_t7_otype:arr_i:27_j:10,33.87714,0.0,hdslay1_t7,27,10,hdslay1,arr,,,,,,
oname:hdslay1_t7_otype:arr_i:27_j:11,33.87272,0.0,hdslay1_t7,27,11,hdslay1,arr,,,,,,
oname:hdslay1_t7_otype:arr_i:27_j:12,33.8689,0.0,hdslay1_t7,27,12,hdslay1,arr,,,,,,
oname:hdslay1_t7_otype:arr_i:27_j:13,33.85949,0.0,hdslay1_t7,27,13,hdslay1,arr,,,,,,
oname:hdslay1_t7_otype:arr_i:27_j:14,33.8443,0.0,hdslay1_t7,27,14,hdslay1,arr,,,,,,
oname:hdslay1_t7_otype:arr_i:27_j:15,33.83131,0.0,hdslay1_t7,27,15,hdslay1,arr,,,,,,
oname:hdslay1_t7_otype:arr_i:27_j:16,33.83957,0.0,hdslay1_t7,27,16,hdslay1,arr,,,,,,
oname:hdslay1_t7_otype:arr_i:27_j:17,33.85079,0.0,hdslay1_t7,27,17,hdslay1,arr,,,,,,
oname:hdslay1_t7_otype:arr_i:27_j:18,33.86334,0.0,hdslay1_t7,27,18,hdslay1,arr,,,,,,
oname:hdslay1_t7_otype:arr_i:27_j:19,33.87189,0.0,hdslay1_t7,27,19,hdslay1,arr,,,,,,
oname:hdslay1_t7_otype:arr_i:27_j:2,34.24241,0.0,hdslay1_t7,27,2,hdslay1,arr,,,,,,
oname:hdslay1_t7_otype:arr_i:27_j:3,34.20529,0.0,hdslay1_t7,27,3,hdslay1,arr,,,,,,
oname:hdslay1_t7_otype:arr_i:27_j:4,34.15405,0.0,hdslay1_t7,27,4,hdslay1,arr,,,,,,
oname:hdslay1_t7_otype:arr_i:27_j:5,34.0922,0.0,hdslay1_t7,27,5,hdslay1,arr,,,,,,
oname:hdslay1_t7_otype:arr_i:27_j:6,34.0405,0.0,hdslay1_t7,27,6,hdslay1,arr,,,,,,
oname:hdslay1_t7_otype:arr_i:27_j:7,33.99956,0.0,hdslay1_t7,27,7,hdslay1,arr,,,,,,
oname:hdslay1_t7_otype:arr_i:27_j:8,33.95788,0.0,hdslay1_t7,27,8,hdslay1,arr,,,,,,
oname:hdslay1_t7_otype:arr_i:27_j:9,33.91752,0.0,hdslay1_t7,27,9,hdslay1,arr,,,,,,
oname:hdslay1_t7_otype:arr_i:28_j:0,34.25173,0.0,hdslay1_t7,28,0,hdslay1,arr,,,,,,
oname:hdslay1_t7_otype:arr_i:28_j:1,34.23806,0.0,hdslay1_t7,28,1,hdslay1,arr,,,,,,
oname:hdslay1_t7_otype:arr_i:28_j:10,33.87442,0.0,hdslay1_t7,28,10,hdslay1,arr,,,,,,
oname:hdslay1_t7_otype:arr_i:28_j:11,33.86255,0.0,hdslay1_t7,28,11,hdslay1,arr,,,,,,
oname:hdslay1_t7_otype:arr_i:28_j:12,33.85037,0.0,hdslay1_t7,28,12,hdslay1,arr,,,,,,
oname:hdslay1_t7_otype:arr_i:28_j:13,33.83899,0.0,hdslay1_t7,28,13,hdslay1,arr,,,,,,
oname:hdslay1_t7_otype:arr_i:28_j:14,33.82767,0.0,hdslay1_t7,28,14,hdslay1,arr,,,,,,
oname:hdslay1_t7_otype:arr_i:28_j:15,33.81788,0.0,hdslay1_t7,28,15,hdslay1,arr,,,,,,
oname:hdslay1_t7_otype:arr_i:28_j:16,33.82297,0.0,hdslay1_t7,28,16,hdslay1,arr,,,,,,
oname:hdslay1_t7_otype:arr_i:28_j:17,33.83131,0.0,hdslay1_t7,28,17,hdslay1,arr,,,,,,
oname:hdslay1_t7_otype:arr_i:28_j:18,33.83848,0.0,hdslay1_t7,28,18,hdslay1,arr,,,,,,
oname:hdslay1_t7_otype:arr_i:28_j:19,33.84488,0.0,hdslay1_t7,28,19,hdslay1,arr,,,,,,
oname:hdslay1_t7_otype:arr_i:28_j:2,34.20922,0.0,hdslay1_t7,28,2,hdslay1,arr,,,,,,
oname:hdslay1_t7_otype:arr_i:28_j:3,34.16686,0.0,hdslay1_t7,28,3,hdslay1,arr,,,,,,
oname:hdslay1_t7_otype:arr_i:28_j:4,34.10939,0.0,hdslay1_t7,28,4,hdslay1,arr,,,,,,
oname:hdslay1_t7_otype:arr_i:28_j:5,34.04465,0.0,hdslay1_t7,28,5,hdslay1,arr,,,,,,
oname:hdslay1_t7_otype:arr_i:28_j:6,33.98109,0.0,hdslay1_t7,28,6,hdslay1,arr,,,,,,
oname:hdslay1_t7_otype:arr_i:28_j:7,33.95339,0.0,hdslay1_t7,28,7,hdslay1,arr,,,,,,
oname:hdslay1_t7_otype:arr_i:28_j:8,33.93018,0.0,hdslay1_t7,28,8,hdslay1,arr,,,,,,
oname:hdslay1_t7_otype:arr_i:28_j:9,33.90085,0.0,hdslay1_t7,28,9,hdslay1,arr,,,,,,
oname:hdslay1_t7_otype:arr_i:29_j:0,34.21866,0.0,hdslay1_t7,29,0,hdslay1,arr,,,,,,
oname:hdslay1_t7_otype:arr_i:29_j:1,34.20321,0.0,hdslay1_t7,29,1,hdslay1,arr,,,,,,
oname:hdslay1_t7_otype:arr_i:29_j:10,33.85982,0.0,hdslay1_t7,29,10,hdslay1,arr,,,,,,
oname:hdslay1_t7_otype:arr_i:29_j:11,33.84256,0.0,hdslay1_t7,29,11,hdslay1,arr,,,,,,
oname:hdslay1_t7_otype:arr_i:29_j:12,33.82954,0.0,hdslay1_t7,29,12,hdslay1,arr,,,,,,
oname:hdslay1_t7_otype:arr_i:29_j:13,33.81996,0.0,hdslay1_t7,29,13,hdslay1,arr,,,,,,
oname:hdslay1_t7_otype:arr_i:29_j:14,33.8088,0.0,hdslay1_t7,29,14,hdslay1,arr,,,,,,
oname:hdslay1_t7_otype:arr_i:29_j:15,33.7976,0.0,hdslay1_t7,29,15,hdslay1,arr,,,,,,
oname:hdslay1_t7_otype:arr_i:29_j:16,33.80478,0.0,hdslay1_t7,29,16,hdslay1,arr,,,,,,
oname:hdslay1_t7_otype:arr_i:29_j:17,33.81085,0.0,hdslay1_t7,29,17,hdslay1,arr,,,,,,
oname:hdslay1_t7_otype:arr_i:29_j:18,33.81803,0.0,hdslay1_t7,29,18,hdslay1,arr,,,,,,
oname:hdslay1_t7_otype:arr_i:29_j:19,33.82199,0.0,hdslay1_t7,29,19,hdslay1,arr,,,,,,
oname:hdslay1_t7_otype:arr_i:29_j:2,34.16762,0.0,hdslay1_t7,29,2,hdslay1,arr,,,,,,
oname:hdslay1_t7_otype:arr_i:29_j:3,34.12267,0.0,hdslay1_t7,29,3,hdslay1,arr,,,,,,
oname:hdslay1_t7_otype:arr_i:29_j:4,34.06728,0.0,hdslay1_t7,29,4,hdslay1,arr,,,,,,
oname:hdslay1_t7_otype:arr_i:29_j:5,33.9881,0.0,hdslay1_t7,29,5,hdslay1,arr,,,,,,
oname:hdslay1_t7_otype:arr_i:29_j:6,33.88718,0.0,hdslay1_t7,29,6,hdslay1,arr,,,,,,
oname:hdslay1_t7_otype:arr_i:29_j:7,33.90764,0.0,hdslay1_t7,29,7,hdslay1,arr,,,,,,
oname:hdslay1_t7_otype:arr_i:29_j:8,33.89872,0.0,hdslay1_t7,29,8,hdslay1,arr,,,,,,
oname:hdslay1_t7_otype:arr_i:29_j:9,33.87914,0.0,hdslay1_t7,29,9,hdslay1,arr,,,,,,
oname:hdslay1_t7_otype:arr_i:2_j:0,35.64034,0.0,hdslay1_t7,2,0,hdslay1,arr,,,,,,
oname:hdslay1_t7_otype:arr_i:2_j:1,35.62531,0.0,hdslay1_t7,2,1,hdslay1,arr,,,,,,
oname:hdslay1_t7_otype:arr_i:2_j:10,34.70149,0.0,hdslay1_t7,2,10,hdslay1,arr,,,,,,
oname:hdslay1_t7_otype:arr_i:2_j:11,34.63025,0.0,hdslay1_t7,2,11,hdslay1,arr,,,,,,
oname:hdslay1_t7_otype:arr_i:2_j:12,34.56097,0.0,hdslay1_t7,2,12,hdslay1,arr,,,,,,
oname:hdslay1_t7_otype:arr_i:2_j:13,34.48756,0.0,hdslay1_t7,2,13,hdslay1,arr,,,,,,
oname:hdslay1_t7_otype:arr_i:2_j:14,34.41653,0.0,hdslay1_t7,2,14,hdslay1,arr,,,,,,
oname:hdslay1_t7_otype:arr_i:2_j:15,34.35456,0.0,hdslay1_t7,2,15,hdslay1,arr,,,,,,
oname:hdslay1_t7_otype:arr_i:2_j:16,34.34359,0.0,hdslay1_t7,2,16,hdslay1,arr,,,,,,
oname:hdslay1_t7_otype:arr_i:2_j:17,34.33437,0.0,hdslay1_t7,2,17,hdslay1,arr,,,,,,
oname:hdslay1_t7_otype:arr_i:2_j:18,34.32729,0.0,hdslay1_t7,2,18,hdslay1,arr,,,,,,
oname:hdslay1_t7_otype:arr_i:2_j:19,34.32492,0.0,hdslay1_t7,2,19,hdslay1,arr,,,,,,
oname:hdslay1_t7_otype:arr_i:2_j:2,35.59869,0.0,hdslay1_t7,2,2,hdslay1,arr,,,,,,
oname:hdslay1_t7_otype:arr_i:2_j:3,35.54155,0.0,hdslay1_t7,2,3,hdslay1,arr,,,,,,
oname:hdslay1_t7_otype:arr_i:2_j:4,35.45272,0.0,hdslay1_t7,2,4,hdslay1,arr,,,,,,
oname:hdslay1_t7_otype:arr_i:2_j:5,35.33611,0.0,hdslay1_t7,2,5,hdslay1,arr,,,,,,
oname:hdslay1_t7_otype:arr_i:2_j:6,35.19206,0.0,hdslay1_t7,2,6,hdslay1,arr,,,,,,
oname:hdslay1_t7_otype:arr_i:2_j:7,35.0213,0.0,hdslay1_t7,2,7,hdslay1,arr,,,,,,
oname:hdslay1_t7_otype:arr_i:2_j:8,34.88252,0.0,hdslay1_t7,2,8,hdslay1,arr,,,,,,
oname:hdslay1_t7_otype:arr_i:2_j:9,34.78133,0.0,hdslay1_t7,2,9,hdslay1,arr,,,,,,
oname:hdslay1_t7_otype:arr_i:30_j:0,34.18198,0.0,hdslay1_t7,30,0,hdslay1,arr,,,,,,
oname:hdslay1_t7_otype:arr_i:30_j:1,34.16081,0.0,hdslay1_t7,30,1,hdslay1,arr,,,,,,
oname:hdslay1_t7_otype:arr_i:30_j:10,33.83903,0.0,hdslay1_t7,30,10,hdslay1,arr,,,,,,
oname:hdslay1_t7_otype:arr_i:30_j:11,33.82172,0.0,hdslay1_t7,30,11,hdslay1,arr,,,,,,
oname:hdslay1_t7_otype:arr_i:30_j:12,33.80859,0.0,hdslay1_t7,30,12,hdslay1,arr,,,,,,
oname:hdslay1_t7_otype:arr_i:30_j:13,33.79719,0.0,hdslay1_t7,30,13,hdslay1,arr,,,,,,
oname:hdslay1_t7_otype:arr_i:30_j:14,33.78691,0.0,hdslay1_t7,30,14,hdslay1,arr,,,,,,
oname:hdslay1_t7_otype:arr_i:30_j:15,33.78064,0.0,hdslay1_t7,30,15,hdslay1,arr,,,,,,
oname:hdslay1_t7_otype:arr_i:30_j:16,33.78455,0.0,hdslay1_t7,30,16,hdslay1,arr,,,,,,
oname:hdslay1_t7_otype:arr_i:30_j:17,33.78917,0.0,hdslay1_t7,30,17,hdslay1,arr,,,,,,
oname:hdslay1_t7_otype:arr_i:30_j:18,33.79484,0.0,hdslay1_t7,30,18,hdslay1,arr,,,,,,
oname:hdslay1_t7_otype:arr_i:30_j:19,33.7964,0.0,hdslay1_t7,30,19,hdslay1,arr,,,,,,
oname:hdslay1_t7_otype:arr_i:30_j:2,34.12719,0.0,hdslay1_t7,30,2,hdslay1,arr,,,,,,
oname:hdslay1_t7_otype:arr_i:30_j:3,34.09028,0.0,hdslay1_t7,30,3,hdslay1,arr,,,,,,
oname:hdslay1_t7_otype:arr_i:30_j:4,34.03565,0.0,hdslay1_t7,30,4,hdslay1,arr,,,,,,
oname:hdslay1_t7_otype:arr_i:30_j:5,33.96851,0.0,hdslay1_t7,30,5,hdslay1,arr,,,,,,
oname:hdslay1_t7_otype:arr_i:30_j:6,33.91012,0.0,hdslay1_t7,30,6,hdslay1,arr,,,,,,
oname:hdslay1_t7_otype:arr_i:30_j:7,33.88964,0.0,hdslay1_t7,30,7,hdslay1,arr,,,,,,
oname:hdslay1_t7_otype:arr_i:30_j:8,33.87342,0.0,hdslay1_t7,30,8,hdslay1,arr,,,,,,
oname:hdslay1_t7_otype:arr_i:30_j:9,33.85629,0.0,hdslay1_t7,30,9,hdslay1,arr,,,,,,
oname:hdslay1_t7_otype:arr_i:31_j:0,34.15601,0.0,hdslay1_t7,31,0,hdslay1,arr,,,,,,
oname:hdslay1_t7_otype:arr_i:31_j:1,34.12484,0.0,hdslay1_t7,31,1,hdslay1,arr,,,,,,
oname:hdslay1_t7_otype:arr_i:31_j:10,33.8182,0.0,hdslay1_t7,31,10,hdslay1,arr,,,,,,
oname:hdslay1_t7_otype:arr_i:31_j:11,33.79789,0.0,hdslay1_t7,31,11,hdslay1,arr,,,,,,
oname:hdslay1_t7_otype:arr_i:31_j:12,33.78284,0.0,hdslay1_t7,31,12,hdslay1,arr,,,,,,
oname:hdslay1_t7_otype:arr_i:31_j:13,33.77069,0.0,hdslay1_t7,31,13,hdslay1,arr,,,,,,
oname:hdslay1_t7_otype:arr_i:31_j:14,33.76419,0.0,hdslay1_t7,31,14,hdslay1,arr,,,,,,
oname:hdslay1_t7_otype:arr_i:31_j:15,33.76164,0.0,hdslay1_t7,31,15,hdslay1,arr,,,,,,
oname:hdslay1_t7_otype:arr_i:31_j:16,33.76554,0.0,hdslay1_t7,31,16,hdslay1,arr,,,,,,
oname:hdslay1_t7_otype:arr_i:31_j:17,33.7697,0.0,hdslay1_t7,31,17,hdslay1,arr,,,,,,
oname:hdslay1_t7_otype:arr_i:31_j:18,33.77363,0.0,hdslay1_t7,31,18,hdslay1,arr,,,,,,
oname:hdslay1_t7_otype:arr_i:31_j:19,33.7757,0.0,hdslay1_t7,31,19,hdslay1,arr,,,,,,
oname:hdslay1_t7_otype:arr_i:31_j:2,34.0957,0.0,hdslay1_t7,31,2,hdslay1,arr,,,,,,
oname:hdslay1_t7_otype:arr_i:31_j:3,34.05705,0.0,hdslay1_t7,31,3,hdslay1,arr,,,,,,
oname:hdslay1_t7_otype:arr_i:31_j:4,33.99953,0.0,hdslay1_t7,31,4,hdslay1,arr,,,,,,
oname:hdslay1_t7_otype:arr_i:31_j:5,33.94128,0.0,hdslay1_t7,31,5,hdslay1,arr,,,,,,
oname:hdslay1_t7_otype:arr_i:31_j:6,33.89746,0.0,hdslay1_t7,31,6,hdslay1,arr,,,,,,
oname:hdslay1_t7_otype:arr_i:31_j:7,33.87015,0.0,hdslay1_t7,31,7,hdslay1,arr,,,,,,
oname:hdslay1_t7_otype:arr_i:31_j:8,33.85311,0.0,hdslay1_t7,31,8,hdslay1,arr,,,,,,
oname:hdslay1_t7_otype:arr_i:31_j:9,33.83591,0.0,hdslay1_t7,31,9,hdslay1,arr,,,,,,
oname:hdslay1_t7_otype:arr_i:32_j:0,1e+30,0.0,hdslay1_t7,32,0,hdslay1,arr,,,,,,
oname:hdslay1_t7_otype:arr_i:32_j:1,34.09829,0.0,hdslay1_t7,32,1,hdslay1,arr,,,,,,
oname:hdslay1_t7_otype:arr_i:32_j:10,33.79035,0.0,hdslay1_t7,32,10,hdslay1,arr,,,,,,
oname:hdslay1_t7_otype:arr_i:32_j:11,33.76934,0.0,hdslay1_t7,32,11,hdslay1,arr,,,,,,
oname:hdslay1_t7_otype:arr_i:32_j:12,33.75223,0.0,hdslay1_t7,32,12,hdslay1,arr,,,,,,
oname:hdslay1_t7_otype:arr_i:32_j:13,33.74349,0.0,hdslay1_t7,32,13,hdslay1,arr,,,,,,
oname:hdslay1_t7_otype:arr_i:32_j:14,33.74189,0.0,hdslay1_t7,32,14,hdslay1,arr,,,,,,
oname:hdslay1_t7_otype:arr_i:32_j:15,33.74259,0.0,hdslay1_t7,32,15,hdslay1,arr,,,,,,
oname:hdslay1_t7_otype:arr_i:32_j:16,33.74895,0.0,hdslay1_t7,32,16,hdslay1,arr,,,,,,
oname:hdslay1_t7_otype:arr_i:32_j:17,33.75316,0.0,hdslay1_t7,32,17,hdslay1,arr,,,,,,
oname:hdslay1_t7_otype:arr_i:32_j:18,33.75738,0.0,hdslay1_t7,32,18,hdslay1,arr,,,,,,
oname:hdslay1_t7_otype:arr_i:32_j:19,33.75986,0.0,hdslay1_t7,32,19,hdslay1,arr,,,,,,
oname:hdslay1_t7_otype:arr_i:32_j:2,34.06724,0.0,hdslay1_t7,32,2,hdslay1,arr,,,,,,
oname:hdslay1_t7_otype:arr_i:32_j:3,34.02139,0.0,hdslay1_t7,32,3,hdslay1,arr,,,,,,
oname:hdslay1_t7_otype:arr_i:32_j:4,33.96407,0.0,hdslay1_t7,32,4,hdslay1,arr,,,,,,
oname:hdslay1_t7_otype:arr_i:32_j:5,33.9154,0.0,hdslay1_t7,32,5,hdslay1,arr,,,,,,
oname:hdslay1_t7_otype:arr_i:32_j:6,33.8794,0.0,hdslay1_t7,32,6,hdslay1,arr,,,,,,
oname:hdslay1_t7_otype:arr_i:32_j:7,33.85246,0.0,hdslay1_t7,32,7,hdslay1,arr,,,,,,
oname:hdslay1_t7_otype:arr_i:32_j:8,33.83046,0.0,hdslay1_t7,32,8,hdslay1,arr,,,,,,
oname:hdslay1_t7_otype:arr_i:32_j:9,33.81087,0.0,hdslay1_t7,32,9,hdslay1,arr,,,,,,
oname:hdslay1_t7_otype:arr_i:33_j:0,1e+30,0.0,hdslay1_t7,33,0,hdslay1,arr,,,,,,
oname:hdslay1_t7_otype:arr_i:33_j:1,1e+30,0.0,hdslay1_t7,33,1,hdslay1,arr,,,,,,
oname:hdslay1_t7_otype:arr_i:33_j:10,33.7592,0.0,hdslay1_t7,33,10,hdslay1,arr,,,,,,
oname:hdslay1_t7_otype:arr_i:33_j:11,33.72906,0.0,hdslay1_t7,33,11,hdslay1,arr,,,,,,
oname:hdslay1_t7_otype:arr_i:33_j:12,33.70563,0.0,hdslay1_t7,33,12,hdslay1,arr,,,,,,
oname:hdslay1_t7_otype:arr_i:33_j:13,33.7129,0.0,hdslay1_t7,33,13,hdslay1,arr,,,,,,
oname:hdslay1_t7_otype:arr_i:33_j:14,33.71804,0.0,hdslay1_t7,33,14,hdslay1,arr,,,,,,
oname:hdslay1_t7_otype:arr_i:33_j:15,33.72107,0.0,hdslay1_t7,33,15,hdslay1,arr,,,,,,
oname:hdslay1_t7_otype:arr_i:33_j:16,33.73139,0.0,hdslay1_t7,33,16,hdslay1,arr,,,,,,
oname:hdslay1_t7_otype:arr_i:33_j:17,33.73923,0.0,hdslay1_t7,33,17,hdslay1,arr,,,,,,
oname:hdslay1_t7_otype:arr_i:33_j:18,33.74526,0.0,hdslay1_t7,33,18,hdslay1,arr,,,,,,
oname:hdslay1_t7_otype:arr_i:33_j:19,33.74935,0.0,hdslay1_t7,33,19,hdslay1,arr,,,,,,
oname:hdslay1_t7_otype:arr_i:33_j:2,34.03559,0.0,hdslay1_t7,33,2,hdslay1,arr,,,,,,
oname:hdslay1_t7_otype:arr_i:33_j:3,33.98652,0.0,hdslay1_t7,33,3,hdslay1,arr,,,,,,
oname:hdslay1_t7_otype:arr_i:33_j:4,33.92527,0.0,hdslay1_t7,33,4,hdslay1,arr,,,,,,
oname:hdslay1_t7_otype:arr_i:33_j:5,33.88472,0.0,hdslay1_t7,33,5,hdslay1,arr,,,,,,
oname:hdslay1_t7_otype:arr_i:33_j:6,33.85281,0.0,hdslay1_t7,33,6,hdslay1,arr,,,,,,
oname:hdslay1_t7_otype:arr_i:33_j:7,33.8247,0.0,hdslay1_t7,33,7,hdslay1,arr,,,,,,
oname:hdslay1_t7_otype:arr_i:33_j:8,33.79995,0.0,hdslay1_t7,33,8,hdslay1,arr,,,,,,
oname:hdslay1_t7_otype:arr_i:33_j:9,33.7803,0.0,hdslay1_t7,33,9,hdslay1,arr,,,,,,
oname:hdslay1_t7_otype:arr_i:34_j:0,1e+30,0.0,hdslay1_t7,34,0,hdslay1,arr,,,,,,
oname:hdslay1_t7_otype:arr_i:34_j:1,1e+30,0.0,hdslay1_t7,34,1,hdslay1,arr,,,,,,
oname:hdslay1_t7_otype:arr_i:34_j:10,33.72,0.0,hdslay1_t7,34,10,hdslay1,arr,,,,,,
oname:hdslay1_t7_otype:arr_i:34_j:11,33.67441,0.0,hdslay1_t7,34,11,hdslay1,arr,,,,,,
oname:hdslay1_t7_otype:arr_i:34_j:12,33.6012,0.0,hdslay1_t7,34,12,hdslay1,arr,,,,,,
oname:hdslay1_t7_otype:arr_i:34_j:13,33.67208,0.0,hdslay1_t7,34,13,hdslay1,arr,,,,,,
oname:hdslay1_t7_otype:arr_i:34_j:14,33.69029,0.0,hdslay1_t7,34,14,hdslay1,arr,,,,,,
oname:hdslay1_t7_otype:arr_i:34_j:15,33.69619,0.0,hdslay1_t7,34,15,hdslay1,arr,,,,,,
oname:hdslay1_t7_otype:arr_i:34_j:16,33.70943,0.0,hdslay1_t7,34,16,hdslay1,arr,,,,,,
oname:hdslay1_t7_otype:arr_i:34_j:17,33.72167,0.0,hdslay1_t7,34,17,hdslay1,arr,,,,,,
oname:hdslay1_t7_otype:arr_i:34_j:18,33.73256,0.0,hdslay1_t7,34,18,hdslay1,arr,,,,,,
oname:hdslay1_t7_otype:arr_i:34_j:19,33.74261,0.0,hdslay1_t7,34,19,hdslay1,arr,,,,,,
oname:hdslay1_t7_otype:arr_i:34_j:2,1e+30,0.0,hdslay1_t7,34,2,hdslay1,arr,,,,,,
oname:hdslay1_t7_otype:arr_i:34_j:3,33.9334,0.0,hdslay1_t7,34,3,hdslay1,arr,,,,,,
oname:hdslay1_t7_otype:arr_i:34_j:4,33.87506,0.0,hdslay1_t7,34,4,hdslay1,arr,,,,,,
oname:hdslay1_t7_otype:arr_i:34_j:5,33.8452,0.0,hdslay1_t7,34,5,hdslay1,arr,,,,,,
oname:hdslay1_t7_otype:arr_i:34_j:6,33.81318,0.0,hdslay1_t7,34,6,hdslay1,arr,,,,,,
oname:hdslay1_t7_otype:arr_i:34_j:7,33.78772,0.0,hdslay1_t7,34,7,hdslay1,arr,,,,,,
oname:hdslay1_t7_otype:arr_i:34_j:8,33.76723,0.0,hdslay1_t7,34,8,hdslay1,arr,,,,,,
oname:hdslay1_t7_otype:arr_i:34_j:9,33.74769,0.0,hdslay1_t7,34,9,hdslay1,arr,,,,,,
oname:hdslay1_t7_otype:arr_i:35_j:0,1e+30,0.0,hdslay1_t7,35,0,hdslay1,arr,,,,,,
oname:hdslay1_t7_otype:arr_i:35_j:1,1e+30,0.0,hdslay1_t7,35,1,hdslay1,arr,,,,,,
oname:hdslay1_t7_otype:arr_i:35_j:10,33.67907,0.0,hdslay1_t7,35,10,hdslay1,arr,,,,,,
oname:hdslay1_t7_otype:arr_i:35_j:11,33.65509,0.0,hdslay1_t7,35,11,hdslay1,arr,,,,,,
oname:hdslay1_t7_otype:arr_i:35_j:12,33.63738,0.0,hdslay1_t7,35,12,hdslay1,arr,,,,,,
oname:hdslay1_t7_otype:arr_i:35_j:13,33.65594,0.0,hdslay1_t7,35,13,hdslay1,arr,,,,,,
oname:hdslay1_t7_otype:arr_i:35_j:14,33.66889,0.0,hdslay1_t7,35,14,hdslay1,arr,,,,,,
oname:hdslay1_t7_otype:arr_i:35_j:15,33.67586,0.0,hdslay1_t7,35,15,hdslay1,arr,,,,,,
oname:hdslay1_t7_otype:arr_i:35_j:16,33.68721,0.0,hdslay1_t7,35,16,hdslay1,arr,,,,,,
oname:hdslay1_t7_otype:arr_i:35_j:17,33.69959,0.0,hdslay1_t7,35,17,hdslay1,arr,,,,,,
oname:hdslay1_t7_otype:arr_i:35_j:18,33.71073,0.0,hdslay1_t7,35,18,hdslay1,arr,,,,,,
oname:hdslay1_t7_otype:arr_i:35_j:19,1e+30,0.0,hdslay1_t7,35,19,hdslay1,arr,,,,,,
oname:hdslay1_t7_otype:arr_i:35_j:2,1e+30,0.0,hdslay1_t7,35,2,hdslay1,arr,,,,,,
oname:hdslay1_t7_otype:arr_i:35_j:3,1e+30,0.0,hdslay1_t7,35,3,hdslay1,arr,,,,,,
oname:hdslay1_t7_otype:arr_i:35_j:4,33.82261,0.0,hdslay1_t7,35,4,hdslay1,arr,,,,,,
oname:hdslay1_t7_otype:arr_i:35_j:5,33.79753,0.0,hdslay1_t7,35,5,hdslay1,arr,,,,,,
oname:hdslay1_t7_otype:arr_i:35_j:6,33.76703,0.0,hdslay1_t7,35,6,hdslay1,arr,,,,,,
oname:hdslay1_t7_otype:arr_i:35_j:7,33.74338,0.0,hdslay1_t7,35,7,hdslay1,arr,,,,,,
oname:hdslay1_t7_otype:arr_i:35_j:8,33.72614,0.0,hdslay1_t7,35,8,hdslay1,arr,,,,,,
oname:hdslay1_t7_otype:arr_i:35_j:9,33.70717,0.0,hdslay1_t7,35,9,hdslay1,arr,,,,,,
oname:hdslay1_t7_otype:arr_i:36_j:0,1e+30,0.0,hdslay1_t7,36,0,hdslay1,arr,,,,,,
oname:hdslay1_t7_otype:arr_i:36_j:1,1e+30,0.0,hdslay1_t7,36,1,hdslay1,arr,,,,,,
oname:hdslay1_t7_otype:arr_i:36_j:10,33.64286,0.0,hdslay1_t7,36,10,hdslay1,arr,,,,,,
oname:hdslay1_t7_otype:arr_i:36_j:11,33.63332,0.0,hdslay1_t7,36,11,hdslay1,arr,,,,,,
oname:hdslay1_t7_otype:arr_i:36_j:12,33.62486,0.0,hdslay1_t7,36,12,hdslay1,arr,,,,,,
oname:hdslay1_t7_otype:arr_i:36_j:13,33.63373,0.0,hdslay1_t7,36,13,hdslay1,arr,,,,,,
oname:hdslay1_t7_otype:arr_i:36_j:14,33.64646,0.0,hdslay1_t7,36,14,hdslay1,arr,,,,,,
oname:hdslay1_t7_otype:arr_i:36_j:15,33.65687,0.0,hdslay1_t7,36,15,hdslay1,arr,,,,,,
oname:hdslay1_t7_otype:arr_i:36_j:16,33.66737,0.0,hdslay1_t7,36,16,hdslay1,arr,,,,,,
oname:hdslay1_t7_otype:arr_i:36_j:17,33.68097,0.0,hdslay1_t7,36,17,hdslay1,arr,,,,,,
oname:hdslay1_t7_otype:arr_i:36_j:18,33.69611,0.0,hdslay1_t7,36,18,hdslay1,arr,,,,,,
oname:hdslay1_t7_otype:arr_i:36_j:19,1e+30,0.0,hdslay1_t7,36,19,hdslay1,arr,,,,,,
oname:hdslay1_t7_otype:arr_i:36_j:2,1e+30,0.0,hdslay1_t7,36,2,hdslay1,arr,,,,,,
oname:hdslay1_t7_otype:arr_i:36_j:3,1e+30,0.0,hdslay1_t7,36,3,hdslay1,arr,,,,,,
oname:hdslay1_t7_otype:arr_i:36_j:4,33.79068,0.0,hdslay1_t7,36,4,hdslay1,arr,,,,,,
oname:hdslay1_t7_otype:arr_i:36_j:5,33.74677,0.0,hdslay1_t7,36,5,hdslay1,arr,,,,,,
oname:hdslay1_t7_otype:arr_i:36_j:6,33.71655,0.0,hdslay1_t7,36,6,hdslay1,arr,,,,,,
oname:hdslay1_t7_otype:arr_i:36_j:7,33.69627,0.0,hdslay1_t7,36,7,hdslay1,arr,,,,,,
oname:hdslay1_t7_otype:arr_i:36_j:8,33.67886,0.0,hdslay1_t7,36,8,hdslay1,arr,,,,,,
oname:hdslay1_t7_otype:arr_i:36_j:9,33.66278,0.0,hdslay1_t7,36,9,hdslay1,arr,,,,,,
oname:hdslay1_t7_otype:arr_i:37_j:0,1e+30,0.0,hdslay1_t7,37,0,hdslay1,arr,,,,,,
oname:hdslay1_t7_otype:arr_i:37_j:1,1e+30,0.0,hdslay1_t7,37,1,hdslay1,arr,,,,,,
oname:hdslay1_t7_otype:arr_i:37_j:10,33.60422,0.0,hdslay1_t7,37,10,hdslay1,arr,,,,,,
oname:hdslay1_t7_otype:arr_i:37_j:11,33.5929,0.0,hdslay1_t7,37,11,hdslay1,arr,,,,,,
oname:hdslay1_t7_otype:arr_i:37_j:12,33.59115,0.0,hdslay1_t7,37,12,hdslay1,arr,,,,,,
oname:hdslay1_t7_otype:arr_i:37_j:13,33.60363,0.0,hdslay1_t7,37,13,hdslay1,arr,,,,,,
oname:hdslay1_t7_otype:arr_i:37_j:14,33.62161,0.0,hdslay1_t7,37,14,hdslay1,arr,,,,,,
oname:hdslay1_t7_otype:arr_i:37_j:15,33.63849,0.0,hdslay1_t7,37,15,hdslay1,arr,,,,,,
oname:hdslay1_t7_otype:arr_i:37_j:16,33.65049,0.0,hdslay1_t7,37,16,hdslay1,arr,,,,,,
oname:hdslay1_t7_otype:arr_i:37_j:17,33.66424,0.0,hdslay1_t7,37,17,hdslay1,arr,,,,,,
oname:hdslay1_t7_otype:arr_i:37_j:18,1e+30,0.0,hdslay1_t7,37,18,hdslay1,arr,,,,,,
oname:hdslay1_t7_otype:arr_i:37_j:19,1e+30,0.0,hdslay1_t7,37,19,hdslay1,arr,,,,,,
oname:hdslay1_t7_otype:arr_i:37_j:2,1e+30,0.0,hdslay1_t7,37,2,hdslay1,arr,,,,,,
oname:hdslay1_t7_otype:arr_i:37_j:3,1e+30,0.0,hdslay1_t7,37,3,hdslay1,arr,,,,,,
oname:hdslay1_t7_otype:arr_i:37_j:4,1e+30,0.0,hdslay1_t7,37,4,hdslay1,arr,,,,,,
oname:hdslay1_t7_otype:arr_i:37_j:5,33.6704,0.0,hdslay1_t7,37,5,hdslay1,arr,,,,,,
oname:hdslay1_t7_otype:arr_i:37_j:6,33.66297,0.0,hdslay1_t7,37,6,hdslay1,arr,,,,,,
oname:hdslay1_t7_otype:arr_i:37_j:7,33.65066,0.0,hdslay1_t7,37,7,hdslay1,arr,,,,,,
oname:hdslay1_t7_otype:arr_i:37_j:8,33.63416,0.0,hdslay1_t7,37,8,hdslay1,arr,,,,,,
oname:hdslay1_t7_otype:arr_i:37_j:9,33.62007,0.0,hdslay1_t7,37,9,hdslay1,arr,,,,,,
oname:hdslay1_t7_otype:arr_i:38_j:0,1e+30,0.0,hdslay1_t7,38,0,hdslay1,arr,,,,,,
oname:hdslay1_t7_otype:arr_i:38_j:1,1e+30,0.0,hdslay1_t7,38,1,hdslay1,arr,,,,,,
oname:hdslay1_t7_otype:arr_i:38_j:10,33.54268,0.0,hdslay1_t7,38,10,hdslay1,arr,,,,,,
oname:hdslay1_t7_otype:arr_i:38_j:11,33.52779,0.0,hdslay1_t7,38,11,hdslay1,arr,,,,,,
oname:hdslay1_t7_otype:arr_i:38_j:12,33.53591,0.0,hdslay1_t7,38,12,hdslay1,arr,,,,,,
oname:hdslay1_t7_otype:arr_i:38_j:13,33.55885,0.0,hdslay1_t7,38,13,hdslay1,arr,,,,,,
oname:hdslay1_t7_otype:arr_i:38_j:14,33.58955,0.0,hdslay1_t7,38,14,hdslay1,arr,,,,,,
oname:hdslay1_t7_otype:arr_i:38_j:15,33.61702,0.0,hdslay1_t7,38,15,hdslay1,arr,,,,,,
oname:hdslay1_t7_otype:arr_i:38_j:16,33.63688,0.0,hdslay1_t7,38,16,hdslay1,arr,,,,,,
oname:hdslay1_t7_otype:arr_i:38_j:17,1e+30,0.0,hdslay1_t7,38,17,hdslay1,arr,,,,,,
oname:hdslay1_t7_otype:arr_i:38_j:18,1e+30,0.0,hdslay1_t7,38,18,hdslay1,arr,,,,,,
oname:hdslay1_t7_otype:arr_i:38_j:19,1e+30,0.0,hdslay1_t7,38,19,hdslay1,arr,,,,,,
oname:hdslay1_t7_otype:arr_i:38_j:2,1e+30,0.0,hdslay1_t7,38,2,hdslay1,arr,,,,,,
oname:hdslay1_t7_otype:arr_i:38_j:3,1e+30,0.0,hdslay1_t7,38,3,hdslay1,arr,,,,,,
oname:hdslay1_t7_otype:arr_i:38_j:4,1e+30,0.0,hdslay1_t7,38,4,hdslay1,arr,,,,,,
oname:hdslay1_t7_otype:arr_i:38_j:5,33.60586,0.0,hdslay1_t7,38,5,hdslay1,arr,,,,,,
oname:hdslay1_t7_otype:arr_i:38_j:6,33.60422,0.0,hdslay1_t7,38,6,hdslay1,arr,,,,,,
oname:hdslay1_t7_otype:arr_i:38_j:7,33.5904,0.0,hdslay1_t7,38,7,hdslay1,arr,,,,,,
oname:hdslay1_t7_otype:arr_i:38_j:8,33.57895,0.0,hdslay1_t7,38,8,hdslay1,arr,,,,,,
oname:hdslay1_t7_otype:arr_i:38_j:9,33.56271,0.0,hdslay1_t7,38,9,hdslay1,arr,,,,,,
oname:hdslay1_t7_otype:arr_i:39_j:0,1e+30,0.0,hdslay1_t7,39,0,hdslay1,arr,,,,,,
oname:hdslay1_t7_otype:arr_i:39_j:1,1e+30,0.0,hdslay1_t7,39,1,hdslay1,arr,,,,,,
oname:hdslay1_t7_otype:arr_i:39_j:10,33.43985,0.0,hdslay1_t7,39,10,hdslay1,arr,,,,,,
oname:hdslay1_t7_otype:arr_i:39_j:11,33.44136,0.0,hdslay1_t7,39,11,hdslay1,arr,,,,,,
oname:hdslay1_t7_otype:arr_i:39_j:12,33.45688,0.0,hdslay1_t7,39,12,hdslay1,arr,,,,,,
oname:hdslay1_t7_otype:arr_i:39_j:13,33.49052,0.0,hdslay1_t7,39,13,hdslay1,arr,,,,,,
oname:hdslay1_t7_otype:arr_i:39_j:14,33.5314,0.0,hdslay1_t7,39,14,hdslay1,arr,,,,,,
oname:hdslay1_t7_otype:arr_i:39_j:15,33.58859,0.0,hdslay1_t7,39,15,hdslay1,arr,,,,,,
oname:hdslay1_t7_otype:arr_i:39_j:16,1e+30,0.0,hdslay1_t7,39,16,hdslay1,arr,,,,,,
oname:hdslay1_t7_otype:arr_i:39_j:17,1e+30,0.0,hdslay1_t7,39,17,hdslay1,arr,,,,,,
oname:hdslay1_t7_otype:arr_i:39_j:18,1e+30,0.0,hdslay1_t7,39,18,hdslay1,arr,,,,,,
oname:hdslay1_t7_otype:arr_i:39_j:19,1e+30,0.0,hdslay1_t7,39,19,hdslay1,arr,,,,,,
oname:hdslay1_t7_otype:arr_i:39_j:2,1e+30,0.0,hdslay1_t7,39,2,hdslay1,arr,,,,,,
oname:hdslay1_t7_otype:arr_i:39_j:3,1e+30,0.0,hdslay1_t7,39,3,hdslay1,arr,,,,,,
oname:hdslay1_t7_otype:arr_i:39_j:4,1e+30,0.0,hdslay1_t7,39,4,hdslay1,arr,,,,,,
oname:hdslay1_t7_otype:arr_i:39_j:5,33.52987,0.0,hdslay1_t7,39,5,hdslay1,arr,,,,,,
oname:hdslay1_t7_otype:arr_i:39_j:6,33.52141,0.0,hdslay1_t7,39,6,hdslay1,arr,,,,,,
oname:hdslay1_t7_otype:arr_i:39_j:7,33.51466,0.0,hdslay1_t7,39,7,hdslay1,arr,,,,,,
oname:hdslay1_t7_otype:arr_i:39_j:8,33.50099,0.0,hdslay1_t7,39,8,hdslay1,arr,,,,,,
oname:hdslay1_t7_otype:arr_i:39_j:9,33.47549,0.0,hdslay1_t7,39,9,hdslay1,arr,,,,,,
oname:hdslay1_t7_otype:arr_i:3_j:0,35.62952,0.0,hdslay1_t7,3,0,hdslay1,arr,,,,,,
oname:hdslay1_t7_otype:arr_i:3_j:1,35.61827,0.0,hdslay1_t7,3,1,hdslay1,arr,,,,,,
oname:hdslay1_t7_otype:arr_i:3_j:10,34.70208,0.0,hdslay1_t7,3,10,hdslay1,arr,,,,,,
oname:hdslay1_t7_otype:arr_i:3_j:11,34.6281,0.0,hdslay1_t7,3,11,hdslay1,arr,,,,,,
oname:hdslay1_t7_otype:arr_i:3_j:12,34.5536,0.0,hdslay1_t7,3,12,hdslay1,arr,,,,,,
oname:hdslay1_t7_otype:arr_i:3_j:13,34.47087,0.0,hdslay1_t7,3,13,hdslay1,arr,,,,,,
oname:hdslay1_t7_otype:arr_i:3_j:14,34.39992,0.0,hdslay1_t7,3,14,hdslay1,arr,,,,,,
oname:hdslay1_t7_otype:arr_i:3_j:15,34.33691,0.0,hdslay1_t7,3,15,hdslay1,arr,,,,,,
oname:hdslay1_t7_otype:arr_i:3_j:16,34.32431,0.0,hdslay1_t7,3,16,hdslay1,arr,,,,,,
oname:hdslay1_t7_otype:arr_i:3_j:17,34.31321,0.0,hdslay1_t7,3,17,hdslay1,arr,,,,,,
oname:hdslay1_t7_otype:arr_i:3_j:18,34.3058,0.0,hdslay1_t7,3,18,hdslay1,arr,,,,,,
oname:hdslay1_t7_otype:arr_i:3_j:19,34.30278,0.0,hdslay1_t7,3,19,hdslay1,arr,,,,,,
oname:hdslay1_t7_otype:arr_i:3_j:2,35.59913,0.0,hdslay1_t7,3,2,hdslay1,arr,,,,,,
oname:hdslay1_t7_otype:arr_i:3_j:3,35.55022,0.0,hdslay1_t7,3,3,hdslay1,arr,,,,,,
oname:hdslay1_t7_otype:arr_i:3_j:4,35.47,0.0,hdslay1_t7,3,4,hdslay1,arr,,,,,,
oname:hdslay1_t7_otype:arr_i:3_j:5,35.35595,0.0,hdslay1_t7,3,5,hdslay1,arr,,,,,,
oname:hdslay1_t7_otype:arr_i:3_j:6,35.20492,0.0,hdslay1_t7,3,6,hdslay1,arr,,,,,,
oname:hdslay1_t7_otype:arr_i:3_j:7,35.04491,0.0,hdslay1_t7,3,7,hdslay1,arr,,,,,,
oname:hdslay1_t7_otype:arr_i:3_j:8,34.9038,0.0,hdslay1_t7,3,8,hdslay1,arr,,,,,,
oname:hdslay1_t7_otype:arr_i:3_j:9,34.7923,0.0,hdslay1_t7,3,9,hdslay1,arr,,,,,,
oname:hdslay1_t7_otype:arr_i:4_j:0,35.60848,0.0,hdslay1_t7,4,0,hdslay1,arr,,,,,,
oname:hdslay1_t7_otype:arr_i:4_j:1,35.60073,0.0,hdslay1_t7,4,1,hdslay1,arr,,,,,,
oname:hdslay1_t7_otype:arr_i:4_j:10,34.70509,0.0,hdslay1_t7,4,10,hdslay1,arr,,,,,,
oname:hdslay1_t7_otype:arr_i:4_j:11,34.6252,0.0,hdslay1_t7,4,11,hdslay1,arr,,,,,,
oname:hdslay1_t7_otype:arr_i:4_j:12,34.53352,0.0,hdslay1_t7,4,12,hdslay1,arr,,,,,,
oname:hdslay1_t7_otype:arr_i:4_j:13,34.44611,0.0,hdslay1_t7,4,13,hdslay1,arr,,,,,,
oname:hdslay1_t7_otype:arr_i:4_j:14,34.37521,0.0,hdslay1_t7,4,14,hdslay1,arr,,,,,,
oname:hdslay1_t7_otype:arr_i:4_j:15,34.31538,0.0,hdslay1_t7,4,15,hdslay1,arr,,,,,,
oname:hdslay1_t7_otype:arr_i:4_j:16,34.29804,0.0,hdslay1_t7,4,16,hdslay1,arr,,,,,,
oname:hdslay1_t7_otype:arr_i:4_j:17,34.2873,0.0,hdslay1_t7,4,17,hdslay1,arr,,,,,,
oname:hdslay1_t7_otype:arr_i:4_j:18,34.28348,0.0,hdslay1_t7,4,18,hdslay1,arr,,,,,,
oname:hdslay1_t7_otype:arr_i:4_j:19,34.28296,0.0,hdslay1_t7,4,19,hdslay1,arr,,,,,,
oname:hdslay1_t7_otype:arr_i:4_j:2,35.5863,0.0,hdslay1_t7,4,2,hdslay1,arr,,,,,,
oname:hdslay1_t7_otype:arr_i:4_j:3,35.54709,0.0,hdslay1_t7,4,3,hdslay1,arr,,,,,,
oname:hdslay1_t7_otype:arr_i:4_j:4,35.47927,0.0,hdslay1_t7,4,4,hdslay1,arr,,,,,,
oname:hdslay1_t7_otype:arr_i:4_j:5,35.38072,0.0,hdslay1_t7,4,5,hdslay1,arr,,,,,,
oname:hdslay1_t7_otype:arr_i:4_j:6,35.24935,0.0,hdslay1_t7,4,6,hdslay1,arr,,,,,,
oname:hdslay1_t7_otype:arr_i:4_j:7,35.0843,0.0,hdslay1_t7,4,7,hdslay1,arr,,,,,,
oname:hdslay1_t7_otype:arr_i:4_j:8,34.92653,0.0,hdslay1_t7,4,8,hdslay1,arr,,,,,,
oname:hdslay1_t7_otype:arr_i:4_j:9,34.80342,0.0,hdslay1_t7,4,9,hdslay1,arr,,,,,,
oname:hdslay1_t7_otype:arr_i:5_j:0,35.588,0.0,hdslay1_t7,5,0,hdslay1,arr,,,,,,
oname:hdslay1_t7_otype:arr_i:5_j:1,35.58306,0.0,hdslay1_t7,5,1,hdslay1,arr,,,,,,
oname:hdslay1_t7_otype:arr_i:5_j:10,34.69913,0.0,hdslay1_t7,5,10,hdslay1,arr,,,,,,
oname:hdslay1_t7_otype:arr_i:5_j:11,34.60871,0.0,hdslay1_t7,5,11,hdslay1,arr,,,,,,
oname:hdslay1_t7_otype:arr_i:5_j:12,34.51041,0.0,hdslay1_t7,5,12,hdslay1,arr,,,,,,
oname:hdslay1_t7_otype:arr_i:5_j:13,34.41779,0.0,hdslay1_t7,5,13,hdslay1,arr,,,,,,
oname:hdslay1_t7_otype:arr_i:5_j:14,34.34027,0.0,hdslay1_t7,5,14,hdslay1,arr,,,,,,
oname:hdslay1_t7_otype:arr_i:5_j:15,34.28036,0.0,hdslay1_t7,5,15,hdslay1,arr,,,,,,
oname:hdslay1_t7_otype:arr_i:5_j:16,34.26774,0.0,hdslay1_t7,5,16,hdslay1,arr,,,,,,
oname:hdslay1_t7_otype:arr_i:5_j:17,34.25852,0.0,hdslay1_t7,5,17,hdslay1,arr,,,,,,
oname:hdslay1_t7_otype:arr_i:5_j:18,34.25806,0.0,hdslay1_t7,5,18,hdslay1,arr,,,,,,
oname:hdslay1_t7_otype:arr_i:5_j:19,34.26053,0.0,hdslay1_t7,5,19,hdslay1,arr,,,,,,
oname:hdslay1_t7_otype:arr_i:5_j:2,35.56872,0.0,hdslay1_t7,5,2,hdslay1,arr,,,,,,
oname:hdslay1_t7_otype:arr_i:5_j:3,35.53606,0.0,hdslay1_t7,5,3,hdslay1,arr,,,,,,
oname:hdslay1_t7_otype:arr_i:5_j:4,35.48024,0.0,hdslay1_t7,5,4,hdslay1,arr,,,,,,
oname:hdslay1_t7_otype:arr_i:5_j:5,35.38884,0.0,hdslay1_t7,5,5,hdslay1,arr,,,,,,
oname:hdslay1_t7_otype:arr_i:5_j:6,35.26208,0.0,hdslay1_t7,5,6,hdslay1,arr,,,,,,
oname:hdslay1_t7_otype:arr_i:5_j:7,35.1192,0.0,hdslay1_t7,5,7,hdslay1,arr,,,,,,
oname:hdslay1_t7_otype:arr_i:5_j:8,34.96401,0.0,hdslay1_t7,5,8,hdslay1,arr,,,,,,
oname:hdslay1_t7_otype:arr_i:5_j:9,34.81013,0.0,hdslay1_t7,5,9,hdslay1,arr,,,,,,
oname:hdslay1_t7_otype:arr_i:6_j:0,35.57554,0.0,hdslay1_t7,6,0,hdslay1,arr,,,,,,
oname:hdslay1_t7_otype:arr_i:6_j:1,35.57105,0.0,hdslay1_t7,6,1,hdslay1,arr,,,,,,
oname:hdslay1_t7_otype:arr_i:6_j:10,34.67585,0.0,hdslay1_t7,6,10,hdslay1,arr,,,,,,
oname:hdslay1_t7_otype:arr_i:6_j:11,34.57573,0.0,hdslay1_t7,6,11,hdslay1,arr,,,,,,
oname:hdslay1_t7_otype:arr_i:6_j:12,34.46506,0.0,hdslay1_t7,6,12,hdslay1,arr,,,,,,
oname:hdslay1_t7_otype:arr_i:6_j:13,34.36452,0.0,hdslay1_t7,6,13,hdslay1,arr,,,,,,
oname:hdslay1_t7_otype:arr_i:6_j:14,34.29225,0.0,hdslay1_t7,6,14,hdslay1,arr,,,,,,
oname:hdslay1_t7_otype:arr_i:6_j:15,34.2365,0.0,hdslay1_t7,6,15,hdslay1,arr,,,,,,
oname:hdslay1_t7_otype:arr_i:6_j:16,34.23075,0.0,hdslay1_t7,6,16,hdslay1,arr,,,,,,
oname:hdslay1_t7_otype:arr_i:6_j:17,34.22503,0.0,hdslay1_t7,6,17,hdslay1,arr,,,,,,
oname:hdslay1_t7_otype:arr_i:6_j:18,34.225,0.0,hdslay1_t7,6,18,hdslay1,arr,,,,,,
oname:hdslay1_t7_otype:arr_i:6_j:19,34.22489,0.0,hdslay1_t7,6,19,hdslay1,arr,,,,,,
oname:hdslay1_t7_otype:arr_i:6_j:2,35.55969,0.0,hdslay1_t7,6,2,hdslay1,arr,,,,,,
oname:hdslay1_t7_otype:arr_i:6_j:3,35.53534,0.0,hdslay1_t7,6,3,hdslay1,arr,,,,,,
oname:hdslay1_t7_otype:arr_i:6_j:4,35.48556,0.0,hdslay1_t7,6,4,hdslay1,arr,,,,,,
oname:hdslay1_t7_otype:arr_i:6_j:5,35.3864,0.0,hdslay1_t7,6,5,hdslay1,arr,,,,,,
oname:hdslay1_t7_otype:arr_i:6_j:6,35.25106,0.0,hdslay1_t7,6,6,hdslay1,arr,,,,,,
oname:hdslay1_t7_otype:arr_i:6_j:7,35.10992,0.0,hdslay1_t7,6,7,hdslay1,arr,,,,,,
oname:hdslay1_t7_otype:arr_i:6_j:8,34.95833,0.0,hdslay1_t7,6,8,hdslay1,arr,,,,,,
oname:hdslay1_t7_otype:arr_i:6_j:9,34.79709,0.0,hdslay1_t7,6,9,hdslay1,arr,,,,,,
oname:hdslay1_t7_otype:arr_i:7_j:0,35.56728,0.0,hdslay1_t7,7,0,hdslay1,arr,,,,,,
oname:hdslay1_t7_otype:arr_i:7_j:1,35.56399,0.0,hdslay1_t7,7,1,hdslay1,arr,,,,,,
oname:hdslay1_t7_otype:arr_i:7_j:10,34.6186,0.0,hdslay1_t7,7,10,hdslay1,arr,,,,,,
oname:hdslay1_t7_otype:arr_i:7_j:11,34.5162,0.0,hdslay1_t7,7,11,hdslay1,arr,,,,,,
oname:hdslay1_t7_otype:arr_i:7_j:12,34.39392,0.0,hdslay1_t7,7,12,hdslay1,arr,,,,,,
oname:hdslay1_t7_otype:arr_i:7_j:13,34.29461,0.0,hdslay1_t7,7,13,hdslay1,arr,,,,,,
oname:hdslay1_t7_otype:arr_i:7_j:14,34.23053,0.0,hdslay1_t7,7,14,hdslay1,arr,,,,,,
oname:hdslay1_t7_otype:arr_i:7_j:15,34.18374,0.0,hdslay1_t7,7,15,hdslay1,arr,,,,,,
oname:hdslay1_t7_otype:arr_i:7_j:16,34.17287,0.0,hdslay1_t7,7,16,hdslay1,arr,,,,,,
oname:hdslay1_t7_otype:arr_i:7_j:17,34.18072,0.0,hdslay1_t7,7,17,hdslay1,arr,,,,,,
oname:hdslay1_t7_otype:arr_i:7_j:18,34.18299,0.0,hdslay1_t7,7,18,hdslay1,arr,,,,,,
oname:hdslay1_t7_otype:arr_i:7_j:19,34.18278,0.0,hdslay1_t7,7,19,hdslay1,arr,,,,,,
oname:hdslay1_t7_otype:arr_i:7_j:2,35.556,0.0,hdslay1_t7,7,2,hdslay1,arr,,,,,,
oname:hdslay1_t7_otype:arr_i:7_j:3,35.53927,0.0,hdslay1_t7,7,3,hdslay1,arr,,,,,,
oname:hdslay1_t7_otype:arr_i:7_j:4,35.48432,0.0,hdslay1_t7,7,4,hdslay1,arr,,,,,,
oname:hdslay1_t7_otype:arr_i:7_j:5,35.38066,0.0,hdslay1_t7,7,5,hdslay1,arr,,,,,,
oname:hdslay1_t7_otype:arr_i:7_j:6,35.2537,0.0,hdslay1_t7,7,6,hdslay1,arr,,,,,,
oname:hdslay1_t7_otype:arr_i:7_j:7,35.08251,0.0,hdslay1_t7,7,7,hdslay1,arr,,,,,,
oname:hdslay1_t7_otype:arr_i:7_j:8,34.89122,0.0,hdslay1_t7,7,8,hdslay1,arr,,,,,,
oname:hdslay1_t7_otype:arr_i:7_j:9,34.72727,0.0,hdslay1_t7,7,9,hdslay1,arr,,,,,,
oname:hdslay1_t7_otype:arr_i:8_j:0,35.55991,0.0,hdslay1_t7,8,0,hdslay1,arr,,,,,,
oname:hdslay1_t7_otype:arr_i:8_j:1,35.55848,0.0,hdslay1_t7,8,1,hdslay1,arr,,,,,,
oname:hdslay1_t7_otype:arr_i:8_j:10,34.52472,0.0,hdslay1_t7,8,10,hdslay1,arr,,,,,,
oname:hdslay1_t7_otype:arr_i:8_j:11,34.41744,0.0,hdslay1_t7,8,11,hdslay1,arr,,,,,,
oname:hdslay1_t7_otype:arr_i:8_j:12,34.29728,0.0,hdslay1_t7,8,12,hdslay1,arr,,,,,,
oname:hdslay1_t7_otype:arr_i:8_j:13,34.21576,0.0,hdslay1_t7,8,13,hdslay1,arr,,,,,,
oname:hdslay1_t7_otype:arr_i:8_j:14,34.16228,0.0,hdslay1_t7,8,14,hdslay1,arr,,,,,,
oname:hdslay1_t7_otype:arr_i:8_j:15,34.12069,0.0,hdslay1_t7,8,15,hdslay1,arr,,,,,,
oname:hdslay1_t7_otype:arr_i:8_j:16,34.09914,0.0,hdslay1_t7,8,16,hdslay1,arr,,,,,,
oname:hdslay1_t7_otype:arr_i:8_j:17,34.12167,0.0,hdslay1_t7,8,17,hdslay1,arr,,,,,,
oname:hdslay1_t7_otype:arr_i:8_j:18,34.14012,0.0,hdslay1_t7,8,18,hdslay1,arr,,,,,,
oname:hdslay1_t7_otype:arr_i:8_j:19,34.14609,0.0,hdslay1_t7,8,19,hdslay1,arr,,,,,,
oname:hdslay1_t7_otype:arr_i:8_j:2,35.55568,0.0,hdslay1_t7,8,2,hdslay1,arr,,,,,,
oname:hdslay1_t7_otype:arr_i:8_j:3,35.5506,0.0,hdslay1_t7,8,3,hdslay1,arr,,,,,,
oname:hdslay1_t7_otype:arr_i:8_j:4,1e+30,0.0,hdslay1_t7,8,4,hdslay1,arr,,,,,,
oname:hdslay1_t7_otype:arr_i:8_j:5,1e+30,0.0,hdslay1_t7,8,5,hdslay1,arr,,,,,,
oname:hdslay1_t7_otype:arr_i:8_j:6,1e+30,0.0,hdslay1_t7,8,6,hdslay1,arr,,,,,,
oname:hdslay1_t7_otype:arr_i:8_j:7,34.94034,0.0,hdslay1_t7,8,7,hdslay1,arr,,,,,,
oname:hdslay1_t7_otype:arr_i:8_j:8,34.74863,0.0,hdslay1_t7,8,8,hdslay1,arr,,,,,,
oname:hdslay1_t7_otype:arr_i:8_j:9,34.62327,0.0,hdslay1_t7,8,9,hdslay1,arr,,,,,,
oname:hdslay1_t7_otype:arr_i:9_j:0,35.54982,0.0,hdslay1_t7,9,0,hdslay1,arr,,,,,,
oname:hdslay1_t7_otype:arr_i:9_j:1,35.54717,0.0,hdslay1_t7,9,1,hdslay1,arr,,,,,,
oname:hdslay1_t7_otype:arr_i:9_j:10,34.41269,0.0,hdslay1_t7,9,10,hdslay1,arr,,,,,,
oname:hdslay1_t7_otype:arr_i:9_j:11,34.31073,0.0,hdslay1_t7,9,11,hdslay1,arr,,,,,,
oname:hdslay1_t7_otype:arr_i:9_j:12,34.21335,0.0,hdslay1_t7,9,12,hdslay1,arr,,,,,,
oname:hdslay1_t7_otype:arr_i:9_j:13,34.15073,0.0,hdslay1_t7,9,13,hdslay1,arr,,,,,,
oname:hdslay1_t7_otype:arr_i:9_j:14,34.10993,0.0,hdslay1_t7,9,14,hdslay1,arr,,,,,,
oname:hdslay1_t7_otype:arr_i:9_j:15,34.07482,0.0,hdslay1_t7,9,15,hdslay1,arr,,,,,,
oname:hdslay1_t7_otype:arr_i:9_j:16,33.99175,0.0,hdslay1_t7,9,16,hdslay1,arr,,,,,,
oname:hdslay1_t7_otype:arr_i:9_j:17,34.07552,0.0,hdslay1_t7,9,17,hdslay1,arr,,,,,,
oname:hdslay1_t7_otype:arr_i:9_j:18,34.1077,0.0,hdslay1_t7,9,18,hdslay1,arr,,,,,,
oname:hdslay1_t7_otype:arr_i:9_j:19,34.12067,0.0,hdslay1_t7,9,19,hdslay1,arr,,,,,,
oname:hdslay1_t7_otype:arr_i:9_j:2,35.54669,0.0,hdslay1_t7,9,2,hdslay1,arr,,,,,,
oname:hdslay1_t7_otype:arr_i:9_j:3,35.54294,0.0,hdslay1_t7,9,3,hdslay1,arr,,,,,,
oname:hdslay1_t7_otype:arr_i:9_j:4,1e+30,0.0,hdslay1_t7,9,4,hdslay1,arr,,,,,,
oname:hdslay1_t7_otype:arr_i:9_j:5,1e+30,0.0,hdslay1_t7,9,5,hdslay1,arr,,,,,,
oname:hdslay1_t7_otype:arr_i:9_j:6,1e+30,0.0,hdslay1_t7,9,6,hdslay1,arr,,,,,,
oname:hdslay1_t7_otype:arr_i:9_j:7,1e+30,0.0,hdslay1_t7,9,7,hdslay1,arr,,,,,,
oname:hdslay1_t7_otype:arr_i:9_j:8,34.5446,0.0,hdslay1_t7,9,8,hdslay1,arr,,,,,,
oname:hdslay1_t7_otype:arr_i:9_j:9,34.48625,0.0,hdslay1_t7,9,9,hdslay1,arr,,,,,,
oname:hdslay1_t8_otype:arr_i:0_j:0,35.53445,0.0,hdslay1_t8,0,0,hdslay1,arr,,,,,,
oname:hdslay1_t8_otype:arr_i:0_j:1,35.51675,0.0,hdslay1_t8,0,1,hdslay1,arr,,,,,,
oname:hdslay1_t8_otype:arr_i:0_j:10,34.65054,0.0,hdslay1_t8,0,10,hdslay1,arr,,,,,,
oname:hdslay1_t8_otype:arr_i:0_j:11,34.57927,0.0,hdslay1_t8,0,11,hdslay1,arr,,,,,,
oname:hdslay1_t8_otype:arr_i:0_j:12,34.52165,0.0,hdslay1_t8,0,12,hdslay1,arr,,,,,,
oname:hdslay1_t8_otype:arr_i:0_j:13,34.46372,0.0,hdslay1_t8,0,13,hdslay1,arr,,,,,,
oname:hdslay1_t8_otype:arr_i:0_j:14,34.40299,0.0,hdslay1_t8,0,14,hdslay1,arr,,,,,,
oname:hdslay1_t8_otype:arr_i:0_j:15,34.32802,0.0,hdslay1_t8,0,15,hdslay1,arr,,,,,,
oname:hdslay1_t8_otype:arr_i:0_j:16,34.3263,0.0,hdslay1_t8,0,16,hdslay1,arr,,,,,,
oname:hdslay1_t8_otype:arr_i:0_j:17,34.32323,0.0,hdslay1_t8,0,17,hdslay1,arr,,,,,,
oname:hdslay1_t8_otype:arr_i:0_j:18,34.31964,0.0,hdslay1_t8,0,18,hdslay1,arr,,,,,,
oname:hdslay1_t8_otype:arr_i:0_j:19,34.31765,0.0,hdslay1_t8,0,19,hdslay1,arr,,,,,,
oname:hdslay1_t8_otype:arr_i:0_j:2,35.47915,0.0,hdslay1_t8,0,2,hdslay1,arr,,,,,,
oname:hdslay1_t8_otype:arr_i:0_j:3,35.43127,0.0,hdslay1_t8,0,3,hdslay1,arr,,,,,,
oname:hdslay1_t8_otype:arr_i:0_j:4,35.35092,0.0,hdslay1_t8,0,4,hdslay1,arr,,,,,,
oname:hdslay1_t8_otype:arr_i:0_j:5,35.2233,0.0,hdslay1_t8,0,5,hdslay1,arr,,,,,,
oname:hdslay1_t8_otype:arr_i:0_j:6,35.06936,0.0,hdslay1_t8,0,6,hdslay1,arr,,,,,,
oname:hdslay1_t8_otype:arr_i:0_j:7,34.93357,0.0,hdslay1_t8,0,7,hdslay1,arr,,,,,,
oname:hdslay1_t8_otype:arr_i:0_j:8,34.81911,0.0,hdslay1_t8,0,8,hdslay1,arr,,,,,,
oname:hdslay1_t8_otype:arr_i:0_j:9,34.72683,0.0,hdslay1_t8,0,9,hdslay1,arr,,,,,,
oname:hdslay1_t8_otype:arr_i:10_j:0,35.43143,0.0,hdslay1_t8,10,0,hdslay1,arr,,,,,,
oname:hdslay1_t8_otype:arr_i:10_j:1,35.42858,0.0,hdslay1_t8,10,1,hdslay1,arr,,,,,,
oname:hdslay1_t8_otype:arr_i:10_j:10,34.27916,0.0,hdslay1_t8,10,10,hdslay1,arr,,,,,,
oname:hdslay1_t8_otype:arr_i:10_j:11,34.19456,0.0,hdslay1_t8,10,11,hdslay1,arr,,,,,,
oname:hdslay1_t8_otype:arr_i:10_j:12,34.11686,0.0,hdslay1_t8,10,12,hdslay1,arr,,,,,,
oname:hdslay1_t8_otype:arr_i:10_j:13,34.06087,0.0,hdslay1_t8,10,13,hdslay1,arr,,,,,,
oname:hdslay1_t8_otype:arr_i:10_j:14,34.05063,0.0,hdslay1_t8,10,14,hdslay1,arr,,,,,,
oname:hdslay1_t8_otype:arr_i:10_j:15,34.03756,0.0,hdslay1_t8,10,15,hdslay1,arr,,,,,,
oname:hdslay1_t8_otype:arr_i:10_j:16,34.02723,0.0,hdslay1_t8,10,16,hdslay1,arr,,,,,,
oname:hdslay1_t8_otype:arr_i:10_j:17,34.0463,0.0,hdslay1_t8,10,17,hdslay1,arr,,,,,,
oname:hdslay1_t8_otype:arr_i:10_j:18,34.06239,0.0,hdslay1_t8,10,18,hdslay1,arr,,,,,,
oname:hdslay1_t8_otype:arr_i:10_j:19,34.0707,0.0,hdslay1_t8,10,19,hdslay1,arr,,,,,,
oname:hdslay1_t8_otype:arr_i:10_j:2,35.42722,0.0,hdslay1_t8,10,2,hdslay1,arr,,,,,,
oname:hdslay1_t8_otype:arr_i:10_j:3,35.42412,0.0,hdslay1_t8,10,3,hdslay1,arr,,,,,,
oname:hdslay1_t8_otype:arr_i:10_j:4,1e+30,0.0,hdslay1_t8,10,4,hdslay1,arr,,,,,,
oname:hdslay1_t8_otype:arr_i:10_j:5,1e+30,0.0,hdslay1_t8,10,5,hdslay1,arr,,,,,,
oname:hdslay1_t8_otype:arr_i:10_j:6,1e+30,0.0,hdslay1_t8,10,6,hdslay1,arr,,,,,,
oname:hdslay1_t8_otype:arr_i:10_j:7,1e+30,0.0,hdslay1_t8,10,7,hdslay1,arr,,,,,,
oname:hdslay1_t8_otype:arr_i:10_j:8,34.36101,0.0,hdslay1_t8,10,8,hdslay1,arr,,,,,,
oname:hdslay1_t8_otype:arr_i:10_j:9,34.32954,0.0,hdslay1_t8,10,9,hdslay1,arr,,,,,,
oname:hdslay1_t8_otype:arr_i:11_j:0,35.39195,0.0,hdslay1_t8,11,0,hdslay1,arr,,,,,,
oname:hdslay1_t8_otype:arr_i:11_j:1,35.38988,0.0,hdslay1_t8,11,1,hdslay1,arr,,,,,,
oname:hdslay1_t8_otype:arr_i:11_j:10,34.22088,0.0,hdslay1_t8,11,10,hdslay1,arr,,,,,,
oname:hdslay1_t8_otype:arr_i:11_j:11,34.15383,0.0,hdslay1_t8,11,11,hdslay1,arr,,,,,,
oname:hdslay1_t8_otype:arr_i:11_j:12,34.08031,0.0,hdslay1_t8,11,12,hdslay1,arr,,,,,,
oname:hdslay1_t8_otype:arr_i:11_j:13,33.98457,0.0,hdslay1_t8,11,13,hdslay1,arr,,,,,,
oname:hdslay1_t8_otype:arr_i:11_j:14,34.02929,0.0,hdslay1_t8,11,14,hdslay1,arr,,,,,,
oname:hdslay1_t8_otype:arr_i:11_j:15,34.03227,0.0,hdslay1_t8,11,15,hdslay1,arr,,,,,,
oname:hdslay1_t8_otype:arr_i:11_j:16,34.03963,0.0,hdslay1_t8,11,16,hdslay1,arr,,,,,,
oname:hdslay1_t8_otype:arr_i:11_j:17,34.05173,0.0,hdslay1_t8,11,17,hdslay1,arr,,,,,,
oname:hdslay1_t8_otype:arr_i:11_j:18,34.06241,0.0,hdslay1_t8,11,18,hdslay1,arr,,,,,,
oname:hdslay1_t8_otype:arr_i:11_j:19,34.06795,0.0,hdslay1_t8,11,19,hdslay1,arr,,,,,,
oname:hdslay1_t8_otype:arr_i:11_j:2,35.38833,0.0,hdslay1_t8,11,2,hdslay1,arr,,,,,,
oname:hdslay1_t8_otype:arr_i:11_j:3,35.39012,0.0,hdslay1_t8,11,3,hdslay1,arr,,,,,,
oname:hdslay1_t8_otype:arr_i:11_j:4,1e+30,0.0,hdslay1_t8,11,4,hdslay1,arr,,,,,,
oname:hdslay1_t8_otype:arr_i:11_j:5,1e+30,0.0,hdslay1_t8,11,5,hdslay1,arr,,,,,,
oname:hdslay1_t8_otype:arr_i:11_j:6,1e+30,0.0,hdslay1_t8,11,6,hdslay1,arr,,,,,,
oname:hdslay1_t8_otype:arr_i:11_j:7,1e+30,0.0,hdslay1_t8,11,7,hdslay1,arr,,,,,,
oname:hdslay1_t8_otype:arr_i:11_j:8,34.28336,0.0,hdslay1_t8,11,8,hdslay1,arr,,,,,,
oname:hdslay1_t8_otype:arr_i:11_j:9,34.26284,0.0,hdslay1_t8,11,9,hdslay1,arr,,,,,,
oname:hdslay1_t8_otype:arr_i:12_j:0,35.34596,0.0,hdslay1_t8,12,0,hdslay1,arr,,,,,,
oname:hdslay1_t8_otype:arr_i:12_j:1,35.34331,0.0,hdslay1_t8,12,1,hdslay1,arr,,,,,,
oname:hdslay1_t8_otype:arr_i:12_j:10,34.19396,0.0,hdslay1_t8,12,10,hdslay1,arr,,,,,,
oname:hdslay1_t8_otype:arr_i:12_j:11,34.14522,0.0,hdslay1_t8,12,11,hdslay1,arr,,,,,,
oname:hdslay1_t8_otype:arr_i:12_j:12,34.09071,0.0,hdslay1_t8,12,12,hdslay1,arr,,,,,,
oname:hdslay1_t8_otype:arr_i:12_j:13,34.04588,0.0,hdslay1_t8,12,13,hdslay1,arr,,,,,,
oname:hdslay1_t8_otype:arr_i:12_j:14,34.03961,0.0,hdslay1_t8,12,14,hdslay1,arr,,,,,,
oname:hdslay1_t8_otype:arr_i:12_j:15,34.03565,0.0,hdslay1_t8,12,15,hdslay1,arr,,,,,,
oname:hdslay1_t8_otype:arr_i:12_j:16,34.04588,0.0,hdslay1_t8,12,16,hdslay1,arr,,,,,,
oname:hdslay1_t8_otype:arr_i:12_j:17,34.05556,0.0,hdslay1_t8,12,17,hdslay1,arr,,,,,,
oname:hdslay1_t8_otype:arr_i:12_j:18,34.06419,0.0,hdslay1_t8,12,18,hdslay1,arr,,,,,,
oname:hdslay1_t8_otype:arr_i:12_j:19,34.06867,0.0,hdslay1_t8,12,19,hdslay1,arr,,,,,,
oname:hdslay1_t8_otype:arr_i:12_j:2,35.34346,0.0,hdslay1_t8,12,2,hdslay1,arr,,,,,,
oname:hdslay1_t8_otype:arr_i:12_j:3,35.34337,0.0,hdslay1_t8,12,3,hdslay1,arr,,,,,,
oname:hdslay1_t8_otype:arr_i:12_j:4,1e+30,0.0,hdslay1_t8,12,4,hdslay1,arr,,,,,,
oname:hdslay1_t8_otype:arr_i:12_j:5,1e+30,0.0,hdslay1_t8,12,5,hdslay1,arr,,,,,,
oname:hdslay1_t8_otype:arr_i:12_j:6,1e+30,0.0,hdslay1_t8,12,6,hdslay1,arr,,,,,,
oname:hdslay1_t8_otype:arr_i:12_j:7,1e+30,0.0,hdslay1_t8,12,7,hdslay1,arr,,,,,,
oname:hdslay1_t8_otype:arr_i:12_j:8,34.2409,0.0,hdslay1_t8,12,8,hdslay1,arr,,,,,,
oname:hdslay1_t8_otype:arr_i:12_j:9,34.22267,0.0,hdslay1_t8,12,9,hdslay1,arr,,,,,,
oname:hdslay1_t8_otype:arr_i:13_j:0,35.29172,0.0,hdslay1_t8,13,0,hdslay1,arr,,,,,,
oname:hdslay1_t8_otype:arr_i:13_j:1,35.29332,0.0,hdslay1_t8,13,1,hdslay1,arr,,,,,,
oname:hdslay1_t8_otype:arr_i:13_j:10,34.1803,0.0,hdslay1_t8,13,10,hdslay1,arr,,,,,,
oname:hdslay1_t8_otype:arr_i:13_j:11,34.14502,0.0,hdslay1_t8,13,11,hdslay1,arr,,,,,,
oname:hdslay1_t8_otype:arr_i:13_j:12,34.10066,0.0,hdslay1_t8,13,12,hdslay1,arr,,,,,,
oname:hdslay1_t8_otype:arr_i:13_j:13,34.06727,0.0,hdslay1_t8,13,13,hdslay1,arr,,,,,,
oname:hdslay1_t8_otype:arr_i:13_j:14,34.04969,0.0,hdslay1_t8,13,14,hdslay1,arr,,,,,,
oname:hdslay1_t8_otype:arr_i:13_j:15,34.0384,0.0,hdslay1_t8,13,15,hdslay1,arr,,,,,,
oname:hdslay1_t8_otype:arr_i:13_j:16,34.04922,0.0,hdslay1_t8,13,16,hdslay1,arr,,,,,,
oname:hdslay1_t8_otype:arr_i:13_j:17,34.05802,0.0,hdslay1_t8,13,17,hdslay1,arr,,,,,,
oname:hdslay1_t8_otype:arr_i:13_j:18,34.06596,0.0,hdslay1_t8,13,18,hdslay1,arr,,,,,,
oname:hdslay1_t8_otype:arr_i:13_j:19,34.07047,0.0,hdslay1_t8,13,19,hdslay1,arr,,,,,,
oname:hdslay1_t8_otype:arr_i:13_j:2,35.29314,0.0,hdslay1_t8,13,2,hdslay1,arr,,,,,,
oname:hdslay1_t8_otype:arr_i:13_j:3,35.28981,0.0,hdslay1_t8,13,3,hdslay1,arr,,,,,,
oname:hdslay1_t8_otype:arr_i:13_j:4,1e+30,0.0,hdslay1_t8,13,4,hdslay1,arr,,,,,,
oname:hdslay1_t8_otype:arr_i:13_j:5,1e+30,0.0,hdslay1_t8,13,5,hdslay1,arr,,,,,,
oname:hdslay1_t8_otype:arr_i:13_j:6,1e+30,0.0,hdslay1_t8,13,6,hdslay1,arr,,,,,,
oname:hdslay1_t8_otype:arr_i:13_j:7,1e+30,0.0,hdslay1_t8,13,7,hdslay1,arr,,,,,,
oname:hdslay1_t8_otype:arr_i:13_j:8,34.2084,0.0,hdslay1_t8,13,8,hdslay1,arr,,,,,,
oname:hdslay1_t8_otype:arr_i:13_j:9,34.19628,0.0,hdslay1_t8,13,9,hdslay1,arr,,,,,,
oname:hdslay1_t8_otype:arr_i:14_j:0,35.21671,0.0,hdslay1_t8,14,0,hdslay1,arr,,,,,,
oname:hdslay1_t8_otype:arr_i:14_j:1,35.22458,0.0,hdslay1_t8,14,1,hdslay1,arr,,,,,,
oname:hdslay1_t8_otype:arr_i:14_j:10,34.16533,0.0,hdslay1_t8,14,10,hdslay1,arr,,,,,,
oname:hdslay1_t8_otype:arr_i:14_j:11,34.13548,0.0,hdslay1_t8,14,11,hdslay1,arr,,,,,,
oname:hdslay1_t8_otype:arr_i:14_j:12,34.10001,0.0,hdslay1_t8,14,12,hdslay1,arr,,,,,,
oname:hdslay1_t8_otype:arr_i:14_j:13,34.07271,0.0,hdslay1_t8,14,13,hdslay1,arr,,,,,,
oname:hdslay1_t8_otype:arr_i:14_j:14,34.05419,0.0,hdslay1_t8,14,14,hdslay1,arr,,,,,,
oname:hdslay1_t8_otype:arr_i:14_j:15,34.04001,0.0,hdslay1_t8,14,15,hdslay1,arr,,,,,,
oname:hdslay1_t8_otype:arr_i:14_j:16,34.0505,0.0,hdslay1_t8,14,16,hdslay1,arr,,,,,,
oname:hdslay1_t8_otype:arr_i:14_j:17,34.05864,0.0,hdslay1_t8,14,17,hdslay1,arr,,,,,,
oname:hdslay1_t8_otype:arr_i:14_j:18,34.06594,0.0,hdslay1_t8,14,18,hdslay1,arr,,,,,,
oname:hdslay1_t8_otype:arr_i:14_j:19,34.07113,0.0,hdslay1_t8,14,19,hdslay1,arr,,,,,,
oname:hdslay1_t8_otype:arr_i:14_j:2,35.22396,0.0,hdslay1_t8,14,2,hdslay1,arr,,,,,,
oname:hdslay1_t8_otype:arr_i:14_j:3,35.22216,0.0,hdslay1_t8,14,3,hdslay1,arr,,,,,,
oname:hdslay1_t8_otype:arr_i:14_j:4,1e+30,0.0,hdslay1_t8,14,4,hdslay1,arr,,,,,,
oname:hdslay1_t8_otype:arr_i:14_j:5,1e+30,0.0,hdslay1_t8,14,5,hdslay1,arr,,,,,,
oname:hdslay1_t8_otype:arr_i:14_j:6,1e+30,0.0,hdslay1_t8,14,6,hdslay1,arr,,,,,,
oname:hdslay1_t8_otype:arr_i:14_j:7,1e+30,0.0,hdslay1_t8,14,7,hdslay1,arr,,,,,,
oname:hdslay1_t8_otype:arr_i:14_j:8,34.18085,0.0,hdslay1_t8,14,8,hdslay1,arr,,,,,,
oname:hdslay1_t8_otype:arr_i:14_j:9,34.17732,0.0,hdslay1_t8,14,9,hdslay1,arr,,,,,,
oname:hdslay1_t8_otype:arr_i:15_j:0,35.1468,0.0,hdslay1_t8,15,0,hdslay1,arr,,,,,,
oname:hdslay1_t8_otype:arr_i:15_j:1,35.1519,0.0,hdslay1_t8,15,1,hdslay1,arr,,,,,,
oname:hdslay1_t8_otype:arr_i:15_j:10,34.14007,0.0,hdslay1_t8,15,10,hdslay1,arr,,,,,,
oname:hdslay1_t8_otype:arr_i:15_j:11,34.11451,0.0,hdslay1_t8,15,11,hdslay1,arr,,,,,,
oname:hdslay1_t8_otype:arr_i:15_j:12,34.08991,0.0,hdslay1_t8,15,12,hdslay1,arr,,,,,,
oname:hdslay1_t8_otype:arr_i:15_j:13,34.06707,0.0,hdslay1_t8,15,13,hdslay1,arr,,,,,,
oname:hdslay1_t8_otype:arr_i:15_j:14,34.05068,0.0,hdslay1_t8,15,14,hdslay1,arr,,,,,,
oname:hdslay1_t8_otype:arr_i:15_j:15,34.03685,0.0,hdslay1_t8,15,15,hdslay1,arr,,,,,,
oname:hdslay1_t8_otype:arr_i:15_j:16,34.04889,0.0,hdslay1_t8,15,16,hdslay1,arr,,,,,,
oname:hdslay1_t8_otype:arr_i:15_j:17,34.05819,0.0,hdslay1_t8,15,17,hdslay1,arr,,,,,,
oname:hdslay1_t8_otype:arr_i:15_j:18,34.0653,0.0,hdslay1_t8,15,18,hdslay1,arr,,,,,,
oname:hdslay1_t8_otype:arr_i:15_j:19,34.07072,0.0,hdslay1_t8,15,19,hdslay1,arr,,,,,,
oname:hdslay1_t8_otype:arr_i:15_j:2,35.14357,0.0,hdslay1_t8,15,2,hdslay1,arr,,,,,,
oname:hdslay1_t8_otype:arr_i:15_j:3,35.13695,0.0,hdslay1_t8,15,3,hdslay1,arr,,,,,,
oname:hdslay1_t8_otype:arr_i:15_j:4,1e+30,0.0,hdslay1_t8,15,4,hdslay1,arr,,,,,,
oname:hdslay1_t8_otype:arr_i:15_j:5,1e+30,0.0,hdslay1_t8,15,5,hdslay1,arr,,,,,,
oname:hdslay1_t8_otype:arr_i:15_j:6,1e+30,0.0,hdslay1_t8,15,6,hdslay1,arr,,,,,,
oname:hdslay1_t8_otype:arr_i:15_j:7,1e+30,0.0,hdslay1_t8,15,7,hdslay1,arr,,,,,,
oname:hdslay1_t8_otype:arr_i:15_j:8,34.15678,0.0,hdslay1_t8,15,8,hdslay1,arr,,,,,,
oname:hdslay1_t8_otype:arr_i:15_j:9,34.1521,0.0,hdslay1_t8,15,9,hdslay1,arr,,,,,,
oname:hdslay1_t8_otype:arr_i:16_j:0,35.0792,0.0,hdslay1_t8,16,0,hdslay1,arr,,,,,,
oname:hdslay1_t8_otype:arr_i:16_j:1,35.07115,0.0,hdslay1_t8,16,1,hdslay1,arr,,,,,,
oname:hdslay1_t8_otype:arr_i:16_j:10,34.10665,0.0,hdslay1_t8,16,10,hdslay1,arr,,,,,,
oname:hdslay1_t8_otype:arr_i:16_j:11,34.08878,0.0,hdslay1_t8,16,11,hdslay1,arr,,,,,,
oname:hdslay1_t8_otype:arr_i:16_j:12,34.06969,0.0,hdslay1_t8,16,12,hdslay1,arr,,,,,,
oname:hdslay1_t8_otype:arr_i:16_j:13,34.05358,0.0,hdslay1_t8,16,13,hdslay1,arr,,,,,,
oname:hdslay1_t8_otype:arr_i:16_j:14,34.04165,0.0,hdslay1_t8,16,14,hdslay1,arr,,,,,,
oname:hdslay1_t8_otype:arr_i:16_j:15,34.02985,0.0,hdslay1_t8,16,15,hdslay1,arr,,,,,,
oname:hdslay1_t8_otype:arr_i:16_j:16,34.04186,0.0,hdslay1_t8,16,16,hdslay1,arr,,,,,,
oname:hdslay1_t8_otype:arr_i:16_j:17,34.05284,0.0,hdslay1_t8,16,17,hdslay1,arr,,,,,,
oname:hdslay1_t8_otype:arr_i:16_j:18,34.06207,0.0,hdslay1_t8,16,18,hdslay1,arr,,,,,,
oname:hdslay1_t8_otype:arr_i:16_j:19,34.06838,0.0,hdslay1_t8,16,19,hdslay1,arr,,,,,,
oname:hdslay1_t8_otype:arr_i:16_j:2,35.05911,0.0,hdslay1_t8,16,2,hdslay1,arr,,,,,,
oname:hdslay1_t8_otype:arr_i:16_j:3,35.05707,0.0,hdslay1_t8,16,3,hdslay1,arr,,,,,,
oname:hdslay1_t8_otype:arr_i:16_j:4,1e+30,0.0,hdslay1_t8,16,4,hdslay1,arr,,,,,,
oname:hdslay1_t8_otype:arr_i:16_j:5,1e+30,0.0,hdslay1_t8,16,5,hdslay1,arr,,,,,,
oname:hdslay1_t8_otype:arr_i:16_j:6,1e+30,0.0,hdslay1_t8,16,6,hdslay1,arr,,,,,,
oname:hdslay1_t8_otype:arr_i:16_j:7,1e+30,0.0,hdslay1_t8,16,7,hdslay1,arr,,,,,,
oname:hdslay1_t8_otype:arr_i:16_j:8,34.12286,0.0,hdslay1_t8,16,8,hdslay1,arr,,,,,,
oname:hdslay1_t8_otype:arr_i:16_j:9,34.11971,0.0,hdslay1_t8,16,9,hdslay1,arr,,,,,,
oname:hdslay1_t8_otype:arr_i:17_j:0,34.9943,0.0,hdslay1_t8,17,0,hdslay1,arr,,,,,,
oname:hdslay1_t8_otype:arr_i:17_j:1,34.98706,0.0,hdslay1_t8,17,1,hdslay1,arr,,,,,,
oname:hdslay1_t8_otype:arr_i:17_j:10,34.06834,0.0,hdslay1_t8,17,10,hdslay1,arr,,,,,,
oname:hdslay1_t8_otype:arr_i:17_j:11,34.05542,0.0,hdslay1_t8,17,11,hdslay1,arr,,,,,,
oname:hdslay1_t8_otype:arr_i:17_j:12,34.03816,0.0,hdslay1_t8,17,12,hdslay1,arr,,,,,,
oname:hdslay1_t8_otype:arr_i:17_j:13,34.02688,0.0,hdslay1_t8,17,13,hdslay1,arr,,,,,,
oname:hdslay1_t8_otype:arr_i:17_j:14,34.01213,0.0,hdslay1_t8,17,14,hdslay1,arr,,,,,,
oname:hdslay1_t8_otype:arr_i:17_j:15,34.00165,0.0,hdslay1_t8,17,15,hdslay1,arr,,,,,,
oname:hdslay1_t8_otype:arr_i:17_j:16,34.02219,0.0,hdslay1_t8,17,16,hdslay1,arr,,,,,,
oname:hdslay1_t8_otype:arr_i:17_j:17,34.03805,0.0,hdslay1_t8,17,17,hdslay1,arr,,,,,,
oname:hdslay1_t8_otype:arr_i:17_j:18,34.05092,0.0,hdslay1_t8,17,18,hdslay1,arr,,,,,,
oname:hdslay1_t8_otype:arr_i:17_j:19,34.05788,0.0,hdslay1_t8,17,19,hdslay1,arr,,,,,,
oname:hdslay1_t8_otype:arr_i:17_j:2,34.98889,0.0,hdslay1_t8,17,2,hdslay1,arr,,,,,,
oname:hdslay1_t8_otype:arr_i:17_j:3,34.99794,0.0,hdslay1_t8,17,3,hdslay1,arr,,,,,,
oname:hdslay1_t8_otype:arr_i:17_j:4,1e+30,0.0,hdslay1_t8,17,4,hdslay1,arr,,,,,,
oname:hdslay1_t8_otype:arr_i:17_j:5,1e+30,0.0,hdslay1_t8,17,5,hdslay1,arr,,,,,,
oname:hdslay1_t8_otype:arr_i:17_j:6,1e+30,0.0,hdslay1_t8,17,6,hdslay1,arr,,,,,,
oname:hdslay1_t8_otype:arr_i:17_j:7,1e+30,0.0,hdslay1_t8,17,7,hdslay1,arr,,,,,,
oname:hdslay1_t8_otype:arr_i:17_j:8,34.08645,0.0,hdslay1_t8,17,8,hdslay1,arr,,,,,,
oname:hdslay1_t8_otype:arr_i:17_j:9,34.08137,0.0,hdslay1_t8,17,9,hdslay1,arr,,,,,,
oname:hdslay1_t8_otype:arr_i:18_j:0,34.89699,0.0,hdslay1_t8,18,0,hdslay1,arr,,,,,,
oname:hdslay1_t8_otype:arr_i:18_j:1,34.89979,0.0,hdslay1_t8,18,1,hdslay1,arr,,,,,,
oname:hdslay1_t8_otype:arr_i:18_j:10,34.03716,0.0,hdslay1_t8,18,10,hdslay1,arr,,,,,,
oname:hdslay1_t8_otype:arr_i:18_j:11,34.02047,0.0,hdslay1_t8,18,11,hdslay1,arr,,,,,,
oname:hdslay1_t8_otype:arr_i:18_j:12,34.00255,0.0,hdslay1_t8,18,12,hdslay1,arr,,,,,,
oname:hdslay1_t8_otype:arr_i:18_j:13,33.98411,0.0,hdslay1_t8,18,13,hdslay1,arr,,,,,,
oname:hdslay1_t8_otype:arr_i:18_j:14,33.96088,0.0,hdslay1_t8,18,14,hdslay1,arr,,,,,,
oname:hdslay1_t8_otype:arr_i:18_j:15,33.95587,0.0,hdslay1_t8,18,15,hdslay1,arr,,,,,,
oname:hdslay1_t8_otype:arr_i:18_j:16,33.98927,0.0,hdslay1_t8,18,16,hdslay1,arr,,,,,,
oname:hdslay1_t8_otype:arr_i:18_j:17,34.0134,0.0,hdslay1_t8,18,17,hdslay1,arr,,,,,,
oname:hdslay1_t8_otype:arr_i:18_j:18,34.03237,0.0,hdslay1_t8,18,18,hdslay1,arr,,,,,,
oname:hdslay1_t8_otype:arr_i:18_j:19,34.04026,0.0,hdslay1_t8,18,19,hdslay1,arr,,,,,,
oname:hdslay1_t8_otype:arr_i:18_j:2,34.91027,0.0,hdslay1_t8,18,2,hdslay1,arr,,,,,,
oname:hdslay1_t8_otype:arr_i:18_j:3,34.92698,0.0,hdslay1_t8,18,3,hdslay1,arr,,,,,,
oname:hdslay1_t8_otype:arr_i:18_j:4,1e+30,0.0,hdslay1_t8,18,4,hdslay1,arr,,,,,,
oname:hdslay1_t8_otype:arr_i:18_j:5,1e+30,0.0,hdslay1_t8,18,5,hdslay1,arr,,,,,,
oname:hdslay1_t8_otype:arr_i:18_j:6,1e+30,0.0,hdslay1_t8,18,6,hdslay1,arr,,,,,,
oname:hdslay1_t8_otype:arr_i:18_j:7,1e+30,0.0,hdslay1_t8,18,7,hdslay1,arr,,,,,,
oname:hdslay1_t8_otype:arr_i:18_j:8,34.05496,0.0,hdslay1_t8,18,8,hdslay1,arr,,,,,,
oname:hdslay1_t8_otype:arr_i:18_j:9,34.04792,0.0,hdslay1_t8,18,9,hdslay1,arr,,,,,,
oname:hdslay1_t8_otype:arr_i:19_j:0,34.80106,0.0,hdslay1_t8,19,0,hdslay1,arr,,,,,,
oname:hdslay1_t8_otype:arr_i:19_j:1,34.80118,0.0,hdslay1_t8,19,1,hdslay1,arr,,,,,,
oname:hdslay1_t8_otype:arr_i:19_j:10,34.00875,0.0,hdslay1_t8,19,10,hdslay1,arr,,,,,,
oname:hdslay1_t8_otype:arr_i:19_j:11,33.98875,0.0,hdslay1_t8,19,11,hdslay1,arr,,,,,,
oname:hdslay1_t8_otype:arr_i:19_j:12,33.97053,0.0,hdslay1_t8,19,12,hdslay1,arr,,,,,,
oname:hdslay1_t8_otype:arr_i:19_j:13,33.93598,0.0,hdslay1_t8,19,13,hdslay1,arr,,,,,,
oname:hdslay1_t8_otype:arr_i:19_j:14,33.88534,0.0,hdslay1_t8,19,14,hdslay1,arr,,,,,,
oname:hdslay1_t8_otype:arr_i:19_j:15,33.90629,0.0,hdslay1_t8,19,15,hdslay1,arr,,,,,,
oname:hdslay1_t8_otype:arr_i:19_j:16,33.95466,0.0,hdslay1_t8,19,16,hdslay1,arr,,,,,,
oname:hdslay1_t8_otype:arr_i:19_j:17,33.98197,0.0,hdslay1_t8,19,17,hdslay1,arr,,,,,,
oname:hdslay1_t8_otype:arr_i:19_j:18,33.99963,0.0,hdslay1_t8,19,18,hdslay1,arr,,,,,,
oname:hdslay1_t8_otype:arr_i:19_j:19,34.01168,0.0,hdslay1_t8,19,19,hdslay1,arr,,,,,,
oname:hdslay1_t8_otype:arr_i:19_j:2,34.81075,0.0,hdslay1_t8,19,2,hdslay1,arr,,,,,,
oname:hdslay1_t8_otype:arr_i:19_j:3,34.82699,0.0,hdslay1_t8,19,3,hdslay1,arr,,,,,,
oname:hdslay1_t8_otype:arr_i:19_j:4,1e+30,0.0,hdslay1_t8,19,4,hdslay1,arr,,,,,,
oname:hdslay1_t8_otype:arr_i:19_j:5,1e+30,0.0,hdslay1_t8,19,5,hdslay1,arr,,,,,,
oname:hdslay1_t8_otype:arr_i:19_j:6,1e+30,0.0,hdslay1_t8,19,6,hdslay1,arr,,,,,,
oname:hdslay1_t8_otype:arr_i:19_j:7,1e+30,0.0,hdslay1_t8,19,7,hdslay1,arr,,,,,,
oname:hdslay1_t8_otype:arr_i:19_j:8,34.02983,0.0,hdslay1_t8,19,8,hdslay1,arr,,,,,,
oname:hdslay1_t8_otype:arr_i:19_j:9,34.02231,0.0,hdslay1_t8,19,9,hdslay1,arr,,,,,,
oname:hdslay1_t8_otype:arr_i:1_j:0,35.5319,0.0,hdslay1_t8,1,0,hdslay1,arr,,,,,,
oname:hdslay1_t8_otype:arr_i:1_j:1,35.51536,0.0,hdslay1_t8,1,1,hdslay1,arr,,,,,,
oname:hdslay1_t8_otype:arr_i:1_j:10,34.64851,0.0,hdslay1_t8,1,10,hdslay1,arr,,,,,,
oname:hdslay1_t8_otype:arr_i:1_j:11,34.57947,0.0,hdslay1_t8,1,11,hdslay1,arr,,,,,,
oname:hdslay1_t8_otype:arr_i:1_j:12,34.519,0.0,hdslay1_t8,1,12,hdslay1,arr,,,,,,
oname:hdslay1_t8_otype:arr_i:1_j:13,34.46212,0.0,hdslay1_t8,1,13,hdslay1,arr,,,,,,
oname:hdslay1_t8_otype:arr_i:1_j:14,34.39997,0.0,hdslay1_t8,1,14,hdslay1,arr,,,,,,
oname:hdslay1_t8_otype:arr_i:1_j:15,34.33292,0.0,hdslay1_t8,1,15,hdslay1,arr,,,,,,
oname:hdslay1_t8_otype:arr_i:1_j:16,34.32483,0.0,hdslay1_t8,1,16,hdslay1,arr,,,,,,
oname:hdslay1_t8_otype:arr_i:1_j:17,34.31856,0.0,hdslay1_t8,1,17,hdslay1,arr,,,,,,
oname:hdslay1_t8_otype:arr_i:1_j:18,34.31389,0.0,hdslay1_t8,1,18,hdslay1,arr,,,,,,
oname:hdslay1_t8_otype:arr_i:1_j:19,34.31065,0.0,hdslay1_t8,1,19,hdslay1,arr,,,,,,
oname:hdslay1_t8_otype:arr_i:1_j:2,35.47992,0.0,hdslay1_t8,1,2,hdslay1,arr,,,,,,
oname:hdslay1_t8_otype:arr_i:1_j:3,35.42696,0.0,hdslay1_t8,1,3,hdslay1,arr,,,,,,
oname:hdslay1_t8_otype:arr_i:1_j:4,35.34798,0.0,hdslay1_t8,1,4,hdslay1,arr,,,,,,
oname:hdslay1_t8_otype:arr_i:1_j:5,35.24012,0.0,hdslay1_t8,1,5,hdslay1,arr,,,,,,
oname:hdslay1_t8_otype:arr_i:1_j:6,35.09862,0.0,hdslay1_t8,1,6,hdslay1,arr,,,,,,
oname:hdslay1_t8_otype:arr_i:1_j:7,34.9415,0.0,hdslay1_t8,1,7,hdslay1,arr,,,,,,
oname:hdslay1_t8_otype:arr_i:1_j:8,34.81527,0.0,hdslay1_t8,1,8,hdslay1,arr,,,,,,
oname:hdslay1_t8_otype:arr_i:1_j:9,34.72305,0.0,hdslay1_t8,1,9,hdslay1,arr,,,,,,
oname:hdslay1_t8_otype:arr_i:20_j:0,34.70852,0.0,hdslay1_t8,20,0,hdslay1,arr,,,,,,
oname:hdslay1_t8_otype:arr_i:20_j:1,34.71236,0.0,hdslay1_t8,20,1,hdslay1,arr,,,,,,
oname:hdslay1_t8_otype:arr_i:20_j:10,33.98863,0.0,hdslay1_t8,20,10,hdslay1,arr,,,,,,
oname:hdslay1_t8_otype:arr_i:20_j:11,33.97101,0.0,hdslay1_t8,20,11,hdslay1,arr,,,,,,
oname:hdslay1_t8_otype:arr_i:20_j:12,33.95008,0.0,hdslay1_t8,20,12,hdslay1,arr,,,,,,
oname:hdslay1_t8_otype:arr_i:20_j:13,33.89296,0.0,hdslay1_t8,20,13,hdslay1,arr,,,,,,
oname:hdslay1_t8_otype:arr_i:20_j:14,33.74532,0.0,hdslay1_t8,20,14,hdslay1,arr,,,,,,
oname:hdslay1_t8_otype:arr_i:20_j:15,33.85661,0.0,hdslay1_t8,20,15,hdslay1,arr,,,,,,
oname:hdslay1_t8_otype:arr_i:20_j:16,33.92455,0.0,hdslay1_t8,20,16,hdslay1,arr,,,,,,
oname:hdslay1_t8_otype:arr_i:20_j:17,33.95542,0.0,hdslay1_t8,20,17,hdslay1,arr,,,,,,
oname:hdslay1_t8_otype:arr_i:20_j:18,33.9686,0.0,hdslay1_t8,20,18,hdslay1,arr,,,,,,
oname:hdslay1_t8_otype:arr_i:20_j:19,33.97909,0.0,hdslay1_t8,20,19,hdslay1,arr,,,,,,
oname:hdslay1_t8_otype:arr_i:20_j:2,34.71027,0.0,hdslay1_t8,20,2,hdslay1,arr,,,,,,
oname:hdslay1_t8_otype:arr_i:20_j:3,34.70665,0.0,hdslay1_t8,20,3,hdslay1,arr,,,,,,
oname:hdslay1_t8_otype:arr_i:20_j:4,1e+30,0.0,hdslay1_t8,20,4,hdslay1,arr,,,,,,
oname:hdslay1_t8_otype:arr_i:20_j:5,1e+30,0.0,hdslay1_t8,20,5,hdslay1,arr,,,,,,
oname:hdslay1_t8_otype:arr_i:20_j:6,1e+30,0.0,hdslay1_t8,20,6,hdslay1,arr,,,,,,
oname:hdslay1_t8_otype:arr_i:20_j:7,1e+30,0.0,hdslay1_t8,20,7,hdslay1,arr,,,,,,
oname:hdslay1_t8_otype:arr_i:20_j:8,34.01337,0.0,hdslay1_t8,20,8,hdslay1,arr,,,,,,
oname:hdslay1_t8_otype:arr_i:20_j:9,34.00447,0.0,hdslay1_t8,20,9,hdslay1,arr,,,,,,
oname:hdslay1_t8_otype:arr_i:21_j:0,34.62242,0.0,hdslay1_t8,21,0,hdslay1,arr,,,,,,
oname:hdslay1_t8_otype:arr_i:21_j:1,34.62713,0.0,hdslay1_t8,21,1,hdslay1,arr,,,,,,
oname:hdslay1_t8_otype:arr_i:21_j:10,33.97729,0.0,hdslay1_t8,21,10,hdslay1,arr,,,,,,
oname:hdslay1_t8_otype:arr_i:21_j:11,33.96254,0.0,hdslay1_t8,21,11,hdslay1,arr,,,,,,
oname:hdslay1_t8_otype:arr_i:21_j:12,33.9423,0.0,hdslay1_t8,21,12,hdslay1,arr,,,,,,
oname:hdslay1_t8_otype:arr_i:21_j:13,33.90308,0.0,hdslay1_t8,21,13,hdslay1,arr,,,,,,
oname:hdslay1_t8_otype:arr_i:21_j:14,33.85656,0.0,hdslay1_t8,21,14,hdslay1,arr,,,,,,
oname:hdslay1_t8_otype:arr_i:21_j:15,33.87079,0.0,hdslay1_t8,21,15,hdslay1,arr,,,,,,
oname:hdslay1_t8_otype:arr_i:21_j:16,33.90789,0.0,hdslay1_t8,21,16,hdslay1,arr,,,,,,
oname:hdslay1_t8_otype:arr_i:21_j:17,33.93582,0.0,hdslay1_t8,21,17,hdslay1,arr,,,,,,
oname:hdslay1_t8_otype:arr_i:21_j:18,33.94989,0.0,hdslay1_t8,21,18,hdslay1,arr,,,,,,
oname:hdslay1_t8_otype:arr_i:21_j:19,33.95537,0.0,hdslay1_t8,21,19,hdslay1,arr,,,,,,
oname:hdslay1_t8_otype:arr_i:21_j:2,34.61334,0.0,hdslay1_t8,21,2,hdslay1,arr,,,,,,
oname:hdslay1_t8_otype:arr_i:21_j:3,34.58632,0.0,hdslay1_t8,21,3,hdslay1,arr,,,,,,
oname:hdslay1_t8_otype:arr_i:21_j:4,1e+30,0.0,hdslay1_t8,21,4,hdslay1,arr,,,,,,
oname:hdslay1_t8_otype:arr_i:21_j:5,1e+30,0.0,hdslay1_t8,21,5,hdslay1,arr,,,,,,
oname:hdslay1_t8_otype:arr_i:21_j:6,34.03023,0.0,hdslay1_t8,21,6,hdslay1,arr,,,,,,
oname:hdslay1_t8_otype:arr_i:21_j:7,34.01835,0.0,hdslay1_t8,21,7,hdslay1,arr,,,,,,
oname:hdslay1_t8_otype:arr_i:21_j:8,34.00612,0.0,hdslay1_t8,21,8,hdslay1,arr,,,,,,
oname:hdslay1_t8_otype:arr_i:21_j:9,33.99333,0.0,hdslay1_t8,21,9,hdslay1,arr,,,,,,
oname:hdslay1_t8_otype:arr_i:22_j:0,34.53482,0.0,hdslay1_t8,22,0,hdslay1,arr,,,,,,
oname:hdslay1_t8_otype:arr_i:22_j:1,34.51963,0.0,hdslay1_t8,22,1,hdslay1,arr,,,,,,
oname:hdslay1_t8_otype:arr_i:22_j:10,33.96748,0.0,hdslay1_t8,22,10,hdslay1,arr,,,,,,
oname:hdslay1_t8_otype:arr_i:22_j:11,33.9527,0.0,hdslay1_t8,22,11,hdslay1,arr,,,,,,
oname:hdslay1_t8_otype:arr_i:22_j:12,33.93293,0.0,hdslay1_t8,22,12,hdslay1,arr,,,,,,
oname:hdslay1_t8_otype:arr_i:22_j:13,33.90469,0.0,hdslay1_t8,22,13,hdslay1,arr,,,,,,
oname:hdslay1_t8_otype:arr_i:22_j:14,33.88042,0.0,hdslay1_t8,22,14,hdslay1,arr,,,,,,
oname:hdslay1_t8_otype:arr_i:22_j:15,33.87935,0.0,hdslay1_t8,22,15,hdslay1,arr,,,,,,
oname:hdslay1_t8_otype:arr_i:22_j:16,33.89666,0.0,hdslay1_t8,22,16,hdslay1,arr,,,,,,
oname:hdslay1_t8_otype:arr_i:22_j:17,33.91705,0.0,hdslay1_t8,22,17,hdslay1,arr,,,,,,
oname:hdslay1_t8_otype:arr_i:22_j:18,33.92909,0.0,hdslay1_t8,22,18,hdslay1,arr,,,,,,
oname:hdslay1_t8_otype:arr_i:22_j:19,33.93376,0.0,hdslay1_t8,22,19,hdslay1,arr,,,,,,
oname:hdslay1_t8_otype:arr_i:22_j:2,34.50019,0.0,hdslay1_t8,22,2,hdslay1,arr,,,,,,
oname:hdslay1_t8_otype:arr_i:22_j:3,34.43798,0.0,hdslay1_t8,22,3,hdslay1,arr,,,,,,
oname:hdslay1_t8_otype:arr_i:22_j:4,34.32656,0.0,hdslay1_t8,22,4,hdslay1,arr,,,,,,
oname:hdslay1_t8_otype:arr_i:22_j:5,1e+30,0.0,hdslay1_t8,22,5,hdslay1,arr,,,,,,
oname:hdslay1_t8_otype:arr_i:22_j:6,34.03818,0.0,hdslay1_t8,22,6,hdslay1,arr,,,,,,
oname:hdslay1_t8_otype:arr_i:22_j:7,34.02018,0.0,hdslay1_t8,22,7,hdslay1,arr,,,,,,
oname:hdslay1_t8_otype:arr_i:22_j:8,34.0014,0.0,hdslay1_t8,22,8,hdslay1,arr,,,,,,
oname:hdslay1_t8_otype:arr_i:22_j:9,33.98425,0.0,hdslay1_t8,22,9,hdslay1,arr,,,,,,
oname:hdslay1_t8_otype:arr_i:23_j:0,34.43187,0.0,hdslay1_t8,23,0,hdslay1,arr,,,,,,
oname:hdslay1_t8_otype:arr_i:23_j:1,34.4109,0.0,hdslay1_t8,23,1,hdslay1,arr,,,,,,
oname:hdslay1_t8_otype:arr_i:23_j:10,33.94744,0.0,hdslay1_t8,23,10,hdslay1,arr,,,,,,
oname:hdslay1_t8_otype:arr_i:23_j:11,33.93199,0.0,hdslay1_t8,23,11,hdslay1,arr,,,,,,
oname:hdslay1_t8_otype:arr_i:23_j:12,33.91573,0.0,hdslay1_t8,23,12,hdslay1,arr,,,,,,
oname:hdslay1_t8_otype:arr_i:23_j:13,33.89676,0.0,hdslay1_t8,23,13,hdslay1,arr,,,,,,
oname:hdslay1_t8_otype:arr_i:23_j:14,33.88017,0.0,hdslay1_t8,23,14,hdslay1,arr,,,,,,
oname:hdslay1_t8_otype:arr_i:23_j:15,33.87222,0.0,hdslay1_t8,23,15,hdslay1,arr,,,,,,
oname:hdslay1_t8_otype:arr_i:23_j:16,33.88465,0.0,hdslay1_t8,23,16,hdslay1,arr,,,,,,
oname:hdslay1_t8_otype:arr_i:23_j:17,33.89956,0.0,hdslay1_t8,23,17,hdslay1,arr,,,,,,
oname:hdslay1_t8_otype:arr_i:23_j:18,33.91029,0.0,hdslay1_t8,23,18,hdslay1,arr,,,,,,
oname:hdslay1_t8_otype:arr_i:23_j:19,33.91348,0.0,hdslay1_t8,23,19,hdslay1,arr,,,,,,
oname:hdslay1_t8_otype:arr_i:23_j:2,34.38062,0.0,hdslay1_t8,23,2,hdslay1,arr,,,,,,
oname:hdslay1_t8_otype:arr_i:23_j:3,34.31651,0.0,hdslay1_t8,23,3,hdslay1,arr,,,,,,
oname:hdslay1_t8_otype:arr_i:23_j:4,34.236,0.0,hdslay1_t8,23,4,hdslay1,arr,,,,,,
oname:hdslay1_t8_otype:arr_i:23_j:5,34.13755,0.0,hdslay1_t8,23,5,hdslay1,arr,,,,,,
oname:hdslay1_t8_otype:arr_i:23_j:6,34.06103,0.0,hdslay1_t8,23,6,hdslay1,arr,,,,,,
oname:hdslay1_t8_otype:arr_i:23_j:7,34.02344,0.0,hdslay1_t8,23,7,hdslay1,arr,,,,,,
oname:hdslay1_t8_otype:arr_i:23_j:8,33.99567,0.0,hdslay1_t8,23,8,hdslay1,arr,,,,,,
oname:hdslay1_t8_otype:arr_i:23_j:9,33.96998,0.0,hdslay1_t8,23,9,hdslay1,arr,,,,,,
oname:hdslay1_t8_otype:arr_i:24_j:0,34.33775,0.0,hdslay1_t8,24,0,hdslay1,arr,,,,,,
oname:hdslay1_t8_otype:arr_i:24_j:1,34.32553,0.0,hdslay1_t8,24,1,hdslay1,arr,,,,,,
oname:hdslay1_t8_otype:arr_i:24_j:10,33.91309,0.0,hdslay1_t8,24,10,hdslay1,arr,,,,,,
oname:hdslay1_t8_otype:arr_i:24_j:11,33.90198,0.0,hdslay1_t8,24,11,hdslay1,arr,,,,,,
oname:hdslay1_t8_otype:arr_i:24_j:12,33.89334,0.0,hdslay1_t8,24,12,hdslay1,arr,,,,,,
oname:hdslay1_t8_otype:arr_i:24_j:13,33.88156,0.0,hdslay1_t8,24,13,hdslay1,arr,,,,,,
oname:hdslay1_t8_otype:arr_i:24_j:14,33.87002,0.0,hdslay1_t8,24,14,hdslay1,arr,,,,,,
oname:hdslay1_t8_otype:arr_i:24_j:15,33.85834,0.0,hdslay1_t8,24,15,hdslay1,arr,,,,,,
oname:hdslay1_t8_otype:arr_i:24_j:16,33.86894,0.0,hdslay1_t8,24,16,hdslay1,arr,,,,,,
oname:hdslay1_t8_otype:arr_i:24_j:17,33.87919,0.0,hdslay1_t8,24,17,hdslay1,arr,,,,,,
oname:hdslay1_t8_otype:arr_i:24_j:18,33.88975,0.0,hdslay1_t8,24,18,hdslay1,arr,,,,,,
oname:hdslay1_t8_otype:arr_i:24_j:19,33.89576,0.0,hdslay1_t8,24,19,hdslay1,arr,,,,,,
oname:hdslay1_t8_otype:arr_i:24_j:2,34.29384,0.0,hdslay1_t8,24,2,hdslay1,arr,,,,,,
oname:hdslay1_t8_otype:arr_i:24_j:3,34.2472,0.0,hdslay1_t8,24,3,hdslay1,arr,,,,,,
oname:hdslay1_t8_otype:arr_i:24_j:4,34.18365,0.0,hdslay1_t8,24,4,hdslay1,arr,,,,,,
oname:hdslay1_t8_otype:arr_i:24_j:5,34.11441,0.0,hdslay1_t8,24,5,hdslay1,arr,,,,,,
oname:hdslay1_t8_otype:arr_i:24_j:6,34.05992,0.0,hdslay1_t8,24,6,hdslay1,arr,,,,,,
oname:hdslay1_t8_otype:arr_i:24_j:7,34.01863,0.0,hdslay1_t8,24,7,hdslay1,arr,,,,,,
oname:hdslay1_t8_otype:arr_i:24_j:8,33.9829,0.0,hdslay1_t8,24,8,hdslay1,arr,,,,,,
oname:hdslay1_t8_otype:arr_i:24_j:9,33.94419,0.0,hdslay1_t8,24,9,hdslay1,arr,,,,,,
oname:hdslay1_t8_otype:arr_i:25_j:0,34.27572,0.0,hdslay1_t8,25,0,hdslay1,arr,,,,,,
oname:hdslay1_t8_otype:arr_i:25_j:1,34.26755,0.0,hdslay1_t8,25,1,hdslay1,arr,,,,,,
oname:hdslay1_t8_otype:arr_i:25_j:10,33.86403,0.0,hdslay1_t8,25,10,hdslay1,arr,,,,,,
oname:hdslay1_t8_otype:arr_i:25_j:11,33.86632,0.0,hdslay1_t8,25,11,hdslay1,arr,,,,,,
oname:hdslay1_t8_otype:arr_i:25_j:12,33.86476,0.0,hdslay1_t8,25,12,hdslay1,arr,,,,,,
oname:hdslay1_t8_otype:arr_i:25_j:13,33.8595,0.0,hdslay1_t8,25,13,hdslay1,arr,,,,,,
oname:hdslay1_t8_otype:arr_i:25_j:14,33.85148,0.0,hdslay1_t8,25,14,hdslay1,arr,,,,,,
oname:hdslay1_t8_otype:arr_i:25_j:15,33.84077,0.0,hdslay1_t8,25,15,hdslay1,arr,,,,,,
oname:hdslay1_t8_otype:arr_i:25_j:16,33.85145,0.0,hdslay1_t8,25,16,hdslay1,arr,,,,,,
oname:hdslay1_t8_otype:arr_i:25_j:17,33.86057,0.0,hdslay1_t8,25,17,hdslay1,arr,,,,,,
oname:hdslay1_t8_otype:arr_i:25_j:18,33.8676,0.0,hdslay1_t8,25,18,hdslay1,arr,,,,,,
oname:hdslay1_t8_otype:arr_i:25_j:19,33.87376,0.0,hdslay1_t8,25,19,hdslay1,arr,,,,,,
oname:hdslay1_t8_otype:arr_i:25_j:2,34.24352,0.0,hdslay1_t8,25,2,hdslay1,arr,,,,,,
oname:hdslay1_t8_otype:arr_i:25_j:3,34.19807,0.0,hdslay1_t8,25,3,hdslay1,arr,,,,,,
oname:hdslay1_t8_otype:arr_i:25_j:4,34.14414,0.0,hdslay1_t8,25,4,hdslay1,arr,,,,,,
oname:hdslay1_t8_otype:arr_i:25_j:5,34.09155,0.0,hdslay1_t8,25,5,hdslay1,arr,,,,,,
oname:hdslay1_t8_otype:arr_i:25_j:6,34.0441,0.0,hdslay1_t8,25,6,hdslay1,arr,,,,,,
oname:hdslay1_t8_otype:arr_i:25_j:7,34.00087,0.0,hdslay1_t8,25,7,hdslay1,arr,,,,,,
oname:hdslay1_t8_otype:arr_i:25_j:8,33.95377,0.0,hdslay1_t8,25,8,hdslay1,arr,,,,,,
oname:hdslay1_t8_otype:arr_i:25_j:9,33.90003,0.0,hdslay1_t8,25,9,hdslay1,arr,,,,,,
oname:hdslay1_t8_otype:arr_i:26_j:0,34.23605,0.0,hdslay1_t8,26,0,hdslay1,arr,,,,,,
oname:hdslay1_t8_otype:arr_i:26_j:1,34.22625,0.0,hdslay1_t8,26,1,hdslay1,arr,,,,,,
oname:hdslay1_t8_otype:arr_i:26_j:10,33.77785,0.0,hdslay1_t8,26,10,hdslay1,arr,,,,,,
oname:hdslay1_t8_otype:arr_i:26_j:11,33.82405,0.0,hdslay1_t8,26,11,hdslay1,arr,,,,,,
oname:hdslay1_t8_otype:arr_i:26_j:12,33.83385,0.0,hdslay1_t8,26,12,hdslay1,arr,,,,,,
oname:hdslay1_t8_otype:arr_i:26_j:13,33.8333,0.0,hdslay1_t8,26,13,hdslay1,arr,,,,,,
oname:hdslay1_t8_otype:arr_i:26_j:14,33.82463,0.0,hdslay1_t8,26,14,hdslay1,arr,,,,,,
oname:hdslay1_t8_otype:arr_i:26_j:15,33.8139,0.0,hdslay1_t8,26,15,hdslay1,arr,,,,,,
oname:hdslay1_t8_otype:arr_i:26_j:16,33.82456,0.0,hdslay1_t8,26,16,hdslay1,arr,,,,,,
oname:hdslay1_t8_otype:arr_i:26_j:17,33.83379,0.0,hdslay1_t8,26,17,hdslay1,arr,,,,,,
oname:hdslay1_t8_otype:arr_i:26_j:18,33.84467,0.0,hdslay1_t8,26,18,hdslay1,arr,,,,,,
oname:hdslay1_t8_otype:arr_i:26_j:19,33.84909,0.0,hdslay1_t8,26,19,hdslay1,arr,,,,,,
oname:hdslay1_t8_otype:arr_i:26_j:2,34.19935,0.0,hdslay1_t8,26,2,hdslay1,arr,,,,,,
oname:hdslay1_t8_otype:arr_i:26_j:3,34.15906,0.0,hdslay1_t8,26,3,hdslay1,arr,,,,,,
oname:hdslay1_t8_otype:arr_i:26_j:4,34.11371,0.0,hdslay1_t8,26,4,hdslay1,arr,,,,,,
oname:hdslay1_t8_otype:arr_i:26_j:5,34.05789,0.0,hdslay1_t8,26,5,hdslay1,arr,,,,,,
oname:hdslay1_t8_otype:arr_i:26_j:6,34.00946,0.0,hdslay1_t8,26,6,hdslay1,arr,,,,,,
oname:hdslay1_t8_otype:arr_i:26_j:7,33.96675,0.0,hdslay1_t8,26,7,hdslay1,arr,,,,,,
oname:hdslay1_t8_otype:arr_i:26_j:8,33.91442,0.0,hdslay1_t8,26,8,hdslay1,arr,,,,,,
oname:hdslay1_t8_otype:arr_i:26_j:9,33.85622,0.0,hdslay1_t8,26,9,hdslay1,arr,,,,,,
oname:hdslay1_t8_otype:arr_i:27_j:0,34.20092,0.0,hdslay1_t8,27,0,hdslay1,arr,,,,,,
oname:hdslay1_t8_otype:arr_i:27_j:1,34.18923,0.0,hdslay1_t8,27,1,hdslay1,arr,,,,,,
oname:hdslay1_t8_otype:arr_i:27_j:10,33.81706,0.0,hdslay1_t8,27,10,hdslay1,arr,,,,,,
oname:hdslay1_t8_otype:arr_i:27_j:11,33.81629,0.0,hdslay1_t8,27,11,hdslay1,arr,,,,,,
oname:hdslay1_t8_otype:arr_i:27_j:12,33.81559,0.0,hdslay1_t8,27,12,hdslay1,arr,,,,,,
oname:hdslay1_t8_otype:arr_i:27_j:13,33.81082,0.0,hdslay1_t8,27,13,hdslay1,arr,,,,,,
oname:hdslay1_t8_otype:arr_i:27_j:14,33.80126,0.0,hdslay1_t8,27,14,hdslay1,arr,,,,,,
oname:hdslay1_t8_otype:arr_i:27_j:15,33.79294,0.0,hdslay1_t8,27,15,hdslay1,arr,,,,,,
oname:hdslay1_t8_otype:arr_i:27_j:16,33.79904,0.0,hdslay1_t8,27,16,hdslay1,arr,,,,,,
oname:hdslay1_t8_otype:arr_i:27_j:17,33.80768,0.0,hdslay1_t8,27,17,hdslay1,arr,,,,,,
oname:hdslay1_t8_otype:arr_i:27_j:18,33.81751,0.0,hdslay1_t8,27,18,hdslay1,arr,,,,,,
oname:hdslay1_t8_otype:arr_i:27_j:19,33.82444,0.0,hdslay1_t8,27,19,hdslay1,arr,,,,,,
oname:hdslay1_t8_otype:arr_i:27_j:2,34.16215,0.0,hdslay1_t8,27,2,hdslay1,arr,,,,,,
oname:hdslay1_t8_otype:arr_i:27_j:3,34.1257,0.0,hdslay1_t8,27,3,hdslay1,arr,,,,,,
oname:hdslay1_t8_otype:arr_i:27_j:4,34.07606,0.0,hdslay1_t8,27,4,hdslay1,arr,,,,,,
oname:hdslay1_t8_otype:arr_i:27_j:5,34.01699,0.0,hdslay1_t8,27,5,hdslay1,arr,,,,,,
oname:hdslay1_t8_otype:arr_i:27_j:6,33.96805,0.0,hdslay1_t8,27,6,hdslay1,arr,,,,,,
oname:hdslay1_t8_otype:arr_i:27_j:7,33.92941,0.0,hdslay1_t8,27,7,hdslay1,arr,,,,,,
oname:hdslay1_t8_otype:arr_i:27_j:8,33.89054,0.0,hdslay1_t8,27,8,hdslay1,arr,,,,,,
oname:hdslay1_t8_otype:arr_i:27_j:9,33.85368,0.0,hdslay1_t8,27,9,hdslay1,arr,,,,,,
oname:hdslay1_t8_otype:arr_i:28_j:0,34.1707,0.0,hdslay1_t8,28,0,hdslay1,arr,,,,,,
oname:hdslay1_t8_otype:arr_i:28_j:1,34.15716,0.0,hdslay1_t8,28,1,hdslay1,arr,,,,,,
oname:hdslay1_t8_otype:arr_i:28_j:10,33.81592,0.0,hdslay1_t8,28,10,hdslay1,arr,,,,,,
oname:hdslay1_t8_otype:arr_i:28_j:11,33.80726,0.0,hdslay1_t8,28,11,hdslay1,arr,,,,,,
oname:hdslay1_t8_otype:arr_i:28_j:12,33.79917,0.0,hdslay1_t8,28,12,hdslay1,arr,,,,,,
oname:hdslay1_t8_otype:arr_i:28_j:13,33.79252,0.0,hdslay1_t8,28,13,hdslay1,arr,,,,,,
oname:hdslay1_t8_otype:arr_i:28_j:14,33.78621,0.0,hdslay1_t8,28,14,hdslay1,arr,,,,,,
oname:hdslay1_t8_otype:arr_i:28_j:15,33.78049,0.0,hdslay1_t8,28,15,hdslay1,arr,,,,,,
oname:hdslay1_t8_otype:arr_i:28_j:16,33.78388,0.0,hdslay1_t8,28,16,hdslay1,arr,,,,,,
oname:hdslay1_t8_otype:arr_i:28_j:17,33.79008,0.0,hdslay1_t8,28,17,hdslay1,arr,,,,,,
oname:hdslay1_t8_otype:arr_i:28_j:18,33.79538,0.0,hdslay1_t8,28,18,hdslay1,arr,,,,,,
oname:hdslay1_t8_otype:arr_i:28_j:19,33.80059,0.0,hdslay1_t8,28,19,hdslay1,arr,,,,,,
oname:hdslay1_t8_otype:arr_i:28_j:2,34.12841,0.0,hdslay1_t8,28,2,hdslay1,arr,,,,,,
oname:hdslay1_t8_otype:arr_i:28_j:3,34.08675,0.0,hdslay1_t8,28,3,hdslay1,arr,,,,,,
oname:hdslay1_t8_otype:arr_i:28_j:4,34.03139,0.0,hdslay1_t8,28,4,hdslay1,arr,,,,,,
oname:hdslay1_t8_otype:arr_i:28_j:5,33.96954,0.0,hdslay1_t8,28,5,hdslay1,arr,,,,,,
oname:hdslay1_t8_otype:arr_i:28_j:6,33.90908,0.0,hdslay1_t8,28,6,hdslay1,arr,,,,,,
oname:hdslay1_t8_otype:arr_i:28_j:7,33.8844,0.0,hdslay1_t8,28,7,hdslay1,arr,,,,,,
oname:hdslay1_t8_otype:arr_i:28_j:8,33.86391,0.0,hdslay1_t8,28,8,hdslay1,arr,,,,,,
oname:hdslay1_t8_otype:arr_i:28_j:9,33.83841,0.0,hdslay1_t8,28,9,hdslay1,arr,,,,,,
oname:hdslay1_t8_otype:arr_i:29_j:0,34.13756,0.0,hdslay1_t8,29,0,hdslay1,arr,,,,,,
oname:hdslay1_t8_otype:arr_i:29_j:1,34.1223,0.0,hdslay1_t8,29,1,hdslay1,arr,,,,,,
oname:hdslay1_t8_otype:arr_i:29_j:10,33.80284,0.0,hdslay1_t8,29,10,hdslay1,arr,,,,,,
oname:hdslay1_t8_otype:arr_i:29_j:11,33.78959,0.0,hdslay1_t8,29,11,hdslay1,arr,,,,,,
oname:hdslay1_t8_otype:arr_i:29_j:12,33.78033,0.0,hdslay1_t8,29,12,hdslay1,arr,,,,,,
oname:hdslay1_t8_otype:arr_i:29_j:13,33.77472,0.0,hdslay1_t8,29,13,hdslay1,arr,,,,,,
oname:hdslay1_t8_otype:arr_i:29_j:14,33.76852,0.0,hdslay1_t8,29,14,hdslay1,arr,,,,,,
oname:hdslay1_t8_otype:arr_i:29_j:15,33.76247,0.0,hdslay1_t8,29,15,hdslay1,arr,,,,,,
oname:hdslay1_t8_otype:arr_i:29_j:16,33.7671,0.0,hdslay1_t8,29,16,hdslay1,arr,,,,,,
oname:hdslay1_t8_otype:arr_i:29_j:17,33.77144,0.0,hdslay1_t8,29,17,hdslay1,arr,,,,,,
oname:hdslay1_t8_otype:arr_i:29_j:18,33.77704,0.0,hdslay1_t8,29,18,hdslay1,arr,,,,,,
oname:hdslay1_t8_otype:arr_i:29_j:19,33.78013,0.0,hdslay1_t8,29,19,hdslay1,arr,,,,,,
oname:hdslay1_t8_otype:arr_i:29_j:2,34.08699,0.0,hdslay1_t8,29,2,hdslay1,arr,,,,,,
oname:hdslay1_t8_otype:arr_i:29_j:3,34.04302,0.0,hdslay1_t8,29,3,hdslay1,arr,,,,,,
oname:hdslay1_t8_otype:arr_i:29_j:4,33.98976,0.0,hdslay1_t8,29,4,hdslay1,arr,,,,,,
oname:hdslay1_t8_otype:arr_i:29_j:5,33.91395,0.0,hdslay1_t8,29,5,hdslay1,arr,,,,,,
oname:hdslay1_t8_otype:arr_i:29_j:6,33.81632,0.0,hdslay1_t8,29,6,hdslay1,arr,,,,,,
oname:hdslay1_t8_otype:arr_i:29_j:7,33.84004,0.0,hdslay1_t8,29,7,hdslay1,arr,,,,,,
oname:hdslay1_t8_otype:arr_i:29_j:8,33.83435,0.0,hdslay1_t8,29,8,hdslay1,arr,,,,,,
oname:hdslay1_t8_otype:arr_i:29_j:9,33.81841,0.0,hdslay1_t8,29,9,hdslay1,arr,,,,,,
oname:hdslay1_t8_otype:arr_i:2_j:0,35.52839,0.0,hdslay1_t8,2,0,hdslay1,arr,,,,,,
oname:hdslay1_t8_otype:arr_i:2_j:1,35.51317,0.0,hdslay1_t8,2,1,hdslay1,arr,,,,,,
oname:hdslay1_t8_otype:arr_i:2_j:10,34.64945,0.0,hdslay1_t8,2,10,hdslay1,arr,,,,,,
oname:hdslay1_t8_otype:arr_i:2_j:11,34.58304,0.0,hdslay1_t8,2,11,hdslay1,arr,,,,,,
oname:hdslay1_t8_otype:arr_i:2_j:12,34.51883,0.0,hdslay1_t8,2,12,hdslay1,arr,,,,,,
oname:hdslay1_t8_otype:arr_i:2_j:13,34.45079,0.0,hdslay1_t8,2,13,hdslay1,arr,,,,,,
oname:hdslay1_t8_otype:arr_i:2_j:14,34.38494,0.0,hdslay1_t8,2,14,hdslay1,arr,,,,,,
oname:hdslay1_t8_otype:arr_i:2_j:15,34.32758,0.0,hdslay1_t8,2,15,hdslay1,arr,,,,,,
oname:hdslay1_t8_otype:arr_i:2_j:16,34.31689,0.0,hdslay1_t8,2,16,hdslay1,arr,,,,,,
oname:hdslay1_t8_otype:arr_i:2_j:17,34.30755,0.0,hdslay1_t8,2,17,hdslay1,arr,,,,,,
oname:hdslay1_t8_otype:arr_i:2_j:18,34.29976,0.0,hdslay1_t8,2,18,hdslay1,arr,,,,,,
oname:hdslay1_t8_otype:arr_i:2_j:19,34.29712,0.0,hdslay1_t8,2,19,hdslay1,arr,,,,,,
oname:hdslay1_t8_otype:arr_i:2_j:2,35.48705,0.0,hdslay1_t8,2,2,hdslay1,arr,,,,,,
oname:hdslay1_t8_otype:arr_i:2_j:3,35.43473,0.0,hdslay1_t8,2,3,hdslay1,arr,,,,,,
oname:hdslay1_t8_otype:arr_i:2_j:4,35.35286,0.0,hdslay1_t8,2,4,hdslay1,arr,,,,,,
oname:hdslay1_t8_otype:arr_i:2_j:5,35.2444,0.0,hdslay1_t8,2,5,hdslay1,arr,,,,,,
oname:hdslay1_t8_otype:arr_i:2_j:6,35.10956,0.0,hdslay1_t8,2,6,hdslay1,arr,,,,,,
oname:hdslay1_t8_otype:arr_i:2_j:7,34.9497,0.0,hdslay1_t8,2,7,hdslay1,arr,,,,,,
oname:hdslay1_t8_otype:arr_i:2_j:8,34.8193,0.0,hdslay1_t8,2,8,hdslay1,arr,,,,,,
oname:hdslay1_t8_otype:arr_i:2_j:9,34.72437,0.0,hdslay1_t8,2,9,hdslay1,arr,,,,,,
oname:hdslay1_t8_otype:arr_i:30_j:0,34.10123,0.0,hdslay1_t8,30,0,hdslay1,arr,,,,,,
oname:hdslay1_t8_otype:arr_i:30_j:1,34.08021,0.0,hdslay1_t8,30,1,hdslay1,arr,,,,,,
oname:hdslay1_t8_otype:arr_i:30_j:10,33.78397,0.0,hdslay1_t8,30,10,hdslay1,arr,,,,,,
oname:hdslay1_t8_otype:arr_i:30_j:11,33.77046,0.0,hdslay1_t8,30,11,hdslay1,arr,,,,,,
oname:hdslay1_t8_otype:arr_i:30_j:12,33.76092,0.0,hdslay1_t8,30,12,hdslay1,arr,,,,,,
oname:hdslay1_t8_otype:arr_i:30_j:13,33.75356,0.0,hdslay1_t8,30,13,hdslay1,arr,,,,,,
oname:hdslay1_t8_otype:arr_i:30_j:14,33.74762,0.0,hdslay1_t8,30,14,hdslay1,arr,,,,,,
oname:hdslay1_t8_otype:arr_i:30_j:15,33.74471,0.0,hdslay1_t8,30,15,hdslay1,arr,,,,,,
oname:hdslay1_t8_otype:arr_i:30_j:16,33.7478,0.0,hdslay1_t8,30,16,hdslay1,arr,,,,,,
oname:hdslay1_t8_otype:arr_i:30_j:17,33.75145,0.0,hdslay1_t8,30,17,hdslay1,arr,,,,,,
oname:hdslay1_t8_otype:arr_i:30_j:18,33.75603,0.0,hdslay1_t8,30,18,hdslay1,arr,,,,,,
oname:hdslay1_t8_otype:arr_i:30_j:19,33.75718,0.0,hdslay1_t8,30,19,hdslay1,arr,,,,,,
oname:hdslay1_t8_otype:arr_i:30_j:2,34.04674,0.0,hdslay1_t8,30,2,hdslay1,arr,,,,,,
oname:hdslay1_t8_otype:arr_i:30_j:3,34.01113,0.0,hdslay1_t8,30,3,hdslay1,arr,,,,,,
oname:hdslay1_t8_otype:arr_i:30_j:4,33.95903,0.0,hdslay1_t8,30,4,hdslay1,arr,,,,,,
oname:hdslay1_t8_otype:arr_i:30_j:5,33.89546,0.0,hdslay1_t8,30,5,hdslay1,arr,,,,,,
oname:hdslay1_t8_otype:arr_i:30_j:6,33.84087,0.0,hdslay1_t8,30,6,hdslay1,arr,,,,,,
oname:hdslay1_t8_otype:arr_i:30_j:7,33.82444,0.0,hdslay1_t8,30,7,hdslay1,arr,,,,,,
oname:hdslay1_t8_otype:arr_i:30_j:8,33.81152,0.0,hdslay1_t8,30,8,hdslay1,arr,,,,,,
oname:hdslay1_t8_otype:arr_i:30_j:9,33.79769,0.0,hdslay1_t8,30,9,hdslay1,arr,,,,,,
oname:hdslay1_t8_otype:arr_i:31_j:0,34.07547,0.0,hdslay1_t8,31,0,hdslay1,arr,,,,,,
oname:hdslay1_t8_otype:arr_i:31_j:1,34.04452,0.0,hdslay1_t8,31,1,hdslay1,arr,,,,,,
oname:hdslay1_t8_otype:arr_i:31_j:10,33.76472,0.0,hdslay1_t8,31,10,hdslay1,arr,,,,,,
oname:hdslay1_t8_otype:arr_i:31_j:11,33.74853,0.0,hdslay1_t8,31,11,hdslay1,arr,,,,,,
oname:hdslay1_t8_otype:arr_i:31_j:12,33.73695,0.0,hdslay1_t8,31,12,hdslay1,arr,,,,,,
oname:hdslay1_t8_otype:arr_i:31_j:13,33.72871,0.0,hdslay1_t8,31,13,hdslay1,arr,,,,,,
oname:hdslay1_t8_otype:arr_i:31_j:14,33.72607,0.0,hdslay1_t8,31,14,hdslay1,arr,,,,,,
oname:hdslay1_t8_otype:arr_i:31_j:15,33.72631,0.0,hdslay1_t8,31,15,hdslay1,arr,,,,,,
oname:hdslay1_t8_otype:arr_i:31_j:16,33.72987,0.0,hdslay1_t8,31,16,hdslay1,arr,,,,,,
oname:hdslay1_t8_otype:arr_i:31_j:17,33.7334,0.0,hdslay1_t8,31,17,hdslay1,arr,,,,,,
oname:hdslay1_t8_otype:arr_i:31_j:18,33.73661,0.0,hdslay1_t8,31,18,hdslay1,arr,,,,,,
oname:hdslay1_t8_otype:arr_i:31_j:19,33.73829,0.0,hdslay1_t8,31,19,hdslay1,arr,,,,,,
oname:hdslay1_t8_otype:arr_i:31_j:2,34.0159,0.0,hdslay1_t8,31,2,hdslay1,arr,,,,,,
oname:hdslay1_t8_otype:arr_i:31_j:3,33.97913,0.0,hdslay1_t8,31,3,hdslay1,arr,,,,,,
oname:hdslay1_t8_otype:arr_i:31_j:4,33.9249,0.0,hdslay1_t8,31,4,hdslay1,arr,,,,,,
oname:hdslay1_t8_otype:arr_i:31_j:5,33.87074,0.0,hdslay1_t8,31,5,hdslay1,arr,,,,,,
oname:hdslay1_t8_otype:arr_i:31_j:6,33.83095,0.0,hdslay1_t8,31,6,hdslay1,arr,,,,,,
oname:hdslay1_t8_otype:arr_i:31_j:7,33.80736,0.0,hdslay1_t8,31,7,hdslay1,arr,,,,,,
oname:hdslay1_t8_otype:arr_i:31_j:8,33.79309,0.0,hdslay1_t8,31,8,hdslay1,arr,,,,,,
oname:hdslay1_t8_otype:arr_i:31_j:9,33.77884,0.0,hdslay1_t8,31,9,hdslay1,arr,,,,,,
oname:hdslay1_t8_otype:arr_i:32_j:0,1e+30,0.0,hdslay1_t8,32,0,hdslay1,arr,,,,,,
oname:hdslay1_t8_otype:arr_i:32_j:1,34.01834,0.0,hdslay1_t8,32,1,hdslay1,arr,,,,,,
oname:hdslay1_t8_otype:arr_i:32_j:10,33.73865,0.0,hdslay1_t8,32,10,hdslay1,arr,,,,,,
oname:hdslay1_t8_otype:arr_i:32_j:11,33.72175,0.0,hdslay1_t8,32,11,hdslay1,arr,,,,,,
oname:hdslay1_t8_otype:arr_i:32_j:12,33.70838,0.0,hdslay1_t8,32,12,hdslay1,arr,,,,,,
oname:hdslay1_t8_otype:arr_i:32_j:13,33.70319,0.0,hdslay1_t8,32,13,hdslay1,arr,,,,,,
oname:hdslay1_t8_otype:arr_i:32_j:14,33.70492,0.0,hdslay1_t8,32,14,hdslay1,arr,,,,,,
oname:hdslay1_t8_otype:arr_i:32_j:15,33.70877,0.0,hdslay1_t8,32,15,hdslay1,arr,,,,,,
oname:hdslay1_t8_otype:arr_i:32_j:16,33.71439,0.0,hdslay1_t8,32,16,hdslay1,arr,,,,,,
oname:hdslay1_t8_otype:arr_i:32_j:17,33.71802,0.0,hdslay1_t8,32,17,hdslay1,arr,,,,,,
oname:hdslay1_t8_otype:arr_i:32_j:18,33.72166,0.0,hdslay1_t8,32,18,hdslay1,arr,,,,,,
oname:hdslay1_t8_otype:arr_i:32_j:19,33.72375,0.0,hdslay1_t8,32,19,hdslay1,arr,,,,,,
oname:hdslay1_t8_otype:arr_i:32_j:2,33.98831,0.0,hdslay1_t8,32,2,hdslay1,arr,,,,,,
oname:hdslay1_t8_otype:arr_i:32_j:3,33.94535,0.0,hdslay1_t8,32,3,hdslay1,arr,,,,,,
oname:hdslay1_t8_otype:arr_i:32_j:4,33.89198,0.0,hdslay1_t8,32,4,hdslay1,arr,,,,,,
oname:hdslay1_t8_otype:arr_i:32_j:5,33.84726,0.0,hdslay1_t8,32,5,hdslay1,arr,,,,,,
oname:hdslay1_t8_otype:arr_i:32_j:6,33.81492,0.0,hdslay1_t8,32,6,hdslay1,arr,,,,,,
oname:hdslay1_t8_otype:arr_i:32_j:7,33.79138,0.0,hdslay1_t8,32,7,hdslay1,arr,,,,,,
oname:hdslay1_t8_otype:arr_i:32_j:8,33.77235,0.0,hdslay1_t8,32,8,hdslay1,arr,,,,,,
oname:hdslay1_t8_otype:arr_i:32_j:9,33.75565,0.0,hdslay1_t8,32,9,hdslay1,arr,,,,,,
oname:hdslay1_t8_otype:arr_i:33_j:0,1e+30,0.0,hdslay1_t8,33,0,hdslay1,arr,,,,,,
oname:hdslay1_t8_otype:arr_i:33_j:1,1e+30,0.0,hdslay1_t8,33,1,hdslay1,arr,,,,,,
oname:hdslay1_t8_otype:arr_i:33_j:10,33.70905,0.0,hdslay1_t8,33,10,hdslay1,arr,,,,,,
oname:hdslay1_t8_otype:arr_i:33_j:11,33.68295,0.0,hdslay1_t8,33,11,hdslay1,arr,,,,,,
oname:hdslay1_t8_otype:arr_i:33_j:12,33.66339,0.0,hdslay1_t8,33,12,hdslay1,arr,,,,,,
oname:hdslay1_t8_otype:arr_i:33_j:13,33.67405,0.0,hdslay1_t8,33,13,hdslay1,arr,,,,,,
oname:hdslay1_t8_otype:arr_i:33_j:14,33.6823,0.0,hdslay1_t8,33,14,hdslay1,arr,,,,,,
oname:hdslay1_t8_otype:arr_i:33_j:15,33.68881,0.0,hdslay1_t8,33,15,hdslay1,arr,,,,,,
oname:hdslay1_t8_otype:arr_i:33_j:16,33.698,0.0,hdslay1_t8,33,16,hdslay1,arr,,,,,,
oname:hdslay1_t8_otype:arr_i:33_j:17,33.70502,0.0,hdslay1_t8,33,17,hdslay1,arr,,,,,,
oname:hdslay1_t8_otype:arr_i:33_j:18,33.71041,0.0,hdslay1_t8,33,18,hdslay1,arr,,,,,,
oname:hdslay1_t8_otype:arr_i:33_j:19,33.71403,0.0,hdslay1_t8,33,19,hdslay1,arr,,,,,,
oname:hdslay1_t8_otype:arr_i:33_j:2,33.95837,0.0,hdslay1_t8,33,2,hdslay1,arr,,,,,,
oname:hdslay1_t8_otype:arr_i:33_j:3,33.91289,0.0,hdslay1_t8,33,3,hdslay1,arr,,,,,,
oname:hdslay1_t8_otype:arr_i:33_j:4,33.85626,0.0,hdslay1_t8,33,4,hdslay1,arr,,,,,,
oname:hdslay1_t8_otype:arr_i:33_j:5,33.81929,0.0,hdslay1_t8,33,5,hdslay1,arr,,,,,,
oname:hdslay1_t8_otype:arr_i:33_j:6,33.79071,0.0,hdslay1_t8,33,6,hdslay1,arr,,,,,,
oname:hdslay1_t8_otype:arr_i:33_j:7,33.76592,0.0,hdslay1_t8,33,7,hdslay1,arr,,,,,,
oname:hdslay1_t8_otype:arr_i:33_j:8,33.74425,0.0,hdslay1_t8,33,8,hdslay1,arr,,,,,,
oname:hdslay1_t8_otype:arr_i:33_j:9,33.72716,0.0,hdslay1_t8,33,9,hdslay1,arr,,,,,,
oname:hdslay1_t8_otype:arr_i:34_j:0,1e+30,0.0,hdslay1_t8,34,0,hdslay1,arr,,,,,,
oname:hdslay1_t8_otype:arr_i:34_j:1,1e+30,0.0,hdslay1_t8,34,1,hdslay1,arr,,,,,,
oname:hdslay1_t8_otype:arr_i:34_j:10,33.67197,0.0,hdslay1_t8,34,10,hdslay1,arr,,,,,,
oname:hdslay1_t8_otype:arr_i:34_j:11,33.63029,0.0,hdslay1_t8,34,11,hdslay1,arr,,,,,,
oname:hdslay1_t8_otype:arr_i:34_j:12,33.56041,0.0,hdslay1_t8,34,12,hdslay1,arr,,,,,,
oname:hdslay1_t8_otype:arr_i:34_j:13,33.63492,0.0,hdslay1_t8,34,13,hdslay1,arr,,,,,,
oname:hdslay1_t8_otype:arr_i:34_j:14,33.65641,0.0,hdslay1_t8,34,14,hdslay1,arr,,,,,,
oname:hdslay1_t8_otype:arr_i:34_j:15,33.66565,0.0,hdslay1_t8,34,15,hdslay1,arr,,,,,,
oname:hdslay1_t8_otype:arr_i:34_j:16,33.67748,0.0,hdslay1_t8,34,16,hdslay1,arr,,,,,,
oname:hdslay1_t8_otype:arr_i:34_j:17,33.68854,0.0,hdslay1_t8,34,17,hdslay1,arr,,,,,,
oname:hdslay1_t8_otype:arr_i:34_j:18,33.69851,0.0,hdslay1_t8,34,18,hdslay1,arr,,,,,,
oname:hdslay1_t8_otype:arr_i:34_j:19,33.70775,0.0,hdslay1_t8,34,19,hdslay1,arr,,,,,,
oname:hdslay1_t8_otype:arr_i:34_j:2,1e+30,0.0,hdslay1_t8,34,2,hdslay1,arr,,,,,,
oname:hdslay1_t8_otype:arr_i:34_j:3,33.86335,0.0,hdslay1_t8,34,3,hdslay1,arr,,,,,,
oname:hdslay1_t8_otype:arr_i:34_j:4,33.81019,0.0,hdslay1_t8,34,4,hdslay1,arr,,,,,,
oname:hdslay1_t8_otype:arr_i:34_j:5,33.7831,0.0,hdslay1_t8,34,5,hdslay1,arr,,,,,,
oname:hdslay1_t8_otype:arr_i:34_j:6,33.75427,0.0,hdslay1_t8,34,6,hdslay1,arr,,,,,,
oname:hdslay1_t8_otype:arr_i:34_j:7,33.73177,0.0,hdslay1_t8,34,7,hdslay1,arr,,,,,,
oname:hdslay1_t8_otype:arr_i:34_j:8,33.71383,0.0,hdslay1_t8,34,8,hdslay1,arr,,,,,,
oname:hdslay1_t8_otype:arr_i:34_j:9,33.69661,0.0,hdslay1_t8,34,9,hdslay1,arr,,,,,,
oname:hdslay1_t8_otype:arr_i:35_j:0,1e+30,0.0,hdslay1_t8,35,0,hdslay1,arr,,,,,,
oname:hdslay1_t8_otype:arr_i:35_j:1,1e+30,0.0,hdslay1_t8,35,1,hdslay1,arr,,,,,,
oname:hdslay1_t8_otype:arr_i:35_j:10,33.63373,0.0,hdslay1_t8,35,10,hdslay1,arr,,,,,,
oname:hdslay1_t8_otype:arr_i:35_j:11,33.61279,0.0,hdslay1_t8,35,11,hdslay1,arr,,,,,,
oname:hdslay1_t8_otype:arr_i:35_j:12,33.59808,0.0,hdslay1_t8,35,12,hdslay1,arr,,,,,,
oname:hdslay1_t8_otype:arr_i:35_j:13,33.62048,0.0,hdslay1_t8,35,13,hdslay1,arr,,,,,,
oname:hdslay1_t8_otype:arr_i:35_j:14,33.63697,0.0,hdslay1_t8,35,14,hdslay1,arr,,,,,,
oname:hdslay1_t8_otype:arr_i:35_j:15,33.64654,0.0,hdslay1_t8,35,15,hdslay1,arr,,,,,,
oname:hdslay1_t8_otype:arr_i:35_j:16,33.65673,0.0,hdslay1_t8,35,16,hdslay1,arr,,,,,,
oname:hdslay1_t8_otype:arr_i:35_j:17,33.66793,0.0,hdslay1_t8,35,17,hdslay1,arr,,,,,,
oname:hdslay1_t8_otype:arr_i:35_j:18,33.67812,0.0,hdslay1_t8,35,18,hdslay1,arr,,,,,,
oname:hdslay1_t8_otype:arr_i:35_j:19,1e+30,0.0,hdslay1_t8,35,19,hdslay1,arr,,,,,,
oname:hdslay1_t8_otype:arr_i:35_j:2,1e+30,0.0,hdslay1_t8,35,2,hdslay1,arr,,,,,,
oname:hdslay1_t8_otype:arr_i:35_j:3,1e+30,0.0,hdslay1_t8,35,3,hdslay1,arr,,,,,,
oname:hdslay1_t8_otype:arr_i:35_j:4,33.76213,0.0,hdslay1_t8,35,4,hdslay1,arr,,,,,,
oname:hdslay1_t8_otype:arr_i:35_j:5,33.73926,0.0,hdslay1_t8,35,5,hdslay1,arr,,,,,,
oname:hdslay1_t8_otype:arr_i:35_j:6,33.71154,0.0,hdslay1_t8,35,6,hdslay1,arr,,,,,,
oname:hdslay1_t8_otype:arr_i:35_j:7,33.69047,0.0,hdslay1_t8,35,7,hdslay1,arr,,,,,,
oname:hdslay1_t8_otype:arr_i:35_j:8,33.67545,0.0,hdslay1_t8,35,8,hdslay1,arr,,,,,,
oname:hdslay1_t8_otype:arr_i:35_j:9,33.65872,0.0,hdslay1_t8,35,9,hdslay1,arr,,,,,,
oname:hdslay1_t8_otype:arr_i:36_j:0,1e+30,0.0,hdslay1_t8,36,0,hdslay1,arr,,,,,,
oname:hdslay1_t8_otype:arr_i:36_j:1,1e+30,0.0,hdslay1_t8,36,1,hdslay1,arr,,,,,,
oname:hdslay1_t8_otype:arr_i:36_j:10,33.59967,0.0,hdslay1_t8,36,10,hdslay1,arr,,,,,,
oname:hdslay1_t8_otype:arr_i:36_j:11,33.59249,0.0,hdslay1_t8,36,11,hdslay1,arr,,,,,,
oname:hdslay1_t8_otype:arr_i:36_j:12,33.58763,0.0,hdslay1_t8,36,12,hdslay1,arr,,,,,,
oname:hdslay1_t8_otype:arr_i:36_j:13,33.60035,0.0,hdslay1_t8,36,13,hdslay1,arr,,,,,,
oname:hdslay1_t8_otype:arr_i:36_j:14,33.61623,0.0,hdslay1_t8,36,14,hdslay1,arr,,,,,,
oname:hdslay1_t8_otype:arr_i:36_j:15,33.62885,0.0,hdslay1_t8,36,15,hdslay1,arr,,,,,,
oname:hdslay1_t8_otype:arr_i:36_j:16,33.63835,0.0,hdslay1_t8,36,16,hdslay1,arr,,,,,,
oname:hdslay1_t8_otype:arr_i:36_j:17,33.65061,0.0,hdslay1_t8,36,17,hdslay1,arr,,,,,,
oname:hdslay1_t8_otype:arr_i:36_j:18,33.66437,0.0,hdslay1_t8,36,18,hdslay1,arr,,,,,,
oname:hdslay1_t8_otype:arr_i:36_j:19,1e+30,0.0,hdslay1_t8,36,19,hdslay1,arr,,,,,,
oname:hdslay1_t8_otype:arr_i:36_j:2,1e+30,0.0,hdslay1_t8,36,2,hdslay1,arr,,,,,,
oname:hdslay1_t8_otype:arr_i:36_j:3,1e+30,0.0,hdslay1_t8,36,3,hdslay1,arr,,,,,,
oname:hdslay1_t8_otype:arr_i:36_j:4,33.73275,0.0,hdslay1_t8,36,4,hdslay1,arr,,,,,,
oname:hdslay1_t8_otype:arr_i:36_j:5,33.69224,0.0,hdslay1_t8,36,5,hdslay1,arr,,,,,,
oname:hdslay1_t8_otype:arr_i:36_j:6,33.66468,0.0,hdslay1_t8,36,6,hdslay1,arr,,,,,,
oname:hdslay1_t8_otype:arr_i:36_j:7,33.64636,0.0,hdslay1_t8,36,7,hdslay1,arr,,,,,,
oname:hdslay1_t8_otype:arr_i:36_j:8,33.63104,0.0,hdslay1_t8,36,8,hdslay1,arr,,,,,,
oname:hdslay1_t8_otype:arr_i:36_j:9,33.61716,0.0,hdslay1_t8,36,9,hdslay1,arr,,,,,,
oname:hdslay1_t8_otype:arr_i:37_j:0,1e+30,0.0,hdslay1_t8,37,0,hdslay1,arr,,,,,,
oname:hdslay1_t8_otype:arr_i:37_j:1,1e+30,0.0,hdslay1_t8,37,1,hdslay1,arr,,,,,,
oname:hdslay1_t8_otype:arr_i:37_j:10,33.56311,0.0,hdslay1_t8,37,10,hdslay1,arr,,,,,,
oname:hdslay1_t8_otype:arr_i:37_j:11,33.55453,0.0,hdslay1_t8,37,11,hdslay1,arr,,,,,,
oname:hdslay1_t8_otype:arr_i:37_j:12,33.55639,0.0,hdslay1_t8,37,12,hdslay1,arr,,,,,,
oname:hdslay1_t8_otype:arr_i:37_j:13,33.5722,0.0,hdslay1_t8,37,13,hdslay1,arr,,,,,,
oname:hdslay1_t8_otype:arr_i:37_j:14,33.59291,0.0,hdslay1_t8,37,14,hdslay1,arr,,,,,,
oname:hdslay1_t8_otype:arr_i:37_j:15,33.61165,0.0,hdslay1_t8,37,15,hdslay1,arr,,,,,,
oname:hdslay1_t8_otype:arr_i:37_j:16,33.62281,0.0,hdslay1_t8,37,16,hdslay1,arr,,,,,,
oname:hdslay1_t8_otype:arr_i:37_j:17,33.6353,0.0,hdslay1_t8,37,17,hdslay1,arr,,,,,,
oname:hdslay1_t8_otype:arr_i:37_j:18,1e+30,0.0,hdslay1_t8,37,18,hdslay1,arr,,,,,,
oname:hdslay1_t8_otype:arr_i:37_j:19,1e+30,0.0,hdslay1_t8,37,19,hdslay1,arr,,,,,,
oname:hdslay1_t8_otype:arr_i:37_j:2,1e+30,0.0,hdslay1_t8,37,2,hdslay1,arr,,,,,,
oname:hdslay1_t8_otype:arr_i:37_j:3,1e+30,0.0,hdslay1_t8,37,3,hdslay1,arr,,,,,,
oname:hdslay1_t8_otype:arr_i:37_j:4,1e+30,0.0,hdslay1_t8,37,4,hdslay1,arr,,,,,,
oname:hdslay1_t8_otype:arr_i:37_j:5,33.62074,0.0,hdslay1_t8,37,5,hdslay1,arr,,,,,,
oname:hdslay1_t8_otype:arr_i:37_j:6,33.61438,0.0,hdslay1_t8,37,6,hdslay1,arr,,,,,,
oname:hdslay1_t8_otype:arr_i:37_j:7,33.60341,0.0,hdslay1_t8,37,7,hdslay1,arr,,,,,,
oname:hdslay1_t8_otype:arr_i:37_j:8,33.58876,0.0,hdslay1_t8,37,8,hdslay1,arr,,,,,,
oname:hdslay1_t8_otype:arr_i:37_j:9,33.57668,0.0,hdslay1_t8,37,9,hdslay1,arr,,,,,,
oname:hdslay1_t8_otype:arr_i:38_j:0,1e+30,0.0,hdslay1_t8,38,0,hdslay1,arr,,,,,,
oname:hdslay1_t8_otype:arr_i:38_j:1,1e+30,0.0,hdslay1_t8,38,1,hdslay1,arr,,,,,,
oname:hdslay1_t8_otype:arr_i:38_j:10,33.5044,0.0,hdslay1_t8,38,10,hdslay1,arr,,,,,,
oname:hdslay1_t8_otype:arr_i:38_j:11,33.49236,0.0,hdslay1_t8,38,11,hdslay1,arr,,,,,,
oname:hdslay1_t8_otype:arr_i:38_j:12,33.5034,0.0,hdslay1_t8,38,12,hdslay1,arr,,,,,,
oname:hdslay1_t8_otype:arr_i:38_j:13,33.52905,0.0,hdslay1_t8,38,13,hdslay1,arr,,,,,,
oname:hdslay1_t8_otype:arr_i:38_j:14,33.56241,0.0,hdslay1_t8,38,14,hdslay1,arr,,,,,,
oname:hdslay1_t8_otype:arr_i:38_j:15,33.5931,0.0,hdslay1_t8,38,15,hdslay1,arr,,,,,,
oname:hdslay1_t8_otype:arr_i:38_j:16,33.61069,0.0,hdslay1_t8,38,16,hdslay1,arr,,,,,,
oname:hdslay1_t8_otype:arr_i:38_j:17,1e+30,0.0,hdslay1_t8,38,17,hdslay1,arr,,,,,,
oname:hdslay1_t8_otype:arr_i:38_j:18,1e+30,0.0,hdslay1_t8,38,18,hdslay1,arr,,,,,,
oname:hdslay1_t8_otype:arr_i:38_j:19,1e+30,0.0,hdslay1_t8,38,19,hdslay1,arr,,,,,,
oname:hdslay1_t8_otype:arr_i:38_j:2,1e+30,0.0,hdslay1_t8,38,2,hdslay1,arr,,,,,,
oname:hdslay1_t8_otype:arr_i:38_j:3,1e+30,0.0,hdslay1_t8,38,3,hdslay1,arr,,,,,,
oname:hdslay1_t8_otype:arr_i:38_j:4,1e+30,0.0,hdslay1_t8,38,4,hdslay1,arr,,,,,,
oname:hdslay1_t8_otype:arr_i:38_j:5,33.55967,0.0,hdslay1_t8,38,5,hdslay1,arr,,,,,,
oname:hdslay1_t8_otype:arr_i:38_j:6,33.55858,0.0,hdslay1_t8,38,6,hdslay1,arr,,,,,,
oname:hdslay1_t8_otype:arr_i:38_j:7,33.54611,0.0,hdslay1_t8,38,7,hdslay1,arr,,,,,,
oname:hdslay1_t8_otype:arr_i:38_j:8,33.5362,0.0,hdslay1_t8,38,8,hdslay1,arr,,,,,,
oname:hdslay1_t8_otype:arr_i:38_j:9,33.52198,0.0,hdslay1_t8,38,9,hdslay1,arr,,,,,,
oname:hdslay1_t8_otype:arr_i:39_j:0,1e+30,0.0,hdslay1_t8,39,0,hdslay1,arr,,,,,,
oname:hdslay1_t8_otype:arr_i:39_j:1,1e+30,0.0,hdslay1_t8,39,1,hdslay1,arr,,,,,,
oname:hdslay1_t8_otype:arr_i:39_j:10,33.40569,0.0,hdslay1_t8,39,10,hdslay1,arr,,,,,,
oname:hdslay1_t8_otype:arr_i:39_j:11,33.40933,0.0,hdslay1_t8,39,11,hdslay1,arr,,,,,,
oname:hdslay1_t8_otype:arr_i:39_j:12,33.42707,0.0,hdslay1_t8,39,12,hdslay1,arr,,,,,,
oname:hdslay1_t8_otype:arr_i:39_j:13,33.46266,0.0,hdslay1_t8,39,13,hdslay1,arr,,,,,,
oname:hdslay1_t8_otype:arr_i:39_j:14,33.50616,0.0,hdslay1_t8,39,14,hdslay1,arr,,,,,,
oname:hdslay1_t8_otype:arr_i:39_j:15,33.5666,0.0,hdslay1_t8,39,15,hdslay1,arr,,,,,,
oname:hdslay1_t8_otype:arr_i:39_j:16,1e+30,0.0,hdslay1_t8,39,16,hdslay1,arr,,,,,,
oname:hdslay1_t8_otype:arr_i:39_j:17,1e+30,0.0,hdslay1_t8,39,17,hdslay1,arr,,,,,,
oname:hdslay1_t8_otype:arr_i:39_j:18,1e+30,0.0,hdslay1_t8,39,18,hdslay1,arr,,,,,,
oname:hdslay1_t8_otype:arr_i:39_j:19,1e+30,0.0,hdslay1_t8,39,19,hdslay1,arr,,,,,,
oname:hdslay1_t8_otype:arr_i:39_j:2,1e+30,0.0,hdslay1_t8,39,2,hdslay1,arr,,,,,,
oname:hdslay1_t8_otype:arr_i:39_j:3,1e+30,0.0,hdslay1_t8,39,3,hdslay1,arr,,,,,,
oname:hdslay1_t8_otype:arr_i:39_j:4,1e+30,0.0,hdslay1_t8,39,4,hdslay1,arr,,,,,,
oname:hdslay1_t8_otype:arr_i:39_j:5,33.48706,0.0,hdslay1_t8,39,5,hdslay1,arr,,,,,,
oname:hdslay1_t8_otype:arr_i:39_j:6,33.47948,0.0,hdslay1_t8,39,6,hdslay1,arr,,,,,,
oname:hdslay1_t8_otype:arr_i:39_j:7,33.47364,0.0,hdslay1_t8,39,7,hdslay1,arr,,,,,,
oname:hdslay1_t8_otype:arr_i:39_j:8,33.46137,0.0,hdslay1_t8,39,8,hdslay1,arr,,,,,,
oname:hdslay1_t8_otype:arr_i:39_j:9,33.43813,0.0,hdslay1_t8,39,9,hdslay1,arr,,,,,,
oname:hdslay1_t8_otype:arr_i:3_j:0,35.51879,0.0,hdslay1_t8,3,0,hdslay1,arr,,,,,,
oname:hdslay1_t8_otype:arr_i:3_j:1,35.50692,0.0,hdslay1_t8,3,1,hdslay1,arr,,,,,,
oname:hdslay1_t8_otype:arr_i:3_j:10,34.64797,0.0,hdslay1_t8,3,10,hdslay1,arr,,,,,,
oname:hdslay1_t8_otype:arr_i:3_j:11,34.5795,0.0,hdslay1_t8,3,11,hdslay1,arr,,,,,,
oname:hdslay1_t8_otype:arr_i:3_j:12,34.51059,0.0,hdslay1_t8,3,12,hdslay1,arr,,,,,,
oname:hdslay1_t8_otype:arr_i:3_j:13,34.43393,0.0,hdslay1_t8,3,13,hdslay1,arr,,,,,,
oname:hdslay1_t8_otype:arr_i:3_j:14,34.3683,0.0,hdslay1_t8,3,14,hdslay1,arr,,,,,,
oname:hdslay1_t8_otype:arr_i:3_j:15,34.31,0.0,hdslay1_t8,3,15,hdslay1,arr,,,,,,
oname:hdslay1_t8_otype:arr_i:3_j:16,34.29774,0.0,hdslay1_t8,3,16,hdslay1,arr,,,,,,
oname:hdslay1_t8_otype:arr_i:3_j:17,34.28658,0.0,hdslay1_t8,3,17,hdslay1,arr,,,,,,
oname:hdslay1_t8_otype:arr_i:3_j:18,34.27852,0.0,hdslay1_t8,3,18,hdslay1,arr,,,,,,
oname:hdslay1_t8_otype:arr_i:3_j:19,34.27533,0.0,hdslay1_t8,3,19,hdslay1,arr,,,,,,
oname:hdslay1_t8_otype:arr_i:3_j:2,35.48777,0.0,hdslay1_t8,3,2,hdslay1,arr,,,,,,
oname:hdslay1_t8_otype:arr_i:3_j:3,35.44214,0.0,hdslay1_t8,3,3,hdslay1,arr,,,,,,
oname:hdslay1_t8_otype:arr_i:3_j:4,35.36825,0.0,hdslay1_t8,3,4,hdslay1,arr,,,,,,
oname:hdslay1_t8_otype:arr_i:3_j:5,35.26176,0.0,hdslay1_t8,3,5,hdslay1,arr,,,,,,
oname:hdslay1_t8_otype:arr_i:3_j:6,35.12008,0.0,hdslay1_t8,3,6,hdslay1,arr,,,,,,
oname:hdslay1_t8_otype:arr_i:3_j:7,34.96971,0.0,hdslay1_t8,3,7,hdslay1,arr,,,,,,
oname:hdslay1_t8_otype:arr_i:3_j:8,34.83712,0.0,hdslay1_t8,3,8,hdslay1,arr,,,,,,
oname:hdslay1_t8_otype:arr_i:3_j:9,34.73237,0.0,hdslay1_t8,3,9,hdslay1,arr,,,,,,
oname:hdslay1_t8_otype:arr_i:4_j:0,35.49999,0.0,hdslay1_t8,4,0,hdslay1,arr,,,,,,
oname:hdslay1_t8_otype:arr_i:4_j:1,35.4919,0.0,hdslay1_t8,4,1,hdslay1,arr,,,,,,
oname:hdslay1_t8_otype:arr_i:4_j:10,34.6481,0.0,hdslay1_t8,4,10,hdslay1,arr,,,,,,
oname:hdslay1_t8_otype:arr_i:4_j:11,34.57443,0.0,hdslay1_t8,4,11,hdslay1,arr,,,,,,
oname:hdslay1_t8_otype:arr_i:4_j:12,34.48988,0.0,hdslay1_t8,4,12,hdslay1,arr,,,,,,
oname:hdslay1_t8_otype:arr_i:4_j:13,34.40936,0.0,hdslay1_t8,4,13,hdslay1,arr,,,,,,
oname:hdslay1_t8_otype:arr_i:4_j:14,34.34379,0.0,hdslay1_t8,4,14,hdslay1,arr,,,,,,
oname:hdslay1_t8_otype:arr_i:4_j:15,34.28827,0.0,hdslay1_t8,4,15,hdslay1,arr,,,,,,
oname:hdslay1_t8_otype:arr_i:4_j:16,34.2713,0.0,hdslay1_t8,4,16,hdslay1,arr,,,,,,
oname:hdslay1_t8_otype:arr_i:4_j:17,34.26057,0.0,hdslay1_t8,4,17,hdslay1,arr,,,,,,
oname:hdslay1_t8_otype:arr_i:4_j:18,34.25633,0.0,hdslay1_t8,4,18,hdslay1,arr,,,,,,
oname:hdslay1_t8_otype:arr_i:4_j:19,34.2555,0.0,hdslay1_t8,4,19,hdslay1,arr,,,,,,
oname:hdslay1_t8_otype:arr_i:4_j:2,35.47732,0.0,hdslay1_t8,4,2,hdslay1,arr,,,,,,
oname:hdslay1_t8_otype:arr_i:4_j:3,35.44028,0.0,hdslay1_t8,4,3,hdslay1,arr,,,,,,
oname:hdslay1_t8_otype:arr_i:4_j:4,35.37628,0.0,hdslay1_t8,4,4,hdslay1,arr,,,,,,
oname:hdslay1_t8_otype:arr_i:4_j:5,35.28471,0.0,hdslay1_t8,4,5,hdslay1,arr,,,,,,
oname:hdslay1_t8_otype:arr_i:4_j:6,35.15968,0.0,hdslay1_t8,4,6,hdslay1,arr,,,,,,
oname:hdslay1_t8_otype:arr_i:4_j:7,35.004,0.0,hdslay1_t8,4,7,hdslay1,arr,,,,,,
oname:hdslay1_t8_otype:arr_i:4_j:8,34.85552,0.0,hdslay1_t8,4,8,hdslay1,arr,,,,,,
oname:hdslay1_t8_otype:arr_i:4_j:9,34.73977,0.0,hdslay1_t8,4,9,hdslay1,arr,,,,,,
oname:hdslay1_t8_otype:arr_i:5_j:0,35.48261,0.0,hdslay1_t8,5,0,hdslay1,arr,,,,,,
oname:hdslay1_t8_otype:arr_i:5_j:1,35.47739,0.0,hdslay1_t8,5,1,hdslay1,arr,,,,,,
oname:hdslay1_t8_otype:arr_i:5_j:10,34.63968,0.0,hdslay1_t8,5,10,hdslay1,arr,,,,,,
oname:hdslay1_t8_otype:arr_i:5_j:11,34.55648,0.0,hdslay1_t8,5,11,hdslay1,arr,,,,,,
oname:hdslay1_t8_otype:arr_i:5_j:12,34.4662,0.0,hdslay1_t8,5,12,hdslay1,arr,,,,,,
oname:hdslay1_t8_otype:arr_i:5_j:13,34.38107,0.0,hdslay1_t8,5,13,hdslay1,arr,,,,,,
oname:hdslay1_t8_otype:arr_i:5_j:14,34.30924,0.0,hdslay1_t8,5,14,hdslay1,arr,,,,,,
oname:hdslay1_t8_otype:arr_i:5_j:15,34.25375,0.0,hdslay1_t8,5,15,hdslay1,arr,,,,,,
oname:hdslay1_t8_otype:arr_i:5_j:16,34.24095,0.0,hdslay1_t8,5,16,hdslay1,arr,,,,,,
oname:hdslay1_t8_otype:arr_i:5_j:17,34.23159,0.0,hdslay1_t8,5,17,hdslay1,arr,,,,,,
oname:hdslay1_t8_otype:arr_i:5_j:18,34.23074,0.0,hdslay1_t8,5,18,hdslay1,arr,,,,,,
oname:hdslay1_t8_otype:arr_i:5_j:19,34.2328,0.0,hdslay1_t8,5,19,hdslay1,arr,,,,,,
oname:hdslay1_t8_otype:arr_i:5_j:2,35.4634,0.0,hdslay1_t8,5,2,hdslay1,arr,,,,,,
oname:hdslay1_t8_otype:arr_i:5_j:3,35.43234,0.0,hdslay1_t8,5,3,hdslay1,arr,,,,,,
oname:hdslay1_t8_otype:arr_i:5_j:4,35.37848,0.0,hdslay1_t8,5,4,hdslay1,arr,,,,,,
oname:hdslay1_t8_otype:arr_i:5_j:5,35.29124,0.0,hdslay1_t8,5,5,hdslay1,arr,,,,,,
oname:hdslay1_t8_otype:arr_i:5_j:6,35.17006,0.0,hdslay1_t8,5,6,hdslay1,arr,,,,,,
oname:hdslay1_t8_otype:arr_i:5_j:7,35.03469,0.0,hdslay1_t8,5,7,hdslay1,arr,,,,,,
oname:hdslay1_t8_otype:arr_i:5_j:8,34.88761,0.0,hdslay1_t8,5,8,hdslay1,arr,,,,,,
oname:hdslay1_t8_otype:arr_i:5_j:9,34.74269,0.0,hdslay1_t8,5,9,hdslay1,arr,,,,,,
oname:hdslay1_t8_otype:arr_i:6_j:0,35.47204,0.0,hdslay1_t8,6,0,hdslay1,arr,,,,,,
oname:hdslay1_t8_otype:arr_i:6_j:1,35.46738,0.0,hdslay1_t8,6,1,hdslay1,arr,,,,,,
oname:hdslay1_t8_otype:arr_i:6_j:10,34.61728,0.0,hdslay1_t8,6,10,hdslay1,arr,,,,,,
oname:hdslay1_t8_otype:arr_i:6_j:11,34.52407,0.0,hdslay1_t8,6,11,hdslay1,arr,,,,,,
oname:hdslay1_t8_otype:arr_i:6_j:12,34.42164,0.0,hdslay1_t8,6,12,hdslay1,arr,,,,,,
oname:hdslay1_t8_otype:arr_i:6_j:13,34.32864,0.0,hdslay1_t8,6,13,hdslay1,arr,,,,,,
oname:hdslay1_t8_otype:arr_i:6_j:14,34.26137,0.0,hdslay1_t8,6,14,hdslay1,arr,,,,,,
oname:hdslay1_t8_otype:arr_i:6_j:15,34.20979,0.0,hdslay1_t8,6,15,hdslay1,arr,,,,,,
oname:hdslay1_t8_otype:arr_i:6_j:16,34.20349,0.0,hdslay1_t8,6,16,hdslay1,arr,,,,,,
oname:hdslay1_t8_otype:arr_i:6_j:17,34.19732,0.0,hdslay1_t8,6,17,hdslay1,arr,,,,,,
oname:hdslay1_t8_otype:arr_i:6_j:18,34.19671,0.0,hdslay1_t8,6,18,hdslay1,arr,,,,,,
oname:hdslay1_t8_otype:arr_i:6_j:19,34.19599,0.0,hdslay1_t8,6,19,hdslay1,arr,,,,,,
oname:hdslay1_t8_otype:arr_i:6_j:2,35.45614,0.0,hdslay1_t8,6,2,hdslay1,arr,,,,,,
oname:hdslay1_t8_otype:arr_i:6_j:3,35.4329,0.0,hdslay1_t8,6,3,hdslay1,arr,,,,,,
oname:hdslay1_t8_otype:arr_i:6_j:4,35.38438,0.0,hdslay1_t8,6,4,hdslay1,arr,,,,,,
oname:hdslay1_t8_otype:arr_i:6_j:5,35.28833,0.0,hdslay1_t8,6,5,hdslay1,arr,,,,,,
oname:hdslay1_t8_otype:arr_i:6_j:6,35.1591,0.0,hdslay1_t8,6,6,hdslay1,arr,,,,,,
oname:hdslay1_t8_otype:arr_i:6_j:7,35.0258,0.0,hdslay1_t8,6,7,hdslay1,arr,,,,,,
oname:hdslay1_t8_otype:arr_i:6_j:8,34.88272,0.0,hdslay1_t8,6,8,hdslay1,arr,,,,,,
oname:hdslay1_t8_otype:arr_i:6_j:9,34.73068,0.0,hdslay1_t8,6,9,hdslay1,arr,,,,,,
oname:hdslay1_t8_otype:arr_i:7_j:0,35.46511,0.0,hdslay1_t8,7,0,hdslay1,arr,,,,,,
oname:hdslay1_t8_otype:arr_i:7_j:1,35.4616,0.0,hdslay1_t8,7,1,hdslay1,arr,,,,,,
oname:hdslay1_t8_otype:arr_i:7_j:10,34.56288,0.0,hdslay1_t8,7,10,hdslay1,arr,,,,,,
oname:hdslay1_t8_otype:arr_i:7_j:11,34.46651,0.0,hdslay1_t8,7,11,hdslay1,arr,,,,,,
oname:hdslay1_t8_otype:arr_i:7_j:12,34.35204,0.0,hdslay1_t8,7,12,hdslay1,arr,,,,,,
oname:hdslay1_t8_otype:arr_i:7_j:13,34.25924,0.0,hdslay1_t8,7,13,hdslay1,arr,,,,,,
oname:hdslay1_t8_otype:arr_i:7_j:14,34.19936,0.0,hdslay1_t8,7,14,hdslay1,arr,,,,,,
oname:hdslay1_t8_otype:arr_i:7_j:15,34.15585,0.0,hdslay1_t8,7,15,hdslay1,arr,,,,,,
oname:hdslay1_t8_otype:arr_i:7_j:16,34.14402,0.0,hdslay1_t8,7,16,hdslay1,arr,,,,,,
oname:hdslay1_t8_otype:arr_i:7_j:17,34.15123,0.0,hdslay1_t8,7,17,hdslay1,arr,,,,,,
oname:hdslay1_t8_otype:arr_i:7_j:18,34.15244,0.0,hdslay1_t8,7,18,hdslay1,arr,,,,,,
oname:hdslay1_t8_otype:arr_i:7_j:19,34.15161,0.0,hdslay1_t8,7,19,hdslay1,arr,,,,,,
oname:hdslay1_t8_otype:arr_i:7_j:2,35.45348,0.0,hdslay1_t8,7,2,hdslay1,arr,,,,,,
oname:hdslay1_t8_otype:arr_i:7_j:3,35.43706,0.0,hdslay1_t8,7,3,hdslay1,arr,,,,,,
oname:hdslay1_t8_otype:arr_i:7_j:4,35.38327,0.0,hdslay1_t8,7,4,hdslay1,arr,,,,,,
oname:hdslay1_t8_otype:arr_i:7_j:5,35.28304,0.0,hdslay1_t8,7,5,hdslay1,arr,,,,,,
oname:hdslay1_t8_otype:arr_i:7_j:6,35.16245,0.0,hdslay1_t8,7,6,hdslay1,arr,,,,,,
oname:hdslay1_t8_otype:arr_i:7_j:7,35.00112,0.0,hdslay1_t8,7,7,hdslay1,arr,,,,,,
oname:hdslay1_t8_otype:arr_i:7_j:8,34.82141,0.0,hdslay1_t8,7,8,hdslay1,arr,,,,,,
oname:hdslay1_t8_otype:arr_i:7_j:9,34.66563,0.0,hdslay1_t8,7,9,hdslay1,arr,,,,,,
oname:hdslay1_t8_otype:arr_i:8_j:0,35.45905,0.0,hdslay1_t8,8,0,hdslay1,arr,,,,,,
oname:hdslay1_t8_otype:arr_i:8_j:1,35.4574,0.0,hdslay1_t8,8,1,hdslay1,arr,,,,,,
oname:hdslay1_t8_otype:arr_i:8_j:10,34.47375,0.0,hdslay1_t8,8,10,hdslay1,arr,,,,,,
oname:hdslay1_t8_otype:arr_i:8_j:11,34.37183,0.0,hdslay1_t8,8,11,hdslay1,arr,,,,,,
oname:hdslay1_t8_otype:arr_i:8_j:12,34.25725,0.0,hdslay1_t8,8,12,hdslay1,arr,,,,,,
oname:hdslay1_t8_otype:arr_i:8_j:13,34.18047,0.0,hdslay1_t8,8,13,hdslay1,arr,,,,,,
oname:hdslay1_t8_otype:arr_i:8_j:14,34.12998,0.0,hdslay1_t8,8,14,hdslay1,arr,,,,,,
oname:hdslay1_t8_otype:arr_i:8_j:15,34.09114,0.0,hdslay1_t8,8,15,hdslay1,arr,,,,,,
oname:hdslay1_t8_otype:arr_i:8_j:16,34.06823,0.0,hdslay1_t8,8,16,hdslay1,arr,,,,,,
oname:hdslay1_t8_otype:arr_i:8_j:17,34.08947,0.0,hdslay1_t8,8,17,hdslay1,arr,,,,,,
oname:hdslay1_t8_otype:arr_i:8_j:18,34.10693,0.0,hdslay1_t8,8,18,hdslay1,arr,,,,,,
oname:hdslay1_t8_otype:arr_i:8_j:19,34.11229,0.0,hdslay1_t8,8,19,hdslay1,arr,,,,,,
oname:hdslay1_t8_otype:arr_i:8_j:2,35.45435,0.0,hdslay1_t8,8,2,hdslay1,arr,,,,,,
oname:hdslay1_t8_otype:arr_i:8_j:3,35.44903,0.0,hdslay1_t8,8,3,hdslay1,arr,,,,,,
oname:hdslay1_t8_otype:arr_i:8_j:4,1e+30,0.0,hdslay1_t8,8,4,hdslay1,arr,,,,,,
oname:hdslay1_t8_otype:arr_i:8_j:5,1e+30,0.0,hdslay1_t8,8,5,hdslay1,arr,,,,,,
oname:hdslay1_t8_otype:arr_i:8_j:6,1e+30,0.0,hdslay1_t8,8,6,hdslay1,arr,,,,,,
oname:hdslay1_t8_otype:arr_i:8_j:7,34.86936,0.0,hdslay1_t8,8,7,hdslay1,arr,,,,,,
oname:hdslay1_t8_otype:arr_i:8_j:8,34.68827,0.0,hdslay1_t8,8,8,hdslay1,arr,,,,,,
oname:hdslay1_t8_otype:arr_i:8_j:9,34.56746,0.0,hdslay1_t8,8,9,hdslay1,arr,,,,,,
oname:hdslay1_t8_otype:arr_i:9_j:0,35.45057,0.0,hdslay1_t8,9,0,hdslay1,arr,,,,,,
oname:hdslay1_t8_otype:arr_i:9_j:1,35.44816,0.0,hdslay1_t8,9,1,hdslay1,arr,,,,,,
oname:hdslay1_t8_otype:arr_i:9_j:10,34.36621,0.0,hdslay1_t8,9,10,hdslay1,arr,,,,,,
oname:hdslay1_t8_otype:arr_i:9_j:11,34.26813,0.0,hdslay1_t8,9,11,hdslay1,arr,,,,,,
oname:hdslay1_t8_otype:arr_i:9_j:12,34.17416,0.0,hdslay1_t8,9,12,hdslay1,arr,,,,,,
oname:hdslay1_t8_otype:arr_i:9_j:13,34.11455,0.0,hdslay1_t8,9,13,hdslay1,arr,,,,,,
oname:hdslay1_t8_otype:arr_i:9_j:14,34.07612,0.0,hdslay1_t8,9,14,hdslay1,arr,,,,,,
oname:hdslay1_t8_otype:arr_i:9_j:15,34.04298,0.0,hdslay1_t8,9,15,hdslay1,arr,,,,,,
oname:hdslay1_t8_otype:arr_i:9_j:16,33.95831,0.0,hdslay1_t8,9,16,hdslay1,arr,,,,,,
oname:hdslay1_t8_otype:arr_i:9_j:17,34.04054,0.0,hdslay1_t8,9,17,hdslay1,arr,,,,,,
oname:hdslay1_t8_otype:arr_i:9_j:18,34.07169,0.0,hdslay1_t8,9,18,hdslay1,arr,,,,,,
oname:hdslay1_t8_otype:arr_i:9_j:19,34.084,0.0,hdslay1_t8,9,19,hdslay1,arr,,,,,,
oname:hdslay1_t8_otype:arr_i:9_j:2,35.44764,0.0,hdslay1_t8,9,2,hdslay1,arr,,,,,,
oname:hdslay1_t8_otype:arr_i:9_j:3,35.44429,0.0,hdslay1_t8,9,3,hdslay1,arr,,,,,,
oname:hdslay1_t8_otype:arr_i:9_j:4,1e+30,0.0,hdslay1_t8,9,4,hdslay1,arr,,,,,,
oname:hdslay1_t8_otype:arr_i:9_j:5,1e+30,0.0,hdslay1_t8,9,5,hdslay1,arr,,,,,,
oname:hdslay1_t8_otype:arr_i:9_j:6,1e+30,0.0,hdslay1_t8,9,6,hdslay1,arr,,,,,,
oname:hdslay1_t8_otype:arr_i:9_j:7,1e+30,0.0,hdslay1_t8,9,7,hdslay1,arr,,,,,,
oname:hdslay1_t8_otype:arr_i:9_j:8,34.49205,0.0,hdslay1_t8,9,8,hdslay1,arr,,,,,,
oname:hdslay1_t8_otype:arr_i:9_j:9,34.43555,0.0,hdslay1_t8,9,9,hdslay1,arr,,,,,,
oname:hdslay1_t9_otype:arr_i:0_j:0,35.30079,0.0,hdslay1_t9,0,0,hdslay1,arr,,,,,,
oname:hdslay1_t9_otype:arr_i:0_j:1,35.28481,0.0,hdslay1_t9,0,1,hdslay1,arr,,,,,,
oname:hdslay1_t9_otype:arr_i:0_j:10,34.54515,0.0,hdslay1_t9,0,10,hdslay1,arr,,,,,,
oname:hdslay1_t9_otype:arr_i:0_j:11,34.48394,0.0,hdslay1_t9,0,11,hdslay1,arr,,,,,,
oname:hdslay1_t9_otype:arr_i:0_j:12,34.43507,0.0,hdslay1_t9,0,12,hdslay1,arr,,,,,,
oname:hdslay1_t9_otype:arr_i:0_j:13,34.38643,0.0,hdslay1_t9,0,13,hdslay1,arr,,,,,,
oname:hdslay1_t9_otype:arr_i:0_j:14,34.33586,0.0,hdslay1_t9,0,14,hdslay1,arr,,,,,,
oname:hdslay1_t9_otype:arr_i:0_j:15,34.27386,0.0,hdslay1_t9,0,15,hdslay1,arr,,,,,,
oname:hdslay1_t9_otype:arr_i:0_j:16,34.26983,0.0,hdslay1_t9,0,16,hdslay1,arr,,,,,,
oname:hdslay1_t9_otype:arr_i:0_j:17,34.26433,0.0,hdslay1_t9,0,17,hdslay1,arr,,,,,,
oname:hdslay1_t9_otype:arr_i:0_j:18,34.25876,0.0,hdslay1_t9,0,18,hdslay1,arr,,,,,,
oname:hdslay1_t9_otype:arr_i:0_j:19,34.25594,0.0,hdslay1_t9,0,19,hdslay1,arr,,,,,,
oname:hdslay1_t9_otype:arr_i:0_j:2,35.25323,0.0,hdslay1_t9,0,2,hdslay1,arr,,,,,,
oname:hdslay1_t9_otype:arr_i:0_j:3,35.21316,0.0,hdslay1_t9,0,3,hdslay1,arr,,,,,,
oname:hdslay1_t9_otype:arr_i:0_j:4,35.14683,0.0,hdslay1_t9,0,4,hdslay1,arr,,,,,,
oname:hdslay1_t9_otype:arr_i:0_j:5,35.03836,0.0,hdslay1_t9,0,5,hdslay1,arr,,,,,,
oname:hdslay1_t9_otype:arr_i:0_j:6,34.90752,0.0,hdslay1_t9,0,6,hdslay1,arr,,,,,,
oname:hdslay1_t9_otype:arr_i:0_j:7,34.79059,0.0,hdslay1_t9,0,7,hdslay1,arr,,,,,,
oname:hdslay1_t9_otype:arr_i:0_j:8,34.69171,0.0,hdslay1_t9,0,8,hdslay1,arr,,,,,,
oname:hdslay1_t9_otype:arr_i:0_j:9,34.61158,0.0,hdslay1_t9,0,9,hdslay1,arr,,,,,,
oname:hdslay1_t9_otype:arr_i:10_j:0,35.22163,0.0,hdslay1_t9,10,0,hdslay1,arr,,,,,,
oname:hdslay1_t9_otype:arr_i:10_j:1,35.21964,0.0,hdslay1_t9,10,1,hdslay1,arr,,,,,,
oname:hdslay1_t9_otype:arr_i:10_j:10,34.18801,0.0,hdslay1_t9,10,10,hdslay1,arr,,,,,,
oname:hdslay1_t9_otype:arr_i:10_j:11,34.11061,0.0,hdslay1_t9,10,11,hdslay1,arr,,,,,,
oname:hdslay1_t9_otype:arr_i:10_j:12,34.03926,0.0,hdslay1_t9,10,12,hdslay1,arr,,,,,,
oname:hdslay1_t9_otype:arr_i:10_j:13,33.98866,0.0,hdslay1_t9,10,13,hdslay1,arr,,,,,,
oname:hdslay1_t9_otype:arr_i:10_j:14,33.983,0.0,hdslay1_t9,10,14,hdslay1,arr,,,,,,
oname:hdslay1_t9_otype:arr_i:10_j:15,33.97343,0.0,hdslay1_t9,10,15,hdslay1,arr,,,,,,
oname:hdslay1_t9_otype:arr_i:10_j:16,33.96038,0.0,hdslay1_t9,10,16,hdslay1,arr,,,,,,
oname:hdslay1_t9_otype:arr_i:10_j:17,33.97684,0.0,hdslay1_t9,10,17,hdslay1,arr,,,,,,
oname:hdslay1_t9_otype:arr_i:10_j:18,33.99081,0.0,hdslay1_t9,10,18,hdslay1,arr,,,,,,
oname:hdslay1_t9_otype:arr_i:10_j:19,33.99809,0.0,hdslay1_t9,10,19,hdslay1,arr,,,,,,
oname:hdslay1_t9_otype:arr_i:10_j:2,35.21903,0.0,hdslay1_t9,10,2,hdslay1,arr,,,,,,
oname:hdslay1_t9_otype:arr_i:10_j:3,35.21693,0.0,hdslay1_t9,10,3,hdslay1,arr,,,,,,
oname:hdslay1_t9_otype:arr_i:10_j:4,1e+30,0.0,hdslay1_t9,10,4,hdslay1,arr,,,,,,
oname:hdslay1_t9_otype:arr_i:10_j:5,1e+30,0.0,hdslay1_t9,10,5,hdslay1,arr,,,,,,
oname:hdslay1_t9_otype:arr_i:10_j:6,1e+30,0.0,hdslay1_t9,10,6,hdslay1,arr,,,,,,
oname:hdslay1_t9_otype:arr_i:10_j:7,1e+30,0.0,hdslay1_t9,10,7,hdslay1,arr,,,,,,
oname:hdslay1_t9_otype:arr_i:10_j:8,34.25896,0.0,hdslay1_t9,10,8,hdslay1,arr,,,,,,
oname:hdslay1_t9_otype:arr_i:10_j:9,34.23144,0.0,hdslay1_t9,10,9,hdslay1,arr,,,,,,
oname:hdslay1_t9_otype:arr_i:11_j:0,35.18934,0.0,hdslay1_t9,11,0,hdslay1,arr,,,,,,
oname:hdslay1_t9_otype:arr_i:11_j:1,35.18817,0.0,hdslay1_t9,11,1,hdslay1,arr,,,,,,
oname:hdslay1_t9_otype:arr_i:11_j:10,34.12947,0.0,hdslay1_t9,11,10,hdslay1,arr,,,,,,
oname:hdslay1_t9_otype:arr_i:11_j:11,34.06935,0.0,hdslay1_t9,11,11,hdslay1,arr,,,,,,
oname:hdslay1_t9_otype:arr_i:11_j:12,34.00145,0.0,hdslay1_t9,11,12,hdslay1,arr,,,,,,
oname:hdslay1_t9_otype:arr_i:11_j:13,33.91049,0.0,hdslay1_t9,11,13,hdslay1,arr,,,,,,
oname:hdslay1_t9_otype:arr_i:11_j:14,33.96042,0.0,hdslay1_t9,11,14,hdslay1,arr,,,,,,
oname:hdslay1_t9_otype:arr_i:11_j:15,33.96792,0.0,hdslay1_t9,11,15,hdslay1,arr,,,,,,
oname:hdslay1_t9_otype:arr_i:11_j:16,33.97119,0.0,hdslay1_t9,11,16,hdslay1,arr,,,,,,
oname:hdslay1_t9_otype:arr_i:11_j:17,33.97996,0.0,hdslay1_t9,11,17,hdslay1,arr,,,,,,
oname:hdslay1_t9_otype:arr_i:11_j:18,33.98831,0.0,hdslay1_t9,11,18,hdslay1,arr,,,,,,
oname:hdslay1_t9_otype:arr_i:11_j:19,33.99286,0.0,hdslay1_t9,11,19,hdslay1,arr,,,,,,
oname:hdslay1_t9_otype:arr_i:11_j:2,35.18816,0.0,hdslay1_t9,11,2,hdslay1,arr,,,,,,
oname:hdslay1_t9_otype:arr_i:11_j:3,35.1906,0.0,hdslay1_t9,11,3,hdslay1,arr,,,,,,
oname:hdslay1_t9_otype:arr_i:11_j:4,1e+30,0.0,hdslay1_t9,11,4,hdslay1,arr,,,,,,
oname:hdslay1_t9_otype:arr_i:11_j:5,1e+30,0.0,hdslay1_t9,11,5,hdslay1,arr,,,,,,
oname:hdslay1_t9_otype:arr_i:11_j:6,1e+30,0.0,hdslay1_t9,11,6,hdslay1,arr,,,,,,
oname:hdslay1_t9_otype:arr_i:11_j:7,1e+30,0.0,hdslay1_t9,11,7,hdslay1,arr,,,,,,
oname:hdslay1_t9_otype:arr_i:11_j:8,34.18375,0.0,hdslay1_t9,11,8,hdslay1,arr,,,,,,
oname:hdslay1_t9_otype:arr_i:11_j:9,34.16594,0.0,hdslay1_t9,11,9,hdslay1,arr,,,,,,
oname:hdslay1_t9_otype:arr_i:12_j:0,35.15104,0.0,hdslay1_t9,12,0,hdslay1,arr,,,,,,
oname:hdslay1_t9_otype:arr_i:12_j:1,35.14951,0.0,hdslay1_t9,12,1,hdslay1,arr,,,,,,
oname:hdslay1_t9_otype:arr_i:12_j:10,34.10029,0.0,hdslay1_t9,12,10,hdslay1,arr,,,,,,
oname:hdslay1_t9_otype:arr_i:12_j:11,34.05814,0.0,hdslay1_t9,12,11,hdslay1,arr,,,,,,
oname:hdslay1_t9_otype:arr_i:12_j:12,34.0095,0.0,hdslay1_t9,12,12,hdslay1,arr,,,,,,
oname:hdslay1_t9_otype:arr_i:12_j:13,33.96939,0.0,hdslay1_t9,12,13,hdslay1,arr,,,,,,
oname:hdslay1_t9_otype:arr_i:12_j:14,33.96871,0.0,hdslay1_t9,12,14,hdslay1,arr,,,,,,
oname:hdslay1_t9_otype:arr_i:12_j:15,33.96953,0.0,hdslay1_t9,12,15,hdslay1,arr,,,,,,
oname:hdslay1_t9_otype:arr_i:12_j:16,33.9751,0.0,hdslay1_t9,12,16,hdslay1,arr,,,,,,
oname:hdslay1_t9_otype:arr_i:12_j:17,33.98131,0.0,hdslay1_t9,12,17,hdslay1,arr,,,,,,
oname:hdslay1_t9_otype:arr_i:12_j:18,33.9872,0.0,hdslay1_t9,12,18,hdslay1,arr,,,,,,
oname:hdslay1_t9_otype:arr_i:12_j:19,33.9906,0.0,hdslay1_t9,12,19,hdslay1,arr,,,,,,
oname:hdslay1_t9_otype:arr_i:12_j:2,35.1514,0.0,hdslay1_t9,12,2,hdslay1,arr,,,,,,
oname:hdslay1_t9_otype:arr_i:12_j:3,35.15326,0.0,hdslay1_t9,12,3,hdslay1,arr,,,,,,
oname:hdslay1_t9_otype:arr_i:12_j:4,1e+30,0.0,hdslay1_t9,12,4,hdslay1,arr,,,,,,
oname:hdslay1_t9_otype:arr_i:12_j:5,1e+30,0.0,hdslay1_t9,12,5,hdslay1,arr,,,,,,
oname:hdslay1_t9_otype:arr_i:12_j:6,1e+30,0.0,hdslay1_t9,12,6,hdslay1,arr,,,,,,
oname:hdslay1_t9_otype:arr_i:12_j:7,1e+30,0.0,hdslay1_t9,12,7,hdslay1,arr,,,,,,
oname:hdslay1_t9_otype:arr_i:12_j:8,34.14065,0.0,hdslay1_t9,12,8,hdslay1,arr,,,,,,
oname:hdslay1_t9_otype:arr_i:12_j:9,34.12465,0.0,hdslay1_t9,12,9,hdslay1,arr,,,,,,
oname:hdslay1_t9_otype:arr_i:13_j:0,35.10378,0.0,hdslay1_t9,13,0,hdslay1,arr,,,,,,
oname:hdslay1_t9_otype:arr_i:13_j:1,35.10714,0.0,hdslay1_t9,13,1,hdslay1,arr,,,,,,
oname:hdslay1_t9_otype:arr_i:13_j:10,34.0843,0.0,hdslay1_t9,13,10,hdslay1,arr,,,,,,
oname:hdslay1_t9_otype:arr_i:13_j:11,34.05453,0.0,hdslay1_t9,13,11,hdslay1,arr,,,,,,
oname:hdslay1_t9_otype:arr_i:13_j:12,34.016,0.0,hdslay1_t9,13,12,hdslay1,arr,,,,,,
oname:hdslay1_t9_otype:arr_i:13_j:13,33.98799,0.0,hdslay1_t9,13,13,hdslay1,arr,,,,,,
oname:hdslay1_t9_otype:arr_i:13_j:14,33.97622,0.0,hdslay1_t9,13,14,hdslay1,arr,,,,,,
oname:hdslay1_t9_otype:arr_i:13_j:15,33.97054,0.0,hdslay1_t9,13,15,hdslay1,arr,,,,,,
oname:hdslay1_t9_otype:arr_i:13_j:16,33.976,0.0,hdslay1_t9,13,16,hdslay1,arr,,,,,,
oname:hdslay1_t9_otype:arr_i:13_j:17,33.98131,0.0,hdslay1_t9,13,17,hdslay1,arr,,,,,,
oname:hdslay1_t9_otype:arr_i:13_j:18,33.9861,0.0,hdslay1_t9,13,18,hdslay1,arr,,,,,,
oname:hdslay1_t9_otype:arr_i:13_j:19,33.98911,0.0,hdslay1_t9,13,19,hdslay1,arr,,,,,,
oname:hdslay1_t9_otype:arr_i:13_j:2,35.11,0.0,hdslay1_t9,13,2,hdslay1,arr,,,,,,
oname:hdslay1_t9_otype:arr_i:13_j:3,35.10964,0.0,hdslay1_t9,13,3,hdslay1,arr,,,,,,
oname:hdslay1_t9_otype:arr_i:13_j:4,1e+30,0.0,hdslay1_t9,13,4,hdslay1,arr,,,,,,
oname:hdslay1_t9_otype:arr_i:13_j:5,1e+30,0.0,hdslay1_t9,13,5,hdslay1,arr,,,,,,
oname:hdslay1_t9_otype:arr_i:13_j:6,1e+30,0.0,hdslay1_t9,13,6,hdslay1,arr,,,,,,
oname:hdslay1_t9_otype:arr_i:13_j:7,1e+30,0.0,hdslay1_t9,13,7,hdslay1,arr,,,,,,
oname:hdslay1_t9_otype:arr_i:13_j:8,34.10691,0.0,hdslay1_t9,13,8,hdslay1,arr,,,,,,
oname:hdslay1_t9_otype:arr_i:13_j:9,34.09676,0.0,hdslay1_t9,13,9,hdslay1,arr,,,,,,
oname:hdslay1_t9_otype:arr_i:14_j:0,35.03771,0.0,hdslay1_t9,14,0,hdslay1,arr,,,,,,
oname:hdslay1_t9_otype:arr_i:14_j:1,35.04703,0.0,hdslay1_t9,14,1,hdslay1,arr,,,,,,
oname:hdslay1_t9_otype:arr_i:14_j:10,34.06697,0.0,hdslay1_t9,14,10,hdslay1,arr,,,,,,
oname:hdslay1_t9_otype:arr_i:14_j:11,34.04136,0.0,hdslay1_t9,14,11,hdslay1,arr,,,,,,
oname:hdslay1_t9_otype:arr_i:14_j:12,34.01178,0.0,hdslay1_t9,14,12,hdslay1,arr,,,,,,
oname:hdslay1_t9_otype:arr_i:14_j:13,33.99016,0.0,hdslay1_t9,14,13,hdslay1,arr,,,,,,
oname:hdslay1_t9_otype:arr_i:14_j:14,33.97715,0.0,hdslay1_t9,14,14,hdslay1,arr,,,,,,
oname:hdslay1_t9_otype:arr_i:14_j:15,33.96907,0.0,hdslay1_t9,14,15,hdslay1,arr,,,,,,
oname:hdslay1_t9_otype:arr_i:14_j:16,33.97472,0.0,hdslay1_t9,14,16,hdslay1,arr,,,,,,
oname:hdslay1_t9_otype:arr_i:14_j:17,33.97936,0.0,hdslay1_t9,14,17,hdslay1,arr,,,,,,
oname:hdslay1_t9_otype:arr_i:14_j:18,33.9835,0.0,hdslay1_t9,14,18,hdslay1,arr,,,,,,
oname:hdslay1_t9_otype:arr_i:14_j:19,33.98661,0.0,hdslay1_t9,14,19,hdslay1,arr,,,,,,
oname:hdslay1_t9_otype:arr_i:14_j:2,35.04867,0.0,hdslay1_t9,14,2,hdslay1,arr,,,,,,
oname:hdslay1_t9_otype:arr_i:14_j:3,35.0495,0.0,hdslay1_t9,14,3,hdslay1,arr,,,,,,
oname:hdslay1_t9_otype:arr_i:14_j:4,1e+30,0.0,hdslay1_t9,14,4,hdslay1,arr,,,,,,
oname:hdslay1_t9_otype:arr_i:14_j:5,1e+30,0.0,hdslay1_t9,14,5,hdslay1,arr,,,,,,
oname:hdslay1_t9_otype:arr_i:14_j:6,1e+30,0.0,hdslay1_t9,14,6,hdslay1,arr,,,,,,
oname:hdslay1_t9_otype:arr_i:14_j:7,1e+30,0.0,hdslay1_t9,14,7,hdslay1,arr,,,,,,
oname:hdslay1_t9_otype:arr_i:14_j:8,34.07949,0.0,hdslay1_t9,14,8,hdslay1,arr,,,,,,
oname:hdslay1_t9_otype:arr_i:14_j:9,34.07672,0.0,hdslay1_t9,14,9,hdslay1,arr,,,,,,
oname:hdslay1_t9_otype:arr_i:15_j:0,34.97368,0.0,hdslay1_t9,15,0,hdslay1,arr,,,,,,
oname:hdslay1_t9_otype:arr_i:15_j:1,34.98001,0.0,hdslay1_t9,15,1,hdslay1,arr,,,,,,
oname:hdslay1_t9_otype:arr_i:15_j:10,34.04061,0.0,hdslay1_t9,15,10,hdslay1,arr,,,,,,
oname:hdslay1_t9_otype:arr_i:15_j:11,34.01889,0.0,hdslay1_t9,15,11,hdslay1,arr,,,,,,
oname:hdslay1_t9_otype:arr_i:15_j:12,33.99928,0.0,hdslay1_t9,15,12,hdslay1,arr,,,,,,
oname:hdslay1_t9_otype:arr_i:15_j:13,33.98104,0.0,hdslay1_t9,15,13,hdslay1,arr,,,,,,
oname:hdslay1_t9_otype:arr_i:15_j:14,33.97,0.0,hdslay1_t9,15,14,hdslay1,arr,,,,,,
oname:hdslay1_t9_otype:arr_i:15_j:15,33.96288,0.0,hdslay1_t9,15,15,hdslay1,arr,,,,,,
oname:hdslay1_t9_otype:arr_i:15_j:16,33.96972,0.0,hdslay1_t9,15,16,hdslay1,arr,,,,,,
oname:hdslay1_t9_otype:arr_i:15_j:17,33.97513,0.0,hdslay1_t9,15,17,hdslay1,arr,,,,,,
oname:hdslay1_t9_otype:arr_i:15_j:18,33.97905,0.0,hdslay1_t9,15,18,hdslay1,arr,,,,,,
oname:hdslay1_t9_otype:arr_i:15_j:19,33.98172,0.0,hdslay1_t9,15,19,hdslay1,arr,,,,,,
oname:hdslay1_t9_otype:arr_i:15_j:2,34.97408,0.0,hdslay1_t9,15,2,hdslay1,arr,,,,,,
oname:hdslay1_t9_otype:arr_i:15_j:3,34.96938,0.0,hdslay1_t9,15,3,hdslay1,arr,,,,,,
oname:hdslay1_t9_otype:arr_i:15_j:4,1e+30,0.0,hdslay1_t9,15,4,hdslay1,arr,,,,,,
oname:hdslay1_t9_otype:arr_i:15_j:5,1e+30,0.0,hdslay1_t9,15,5,hdslay1,arr,,,,,,
oname:hdslay1_t9_otype:arr_i:15_j:6,1e+30,0.0,hdslay1_t9,15,6,hdslay1,arr,,,,,,
oname:hdslay1_t9_otype:arr_i:15_j:7,1e+30,0.0,hdslay1_t9,15,7,hdslay1,arr,,,,,,
oname:hdslay1_t9_otype:arr_i:15_j:8,34.05468,0.0,hdslay1_t9,15,8,hdslay1,arr,,,,,,
oname:hdslay1_t9_otype:arr_i:15_j:9,34.05077,0.0,hdslay1_t9,15,9,hdslay1,arr,,,,,,
oname:hdslay1_t9_otype:arr_i:16_j:0,34.90994,0.0,hdslay1_t9,16,0,hdslay1,arr,,,,,,
oname:hdslay1_t9_otype:arr_i:16_j:1,34.90215,0.0,hdslay1_t9,16,1,hdslay1,arr,,,,,,
oname:hdslay1_t9_otype:arr_i:16_j:10,34.00572,0.0,hdslay1_t9,16,10,hdslay1,arr,,,,,,
oname:hdslay1_t9_otype:arr_i:16_j:11,33.99073,0.0,hdslay1_t9,16,11,hdslay1,arr,,,,,,
oname:hdslay1_t9_otype:arr_i:16_j:12,33.97576,0.0,hdslay1_t9,16,12,hdslay1,arr,,,,,,
oname:hdslay1_t9_otype:arr_i:16_j:13,33.96328,0.0,hdslay1_t9,16,13,hdslay1,arr,,,,,,
oname:hdslay1_t9_otype:arr_i:16_j:14,33.95588,0.0,hdslay1_t9,16,14,hdslay1,arr,,,,,,
oname:hdslay1_t9_otype:arr_i:16_j:15,33.95103,0.0,hdslay1_t9,16,15,hdslay1,arr,,,,,,
oname:hdslay1_t9_otype:arr_i:16_j:16,33.95724,0.0,hdslay1_t9,16,16,hdslay1,arr,,,,,,
oname:hdslay1_t9_otype:arr_i:16_j:17,33.96336,0.0,hdslay1_t9,16,17,hdslay1,arr,,,,,,
oname:hdslay1_t9_otype:arr_i:16_j:18,33.96917,0.0,hdslay1_t9,16,18,hdslay1,arr,,,,,,
oname:hdslay1_t9_otype:arr_i:16_j:19,33.97317,0.0,hdslay1_t9,16,19,hdslay1,arr,,,,,,
oname:hdslay1_t9_otype:arr_i:16_j:2,34.89177,0.0,hdslay1_t9,16,2,hdslay1,arr,,,,,,
oname:hdslay1_t9_otype:arr_i:16_j:3,34.89131,0.0,hdslay1_t9,16,3,hdslay1,arr,,,,,,
oname:hdslay1_t9_otype:arr_i:16_j:4,1e+30,0.0,hdslay1_t9,16,4,hdslay1,arr,,,,,,
oname:hdslay1_t9_otype:arr_i:16_j:5,1e+30,0.0,hdslay1_t9,16,5,hdslay1,arr,,,,,,
oname:hdslay1_t9_otype:arr_i:16_j:6,1e+30,0.0,hdslay1_t9,16,6,hdslay1,arr,,,,,,
oname:hdslay1_t9_otype:arr_i:16_j:7,1e+30,0.0,hdslay1_t9,16,7,hdslay1,arr,,,,,,
oname:hdslay1_t9_otype:arr_i:16_j:8,34.02017,0.0,hdslay1_t9,16,8,hdslay1,arr,,,,,,
oname:hdslay1_t9_otype:arr_i:16_j:9,34.01748,0.0,hdslay1_t9,16,9,hdslay1,arr,,,,,,
oname:hdslay1_t9_otype:arr_i:17_j:0,34.82674,0.0,hdslay1_t9,17,0,hdslay1,arr,,,,,,
oname:hdslay1_t9_otype:arr_i:17_j:1,34.81953,0.0,hdslay1_t9,17,1,hdslay1,arr,,,,,,
oname:hdslay1_t9_otype:arr_i:17_j:10,33.96609,0.0,hdslay1_t9,17,10,hdslay1,arr,,,,,,
oname:hdslay1_t9_otype:arr_i:17_j:11,33.95505,0.0,hdslay1_t9,17,11,hdslay1,arr,,,,,,
oname:hdslay1_t9_otype:arr_i:17_j:12,33.94021,0.0,hdslay1_t9,17,12,hdslay1,arr,,,,,,
oname:hdslay1_t9_otype:arr_i:17_j:13,33.93262,0.0,hdslay1_t9,17,13,hdslay1,arr,,,,,,
oname:hdslay1_t9_otype:arr_i:17_j:14,33.92324,0.0,hdslay1_t9,17,14,hdslay1,arr,,,,,,
oname:hdslay1_t9_otype:arr_i:17_j:15,33.92201,0.0,hdslay1_t9,17,15,hdslay1,arr,,,,,,
oname:hdslay1_t9_otype:arr_i:17_j:16,33.93313,0.0,hdslay1_t9,17,16,hdslay1,arr,,,,,,
oname:hdslay1_t9_otype:arr_i:17_j:17,33.94279,0.0,hdslay1_t9,17,17,hdslay1,arr,,,,,,
oname:hdslay1_t9_otype:arr_i:17_j:18,33.95202,0.0,hdslay1_t9,17,18,hdslay1,arr,,,,,,
oname:hdslay1_t9_otype:arr_i:17_j:19,33.95624,0.0,hdslay1_t9,17,19,hdslay1,arr,,,,,,
oname:hdslay1_t9_otype:arr_i:17_j:2,34.82243,0.0,hdslay1_t9,17,2,hdslay1,arr,,,,,,
oname:hdslay1_t9_otype:arr_i:17_j:3,34.83263,0.0,hdslay1_t9,17,3,hdslay1,arr,,,,,,
oname:hdslay1_t9_otype:arr_i:17_j:4,1e+30,0.0,hdslay1_t9,17,4,hdslay1,arr,,,,,,
oname:hdslay1_t9_otype:arr_i:17_j:5,1e+30,0.0,hdslay1_t9,17,5,hdslay1,arr,,,,,,
oname:hdslay1_t9_otype:arr_i:17_j:6,1e+30,0.0,hdslay1_t9,17,6,hdslay1,arr,,,,,,
oname:hdslay1_t9_otype:arr_i:17_j:7,1e+30,0.0,hdslay1_t9,17,7,hdslay1,arr,,,,,,
oname:hdslay1_t9_otype:arr_i:17_j:8,33.98224,0.0,hdslay1_t9,17,8,hdslay1,arr,,,,,,
oname:hdslay1_t9_otype:arr_i:17_j:9,33.97774,0.0,hdslay1_t9,17,9,hdslay1,arr,,,,,,
oname:hdslay1_t9_otype:arr_i:18_j:0,34.73173,0.0,hdslay1_t9,18,0,hdslay1,arr,,,,,,
oname:hdslay1_t9_otype:arr_i:18_j:1,34.73429,0.0,hdslay1_t9,18,1,hdslay1,arr,,,,,,
oname:hdslay1_t9_otype:arr_i:18_j:10,33.93252,0.0,hdslay1_t9,18,10,hdslay1,arr,,,,,,
oname:hdslay1_t9_otype:arr_i:18_j:11,33.91759,0.0,hdslay1_t9,18,11,hdslay1,arr,,,,,,
oname:hdslay1_t9_otype:arr_i:18_j:12,33.90186,0.0,hdslay1_t9,18,12,hdslay1,arr,,,,,,
oname:hdslay1_t9_otype:arr_i:18_j:13,33.88748,0.0,hdslay1_t9,18,13,hdslay1,arr,,,,,,
oname:hdslay1_t9_otype:arr_i:18_j:14,33.87256,0.0,hdslay1_t9,18,14,hdslay1,arr,,,,,,
oname:hdslay1_t9_otype:arr_i:18_j:15,33.88103,0.0,hdslay1_t9,18,15,hdslay1,arr,,,,,,
oname:hdslay1_t9_otype:arr_i:18_j:16,33.90056,0.0,hdslay1_t9,18,16,hdslay1,arr,,,,,,
oname:hdslay1_t9_otype:arr_i:18_j:17,33.91639,0.0,hdslay1_t9,18,17,hdslay1,arr,,,,,,
oname:hdslay1_t9_otype:arr_i:18_j:18,33.93004,0.0,hdslay1_t9,18,18,hdslay1,arr,,,,,,
oname:hdslay1_t9_otype:arr_i:18_j:19,33.93544,0.0,hdslay1_t9,18,19,hdslay1,arr,,,,,,
oname:hdslay1_t9_otype:arr_i:18_j:2,34.74556,0.0,hdslay1_t9,18,2,hdslay1,arr,,,,,,
oname:hdslay1_t9_otype:arr_i:18_j:3,34.7633,0.0,hdslay1_t9,18,3,hdslay1,arr,,,,,,
oname:hdslay1_t9_otype:arr_i:18_j:4,1e+30,0.0,hdslay1_t9,18,4,hdslay1,arr,,,,,,
oname:hdslay1_t9_otype:arr_i:18_j:5,1e+30,0.0,hdslay1_t9,18,5,hdslay1,arr,,,,,,
oname:hdslay1_t9_otype:arr_i:18_j:6,1e+30,0.0,hdslay1_t9,18,6,hdslay1,arr,,,,,,
oname:hdslay1_t9_otype:arr_i:18_j:7,1e+30,0.0,hdslay1_t9,18,7,hdslay1,arr,,,,,,
oname:hdslay1_t9_otype:arr_i:18_j:8,33.9488,0.0,hdslay1_t9,18,8,hdslay1,arr,,,,,,
oname:hdslay1_t9_otype:arr_i:18_j:9,33.94219,0.0,hdslay1_t9,18,9,hdslay1,arr,,,,,,
oname:hdslay1_t9_otype:arr_i:19_j:0,34.63726,0.0,hdslay1_t9,19,0,hdslay1,arr,,,,,,
oname:hdslay1_t9_otype:arr_i:19_j:1,34.63756,0.0,hdslay1_t9,19,1,hdslay1,arr,,,,,,
oname:hdslay1_t9_otype:arr_i:19_j:10,33.90299,0.0,hdslay1_t9,19,10,hdslay1,arr,,,,,,
oname:hdslay1_t9_otype:arr_i:19_j:11,33.88484,0.0,hdslay1_t9,19,11,hdslay1,arr,,,,,,
oname:hdslay1_t9_otype:arr_i:19_j:12,33.869,0.0,hdslay1_t9,19,12,hdslay1,arr,,,,,,
oname:hdslay1_t9_otype:arr_i:19_j:13,33.83974,0.0,hdslay1_t9,19,13,hdslay1,arr,,,,,,
oname:hdslay1_t9_otype:arr_i:19_j:14,33.79881,0.0,hdslay1_t9,19,14,hdslay1,arr,,,,,,
oname:hdslay1_t9_otype:arr_i:19_j:15,33.83545,0.0,hdslay1_t9,19,15,hdslay1,arr,,,,,,
oname:hdslay1_t9_otype:arr_i:19_j:16,33.86823,0.0,hdslay1_t9,19,16,hdslay1,arr,,,,,,
oname:hdslay1_t9_otype:arr_i:19_j:17,33.88593,0.0,hdslay1_t9,19,17,hdslay1,arr,,,,,,
oname:hdslay1_t9_otype:arr_i:19_j:18,33.89821,0.0,hdslay1_t9,19,18,hdslay1,arr,,,,,,
oname:hdslay1_t9_otype:arr_i:19_j:19,33.9074,0.0,hdslay1_t9,19,19,hdslay1,arr,,,,,,
oname:hdslay1_t9_otype:arr_i:19_j:2,34.64793,0.0,hdslay1_t9,19,2,hdslay1,arr,,,,,,
oname:hdslay1_t9_otype:arr_i:19_j:3,34.6657,0.0,hdslay1_t9,19,3,hdslay1,arr,,,,,,
oname:hdslay1_t9_otype:arr_i:19_j:4,1e+30,0.0,hdslay1_t9,19,4,hdslay1,arr,,,,,,
oname:hdslay1_t9_otype:arr_i:19_j:5,1e+30,0.0,hdslay1_t9,19,5,hdslay1,arr,,,,,,
oname:hdslay1_t9_otype:arr_i:19_j:6,1e+30,0.0,hdslay1_t9,19,6,hdslay1,arr,,,,,,
oname:hdslay1_t9_otype:arr_i:19_j:7,1e+30,0.0,hdslay1_t9,19,7,hdslay1,arr,,,,,,
oname:hdslay1_t9_otype:arr_i:19_j:8,33.92204,0.0,hdslay1_t9,19,8,hdslay1,arr,,,,,,
oname:hdslay1_t9_otype:arr_i:19_j:9,33.91499,0.0,hdslay1_t9,19,9,hdslay1,arr,,,,,,
oname:hdslay1_t9_otype:arr_i:1_j:0,35.29992,0.0,hdslay1_t9,1,0,hdslay1,arr,,,,,,
oname:hdslay1_t9_otype:arr_i:1_j:1,35.28446,0.0,hdslay1_t9,1,1,hdslay1,arr,,,,,,
oname:hdslay1_t9_otype:arr_i:1_j:10,34.54218,0.0,hdslay1_t9,1,10,hdslay1,arr,,,,,,
oname:hdslay1_t9_otype:arr_i:1_j:11,34.48309,0.0,hdslay1_t9,1,11,hdslay1,arr,,,,,,
oname:hdslay1_t9_otype:arr_i:1_j:12,34.43203,0.0,hdslay1_t9,1,12,hdslay1,arr,,,,,,
oname:hdslay1_t9_otype:arr_i:1_j:13,34.38428,0.0,hdslay1_t9,1,13,hdslay1,arr,,,,,,
oname:hdslay1_t9_otype:arr_i:1_j:14,34.33223,0.0,hdslay1_t9,1,14,hdslay1,arr,,,,,,
oname:hdslay1_t9_otype:arr_i:1_j:15,34.27636,0.0,hdslay1_t9,1,15,hdslay1,arr,,,,,,
oname:hdslay1_t9_otype:arr_i:1_j:16,34.26779,0.0,hdslay1_t9,1,16,hdslay1,arr,,,,,,
oname:hdslay1_t9_otype:arr_i:1_j:17,34.26027,0.0,hdslay1_t9,1,17,hdslay1,arr,,,,,,
oname:hdslay1_t9_otype:arr_i:1_j:18,34.25371,0.0,hdslay1_t9,1,18,hdslay1,arr,,,,,,
oname:hdslay1_t9_otype:arr_i:1_j:19,34.24993,0.0,hdslay1_t9,1,19,hdslay1,arr,,,,,,
oname:hdslay1_t9_otype:arr_i:1_j:2,35.25368,0.0,hdslay1_t9,1,2,hdslay1,arr,,,,,,
oname:hdslay1_t9_otype:arr_i:1_j:3,35.20926,0.0,hdslay1_t9,1,3,hdslay1,arr,,,,,,
oname:hdslay1_t9_otype:arr_i:1_j:4,35.14343,0.0,hdslay1_t9,1,4,hdslay1,arr,,,,,,
oname:hdslay1_t9_otype:arr_i:1_j:5,35.05223,0.0,hdslay1_t9,1,5,hdslay1,arr,,,,,,
oname:hdslay1_t9_otype:arr_i:1_j:6,34.932,0.0,hdslay1_t9,1,6,hdslay1,arr,,,,,,
oname:hdslay1_t9_otype:arr_i:1_j:7,34.79624,0.0,hdslay1_t9,1,7,hdslay1,arr,,,,,,
oname:hdslay1_t9_otype:arr_i:1_j:8,34.68702,0.0,hdslay1_t9,1,8,hdslay1,arr,,,,,,
oname:hdslay1_t9_otype:arr_i:1_j:9,34.60683,0.0,hdslay1_t9,1,9,hdslay1,arr,,,,,,
oname:hdslay1_t9_otype:arr_i:20_j:0,34.54723,0.0,hdslay1_t9,20,0,hdslay1,arr,,,,,,
oname:hdslay1_t9_otype:arr_i:20_j:1,34.55113,0.0,hdslay1_t9,20,1,hdslay1,arr,,,,,,
oname:hdslay1_t9_otype:arr_i:20_j:10,33.88225,0.0,hdslay1_t9,20,10,hdslay1,arr,,,,,,
oname:hdslay1_t9_otype:arr_i:20_j:11,33.86682,0.0,hdslay1_t9,20,11,hdslay1,arr,,,,,,
oname:hdslay1_t9_otype:arr_i:20_j:12,33.84845,0.0,hdslay1_t9,20,12,hdslay1,arr,,,,,,
oname:hdslay1_t9_otype:arr_i:20_j:13,33.79683,0.0,hdslay1_t9,20,13,hdslay1,arr,,,,,,
oname:hdslay1_t9_otype:arr_i:20_j:14,33.65818,0.0,hdslay1_t9,20,14,hdslay1,arr,,,,,,
oname:hdslay1_t9_otype:arr_i:20_j:15,33.78355,0.0,hdslay1_t9,20,15,hdslay1,arr,,,,,,
oname:hdslay1_t9_otype:arr_i:20_j:16,33.83887,0.0,hdslay1_t9,20,16,hdslay1,arr,,,,,,
oname:hdslay1_t9_otype:arr_i:20_j:17,33.86144,0.0,hdslay1_t9,20,17,hdslay1,arr,,,,,,
oname:hdslay1_t9_otype:arr_i:20_j:18,33.87038,0.0,hdslay1_t9,20,18,hdslay1,arr,,,,,,
oname:hdslay1_t9_otype:arr_i:20_j:19,33.87774,0.0,hdslay1_t9,20,19,hdslay1,arr,,,,,,
oname:hdslay1_t9_otype:arr_i:20_j:2,34.54984,0.0,hdslay1_t9,20,2,hdslay1,arr,,,,,,
oname:hdslay1_t9_otype:arr_i:20_j:3,34.54769,0.0,hdslay1_t9,20,3,hdslay1,arr,,,,,,
oname:hdslay1_t9_otype:arr_i:20_j:4,1e+30,0.0,hdslay1_t9,20,4,hdslay1,arr,,,,,,
oname:hdslay1_t9_otype:arr_i:20_j:5,1e+30,0.0,hdslay1_t9,20,5,hdslay1,arr,,,,,,
oname:hdslay1_t9_otype:arr_i:20_j:6,1e+30,0.0,hdslay1_t9,20,6,hdslay1,arr,,,,,,
oname:hdslay1_t9_otype:arr_i:20_j:7,1e+30,0.0,hdslay1_t9,20,7,hdslay1,arr,,,,,,
oname:hdslay1_t9_otype:arr_i:20_j:8,33.90387,0.0,hdslay1_t9,20,8,hdslay1,arr,,,,,,
oname:hdslay1_t9_otype:arr_i:20_j:9,33.89616,0.0,hdslay1_t9,20,9,hdslay1,arr,,,,,,
oname:hdslay1_t9_otype:arr_i:21_j:0,34.46369,0.0,hdslay1_t9,21,0,hdslay1,arr,,,,,,
oname:hdslay1_t9_otype:arr_i:21_j:1,34.46845,0.0,hdslay1_t9,21,1,hdslay1,arr,,,,,,
oname:hdslay1_t9_otype:arr_i:21_j:10,33.87037,0.0,hdslay1_t9,21,10,hdslay1,arr,,,,,,
oname:hdslay1_t9_otype:arr_i:21_j:11,33.85817,0.0,hdslay1_t9,21,11,hdslay1,arr,,,,,,
oname:hdslay1_t9_otype:arr_i:21_j:12,33.84106,0.0,hdslay1_t9,21,12,hdslay1,arr,,,,,,
oname:hdslay1_t9_otype:arr_i:21_j:13,33.80803,0.0,hdslay1_t9,21,13,hdslay1,arr,,,,,,
oname:hdslay1_t9_otype:arr_i:21_j:14,33.76987,0.0,hdslay1_t9,21,14,hdslay1,arr,,,,,,
oname:hdslay1_t9_otype:arr_i:21_j:15,33.79524,0.0,hdslay1_t9,21,15,hdslay1,arr,,,,,,
oname:hdslay1_t9_otype:arr_i:21_j:16,33.82288,0.0,hdslay1_t9,21,16,hdslay1,arr,,,,,,
oname:hdslay1_t9_otype:arr_i:21_j:17,33.84366,0.0,hdslay1_t9,21,17,hdslay1,arr,,,,,,
oname:hdslay1_t9_otype:arr_i:21_j:18,33.85349,0.0,hdslay1_t9,21,18,hdslay1,arr,,,,,,
oname:hdslay1_t9_otype:arr_i:21_j:19,33.85709,0.0,hdslay1_t9,21,19,hdslay1,arr,,,,,,
oname:hdslay1_t9_otype:arr_i:21_j:2,34.45624,0.0,hdslay1_t9,21,2,hdslay1,arr,,,,,,
oname:hdslay1_t9_otype:arr_i:21_j:3,34.43139,0.0,hdslay1_t9,21,3,hdslay1,arr,,,,,,
oname:hdslay1_t9_otype:arr_i:21_j:4,1e+30,0.0,hdslay1_t9,21,4,hdslay1,arr,,,,,,
oname:hdslay1_t9_otype:arr_i:21_j:5,1e+30,0.0,hdslay1_t9,21,5,hdslay1,arr,,,,,,
oname:hdslay1_t9_otype:arr_i:21_j:6,33.91322,0.0,hdslay1_t9,21,6,hdslay1,arr,,,,,,
oname:hdslay1_t9_otype:arr_i:21_j:7,33.9035,0.0,hdslay1_t9,21,7,hdslay1,arr,,,,,,
oname:hdslay1_t9_otype:arr_i:21_j:8,33.89441,0.0,hdslay1_t9,21,8,hdslay1,arr,,,,,,
oname:hdslay1_t9_otype:arr_i:21_j:9,33.88399,0.0,hdslay1_t9,21,9,hdslay1,arr,,,,,,
oname:hdslay1_t9_otype:arr_i:22_j:0,34.37825,0.0,hdslay1_t9,22,0,hdslay1,arr,,,,,,
oname:hdslay1_t9_otype:arr_i:22_j:1,34.3645,0.0,hdslay1_t9,22,1,hdslay1,arr,,,,,,
oname:hdslay1_t9_otype:arr_i:22_j:10,33.85979,0.0,hdslay1_t9,22,10,hdslay1,arr,,,,,,
oname:hdslay1_t9_otype:arr_i:22_j:11,33.84798,0.0,hdslay1_t9,22,11,hdslay1,arr,,,,,,
oname:hdslay1_t9_otype:arr_i:22_j:12,33.83225,0.0,hdslay1_t9,22,12,hdslay1,arr,,,,,,
oname:hdslay1_t9_otype:arr_i:22_j:13,33.81081,0.0,hdslay1_t9,22,13,hdslay1,arr,,,,,,
oname:hdslay1_t9_otype:arr_i:22_j:14,33.79448,0.0,hdslay1_t9,22,14,hdslay1,arr,,,,,,
oname:hdslay1_t9_otype:arr_i:22_j:15,33.80084,0.0,hdslay1_t9,22,15,hdslay1,arr,,,,,,
oname:hdslay1_t9_otype:arr_i:22_j:16,33.81298,0.0,hdslay1_t9,22,16,hdslay1,arr,,,,,,
oname:hdslay1_t9_otype:arr_i:22_j:17,33.82691,0.0,hdslay1_t9,22,17,hdslay1,arr,,,,,,
oname:hdslay1_t9_otype:arr_i:22_j:18,33.83528,0.0,hdslay1_t9,22,18,hdslay1,arr,,,,,,
oname:hdslay1_t9_otype:arr_i:22_j:19,33.83872,0.0,hdslay1_t9,22,19,hdslay1,arr,,,,,,
oname:hdslay1_t9_otype:arr_i:22_j:2,34.34769,0.0,hdslay1_t9,22,2,hdslay1,arr,,,,,,
oname:hdslay1_t9_otype:arr_i:22_j:3,34.2898,0.0,hdslay1_t9,22,3,hdslay1,arr,,,,,,
oname:hdslay1_t9_otype:arr_i:22_j:4,34.18416,0.0,hdslay1_t9,22,4,hdslay1,arr,,,,,,
oname:hdslay1_t9_otype:arr_i:22_j:5,1e+30,0.0,hdslay1_t9,22,5,hdslay1,arr,,,,,,
oname:hdslay1_t9_otype:arr_i:22_j:6,33.91916,0.0,hdslay1_t9,22,6,hdslay1,arr,,,,,,
oname:hdslay1_t9_otype:arr_i:22_j:7,33.90372,0.0,hdslay1_t9,22,7,hdslay1,arr,,,,,,
oname:hdslay1_t9_otype:arr_i:22_j:8,33.88797,0.0,hdslay1_t9,22,8,hdslay1,arr,,,,,,
oname:hdslay1_t9_otype:arr_i:22_j:9,33.8738,0.0,hdslay1_t9,22,9,hdslay1,arr,,,,,,
oname:hdslay1_t9_otype:arr_i:23_j:0,34.27847,0.0,hdslay1_t9,23,0,hdslay1,arr,,,,,,
oname:hdslay1_t9_otype:arr_i:23_j:1,34.25972,0.0,hdslay1_t9,23,1,hdslay1,arr,,,,,,
oname:hdslay1_t9_otype:arr_i:23_j:10,33.83895,0.0,hdslay1_t9,23,10,hdslay1,arr,,,,,,
oname:hdslay1_t9_otype:arr_i:23_j:11,33.82706,0.0,hdslay1_t9,23,11,hdslay1,arr,,,,,,
oname:hdslay1_t9_otype:arr_i:23_j:12,33.81551,0.0,hdslay1_t9,23,12,hdslay1,arr,,,,,,
oname:hdslay1_t9_otype:arr_i:23_j:13,33.80378,0.0,hdslay1_t9,23,13,hdslay1,arr,,,,,,
oname:hdslay1_t9_otype:arr_i:23_j:14,33.7958,0.0,hdslay1_t9,23,14,hdslay1,arr,,,,,,
oname:hdslay1_t9_otype:arr_i:23_j:15,33.79707,0.0,hdslay1_t9,23,15,hdslay1,arr,,,,,,
oname:hdslay1_t9_otype:arr_i:23_j:16,33.80334,0.0,hdslay1_t9,23,16,hdslay1,arr,,,,,,
oname:hdslay1_t9_otype:arr_i:23_j:17,33.81224,0.0,hdslay1_t9,23,17,hdslay1,arr,,,,,,
oname:hdslay1_t9_otype:arr_i:23_j:18,33.81923,0.0,hdslay1_t9,23,18,hdslay1,arr,,,,,,
oname:hdslay1_t9_otype:arr_i:23_j:19,33.82136,0.0,hdslay1_t9,23,19,hdslay1,arr,,,,,,
oname:hdslay1_t9_otype:arr_i:23_j:2,34.23206,0.0,hdslay1_t9,23,2,hdslay1,arr,,,,,,
oname:hdslay1_t9_otype:arr_i:23_j:3,34.17289,0.0,hdslay1_t9,23,3,hdslay1,arr,,,,,,
oname:hdslay1_t9_otype:arr_i:23_j:4,34.0976,0.0,hdslay1_t9,23,4,hdslay1,arr,,,,,,
oname:hdslay1_t9_otype:arr_i:23_j:5,34.00641,0.0,hdslay1_t9,23,5,hdslay1,arr,,,,,,
oname:hdslay1_t9_otype:arr_i:23_j:6,33.93759,0.0,hdslay1_t9,23,6,hdslay1,arr,,,,,,
oname:hdslay1_t9_otype:arr_i:23_j:7,33.90437,0.0,hdslay1_t9,23,7,hdslay1,arr,,,,,,
oname:hdslay1_t9_otype:arr_i:23_j:8,33.88017,0.0,hdslay1_t9,23,8,hdslay1,arr,,,,,,
oname:hdslay1_t9_otype:arr_i:23_j:9,33.85798,0.0,hdslay1_t9,23,9,hdslay1,arr,,,,,,
oname:hdslay1_t9_otype:arr_i:24_j:0,34.1874,0.0,hdslay1_t9,24,0,hdslay1,arr,,,,,,
oname:hdslay1_t9_otype:arr_i:24_j:1,34.17684,0.0,hdslay1_t9,24,1,hdslay1,arr,,,,,,
oname:hdslay1_t9_otype:arr_i:24_j:10,33.8047,0.0,hdslay1_t9,24,10,hdslay1,arr,,,,,,
oname:hdslay1_t9_otype:arr_i:24_j:11,33.79773,0.0,hdslay1_t9,24,11,hdslay1,arr,,,,,,
oname:hdslay1_t9_otype:arr_i:24_j:12,33.7939,0.0,hdslay1_t9,24,12,hdslay1,arr,,,,,,
oname:hdslay1_t9_otype:arr_i:24_j:13,33.7895,0.0,hdslay1_t9,24,13,hdslay1,arr,,,,,,
oname:hdslay1_t9_otype:arr_i:24_j:14,33.78747,0.0,hdslay1_t9,24,14,hdslay1,arr,,,,,,
oname:hdslay1_t9_otype:arr_i:24_j:15,33.78738,0.0,hdslay1_t9,24,15,hdslay1,arr,,,,,,
oname:hdslay1_t9_otype:arr_i:24_j:16,33.79103,0.0,hdslay1_t9,24,16,hdslay1,arr,,,,,,
oname:hdslay1_t9_otype:arr_i:24_j:17,33.796,0.0,hdslay1_t9,24,17,hdslay1,arr,,,,,,
oname:hdslay1_t9_otype:arr_i:24_j:18,33.80221,0.0,hdslay1_t9,24,18,hdslay1,arr,,,,,,
oname:hdslay1_t9_otype:arr_i:24_j:19,33.80631,0.0,hdslay1_t9,24,19,hdslay1,arr,,,,,,
oname:hdslay1_t9_otype:arr_i:24_j:2,34.14753,0.0,hdslay1_t9,24,2,hdslay1,arr,,,,,,
oname:hdslay1_t9_otype:arr_i:24_j:3,34.10467,0.0,hdslay1_t9,24,3,hdslay1,arr,,,,,,
oname:hdslay1_t9_otype:arr_i:24_j:4,34.04602,0.0,hdslay1_t9,24,4,hdslay1,arr,,,,,,
oname:hdslay1_t9_otype:arr_i:24_j:5,33.98246,0.0,hdslay1_t9,24,5,hdslay1,arr,,,,,,
oname:hdslay1_t9_otype:arr_i:24_j:6,33.93367,0.0,hdslay1_t9,24,6,hdslay1,arr,,,,,,
oname:hdslay1_t9_otype:arr_i:24_j:7,33.89733,0.0,hdslay1_t9,24,7,hdslay1,arr,,,,,,
oname:hdslay1_t9_otype:arr_i:24_j:8,33.86596,0.0,hdslay1_t9,24,8,hdslay1,arr,,,,,,
oname:hdslay1_t9_otype:arr_i:24_j:9,33.83145,0.0,hdslay1_t9,24,9,hdslay1,arr,,,,,,
oname:hdslay1_t9_otype:arr_i:25_j:0,34.12721,0.0,hdslay1_t9,25,0,hdslay1,arr,,,,,,
oname:hdslay1_t9_otype:arr_i:25_j:1,34.11983,0.0,hdslay1_t9,25,1,hdslay1,arr,,,,,,
oname:hdslay1_t9_otype:arr_i:25_j:10,33.7567,0.0,hdslay1_t9,25,10,hdslay1,arr,,,,,,
oname:hdslay1_t9_otype:arr_i:25_j:11,33.76364,0.0,hdslay1_t9,25,11,hdslay1,arr,,,,,,
oname:hdslay1_t9_otype:arr_i:25_j:12,33.76761,0.0,hdslay1_t9,25,12,hdslay1,arr,,,,,,
oname:hdslay1_t9_otype:arr_i:25_j:13,33.76932,0.0,hdslay1_t9,25,13,hdslay1,arr,,,,,,
oname:hdslay1_t9_otype:arr_i:25_j:14,33.77103,0.0,hdslay1_t9,25,14,hdslay1,arr,,,,,,
oname:hdslay1_t9_otype:arr_i:25_j:15,33.77301,0.0,hdslay1_t9,25,15,hdslay1,arr,,,,,,
oname:hdslay1_t9_otype:arr_i:25_j:16,33.77651,0.0,hdslay1_t9,25,16,hdslay1,arr,,,,,,
oname:hdslay1_t9_otype:arr_i:25_j:17,33.78021,0.0,hdslay1_t9,25,17,hdslay1,arr,,,,,,
oname:hdslay1_t9_otype:arr_i:25_j:18,33.78358,0.0,hdslay1_t9,25,18,hdslay1,arr,,,,,,
oname:hdslay1_t9_otype:arr_i:25_j:19,33.78717,0.0,hdslay1_t9,25,19,hdslay1,arr,,,,,,
oname:hdslay1_t9_otype:arr_i:25_j:2,34.09758,0.0,hdslay1_t9,25,2,hdslay1,arr,,,,,,
oname:hdslay1_t9_otype:arr_i:25_j:3,34.05523,0.0,hdslay1_t9,25,3,hdslay1,arr,,,,,,
oname:hdslay1_t9_otype:arr_i:25_j:4,34.00593,0.0,hdslay1_t9,25,4,hdslay1,arr,,,,,,
oname:hdslay1_t9_otype:arr_i:25_j:5,33.9583,0.0,hdslay1_t9,25,5,hdslay1,arr,,,,,,
oname:hdslay1_t9_otype:arr_i:25_j:6,33.91603,0.0,hdslay1_t9,25,6,hdslay1,arr,,,,,,
oname:hdslay1_t9_otype:arr_i:25_j:7,33.87806,0.0,hdslay1_t9,25,7,hdslay1,arr,,,,,,
oname:hdslay1_t9_otype:arr_i:25_j:8,33.83645,0.0,hdslay1_t9,25,8,hdslay1,arr,,,,,,
oname:hdslay1_t9_otype:arr_i:25_j:9,33.78813,0.0,hdslay1_t9,25,9,hdslay1,arr,,,,,,
oname:hdslay1_t9_otype:arr_i:26_j:0,34.08838,0.0,hdslay1_t9,26,0,hdslay1,arr,,,,,,
oname:hdslay1_t9_otype:arr_i:26_j:1,34.07913,0.0,hdslay1_t9,26,1,hdslay1,arr,,,,,,
oname:hdslay1_t9_otype:arr_i:26_j:10,33.67161,0.0,hdslay1_t9,26,10,hdslay1,arr,,,,,,
oname:hdslay1_t9_otype:arr_i:26_j:11,33.72437,0.0,hdslay1_t9,26,11,hdslay1,arr,,,,,,
oname:hdslay1_t9_otype:arr_i:26_j:12,33.74065,0.0,hdslay1_t9,26,12,hdslay1,arr,,,,,,
oname:hdslay1_t9_otype:arr_i:26_j:13,33.74732,0.0,hdslay1_t9,26,13,hdslay1,arr,,,,,,
oname:hdslay1_t9_otype:arr_i:26_j:14,33.7482,0.0,hdslay1_t9,26,14,hdslay1,arr,,,,,,
oname:hdslay1_t9_otype:arr_i:26_j:15,33.75099,0.0,hdslay1_t9,26,15,hdslay1,arr,,,,,,
oname:hdslay1_t9_otype:arr_i:26_j:16,33.75426,0.0,hdslay1_t9,26,16,hdslay1,arr,,,,,,
oname:hdslay1_t9_otype:arr_i:26_j:17,33.7584,0.0,hdslay1_t9,26,17,hdslay1,arr,,,,,,
oname:hdslay1_t9_otype:arr_i:26_j:18,33.76477,0.0,hdslay1_t9,26,18,hdslay1,arr,,,,,,
oname:hdslay1_t9_otype:arr_i:26_j:19,33.76707,0.0,hdslay1_t9,26,19,hdslay1,arr,,,,,,
oname:hdslay1_t9_otype:arr_i:26_j:2,34.05364,0.0,hdslay1_t9,26,2,hdslay1,arr,,,,,,
oname:hdslay1_t9_otype:arr_i:26_j:3,34.01559,0.0,hdslay1_t9,26,3,hdslay1,arr,,,,,,
oname:hdslay1_t9_otype:arr_i:26_j:4,33.97404,0.0,hdslay1_t9,26,4,hdslay1,arr,,,,,,
oname:hdslay1_t9_otype:arr_i:26_j:5,33.92406,0.0,hdslay1_t9,26,5,hdslay1,arr,,,,,,
oname:hdslay1_t9_otype:arr_i:26_j:6,33.88088,0.0,hdslay1_t9,26,6,hdslay1,arr,,,,,,
oname:hdslay1_t9_otype:arr_i:26_j:7,33.84299,0.0,hdslay1_t9,26,7,hdslay1,arr,,,,,,
oname:hdslay1_t9_otype:arr_i:26_j:8,33.79694,0.0,hdslay1_t9,26,8,hdslay1,arr,,,,,,
oname:hdslay1_t9_otype:arr_i:26_j:9,33.74535,0.0,hdslay1_t9,26,9,hdslay1,arr,,,,,,
oname:hdslay1_t9_otype:arr_i:27_j:0,34.05375,0.0,hdslay1_t9,27,0,hdslay1,arr,,,,,,
oname:hdslay1_t9_otype:arr_i:27_j:1,34.04255,0.0,hdslay1_t9,27,1,hdslay1,arr,,,,,,
oname:hdslay1_t9_otype:arr_i:27_j:10,33.71438,0.0,hdslay1_t9,27,10,hdslay1,arr,,,,,,
oname:hdslay1_t9_otype:arr_i:27_j:11,33.72066,0.0,hdslay1_t9,27,11,hdslay1,arr,,,,,,
oname:hdslay1_t9_otype:arr_i:27_j:12,33.72584,0.0,hdslay1_t9,27,12,hdslay1,arr,,,,,,
oname:hdslay1_t9_otype:arr_i:27_j:13,33.72967,0.0,hdslay1_t9,27,13,hdslay1,arr,,,,,,
oname:hdslay1_t9_otype:arr_i:27_j:14,33.73041,0.0,hdslay1_t9,27,14,hdslay1,arr,,,,,,
oname:hdslay1_t9_otype:arr_i:27_j:15,33.73051,0.0,hdslay1_t9,27,15,hdslay1,arr,,,,,,
oname:hdslay1_t9_otype:arr_i:27_j:16,33.7332,0.0,hdslay1_t9,27,16,hdslay1,arr,,,,,,
oname:hdslay1_t9_otype:arr_i:27_j:17,33.73773,0.0,hdslay1_t9,27,17,hdslay1,arr,,,,,,
oname:hdslay1_t9_otype:arr_i:27_j:18,33.7432,0.0,hdslay1_t9,27,18,hdslay1,arr,,,,,,
oname:hdslay1_t9_otype:arr_i:27_j:19,33.74757,0.0,hdslay1_t9,27,19,hdslay1,arr,,,,,,
oname:hdslay1_t9_otype:arr_i:27_j:2,34.01653,0.0,hdslay1_t9,27,2,hdslay1,arr,,,,,,
oname:hdslay1_t9_otype:arr_i:27_j:3,33.98211,0.0,hdslay1_t9,27,3,hdslay1,arr,,,,,,
oname:hdslay1_t9_otype:arr_i:27_j:4,33.93637,0.0,hdslay1_t9,27,4,hdslay1,arr,,,,,,
oname:hdslay1_t9_otype:arr_i:27_j:5,33.8834,0.0,hdslay1_t9,27,5,hdslay1,arr,,,,,,
oname:hdslay1_t9_otype:arr_i:27_j:6,33.84028,0.0,hdslay1_t9,27,6,hdslay1,arr,,,,,,
oname:hdslay1_t9_otype:arr_i:27_j:7,33.80658,0.0,hdslay1_t9,27,7,hdslay1,arr,,,,,,
oname:hdslay1_t9_otype:arr_i:27_j:8,33.77356,0.0,hdslay1_t9,27,8,hdslay1,arr,,,,,,
oname:hdslay1_t9_otype:arr_i:27_j:9,33.74362,0.0,hdslay1_t9,27,9,hdslay1,arr,,,,,,
oname:hdslay1_t9_otype:arr_i:28_j:0,34.02392,0.0,hdslay1_t9,28,0,hdslay1,arr,,,,,,
oname:hdslay1_t9_otype:arr_i:28_j:1,34.01098,0.0,hdslay1_t9,28,1,hdslay1,arr,,,,,,
oname:hdslay1_t9_otype:arr_i:28_j:10,33.7162,0.0,hdslay1_t9,28,10,hdslay1,arr,,,,,,
oname:hdslay1_t9_otype:arr_i:28_j:11,33.71368,0.0,hdslay1_t9,28,11,hdslay1,arr,,,,,,
oname:hdslay1_t9_otype:arr_i:28_j:12,33.71323,0.0,hdslay1_t9,28,12,hdslay1,arr,,,,,,
oname:hdslay1_t9_otype:arr_i:28_j:13,33.71529,0.0,hdslay1_t9,28,13,hdslay1,arr,,,,,,
oname:hdslay1_t9_otype:arr_i:28_j:14,33.71812,0.0,hdslay1_t9,28,14,hdslay1,arr,,,,,,
oname:hdslay1_t9_otype:arr_i:28_j:15,33.71979,0.0,hdslay1_t9,28,15,hdslay1,arr,,,,,,
oname:hdslay1_t9_otype:arr_i:28_j:16,33.72045,0.0,hdslay1_t9,28,16,hdslay1,arr,,,,,,
oname:hdslay1_t9_otype:arr_i:28_j:17,33.7232,0.0,hdslay1_t9,28,17,hdslay1,arr,,,,,,
oname:hdslay1_t9_otype:arr_i:28_j:18,33.72551,0.0,hdslay1_t9,28,18,hdslay1,arr,,,,,,
oname:hdslay1_t9_otype:arr_i:28_j:19,33.72884,0.0,hdslay1_t9,28,19,hdslay1,arr,,,,,,
oname:hdslay1_t9_otype:arr_i:28_j:2,33.98307,0.0,hdslay1_t9,28,2,hdslay1,arr,,,,,,
oname:hdslay1_t9_otype:arr_i:28_j:3,33.94348,0.0,hdslay1_t9,28,3,hdslay1,arr,,,,,,
oname:hdslay1_t9_otype:arr_i:28_j:4,33.89282,0.0,hdslay1_t9,28,4,hdslay1,arr,,,,,,
oname:hdslay1_t9_otype:arr_i:28_j:5,33.83702,0.0,hdslay1_t9,28,5,hdslay1,arr,,,,,,
oname:hdslay1_t9_otype:arr_i:28_j:6,33.78285,0.0,hdslay1_t9,28,6,hdslay1,arr,,,,,,
oname:hdslay1_t9_otype:arr_i:28_j:7,33.76424,0.0,hdslay1_t9,28,7,hdslay1,arr,,,,,,
oname:hdslay1_t9_otype:arr_i:28_j:8,33.74919,0.0,hdslay1_t9,28,8,hdslay1,arr,,,,,,
oname:hdslay1_t9_otype:arr_i:28_j:9,33.73112,0.0,hdslay1_t9,28,9,hdslay1,arr,,,,,,
oname:hdslay1_t9_otype:arr_i:29_j:0,33.99189,0.0,hdslay1_t9,29,0,hdslay1,arr,,,,,,
oname:hdslay1_t9_otype:arr_i:29_j:1,33.97736,0.0,hdslay1_t9,29,1,hdslay1,arr,,,,,,
oname:hdslay1_t9_otype:arr_i:29_j:10,33.7059,0.0,hdslay1_t9,29,10,hdslay1,arr,,,,,,
oname:hdslay1_t9_otype:arr_i:29_j:11,33.70019,0.0,hdslay1_t9,29,11,hdslay1,arr,,,,,,
oname:hdslay1_t9_otype:arr_i:29_j:12,33.69793,0.0,hdslay1_t9,29,12,hdslay1,arr,,,,,,
oname:hdslay1_t9_otype:arr_i:29_j:13,33.69961,0.0,hdslay1_t9,29,13,hdslay1,arr,,,,,,
oname:hdslay1_t9_otype:arr_i:29_j:14,33.70248,0.0,hdslay1_t9,29,14,hdslay1,arr,,,,,,
oname:hdslay1_t9_otype:arr_i:29_j:15,33.7057,0.0,hdslay1_t9,29,15,hdslay1,arr,,,,,,
oname:hdslay1_t9_otype:arr_i:29_j:16,33.70607,0.0,hdslay1_t9,29,16,hdslay1,arr,,,,,,
oname:hdslay1_t9_otype:arr_i:29_j:17,33.70761,0.0,hdslay1_t9,29,17,hdslay1,arr,,,,,,
oname:hdslay1_t9_otype:arr_i:29_j:18,33.71064,0.0,hdslay1_t9,29,18,hdslay1,arr,,,,,,
oname:hdslay1_t9_otype:arr_i:29_j:19,33.71235,0.0,hdslay1_t9,29,19,hdslay1,arr,,,,,,
oname:hdslay1_t9_otype:arr_i:29_j:2,33.94333,0.0,hdslay1_t9,29,2,hdslay1,arr,,,,,,
oname:hdslay1_t9_otype:arr_i:29_j:3,33.90183,0.0,hdslay1_t9,29,3,hdslay1,arr,,,,,,
oname:hdslay1_t9_otype:arr_i:29_j:4,33.85305,0.0,hdslay1_t9,29,4,hdslay1,arr,,,,,,
oname:hdslay1_t9_otype:arr_i:29_j:5,33.78399,0.0,hdslay1_t9,29,5,hdslay1,arr,,,,,,
oname:hdslay1_t9_otype:arr_i:29_j:6,33.69282,0.0,hdslay1_t9,29,6,hdslay1,arr,,,,,,
oname:hdslay1_t9_otype:arr_i:29_j:7,33.7228,0.0,hdslay1_t9,29,7,hdslay1,arr,,,,,,
oname:hdslay1_t9_otype:arr_i:29_j:8,33.72333,0.0,hdslay1_t9,29,8,hdslay1,arr,,,,,,
oname:hdslay1_t9_otype:arr_i:29_j:9,33.71433,0.0,hdslay1_t9,29,9,hdslay1,arr,,,,,,
oname:hdslay1_t9_otype:arr_i:2_j:0,35.29787,0.0,hdslay1_t9,2,0,hdslay1,arr,,,,,,
oname:hdslay1_t9_otype:arr_i:2_j:1,35.28261,0.0,hdslay1_t9,2,1,hdslay1,arr,,,,,,
oname:hdslay1_t9_otype:arr_i:2_j:10,34.54077,0.0,hdslay1_t9,2,10,hdslay1,arr,,,,,,
oname:hdslay1_t9_otype:arr_i:2_j:11,34.48419,0.0,hdslay1_t9,2,11,hdslay1,arr,,,,,,
oname:hdslay1_t9_otype:arr_i:2_j:12,34.43018,0.0,hdslay1_t9,2,12,hdslay1,arr,,,,,,
oname:hdslay1_t9_otype:arr_i:2_j:13,34.37302,0.0,hdslay1_t9,2,13,hdslay1,arr,,,,,,
oname:hdslay1_t9_otype:arr_i:2_j:14,34.31777,0.0,hdslay1_t9,2,14,hdslay1,arr,,,,,,
oname:hdslay1_t9_otype:arr_i:2_j:15,34.26999,0.0,hdslay1_t9,2,15,hdslay1,arr,,,,,,
oname:hdslay1_t9_otype:arr_i:2_j:16,34.25962,0.0,hdslay1_t9,2,16,hdslay1,arr,,,,,,
oname:hdslay1_t9_otype:arr_i:2_j:17,34.24983,0.0,hdslay1_t9,2,17,hdslay1,arr,,,,,,
oname:hdslay1_t9_otype:arr_i:2_j:18,34.2407,0.0,hdslay1_t9,2,18,hdslay1,arr,,,,,,
oname:hdslay1_t9_otype:arr_i:2_j:19,34.23757,0.0,hdslay1_t9,2,19,hdslay1,arr,,,,,,
oname:hdslay1_t9_otype:arr_i:2_j:2,35.25794,0.0,hdslay1_t9,2,2,hdslay1,arr,,,,,,
oname:hdslay1_t9_otype:arr_i:2_j:3,35.21498,0.0,hdslay1_t9,2,3,hdslay1,arr,,,,,,
oname:hdslay1_t9_otype:arr_i:2_j:4,35.14665,0.0,hdslay1_t9,2,4,hdslay1,arr,,,,,,
oname:hdslay1_t9_otype:arr_i:2_j:5,35.05438,0.0,hdslay1_t9,2,5,hdslay1,arr,,,,,,
oname:hdslay1_t9_otype:arr_i:2_j:6,34.93822,0.0,hdslay1_t9,2,6,hdslay1,arr,,,,,,
oname:hdslay1_t9_otype:arr_i:2_j:7,34.80061,0.0,hdslay1_t9,2,7,hdslay1,arr,,,,,,
oname:hdslay1_t9_otype:arr_i:2_j:8,34.68754,0.0,hdslay1_t9,2,8,hdslay1,arr,,,,,,
oname:hdslay1_t9_otype:arr_i:2_j:9,34.60552,0.0,hdslay1_t9,2,9,hdslay1,arr,,,,,,
oname:hdslay1_t9_otype:arr_i:30_j:0,33.95744,0.0,hdslay1_t9,30,0,hdslay1,arr,,,,,,
oname:hdslay1_t9_otype:arr_i:30_j:1,33.93721,0.0,hdslay1_t9,30,1,hdslay1,arr,,,,,,
oname:hdslay1_t9_otype:arr_i:30_j:10,33.6905,0.0,hdslay1_t9,30,10,hdslay1,arr,,,,,,
oname:hdslay1_t9_otype:arr_i:30_j:11,33.68408,0.0,hdslay1_t9,30,11,hdslay1,arr,,,,,,
oname:hdslay1_t9_otype:arr_i:30_j:12,33.68123,0.0,hdslay1_t9,30,12,hdslay1,arr,,,,,,
oname:hdslay1_t9_otype:arr_i:30_j:13,33.68129,0.0,hdslay1_t9,30,13,hdslay1,arr,,,,,,
oname:hdslay1_t9_otype:arr_i:30_j:14,33.68328,0.0,hdslay1_t9,30,14,hdslay1,arr,,,,,,
oname:hdslay1_t9_otype:arr_i:30_j:15,33.6865,0.0,hdslay1_t9,30,15,hdslay1,arr,,,,,,
oname:hdslay1_t9_otype:arr_i:30_j:16,33.68832,0.0,hdslay1_t9,30,16,hdslay1,arr,,,,,,
oname:hdslay1_t9_otype:arr_i:30_j:17,33.69042,0.0,hdslay1_t9,30,17,hdslay1,arr,,,,,,
oname:hdslay1_t9_otype:arr_i:30_j:18,33.69323,0.0,hdslay1_t9,30,18,hdslay1,arr,,,,,,
oname:hdslay1_t9_otype:arr_i:30_j:19,33.69376,0.0,hdslay1_t9,30,19,hdslay1,arr,,,,,,
oname:hdslay1_t9_otype:arr_i:30_j:2,33.9047,0.0,hdslay1_t9,30,2,hdslay1,arr,,,,,,
oname:hdslay1_t9_otype:arr_i:30_j:3,33.87183,0.0,hdslay1_t9,30,3,hdslay1,arr,,,,,,
oname:hdslay1_t9_otype:arr_i:30_j:4,33.82477,0.0,hdslay1_t9,30,4,hdslay1,arr,,,,,,
oname:hdslay1_t9_otype:arr_i:30_j:5,33.76815,0.0,hdslay1_t9,30,5,hdslay1,arr,,,,,,
oname:hdslay1_t9_otype:arr_i:30_j:6,33.72072,0.0,hdslay1_t9,30,6,hdslay1,arr,,,,,,
oname:hdslay1_t9_otype:arr_i:30_j:7,33.71188,0.0,hdslay1_t9,30,7,hdslay1,arr,,,,,,
oname:hdslay1_t9_otype:arr_i:30_j:8,33.70517,0.0,hdslay1_t9,30,8,hdslay1,arr,,,,,,
oname:hdslay1_t9_otype:arr_i:30_j:9,33.69754,0.0,hdslay1_t9,30,9,hdslay1,arr,,,,,,
oname:hdslay1_t9_otype:arr_i:31_j:0,33.93288,0.0,hdslay1_t9,31,0,hdslay1,arr,,,,,,
oname:hdslay1_t9_otype:arr_i:31_j:1,33.90307,0.0,hdslay1_t9,31,1,hdslay1,arr,,,,,,
oname:hdslay1_t9_otype:arr_i:31_j:10,33.67405,0.0,hdslay1_t9,31,10,hdslay1,arr,,,,,,
oname:hdslay1_t9_otype:arr_i:31_j:11,33.66556,0.0,hdslay1_t9,31,11,hdslay1,arr,,,,,,
oname:hdslay1_t9_otype:arr_i:31_j:12,33.66044,0.0,hdslay1_t9,31,12,hdslay1,arr,,,,,,
oname:hdslay1_t9_otype:arr_i:31_j:13,33.65935,0.0,hdslay1_t9,31,13,hdslay1,arr,,,,,,
oname:hdslay1_t9_otype:arr_i:31_j:14,33.66378,0.0,hdslay1_t9,31,14,hdslay1,arr,,,,,,
oname:hdslay1_t9_otype:arr_i:31_j:15,33.66916,0.0,hdslay1_t9,31,15,hdslay1,arr,,,,,,
oname:hdslay1_t9_otype:arr_i:31_j:16,33.67221,0.0,hdslay1_t9,31,16,hdslay1,arr,,,,,,
oname:hdslay1_t9_otype:arr_i:31_j:17,33.67475,0.0,hdslay1_t9,31,17,hdslay1,arr,,,,,,
oname:hdslay1_t9_otype:arr_i:31_j:18,33.67679,0.0,hdslay1_t9,31,18,hdslay1,arr,,,,,,
oname:hdslay1_t9_otype:arr_i:31_j:19,33.67783,0.0,hdslay1_t9,31,19,hdslay1,arr,,,,,,
oname:hdslay1_t9_otype:arr_i:31_j:2,33.87585,0.0,hdslay1_t9,31,2,hdslay1,arr,,,,,,
oname:hdslay1_t9_otype:arr_i:31_j:3,33.84286,0.0,hdslay1_t9,31,3,hdslay1,arr,,,,,,
oname:hdslay1_t9_otype:arr_i:31_j:4,33.79494,0.0,hdslay1_t9,31,4,hdslay1,arr,,,,,,
oname:hdslay1_t9_otype:arr_i:31_j:5,33.74844,0.0,hdslay1_t9,31,5,hdslay1,arr,,,,,,
oname:hdslay1_t9_otype:arr_i:31_j:6,33.71611,0.0,hdslay1_t9,31,6,hdslay1,arr,,,,,,
oname:hdslay1_t9_otype:arr_i:31_j:7,33.69936,0.0,hdslay1_t9,31,7,hdslay1,arr,,,,,,
oname:hdslay1_t9_otype:arr_i:31_j:8,33.69021,0.0,hdslay1_t9,31,8,hdslay1,arr,,,,,,
oname:hdslay1_t9_otype:arr_i:31_j:9,33.68145,0.0,hdslay1_t9,31,9,hdslay1,arr,,,,,,
oname:hdslay1_t9_otype:arr_i:32_j:0,1e+30,0.0,hdslay1_t9,32,0,hdslay1,arr,,,,,,
oname:hdslay1_t9_otype:arr_i:32_j:1,33.87822,0.0,hdslay1_t9,32,1,hdslay1,arr,,,,,,
oname:hdslay1_t9_otype:arr_i:32_j:10,33.65112,0.0,hdslay1_t9,32,10,hdslay1,arr,,,,,,
oname:hdslay1_t9_otype:arr_i:32_j:11,33.64192,0.0,hdslay1_t9,32,11,hdslay1,arr,,,,,,
oname:hdslay1_t9_otype:arr_i:32_j:12,33.63548,0.0,hdslay1_t9,32,12,hdslay1,arr,,,,,,
oname:hdslay1_t9_otype:arr_i:32_j:13,33.63682,0.0,hdslay1_t9,32,13,hdslay1,arr,,,,,,
oname:hdslay1_t9_otype:arr_i:32_j:14,33.64467,0.0,hdslay1_t9,32,14,hdslay1,arr,,,,,,
oname:hdslay1_t9_otype:arr_i:32_j:15,33.6543,0.0,hdslay1_t9,32,15,hdslay1,arr,,,,,,
oname:hdslay1_t9_otype:arr_i:32_j:16,33.65868,0.0,hdslay1_t9,32,16,hdslay1,arr,,,,,,
oname:hdslay1_t9_otype:arr_i:32_j:17,33.66136,0.0,hdslay1_t9,32,17,hdslay1,arr,,,,,,
oname:hdslay1_t9_otype:arr_i:32_j:18,33.66403,0.0,hdslay1_t9,32,18,hdslay1,arr,,,,,,
oname:hdslay1_t9_otype:arr_i:32_j:19,33.66545,0.0,hdslay1_t9,32,19,hdslay1,arr,,,,,,
oname:hdslay1_t9_otype:arr_i:32_j:2,33.85041,0.0,hdslay1_t9,32,2,hdslay1,arr,,,,,,
oname:hdslay1_t9_otype:arr_i:32_j:3,33.81301,0.0,hdslay1_t9,32,3,hdslay1,arr,,,,,,
oname:hdslay1_t9_otype:arr_i:32_j:4,33.767,0.0,hdslay1_t9,32,4,hdslay1,arr,,,,,,
oname:hdslay1_t9_otype:arr_i:32_j:5,33.72951,0.0,hdslay1_t9,32,5,hdslay1,arr,,,,,,
oname:hdslay1_t9_otype:arr_i:32_j:6,33.70385,0.0,hdslay1_t9,32,6,hdslay1,arr,,,,,,
oname:hdslay1_t9_otype:arr_i:32_j:7,33.68651,0.0,hdslay1_t9,32,7,hdslay1,arr,,,,,,
oname:hdslay1_t9_otype:arr_i:32_j:8,33.67291,0.0,hdslay1_t9,32,8,hdslay1,arr,,,,,,
oname:hdslay1_t9_otype:arr_i:32_j:9,33.66156,0.0,hdslay1_t9,32,9,hdslay1,arr,,,,,,
oname:hdslay1_t9_otype:arr_i:33_j:0,1e+30,0.0,hdslay1_t9,33,0,hdslay1,arr,,,,,,
oname:hdslay1_t9_otype:arr_i:33_j:1,1e+30,0.0,hdslay1_t9,33,1,hdslay1,arr,,,,,,
oname:hdslay1_t9_otype:arr_i:33_j:10,33.6242,0.0,hdslay1_t9,33,10,hdslay1,arr,,,,,,
oname:hdslay1_t9_otype:arr_i:33_j:11,33.60565,0.0,hdslay1_t9,33,11,hdslay1,arr,,,,,,
oname:hdslay1_t9_otype:arr_i:33_j:12,33.59335,0.0,hdslay1_t9,33,12,hdslay1,arr,,,,,,
oname:hdslay1_t9_otype:arr_i:33_j:13,33.61028,0.0,hdslay1_t9,33,13,hdslay1,arr,,,,,,
oname:hdslay1_t9_otype:arr_i:33_j:14,33.62424,0.0,hdslay1_t9,33,14,hdslay1,arr,,,,,,
oname:hdslay1_t9_otype:arr_i:33_j:15,33.63709,0.0,hdslay1_t9,33,15,hdslay1,arr,,,,,,
oname:hdslay1_t9_otype:arr_i:33_j:16,33.64435,0.0,hdslay1_t9,33,16,hdslay1,arr,,,,,,
oname:hdslay1_t9_otype:arr_i:33_j:17,33.64997,0.0,hdslay1_t9,33,17,hdslay1,arr,,,,,,
oname:hdslay1_t9_otype:arr_i:33_j:18,33.65427,0.0,hdslay1_t9,33,18,hdslay1,arr,,,,,,
oname:hdslay1_t9_otype:arr_i:33_j:19,33.6571,0.0,hdslay1_t9,33,19,hdslay1,arr,,,,,,
oname:hdslay1_t9_otype:arr_i:33_j:2,33.82401,0.0,hdslay1_t9,33,2,hdslay1,arr,,,,,,
oname:hdslay1_t9_otype:arr_i:33_j:3,33.78522,0.0,hdslay1_t9,33,3,hdslay1,arr,,,,,,
oname:hdslay1_t9_otype:arr_i:33_j:4,33.73698,0.0,hdslay1_t9,33,4,hdslay1,arr,,,,,,
oname:hdslay1_t9_otype:arr_i:33_j:5,33.70651,0.0,hdslay1_t9,33,5,hdslay1,arr,,,,,,
oname:hdslay1_t9_otype:arr_i:33_j:6,33.68395,0.0,hdslay1_t9,33,6,hdslay1,arr,,,,,,
oname:hdslay1_t9_otype:arr_i:33_j:7,33.66517,0.0,hdslay1_t9,33,7,hdslay1,arr,,,,,,
oname:hdslay1_t9_otype:arr_i:33_j:8,33.64912,0.0,hdslay1_t9,33,8,hdslay1,arr,,,,,,
oname:hdslay1_t9_otype:arr_i:33_j:9,33.63674,0.0,hdslay1_t9,33,9,hdslay1,arr,,,,,,
oname:hdslay1_t9_otype:arr_i:34_j:0,1e+30,0.0,hdslay1_t9,34,0,hdslay1,arr,,,,,,
oname:hdslay1_t9_otype:arr_i:34_j:1,1e+30,0.0,hdslay1_t9,34,1,hdslay1,arr,,,,,,
oname:hdslay1_t9_otype:arr_i:34_j:10,33.59084,0.0,hdslay1_t9,34,10,hdslay1,arr,,,,,,
oname:hdslay1_t9_otype:arr_i:34_j:11,33.55645,0.0,hdslay1_t9,34,11,hdslay1,arr,,,,,,
oname:hdslay1_t9_otype:arr_i:34_j:12,33.49288,0.0,hdslay1_t9,34,12,hdslay1,arr,,,,,,
oname:hdslay1_t9_otype:arr_i:34_j:13,33.5741,0.0,hdslay1_t9,34,13,hdslay1,arr,,,,,,
oname:hdslay1_t9_otype:arr_i:34_j:14,33.60167,0.0,hdslay1_t9,34,14,hdslay1,arr,,,,,,
oname:hdslay1_t9_otype:arr_i:34_j:15,33.61702,0.0,hdslay1_t9,34,15,hdslay1,arr,,,,,,
oname:hdslay1_t9_otype:arr_i:34_j:16,33.62637,0.0,hdslay1_t9,34,16,hdslay1,arr,,,,,,
oname:hdslay1_t9_otype:arr_i:34_j:17,33.63537,0.0,hdslay1_t9,34,17,hdslay1,arr,,,,,,
oname:hdslay1_t9_otype:arr_i:34_j:18,33.64374,0.0,hdslay1_t9,34,18,hdslay1,arr,,,,,,
oname:hdslay1_t9_otype:arr_i:34_j:19,33.6516,0.0,hdslay1_t9,34,19,hdslay1,arr,,,,,,
oname:hdslay1_t9_otype:arr_i:34_j:2,1e+30,0.0,hdslay1_t9,34,2,hdslay1,arr,,,,,,
oname:hdslay1_t9_otype:arr_i:34_j:3,33.74232,0.0,hdslay1_t9,34,3,hdslay1,arr,,,,,,
oname:hdslay1_t9_otype:arr_i:34_j:4,33.69837,0.0,hdslay1_t9,34,4,hdslay1,arr,,,,,,
oname:hdslay1_t9_otype:arr_i:34_j:5,33.67626,0.0,hdslay1_t9,34,5,hdslay1,arr,,,,,,
oname:hdslay1_t9_otype:arr_i:34_j:6,33.65315,0.0,hdslay1_t9,34,6,hdslay1,arr,,,,,,
oname:hdslay1_t9_otype:arr_i:34_j:7,33.63601,0.0,hdslay1_t9,34,7,hdslay1,arr,,,,,,
oname:hdslay1_t9_otype:arr_i:34_j:8,33.62271,0.0,hdslay1_t9,34,8,hdslay1,arr,,,,,,
oname:hdslay1_t9_otype:arr_i:34_j:9,33.60979,0.0,hdslay1_t9,34,9,hdslay1,arr,,,,,,
oname:hdslay1_t9_otype:arr_i:35_j:0,1e+30,0.0,hdslay1_t9,35,0,hdslay1,arr,,,,,,
oname:hdslay1_t9_otype:arr_i:35_j:1,1e+30,0.0,hdslay1_t9,35,1,hdslay1,arr,,,,,,
oname:hdslay1_t9_otype:arr_i:35_j:10,33.55728,0.0,hdslay1_t9,35,10,hdslay1,arr,,,,,,
oname:hdslay1_t9_otype:arr_i:35_j:11,33.5421,0.0,hdslay1_t9,35,11,hdslay1,arr,,,,,,
oname:hdslay1_t9_otype:arr_i:35_j:12,33.53307,0.0,hdslay1_t9,35,12,hdslay1,arr,,,,,,
oname:hdslay1_t9_otype:arr_i:35_j:13,33.56266,0.0,hdslay1_t9,35,13,hdslay1,arr,,,,,,
oname:hdslay1_t9_otype:arr_i:35_j:14,33.5857,0.0,hdslay1_t9,35,14,hdslay1,arr,,,,,,
oname:hdslay1_t9_otype:arr_i:35_j:15,33.60012,0.0,hdslay1_t9,35,15,hdslay1,arr,,,,,,
oname:hdslay1_t9_otype:arr_i:35_j:16,33.60823,0.0,hdslay1_t9,35,16,hdslay1,arr,,,,,,
oname:hdslay1_t9_otype:arr_i:35_j:17,33.61734,0.0,hdslay1_t9,35,17,hdslay1,arr,,,,,,
oname:hdslay1_t9_otype:arr_i:35_j:18,33.62586,0.0,hdslay1_t9,35,18,hdslay1,arr,,,,,,
oname:hdslay1_t9_otype:arr_i:35_j:19,1e+30,0.0,hdslay1_t9,35,19,hdslay1,arr,,,,,,
oname:hdslay1_t9_otype:arr_i:35_j:2,1e+30,0.0,hdslay1_t9,35,2,hdslay1,arr,,,,,,
oname:hdslay1_t9_otype:arr_i:35_j:3,1e+30,0.0,hdslay1_t9,35,3,hdslay1,arr,,,,,,
oname:hdslay1_t9_otype:arr_i:35_j:4,33.65808,0.0,hdslay1_t9,35,4,hdslay1,arr,,,,,,
oname:hdslay1_t9_otype:arr_i:35_j:5,33.63913,0.0,hdslay1_t9,35,5,hdslay1,arr,,,,,,
oname:hdslay1_t9_otype:arr_i:35_j:6,33.61642,0.0,hdslay1_t9,35,6,hdslay1,arr,,,,,,
oname:hdslay1_t9_otype:arr_i:35_j:7,33.59997,0.0,hdslay1_t9,35,7,hdslay1,arr,,,,,,
oname:hdslay1_t9_otype:arr_i:35_j:8,33.58907,0.0,hdslay1_t9,35,8,hdslay1,arr,,,,,,
oname:hdslay1_t9_otype:arr_i:35_j:9,33.57646,0.0,hdslay1_t9,35,9,hdslay1,arr,,,,,,
oname:hdslay1_t9_otype:arr_i:36_j:0,1e+30,0.0,hdslay1_t9,36,0,hdslay1,arr,,,,,,
oname:hdslay1_t9_otype:arr_i:36_j:1,1e+30,0.0,hdslay1_t9,36,1,hdslay1,arr,,,,,,
oname:hdslay1_t9_otype:arr_i:36_j:10,33.52693,0.0,hdslay1_t9,36,10,hdslay1,arr,,,,,,
oname:hdslay1_t9_otype:arr_i:36_j:11,33.52427,0.0,hdslay1_t9,36,11,hdslay1,arr,,,,,,
oname:hdslay1_t9_otype:arr_i:36_j:12,33.52621,0.0,hdslay1_t9,36,12,hdslay1,arr,,,,,,
oname:hdslay1_t9_otype:arr_i:36_j:13,33.54617,0.0,hdslay1_t9,36,13,hdslay1,arr,,,,,,
oname:hdslay1_t9_otype:arr_i:36_j:14,33.56798,0.0,hdslay1_t9,36,14,hdslay1,arr,,,,,,
oname:hdslay1_t9_otype:arr_i:36_j:15,33.58476,0.0,hdslay1_t9,36,15,hdslay1,arr,,,,,,
oname:hdslay1_t9_otype:arr_i:36_j:16,33.59243,0.0,hdslay1_t9,36,16,hdslay1,arr,,,,,,
oname:hdslay1_t9_otype:arr_i:36_j:17,33.60232,0.0,hdslay1_t9,36,17,hdslay1,arr,,,,,,
oname:hdslay1_t9_otype:arr_i:36_j:18,33.61361,0.0,hdslay1_t9,36,18,hdslay1,arr,,,,,,
oname:hdslay1_t9_otype:arr_i:36_j:19,1e+30,0.0,hdslay1_t9,36,19,hdslay1,arr,,,,,,
oname:hdslay1_t9_otype:arr_i:36_j:2,1e+30,0.0,hdslay1_t9,36,2,hdslay1,arr,,,,,,
oname:hdslay1_t9_otype:arr_i:36_j:3,1e+30,0.0,hdslay1_t9,36,3,hdslay1,arr,,,,,,
oname:hdslay1_t9_otype:arr_i:36_j:4,33.63319,0.0,hdslay1_t9,36,4,hdslay1,arr,,,,,,
oname:hdslay1_t9_otype:arr_i:36_j:5,33.59862,0.0,hdslay1_t9,36,5,hdslay1,arr,,,,,,
oname:hdslay1_t9_otype:arr_i:36_j:6,33.57582,0.0,hdslay1_t9,36,6,hdslay1,arr,,,,,,
oname:hdslay1_t9_otype:arr_i:36_j:7,33.56107,0.0,hdslay1_t9,36,7,hdslay1,arr,,,,,,
oname:hdslay1_t9_otype:arr_i:36_j:8,33.54959,0.0,hdslay1_t9,36,8,hdslay1,arr,,,,,,
oname:hdslay1_t9_otype:arr_i:36_j:9,33.53985,0.0,hdslay1_t9,36,9,hdslay1,arr,,,,,,
oname:hdslay1_t9_otype:arr_i:37_j:0,1e+30,0.0,hdslay1_t9,37,0,hdslay1,arr,,,,,,
oname:hdslay1_t9_otype:arr_i:37_j:1,1e+30,0.0,hdslay1_t9,37,1,hdslay1,arr,,,,,,
oname:hdslay1_t9_otype:arr_i:37_j:10,33.49392,0.0,hdslay1_t9,37,10,hdslay1,arr,,,,,,
oname:hdslay1_t9_otype:arr_i:37_j:11,33.49056,0.0,hdslay1_t9,37,11,hdslay1,arr,,,,,,
oname:hdslay1_t9_otype:arr_i:37_j:12,33.49927,0.0,hdslay1_t9,37,12,hdslay1,arr,,,,,,
oname:hdslay1_t9_otype:arr_i:37_j:13,33.52144,0.0,hdslay1_t9,37,13,hdslay1,arr,,,,,,
oname:hdslay1_t9_otype:arr_i:37_j:14,33.54735,0.0,hdslay1_t9,37,14,hdslay1,arr,,,,,,
oname:hdslay1_t9_otype:arr_i:37_j:15,33.56966,0.0,hdslay1_t9,37,15,hdslay1,arr,,,,,,
oname:hdslay1_t9_otype:arr_i:37_j:16,33.57932,0.0,hdslay1_t9,37,16,hdslay1,arr,,,,,,
oname:hdslay1_t9_otype:arr_i:37_j:17,33.58954,0.0,hdslay1_t9,37,17,hdslay1,arr,,,,,,
oname:hdslay1_t9_otype:arr_i:37_j:18,1e+30,0.0,hdslay1_t9,37,18,hdslay1,arr,,,,,,
oname:hdslay1_t9_otype:arr_i:37_j:19,1e+30,0.0,hdslay1_t9,37,19,hdslay1,arr,,,,,,
oname:hdslay1_t9_otype:arr_i:37_j:2,1e+30,0.0,hdslay1_t9,37,2,hdslay1,arr,,,,,,
oname:hdslay1_t9_otype:arr_i:37_j:3,1e+30,0.0,hdslay1_t9,37,3,hdslay1,arr,,,,,,
oname:hdslay1_t9_otype:arr_i:37_j:4,1e+30,0.0,hdslay1_t9,37,4,hdslay1,arr,,,,,,
oname:hdslay1_t9_otype:arr_i:37_j:5,33.53554,0.0,hdslay1_t9,37,5,hdslay1,arr,,,,,,
oname:hdslay1_t9_otype:arr_i:37_j:6,33.53116,0.0,hdslay1_t9,37,6,hdslay1,arr,,,,,,
oname:hdslay1_t9_otype:arr_i:37_j:7,33.52271,0.0,hdslay1_t9,37,7,hdslay1,arr,,,,,,
oname:hdslay1_t9_otype:arr_i:37_j:8,33.51147,0.0,hdslay1_t9,37,8,hdslay1,arr,,,,,,
oname:hdslay1_t9_otype:arr_i:37_j:9,33.50317,0.0,hdslay1_t9,37,9,hdslay1,arr,,,,,,
oname:hdslay1_t9_otype:arr_i:38_j:0,1e+30,0.0,hdslay1_t9,38,0,hdslay1,arr,,,,,,
oname:hdslay1_t9_otype:arr_i:38_j:1,1e+30,0.0,hdslay1_t9,38,1,hdslay1,arr,,,,,,
oname:hdslay1_t9_otype:arr_i:38_j:10,33.44007,0.0,hdslay1_t9,38,10,hdslay1,arr,,,,,,
oname:hdslay1_t9_otype:arr_i:38_j:11,33.43344,0.0,hdslay1_t9,38,11,hdslay1,arr,,,,,,
oname:hdslay1_t9_otype:arr_i:38_j:12,33.45009,0.0,hdslay1_t9,38,12,hdslay1,arr,,,,,,
oname:hdslay1_t9_otype:arr_i:38_j:13,33.48105,0.0,hdslay1_t9,38,13,hdslay1,arr,,,,,,
oname:hdslay1_t9_otype:arr_i:38_j:14,33.51959,0.0,hdslay1_t9,38,14,hdslay1,arr,,,,,,
oname:hdslay1_t9_otype:arr_i:38_j:15,33.55651,0.0,hdslay1_t9,38,15,hdslay1,arr,,,,,,
oname:hdslay1_t9_otype:arr_i:38_j:16,33.56992,0.0,hdslay1_t9,38,16,hdslay1,arr,,,,,,
oname:hdslay1_t9_otype:arr_i:38_j:17,1e+30,0.0,hdslay1_t9,38,17,hdslay1,arr,,,,,,
oname:hdslay1_t9_otype:arr_i:38_j:18,1e+30,0.0,hdslay1_t9,38,18,hdslay1,arr,,,,,,
oname:hdslay1_t9_otype:arr_i:38_j:19,1e+30,0.0,hdslay1_t9,38,19,hdslay1,arr,,,,,,
oname:hdslay1_t9_otype:arr_i:38_j:2,1e+30,0.0,hdslay1_t9,38,2,hdslay1,arr,,,,,,
oname:hdslay1_t9_otype:arr_i:38_j:3,1e+30,0.0,hdslay1_t9,38,3,hdslay1,arr,,,,,,
oname:hdslay1_t9_otype:arr_i:38_j:4,1e+30,0.0,hdslay1_t9,38,4,hdslay1,arr,,,,,,
oname:hdslay1_t9_otype:arr_i:38_j:5,33.48043,0.0,hdslay1_t9,38,5,hdslay1,arr,,,,,,
oname:hdslay1_t9_otype:arr_i:38_j:6,33.48038,0.0,hdslay1_t9,38,6,hdslay1,arr,,,,,,
oname:hdslay1_t9_otype:arr_i:38_j:7,33.47043,0.0,hdslay1_t9,38,7,hdslay1,arr,,,,,,
oname:hdslay1_t9_otype:arr_i:38_j:8,33.46342,0.0,hdslay1_t9,38,8,hdslay1,arr,,,,,,
oname:hdslay1_t9_otype:arr_i:38_j:9,33.45301,0.0,hdslay1_t9,38,9,hdslay1,arr,,,,,,
oname:hdslay1_t9_otype:arr_i:39_j:0,1e+30,0.0,hdslay1_t9,39,0,hdslay1,arr,,,,,,
oname:hdslay1_t9_otype:arr_i:39_j:1,1e+30,0.0,hdslay1_t9,39,1,hdslay1,arr,,,,,,
oname:hdslay1_t9_otype:arr_i:39_j:10,33.34838,0.0,hdslay1_t9,39,10,hdslay1,arr,,,,,,
oname:hdslay1_t9_otype:arr_i:39_j:11,33.35618,0.0,hdslay1_t9,39,11,hdslay1,arr,,,,,,
oname:hdslay1_t9_otype:arr_i:39_j:12,33.37827,0.0,hdslay1_t9,39,12,hdslay1,arr,,,,,,
oname:hdslay1_t9_otype:arr_i:39_j:13,33.41778,0.0,hdslay1_t9,39,13,hdslay1,arr,,,,,,
oname:hdslay1_t9_otype:arr_i:39_j:14,33.46653,0.0,hdslay1_t9,39,14,hdslay1,arr,,,,,,
oname:hdslay1_t9_otype:arr_i:39_j:15,33.53355,0.0,hdslay1_t9,39,15,hdslay1,arr,,,,,,
oname:hdslay1_t9_otype:arr_i:39_j:16,1e+30,0.0,hdslay1_t9,39,16,hdslay1,arr,,,,,,
oname:hdslay1_t9_otype:arr_i:39_j:17,1e+30,0.0,hdslay1_t9,39,17,hdslay1,arr,,,,,,
oname:hdslay1_t9_otype:arr_i:39_j:18,1e+30,0.0,hdslay1_t9,39,18,hdslay1,arr,,,,,,
oname:hdslay1_t9_otype:arr_i:39_j:19,1e+30,0.0,hdslay1_t9,39,19,hdslay1,arr,,,,,,
oname:hdslay1_t9_otype:arr_i:39_j:2,1e+30,0.0,hdslay1_t9,39,2,hdslay1,arr,,,,,,
oname:hdslay1_t9_otype:arr_i:39_j:3,1e+30,0.0,hdslay1_t9,39,3,hdslay1,arr,,,,,,
oname:hdslay1_t9_otype:arr_i:39_j:4,1e+30,0.0,hdslay1_t9,39,4,hdslay1,arr,,,,,,
oname:hdslay1_t9_otype:arr_i:39_j:5,33.41361,0.0,hdslay1_t9,39,5,hdslay1,arr,,,,,,
oname:hdslay1_t9_otype:arr_i:39_j:6,33.40766,0.0,hdslay1_t9,39,6,hdslay1,arr,,,,,,
oname:hdslay1_t9_otype:arr_i:39_j:7,33.40356,0.0,hdslay1_t9,39,7,hdslay1,arr,,,,,,
oname:hdslay1_t9_otype:arr_i:39_j:8,33.3939,0.0,hdslay1_t9,39,8,hdslay1,arr,,,,,,
oname:hdslay1_t9_otype:arr_i:39_j:9,33.37489,0.0,hdslay1_t9,39,9,hdslay1,arr,,,,,,
oname:hdslay1_t9_otype:arr_i:3_j:0,35.28964,0.0,hdslay1_t9,3,0,hdslay1,arr,,,,,,
oname:hdslay1_t9_otype:arr_i:3_j:1,35.27699,0.0,hdslay1_t9,3,1,hdslay1,arr,,,,,,
oname:hdslay1_t9_otype:arr_i:3_j:10,34.5359,0.0,hdslay1_t9,3,10,hdslay1,arr,,,,,,
oname:hdslay1_t9_otype:arr_i:3_j:11,34.4784,0.0,hdslay1_t9,3,11,hdslay1,arr,,,,,,
oname:hdslay1_t9_otype:arr_i:3_j:12,34.42061,0.0,hdslay1_t9,3,12,hdslay1,arr,,,,,,
oname:hdslay1_t9_otype:arr_i:3_j:13,34.35614,0.0,hdslay1_t9,3,13,hdslay1,arr,,,,,,
oname:hdslay1_t9_otype:arr_i:3_j:14,34.30127,0.0,hdslay1_t9,3,14,hdslay1,arr,,,,,,
oname:hdslay1_t9_otype:arr_i:3_j:15,34.25267,0.0,hdslay1_t9,3,15,hdslay1,arr,,,,,,
oname:hdslay1_t9_otype:arr_i:3_j:16,34.24076,0.0,hdslay1_t9,3,16,hdslay1,arr,,,,,,
oname:hdslay1_t9_otype:arr_i:3_j:17,34.22925,0.0,hdslay1_t9,3,17,hdslay1,arr,,,,,,
oname:hdslay1_t9_otype:arr_i:3_j:18,34.22002,0.0,hdslay1_t9,3,18,hdslay1,arr,,,,,,
oname:hdslay1_t9_otype:arr_i:3_j:19,34.21653,0.0,hdslay1_t9,3,19,hdslay1,arr,,,,,,
oname:hdslay1_t9_otype:arr_i:3_j:2,35.2584,0.0,hdslay1_t9,3,2,hdslay1,arr,,,,,,
oname:hdslay1_t9_otype:arr_i:3_j:3,35.21957,0.0,hdslay1_t9,3,3,hdslay1,arr,,,,,,
oname:hdslay1_t9_otype:arr_i:3_j:4,35.15824,0.0,hdslay1_t9,3,4,hdslay1,arr,,,,,,
oname:hdslay1_t9_otype:arr_i:3_j:5,35.06712,0.0,hdslay1_t9,3,5,hdslay1,arr,,,,,,
oname:hdslay1_t9_otype:arr_i:3_j:6,34.94473,0.0,hdslay1_t9,3,6,hdslay1,arr,,,,,,
oname:hdslay1_t9_otype:arr_i:3_j:7,34.81424,0.0,hdslay1_t9,3,7,hdslay1,arr,,,,,,
oname:hdslay1_t9_otype:arr_i:3_j:8,34.69927,0.0,hdslay1_t9,3,8,hdslay1,arr,,,,,,
oname:hdslay1_t9_otype:arr_i:3_j:9,34.60843,0.0,hdslay1_t9,3,9,hdslay1,arr,,,,,,
oname:hdslay1_t9_otype:arr_i:4_j:0,35.27384,0.0,hdslay1_t9,4,0,hdslay1,arr,,,,,,
oname:hdslay1_t9_otype:arr_i:4_j:1,35.26553,0.0,hdslay1_t9,4,1,hdslay1,arr,,,,,,
oname:hdslay1_t9_otype:arr_i:4_j:10,34.53118,0.0,hdslay1_t9,4,10,hdslay1,arr,,,,,,
oname:hdslay1_t9_otype:arr_i:4_j:11,34.46971,0.0,hdslay1_t9,4,11,hdslay1,arr,,,,,,
oname:hdslay1_t9_otype:arr_i:4_j:12,34.39917,0.0,hdslay1_t9,4,12,hdslay1,arr,,,,,,
oname:hdslay1_t9_otype:arr_i:4_j:13,34.33224,0.0,hdslay1_t9,4,13,hdslay1,arr,,,,,,
oname:hdslay1_t9_otype:arr_i:4_j:14,34.27736,0.0,hdslay1_t9,4,14,hdslay1,arr,,,,,,
oname:hdslay1_t9_otype:arr_i:4_j:15,34.23069,0.0,hdslay1_t9,4,15,hdslay1,arr,,,,,,
oname:hdslay1_t9_otype:arr_i:4_j:16,34.21425,0.0,hdslay1_t9,4,16,hdslay1,arr,,,,,,
oname:hdslay1_t9_otype:arr_i:4_j:17,34.20336,0.0,hdslay1_t9,4,17,hdslay1,arr,,,,,,
oname:hdslay1_t9_otype:arr_i:4_j:18,34.19829,0.0,hdslay1_t9,4,18,hdslay1,arr,,,,,,
oname:hdslay1_t9_otype:arr_i:4_j:19,34.19692,0.0,hdslay1_t9,4,19,hdslay1,arr,,,,,,
oname:hdslay1_t9_otype:arr_i:4_j:2,35.2512,0.0,hdslay1_t9,4,2,hdslay1,arr,,,,,,
oname:hdslay1_t9_otype:arr_i:4_j:3,35.21903,0.0,hdslay1_t9,4,3,hdslay1,arr,,,,,,
oname:hdslay1_t9_otype:arr_i:4_j:4,35.16341,0.0,hdslay1_t9,4,4,hdslay1,arr,,,,,,
oname:hdslay1_t9_otype:arr_i:4_j:5,35.08626,0.0,hdslay1_t9,4,5,hdslay1,arr,,,,,,
oname:hdslay1_t9_otype:arr_i:4_j:6,34.97522,0.0,hdslay1_t9,4,6,hdslay1,arr,,,,,,
oname:hdslay1_t9_otype:arr_i:4_j:7,34.83924,0.0,hdslay1_t9,4,7,hdslay1,arr,,,,,,
oname:hdslay1_t9_otype:arr_i:4_j:8,34.71006,0.0,hdslay1_t9,4,8,hdslay1,arr,,,,,,
oname:hdslay1_t9_otype:arr_i:4_j:9,34.60947,0.0,hdslay1_t9,4,9,hdslay1,arr,,,,,,
oname:hdslay1_t9_otype:arr_i:5_j:0,35.26114,0.0,hdslay1_t9,5,0,hdslay1,arr,,,,,,
oname:hdslay1_t9_otype:arr_i:5_j:1,35.25577,0.0,hdslay1_t9,5,1,hdslay1,arr,,,,,,
oname:hdslay1_t9_otype:arr_i:5_j:10,34.51866,0.0,hdslay1_t9,5,10,hdslay1,arr,,,,,,
oname:hdslay1_t9_otype:arr_i:5_j:11,34.44956,0.0,hdslay1_t9,5,11,hdslay1,arr,,,,,,
oname:hdslay1_t9_otype:arr_i:5_j:12,34.37485,0.0,hdslay1_t9,5,12,hdslay1,arr,,,,,,
oname:hdslay1_t9_otype:arr_i:5_j:13,34.30432,0.0,hdslay1_t9,5,13,hdslay1,arr,,,,,,
oname:hdslay1_t9_otype:arr_i:5_j:14,34.24389,0.0,hdslay1_t9,5,14,hdslay1,arr,,,,,,
oname:hdslay1_t9_otype:arr_i:5_j:15,34.19743,0.0,hdslay1_t9,5,15,hdslay1,arr,,,,,,
oname:hdslay1_t9_otype:arr_i:5_j:16,34.18415,0.0,hdslay1_t9,5,16,hdslay1,arr,,,,,,
oname:hdslay1_t9_otype:arr_i:5_j:17,34.1744,0.0,hdslay1_t9,5,17,hdslay1,arr,,,,,,
oname:hdslay1_t9_otype:arr_i:5_j:18,34.17279,0.0,hdslay1_t9,5,18,hdslay1,arr,,,,,,
oname:hdslay1_t9_otype:arr_i:5_j:19,34.17412,0.0,hdslay1_t9,5,19,hdslay1,arr,,,,,,
oname:hdslay1_t9_otype:arr_i:5_j:2,35.24296,0.0,hdslay1_t9,5,2,hdslay1,arr,,,,,,
oname:hdslay1_t9_otype:arr_i:5_j:3,35.21571,0.0,hdslay1_t9,5,3,hdslay1,arr,,,,,,
oname:hdslay1_t9_otype:arr_i:5_j:4,35.16706,0.0,hdslay1_t9,5,4,hdslay1,arr,,,,,,
oname:hdslay1_t9_otype:arr_i:5_j:5,35.08959,0.0,hdslay1_t9,5,5,hdslay1,arr,,,,,,
oname:hdslay1_t9_otype:arr_i:5_j:6,34.98114,0.0,hdslay1_t9,5,6,hdslay1,arr,,,,,,
oname:hdslay1_t9_otype:arr_i:5_j:7,34.86193,0.0,hdslay1_t9,5,7,hdslay1,arr,,,,,,
oname:hdslay1_t9_otype:arr_i:5_j:8,34.73219,0.0,hdslay1_t9,5,8,hdslay1,arr,,,,,,
oname:hdslay1_t9_otype:arr_i:5_j:9,34.60583,0.0,hdslay1_t9,5,9,hdslay1,arr,,,,,,
oname:hdslay1_t9_otype:arr_i:6_j:0,35.25326,0.0,hdslay1_t9,6,0,hdslay1,arr,,,,,,
oname:hdslay1_t9_otype:arr_i:6_j:1,35.24858,0.0,hdslay1_t9,6,1,hdslay1,arr,,,,,,
oname:hdslay1_t9_otype:arr_i:6_j:10,34.49793,0.0,hdslay1_t9,6,10,hdslay1,arr,,,,,,
oname:hdslay1_t9_otype:arr_i:6_j:11,34.41851,0.0,hdslay1_t9,6,11,hdslay1,arr,,,,,,
oname:hdslay1_t9_otype:arr_i:6_j:12,34.33226,0.0,hdslay1_t9,6,12,hdslay1,arr,,,,,,
oname:hdslay1_t9_otype:arr_i:6_j:13,34.25405,0.0,hdslay1_t9,6,13,hdslay1,arr,,,,,,
oname:hdslay1_t9_otype:arr_i:6_j:14,34.1969,0.0,hdslay1_t9,6,14,hdslay1,arr,,,,,,
oname:hdslay1_t9_otype:arr_i:6_j:15,34.15391,0.0,hdslay1_t9,6,15,hdslay1,arr,,,,,,
oname:hdslay1_t9_otype:arr_i:6_j:16,34.1464,0.0,hdslay1_t9,6,16,hdslay1,arr,,,,,,
oname:hdslay1_t9_otype:arr_i:6_j:17,34.13937,0.0,hdslay1_t9,6,17,hdslay1,arr,,,,,,
oname:hdslay1_t9_otype:arr_i:6_j:18,34.13774,0.0,hdslay1_t9,6,18,hdslay1,arr,,,,,,
oname:hdslay1_t9_otype:arr_i:6_j:19,34.13607,0.0,hdslay1_t9,6,19,hdslay1,arr,,,,,,
oname:hdslay1_t9_otype:arr_i:6_j:2,35.23801,0.0,hdslay1_t9,6,2,hdslay1,arr,,,,,,
oname:hdslay1_t9_otype:arr_i:6_j:3,35.21765,0.0,hdslay1_t9,6,3,hdslay1,arr,,,,,,
oname:hdslay1_t9_otype:arr_i:6_j:4,35.17321,0.0,hdslay1_t9,6,4,hdslay1,arr,,,,,,
oname:hdslay1_t9_otype:arr_i:6_j:5,35.08555,0.0,hdslay1_t9,6,5,hdslay1,arr,,,,,,
oname:hdslay1_t9_otype:arr_i:6_j:6,34.97031,0.0,hdslay1_t9,6,6,hdslay1,arr,,,,,,
oname:hdslay1_t9_otype:arr_i:6_j:7,34.85356,0.0,hdslay1_t9,6,7,hdslay1,arr,,,,,,
oname:hdslay1_t9_otype:arr_i:6_j:8,34.72832,0.0,hdslay1_t9,6,8,hdslay1,arr,,,,,,
oname:hdslay1_t9_otype:arr_i:6_j:9,34.59542,0.0,hdslay1_t9,6,9,hdslay1,arr,,,,,,
oname:hdslay1_t9_otype:arr_i:7_j:0,35.24803,0.0,hdslay1_t9,7,0,hdslay1,arr,,,,,,
oname:hdslay1_t9_otype:arr_i:7_j:1,35.24436,0.0,hdslay1_t9,7,1,hdslay1,arr,,,,,,
oname:hdslay1_t9_otype:arr_i:7_j:10,34.4488,0.0,hdslay1_t9,7,10,hdslay1,arr,,,,,,
oname:hdslay1_t9_otype:arr_i:7_j:11,34.36492,0.0,hdslay1_t9,7,11,hdslay1,arr,,,,,,
oname:hdslay1_t9_otype:arr_i:7_j:12,34.26624,0.0,hdslay1_t9,7,12,hdslay1,arr,,,,,,
oname:hdslay1_t9_otype:arr_i:7_j:13,34.18662,0.0,hdslay1_t9,7,13,hdslay1,arr,,,,,,
oname:hdslay1_t9_otype:arr_i:7_j:14,34.13536,0.0,hdslay1_t9,7,14,hdslay1,arr,,,,,,
oname:hdslay1_t9_otype:arr_i:7_j:15,34.09871,0.0,hdslay1_t9,7,15,hdslay1,arr,,,,,,
oname:hdslay1_t9_otype:arr_i:7_j:16,34.08514,0.0,hdslay1_t9,7,16,hdslay1,arr,,,,,,
oname:hdslay1_t9_otype:arr_i:7_j:17,34.09117,0.0,hdslay1_t9,7,17,hdslay1,arr,,,,,,
oname:hdslay1_t9_otype:arr_i:7_j:18,34.09074,0.0,hdslay1_t9,7,18,hdslay1,arr,,,,,,
oname:hdslay1_t9_otype:arr_i:7_j:19,34.08903,0.0,hdslay1_t9,7,19,hdslay1,arr,,,,,,
oname:hdslay1_t9_otype:arr_i:7_j:2,35.23643,0.0,hdslay1_t9,7,2,hdslay1,arr,,,,,,
oname:hdslay1_t9_otype:arr_i:7_j:3,35.22134,0.0,hdslay1_t9,7,3,hdslay1,arr,,,,,,
oname:hdslay1_t9_otype:arr_i:7_j:4,35.17194,0.0,hdslay1_t9,7,4,hdslay1,arr,,,,,,
oname:hdslay1_t9_otype:arr_i:7_j:5,35.08092,0.0,hdslay1_t9,7,5,hdslay1,arr,,,,,,
oname:hdslay1_t9_otype:arr_i:7_j:6,34.97453,0.0,hdslay1_t9,7,6,hdslay1,arr,,,,,,
oname:hdslay1_t9_otype:arr_i:7_j:7,34.83361,0.0,hdslay1_t9,7,7,hdslay1,arr,,,,,,
oname:hdslay1_t9_otype:arr_i:7_j:8,34.67746,0.0,hdslay1_t9,7,8,hdslay1,arr,,,,,,
oname:hdslay1_t9_otype:arr_i:7_j:9,34.53911,0.0,hdslay1_t9,7,9,hdslay1,arr,,,,,,
oname:hdslay1_t9_otype:arr_i:8_j:0,35.2436,0.0,hdslay1_t9,8,0,hdslay1,arr,,,,,,
oname:hdslay1_t9_otype:arr_i:8_j:1,35.24166,0.0,hdslay1_t9,8,1,hdslay1,arr,,,,,,
oname:hdslay1_t9_otype:arr_i:8_j:10,34.36875,0.0,hdslay1_t9,8,10,hdslay1,arr,,,,,,
oname:hdslay1_t9_otype:arr_i:8_j:11,34.27833,0.0,hdslay1_t9,8,11,hdslay1,arr,,,,,,
oname:hdslay1_t9_otype:arr_i:8_j:12,34.17608,0.0,hdslay1_t9,8,12,hdslay1,arr,,,,,,
oname:hdslay1_t9_otype:arr_i:8_j:13,34.10936,0.0,hdslay1_t9,8,13,hdslay1,arr,,,,,,
oname:hdslay1_t9_otype:arr_i:8_j:14,34.06534,0.0,hdslay1_t9,8,14,hdslay1,arr,,,,,,
oname:hdslay1_t9_otype:arr_i:8_j:15,34.03231,0.0,hdslay1_t9,8,15,hdslay1,arr,,,,,,
oname:hdslay1_t9_otype:arr_i:8_j:16,34.007,0.0,hdslay1_t9,8,16,hdslay1,arr,,,,,,
oname:hdslay1_t9_otype:arr_i:8_j:17,34.02613,0.0,hdslay1_t9,8,17,hdslay1,arr,,,,,,
oname:hdslay1_t9_otype:arr_i:8_j:18,34.04205,0.0,hdslay1_t9,8,18,hdslay1,arr,,,,,,
oname:hdslay1_t9_otype:arr_i:8_j:19,34.04655,0.0,hdslay1_t9,8,19,hdslay1,arr,,,,,,
oname:hdslay1_t9_otype:arr_i:8_j:2,35.23847,0.0,hdslay1_t9,8,2,hdslay1,arr,,,,,,
oname:hdslay1_t9_otype:arr_i:8_j:3,35.23299,0.0,hdslay1_t9,8,3,hdslay1,arr,,,,,,
oname:hdslay1_t9_otype:arr_i:8_j:4,1e+30,0.0,hdslay1_t9,8,4,hdslay1,arr,,,,,,
oname:hdslay1_t9_otype:arr_i:8_j:5,1e+30,0.0,hdslay1_t9,8,5,hdslay1,arr,,,,,,
oname:hdslay1_t9_otype:arr_i:8_j:6,1e+30,0.0,hdslay1_t9,8,6,hdslay1,arr,,,,,,
oname:hdslay1_t9_otype:arr_i:8_j:7,34.72162,0.0,hdslay1_t9,8,7,hdslay1,arr,,,,,,
oname:hdslay1_t9_otype:arr_i:8_j:8,34.56212,0.0,hdslay1_t9,8,8,hdslay1,arr,,,,,,
oname:hdslay1_t9_otype:arr_i:8_j:9,34.45203,0.0,hdslay1_t9,8,9,hdslay1,arr,,,,,,
oname:hdslay1_t9_otype:arr_i:9_j:0,35.23713,0.0,hdslay1_t9,9,0,hdslay1,arr,,,,,,
oname:hdslay1_t9_otype:arr_i:9_j:1,35.23505,0.0,hdslay1_t9,9,1,hdslay1,arr,,,,,,
oname:hdslay1_t9_otype:arr_i:9_j:10,34.27061,0.0,hdslay1_t9,9,10,hdslay1,arr,,,,,,
oname:hdslay1_t9_otype:arr_i:9_j:11,34.18157,0.0,hdslay1_t9,9,11,hdslay1,arr,,,,,,
oname:hdslay1_t9_otype:arr_i:9_j:12,34.0959,0.0,hdslay1_t9,9,12,hdslay1,arr,,,,,,
oname:hdslay1_t9_otype:arr_i:9_j:13,34.04313,0.0,hdslay1_t9,9,13,hdslay1,arr,,,,,,
oname:hdslay1_t9_otype:arr_i:9_j:14,34.01004,0.0,hdslay1_t9,9,14,hdslay1,arr,,,,,,
oname:hdslay1_t9_otype:arr_i:9_j:15,33.98116,0.0,hdslay1_t9,9,15,hdslay1,arr,,,,,,
oname:hdslay1_t9_otype:arr_i:9_j:16,33.89385,0.0,hdslay1_t9,9,16,hdslay1,arr,,,,,,
oname:hdslay1_t9_otype:arr_i:9_j:17,33.97371,0.0,hdslay1_t9,9,17,hdslay1,arr,,,,,,
oname:hdslay1_t9_otype:arr_i:9_j:18,34.00326,0.0,hdslay1_t9,9,18,hdslay1,arr,,,,,,
oname:hdslay1_t9_otype:arr_i:9_j:19,34.01456,0.0,hdslay1_t9,9,19,hdslay1,arr,,,,,,
oname:hdslay1_t9_otype:arr_i:9_j:2,35.23456,0.0,hdslay1_t9,9,2,hdslay1,arr,,,,,,
oname:hdslay1_t9_otype:arr_i:9_j:3,35.23174,0.0,hdslay1_t9,9,3,hdslay1,arr,,,,,,
oname:hdslay1_t9_otype:arr_i:9_j:4,1e+30,0.0,hdslay1_t9,9,4,hdslay1,arr,,,,,,
oname:hdslay1_t9_otype:arr_i:9_j:5,1e+30,0.0,hdslay1_t9,9,5,hdslay1,arr,,,,,,
oname:hdslay1_t9_otype:arr_i:9_j:6,1e+30,0.0,hdslay1_t9,9,6,hdslay1,arr,,,,,,
oname:hdslay1_t9_otype:arr_i:9_j:7,1e+30,0.0,hdslay1_t9,9,7,hdslay1,arr,,,,,,
oname:hdslay1_t9_otype:arr_i:9_j:8,34.38311,0.0,hdslay1_t9,9,8,hdslay1,arr,,,,,,
oname:hdslay1_t9_otype:arr_i:9_j:9,34.33123,0.0,hdslay1_t9,9,9,hdslay1,arr,,,,,,
oname:inc_otype:lst_usecol:ghb_totim:3652.5,-697.929,0.0,inc,,,inc,lst,,3652.5,ghb,,,
oname:inc_otype:lst_usecol:ghb_totim:3683.5,-701.2151,0.0,inc,,,inc,lst,,3683.5,ghb,,,
oname:inc_otype:lst_usecol:ghb_totim:3712.5,-712.0403,0.0,inc,,,inc,lst,,3712.5,ghb,,,
oname:inc_otype:lst_usecol:ghb_totim:3743.5,-751.2799,0.0,inc,,,inc,lst,,3743.5,ghb,,,
oname:inc_otype:lst_usecol:ghb_totim:3773.5,-745.5239,0.0,inc,,,inc,lst,,3773.5,ghb,,,
oname:inc_otype:lst_usecol:ghb_totim:3804.5,-761.2346,0.0,inc,,,inc,lst,,3804.5,ghb,,,
oname:inc_otype:lst_usecol:ghb_totim:3834.5,-746.4639,0.0,inc,,,inc,lst,,3834.5,ghb,,,
oname:inc_otype:lst_usecol:ghb_totim:3865.5,-721.055,0.0,inc,,,inc,lst,,3865.5,ghb,,,
oname:inc_otype:lst_usecol:ghb_totim:3896.5,-678.75,0.0,inc,,,inc,lst,,3896.5,ghb,,,
oname:inc_otype:lst_usecol:ghb_totim:3926.5,-642.7422,0.0,inc,,,inc,lst,,3926.5,ghb,,,
oname:inc_otype:lst_usecol:ghb_totim:3957.5,-612.8053,0.0,inc,,,inc,lst,,3957.5,ghb,,,
oname:inc_otype:lst_usecol:ghb_totim:3987.5,-596.712,0.0,inc,,,inc,lst,,3987.5,ghb,,,
oname:inc_otype:lst_usecol:ghb_totim:4018.5,-573.1332,0.0,inc,,,inc,lst,,4018.5,ghb,,,
oname:inc_otype:lst_usecol:ghb_totim:4049.5,-578.5469,0.0,inc,,,inc,lst,,4049.5,ghb,,,
oname:inc_otype:lst_usecol:ghb_totim:4077.5,-585.7551,0.0,inc,,,inc,lst,,4077.5,ghb,,,
oname:inc_otype:lst_usecol:ghb_totim:4108.5,-601.77,0.0,inc,,,inc,lst,,4108.5,ghb,,,
oname:inc_otype:lst_usecol:ghb_totim:4138.5,-631.9046,0.0,inc,,,inc,lst,,4138.5,ghb,,,
oname:inc_otype:lst_usecol:ghb_totim:4169.5,-638.005,0.0,inc,,,inc,lst,,4169.5,ghb,,,
oname:inc_otype:lst_usecol:ghb_totim:4199.5,-629.8664,0.0,inc,,,inc,lst,,4199.5,ghb,,,
oname:inc_otype:lst_usecol:ghb_totim:4230.5,-599.9628,0.0,inc,,,inc,lst,,4230.5,ghb,,,
oname:inc_otype:lst_usecol:ghb_totim:4261.5,-566.4509,0.0,inc,,,inc,lst,,4261.5,ghb,,,
oname:inc_otype:lst_usecol:ghb_totim:4291.5,-532.0367,0.0,inc,,,inc,lst,,4291.5,ghb,,,
oname:inc_otype:lst_usecol:ghb_totim:4322.5,-458.902,0.0,inc,,,inc,lst,,4322.5,ghb,,,
oname:inc_otype:lst_usecol:ghb_totim:4352.5,-411.7821,0.0,inc,,,inc,lst,,4352.5,ghb,,,
oname:inc_otype:lst_usecol:ghb_totim:4383.5,-408.7915,0.0,inc,,,inc,lst,,4383.5,ghb,,,
oname:inc_otype:lst_usecol:in-out_totim:3652.5,-2.5891,0.0,oname:inc_otype:lst_usecol:in-out,,,inc,lst,,3652.5,in-out,,,
oname:inc_otype:lst_usecol:in-out_totim:3683.5,-0.3216,0.0,oname:inc_otype:lst_usecol:in-out,,,inc,lst,,3683.5,in-out,,,
oname:inc_otype:lst_usecol:in-out_totim:3712.5,1.9018,0.0,oname:inc_otype:lst_usecol:in-out,,,inc,lst,,3712.5,in-out,,,
oname:inc_otype:lst_usecol:in-out_totim:3743.5,6.1876,0.0,oname:inc_otype:lst_usecol:in-out,,,inc,lst,,3743.5,in-out,,,
oname:inc_otype:lst_usecol:in-out_totim:3773.5,-3.6223,0.0,oname:inc_otype:lst_usecol:in-out,,,inc,lst,,3773.5,in-out,,,
oname:inc_otype:lst_usecol:in-out_totim:3804.5,2.9717,0.0,oname:inc_otype:lst_usecol:in-out,,,inc,lst,,3804.5,in-out,,,
oname:inc_otype:lst_usecol:in-out_totim:3834.5,0.9623,0.0,oname:inc_otype:lst_usecol:in-out,,,inc,lst,,3834.5,in-out,,,
oname:inc_otype:lst_usecol:in-out_totim:3865.5,-3.5204,0.0,oname:inc_otype:lst_usecol:in-out,,,inc,lst,,3865.5,in-out,,,
oname:inc_otype:lst_usecol:in-out_totim:3896.5,-6.478,0.0,oname:inc_otype:lst_usecol:in-out,,,inc,lst,,3896.5,in-out,,,
oname:inc_otype:lst_usecol:in-out_totim:3926.5,-5.7554,0.0,oname:inc_otype:lst_usecol:in-out,,,inc,lst,,3926.5,in-out,,,
oname:inc_otype:lst_usecol:in-out_totim:3957.5,-5.4504,0.0,oname:inc_otype:lst_usecol:in-out,,,inc,lst,,3957.5,in-out,,,
oname:inc_otype:lst_usecol:in-out_totim:3987.5,-2.6979,0.0,oname:inc_otype:lst_usecol:in-out,,,inc,lst,,3987.5,in-out,,,
oname:inc_otype:lst_usecol:in-out_totim:4018.5,-2.9709,0.0,oname:inc_otype:lst_usecol:in-out,,,inc,lst,,4018.5,in-out,,,
oname:inc_otype:lst_usecol:in-out_totim:4049.5,3.8808,0.0,oname:inc_otype:lst_usecol:in-out,,,inc,lst,,4049.5,in-out,,,
oname:inc_otype:lst_usecol:in-out_totim:4077.5,1.3043,0.0,oname:inc_otype:lst_usecol:in-out,,,inc,lst,,4077.5,in-out,,,
oname:inc_otype:lst_usecol:in-out_totim:4108.5,3.5568,0.0,oname:inc_otype:lst_usecol:in-out,,,inc,lst,,4108.5,in-out,,,
oname:inc_otype:lst_usecol:in-out_totim:4138.5,5.3698,0.0,oname:inc_otype:lst_usecol:in-out,,,inc,lst,,4138.5,in-out,,,
oname:inc_otype:lst_usecol:in-out_totim:4169.5,5.4501,0.0,oname:inc_otype:lst_usecol:in-out,,,inc,lst,,4169.5,in-out,,,
oname:inc_otype:lst_usecol:in-out_totim:4199.5,0.6391,0.0,oname:inc_otype:lst_usecol:in-out,,,inc,lst,,4199.5,in-out,,,
oname:inc_otype:lst_usecol:in-out_totim:4230.5,-4.8685,0.0,oname:inc_otype:lst_usecol:in-out,,,inc,lst,,4230.5,in-out,,,
oname:inc_otype:lst_usecol:in-out_totim:4261.5,-5.9285,0.0,oname:inc_otype:lst_usecol:in-out,,,inc,lst,,4261.5,in-out,,,
oname:inc_otype:lst_usecol:in-out_totim:4291.5,-6.4961,0.0,oname:inc_otype:lst_usecol:in-out,,,inc,lst,,4291.5,in-out,,,
oname:inc_otype:lst_usecol:in-out_totim:4322.5,-4.7718,0.0,oname:inc_otype:lst_usecol:in-out,,,inc,lst,,4322.5,in-out,,,
oname:inc_otype:lst_usecol:in-out_totim:4352.5,-3.8096,0.0,oname:inc_otype:lst_usecol:in-out,,,inc,lst,,4352.5,in-out,,,
oname:inc_otype:lst_usecol:in-out_totim:4383.5,1.5485,0.0,oname:inc_otype:lst_usecol:in-out,,,inc,lst,,4383.5,in-out,,,
oname:inc_otype:lst_usecol:percent-discrepancy_totim:3652.5,-0.11,0.0,oname:inc_otype:lst_usecol:percent-discrepancy,,,inc,lst,,3652.5,percent-discrepancy,,,
oname:inc_otype:lst_usecol:percent-discrepancy_totim:3683.5,-0.01,0.0,oname:inc_otype:lst_usecol:percent-discrepancy,,,inc,lst,,3683.5,percent-discrepancy,,,
oname:inc_otype:lst_usecol:percent-discrepancy_totim:3712.5,0.05,0.0,oname:inc_otype:lst_usecol:percent-discrepancy,,,inc,lst,,3712.5,percent-discrepancy,,,
oname:inc_otype:lst_usecol:percent-discrepancy_totim:3743.5,0.11,0.0,oname:inc_otype:lst_usecol:percent-discrepancy,,,inc,lst,,3743.5,percent-discrepancy,,,
oname:inc_otype:lst_usecol:percent-discrepancy_totim:3773.5,-0.1,0.0,oname:inc_otype:lst_usecol:percent-discrepancy,,,inc,lst,,3773.5,percent-discrepancy,,,
oname:inc_otype:lst_usecol:percent-discrepancy_totim:3804.5,0.06,0.0,oname:inc_otype:lst_usecol:percent-discrepancy,,,inc,lst,,3804.5,percent-discrepancy,,,
oname:inc_otype:lst_usecol:percent-discrepancy_totim:3834.5,0.03,0.0,oname:inc_otype:lst_usecol:percent-discrepancy,,,inc,lst,,3834.5,percent-discrepancy,,,
oname:inc_otype:lst_usecol:percent-discrepancy_totim:3865.5,-0.11,0.0,oname:inc_otype:lst_usecol:percent-discrepancy,,,inc,lst,,3865.5,percent-discrepancy,,,
oname:inc_otype:lst_usecol:percent-discrepancy_totim:3896.5,-0.23,0.0,oname:inc_otype:lst_usecol:percent-discrepancy,,,inc,lst,,3896.5,percent-discrepancy,,,
oname:inc_otype:lst_usecol:percent-discrepancy_totim:3926.5,-0.22,0.0,oname:inc_otype:lst_usecol:percent-discrepancy,,,inc,lst,,3926.5,percent-discrepancy,,,
oname:inc_otype:lst_usecol:percent-discrepancy_totim:3957.5,-0.22,0.0,oname:inc_otype:lst_usecol:percent-discrepancy,,,inc,lst,,3957.5,percent-discrepancy,,,
oname:inc_otype:lst_usecol:percent-discrepancy_totim:3987.5,-0.09,0.0,oname:inc_otype:lst_usecol:percent-discrepancy,,,inc,lst,,3987.5,percent-discrepancy,,,
oname:inc_otype:lst_usecol:percent-discrepancy_totim:4018.5,-0.09,0.0,oname:inc_otype:lst_usecol:percent-discrepancy,,,inc,lst,,4018.5,percent-discrepancy,,,
oname:inc_otype:lst_usecol:percent-discrepancy_totim:4049.5,0.1,0.0,oname:inc_otype:lst_usecol:percent-discrepancy,,,inc,lst,,4049.5,percent-discrepancy,,,
oname:inc_otype:lst_usecol:percent-discrepancy_totim:4077.5,0.03,0.0,oname:inc_otype:lst_usecol:percent-discrepancy,,,inc,lst,,4077.5,percent-discrepancy,,,
oname:inc_otype:lst_usecol:percent-discrepancy_totim:4108.5,0.08,0.0,oname:inc_otype:lst_usecol:percent-discrepancy,,,inc,lst,,4108.5,percent-discrepancy,,,
oname:inc_otype:lst_usecol:percent-discrepancy_totim:4138.5,0.1,0.0,oname:inc_otype:lst_usecol:percent-discrepancy,,,inc,lst,,4138.5,percent-discrepancy,,,
oname:inc_otype:lst_usecol:percent-discrepancy_totim:4169.5,0.13,0.0,oname:inc_otype:lst_usecol:percent-discrepancy,,,inc,lst,,4169.5,percent-discrepancy,,,
oname:inc_otype:lst_usecol:percent-discrepancy_totim:4199.5,0.02,0.0,oname:inc_otype:lst_usecol:percent-discrepancy,,,inc,lst,,4199.5,percent-discrepancy,,,
oname:inc_otype:lst_usecol:percent-discrepancy_totim:4230.5,-0.14,0.0,oname:inc_otype:lst_usecol:percent-discrepancy,,,inc,lst,,4230.5,percent-discrepancy,,,
oname:inc_otype:lst_usecol:percent-discrepancy_totim:4261.5,-0.17,0.0,oname:inc_otype:lst_usecol:percent-discrepancy,,,inc,lst,,4261.5,percent-discrepancy,,,
oname:inc_otype:lst_usecol:percent-discrepancy_totim:4291.5,-0.2,0.0,oname:inc_otype:lst_usecol:percent-discrepancy,,,inc,lst,,4291.5,percent-discrepancy,,,
oname:inc_otype:lst_usecol:percent-discrepancy_totim:4322.5,-0.15,0.0,oname:inc_otype:lst_usecol:percent-discrepancy,,,inc,lst,,4322.5,percent-discrepancy,,,
oname:inc_otype:lst_usecol:percent-discrepancy_totim:4352.5,-0.12,0.0,oname:inc_otype:lst_usecol:percent-discrepancy,,,inc,lst,,4352.5,percent-discrepancy,,,
oname:inc_otype:lst_usecol:percent-discrepancy_totim:4383.5,0.05,0.0,oname:inc_otype:lst_usecol:percent-discrepancy,,,inc,lst,,4383.5,percent-discrepancy,,,
oname:inc_otype:lst_usecol:rcha_totim:3652.5,1945.1931,0.0,oname:inc_otype:lst_usecol:rcha,,,inc,lst,,3652.5,rcha,,,
oname:inc_otype:lst_usecol:rcha_totim:3683.5,3151.4111,0.0,oname:inc_otype:lst_usecol:rcha,,,inc,lst,,3683.5,rcha,,,
oname:inc_otype:lst_usecol:rcha_totim:3712.5,3786.5752,0.0,oname:inc_otype:lst_usecol:rcha,,,inc,lst,,3712.5,rcha,,,
oname:inc_otype:lst_usecol:rcha_totim:3743.5,5611.1963,0.0,oname:inc_otype:lst_usecol:rcha,,,inc,lst,,3743.5,rcha,,,
oname:inc_otype:lst_usecol:rcha_totim:3773.5,3535.688,0.0,oname:inc_otype:lst_usecol:rcha,,,inc,lst,,3773.5,rcha,,,
oname:inc_otype:lst_usecol:rcha_totim:3804.5,4713.6963,0.0,oname:inc_otype:lst_usecol:rcha,,,inc,lst,,3804.5,rcha,,,
oname:inc_otype:lst_usecol:rcha_totim:3834.5,3023.0303,0.0,oname:inc_otype:lst_usecol:rcha,,,inc,lst,,3834.5,rcha,,,
oname:inc_otype:lst_usecol:rcha_totim:3865.5,2191.448,0.0,oname:inc_otype:lst_usecol:rcha,,,inc,lst,,3865.5,rcha,,,
oname:inc_otype:lst_usecol:rcha_totim:3896.5,699.8115,0.0,oname:inc_otype:lst_usecol:rcha,,,inc,lst,,3896.5,rcha,,,
oname:inc_otype:lst_usecol:rcha_totim:3926.5,297.4494,0.0,oname:inc_otype:lst_usecol:rcha,,,inc,lst,,3926.5,rcha,,,
oname:inc_otype:lst_usecol:rcha_totim:3957.5,137.3753,0.0,oname:inc_otype:lst_usecol:rcha,,,inc,lst,,3957.5,rcha,,,
oname:inc_otype:lst_usecol:rcha_totim:3987.5,997.0844,0.0,oname:inc_otype:lst_usecol:rcha,,,inc,lst,,3987.5,rcha,,,
oname:inc_otype:lst_usecol:rcha_totim:4018.5,1581.7996,0.0,oname:inc_otype:lst_usecol:rcha,,,inc,lst,,4018.5,rcha,,,
oname:inc_otype:lst_usecol:rcha_totim:4049.5,2952.925,0.0,oname:inc_otype:lst_usecol:rcha,,,inc,lst,,4049.5,rcha,,,
oname:inc_otype:lst_usecol:rcha_totim:4077.5,3075.4119,0.0,oname:inc_otype:lst_usecol:rcha,,,inc,lst,,4077.5,rcha,,,
oname:inc_otype:lst_usecol:rcha_totim:4108.5,3581.0964,0.0,oname:inc_otype:lst_usecol:rcha,,,inc,lst,,4108.5,rcha,,,
oname:inc_otype:lst_usecol:rcha_totim:4138.5,4730.634,0.0,oname:inc_otype:lst_usecol:rcha,,,inc,lst,,4138.5,rcha,,,
oname:inc_otype:lst_usecol:rcha_totim:4169.5,3821.7434,0.0,oname:inc_otype:lst_usecol:rcha,,,inc,lst,,4169.5,rcha,,,
oname:inc_otype:lst_usecol:rcha_totim:4199.5,2929.3735,0.0,oname:inc_otype:lst_usecol:rcha,,,inc,lst,,4199.5,rcha,,,
oname:inc_otype:lst_usecol:rcha_totim:4230.5,1554.1349,0.0,oname:inc_otype:lst_usecol:rcha,,,inc,lst,,4230.5,rcha,,,
oname:inc_otype:lst_usecol:rcha_totim:4261.5,825.9575,0.0,oname:inc_otype:lst_usecol:rcha,,,inc,lst,,4261.5,rcha,,,
oname:inc_otype:lst_usecol:rcha_totim:4291.5,233.3203,0.0,oname:inc_otype:lst_usecol:rcha,,,inc,lst,,4291.5,rcha,,,
oname:inc_otype:lst_usecol:rcha_totim:4322.5,223.5668,0.0,oname:inc_otype:lst_usecol:rcha,,,inc,lst,,4322.5,rcha,,,
oname:inc_otype:lst_usecol:rcha_totim:4352.5,717.1361,0.0,oname:inc_otype:lst_usecol:rcha,,,inc,lst,,4352.5,rcha,,,
oname:inc_otype:lst_usecol:rcha_totim:4383.5,2097.8599,0.0,oname:inc_otype:lst_usecol:rcha,,,inc,lst,,4383.5,rcha,,,
oname:inc_otype:lst_usecol:sfr_totim:3652.5,-377.229,0.0,oname:inc_otype:lst_usecol:sfr,,,inc,lst,,3652.5,sfr,,,
oname:inc_otype:lst_usecol:sfr_totim:3683.5,-391.1944,0.0,oname:inc_otype:lst_usecol:sfr,,,inc,lst,,3683.5,sfr,,,
oname:inc_otype:lst_usecol:sfr_totim:3712.5,-538.30725,0.0,oname:inc_otype:lst_usecol:sfr,,,inc,lst,,3712.5,sfr,,,
oname:inc_otype:lst_usecol:sfr_totim:3743.5,-1060.6141,0.0,oname:inc_otype:lst_usecol:sfr,,,inc,lst,,3743.5,sfr,,,
oname:inc_otype:lst_usecol:sfr_totim:3773.5,-953.9917,0.0,oname:inc_otype:lst_usecol:sfr,,,inc,lst,,3773.5,sfr,,,
oname:inc_otype:lst_usecol:sfr_totim:3804.5,-1190.5726,0.0,oname:inc_otype:lst_usecol:sfr,,,inc,lst,,3804.5,sfr,,,
oname:inc_otype:lst_usecol:sfr_totim:3834.5,-966.0333,0.0,oname:inc_otype:lst_usecol:sfr,,,inc,lst,,3834.5,sfr,,,
oname:inc_otype:lst_usecol:sfr_totim:3865.5,-675.103,0.0,oname:inc_otype:lst_usecol:sfr,,,inc,lst,,3865.5,sfr,,,
oname:inc_otype:lst_usecol:sfr_totim:3896.5,-141.02489,0.0,oname:inc_otype:lst_usecol:sfr,,,inc,lst,,3896.5,sfr,,,
oname:inc_otype:lst_usecol:sfr_totim:3926.5,297.05978,0.0,oname:inc_otype:lst_usecol:sfr,,,inc,lst,,3926.5,sfr,,,
oname:inc_otype:lst_usecol:sfr_totim:3957.5,657.4845,0.0,oname:inc_otype:lst_usecol:sfr,,,inc,lst,,3957.5,sfr,,,
oname:inc_otype:lst_usecol:sfr_totim:3987.5,811.51514,0.0,oname:inc_otype:lst_usecol:sfr,,,inc,lst,,3987.5,sfr,,,
oname:inc_otype:lst_usecol:sfr_totim:4018.5,1007.98987,0.0,oname:inc_otype:lst_usecol:sfr,,,inc,lst,,4018.5,sfr,,,
oname:inc_otype:lst_usecol:sfr_totim:4049.5,825.2434,0.0,oname:inc_otype:lst_usecol:sfr,,,inc,lst,,4049.5,sfr,,,
oname:inc_otype:lst_usecol:sfr_totim:4077.5,716.5824,0.0,oname:inc_otype:lst_usecol:sfr,,,inc,lst,,4077.5,sfr,,,
oname:inc_otype:lst_usecol:sfr_totim:4108.5,529.1309,0.0,oname:inc_otype:lst_usecol:sfr,,,inc,lst,,4108.5,sfr,,,
oname:inc_otype:lst_usecol:sfr_totim:4138.5,139.0021,0.0,oname:inc_otype:lst_usecol:sfr,,,inc,lst,,4138.5,sfr,,,
oname:inc_otype:lst_usecol:sfr_totim:4169.5,53.247284,0.0,oname:inc_otype:lst_usecol:sfr,,,inc,lst,,4169.5,sfr,,,
oname:inc_otype:lst_usecol:sfr_totim:4199.5,187.39001,0.0,oname:inc_otype:lst_usecol:sfr,,,inc,lst,,4199.5,sfr,,,
oname:inc_otype:lst_usecol:sfr_totim:4230.5,540.7202,0.0,oname:inc_otype:lst_usecol:sfr,,,inc,lst,,4230.5,sfr,,,
oname:inc_otype:lst_usecol:sfr_totim:4261.5,934.40265,0.0,oname:inc_otype:lst_usecol:sfr,,,inc,lst,,4261.5,sfr,,,
oname:inc_otype:lst_usecol:sfr_totim:4291.5,1322.1033,0.0,oname:inc_otype:lst_usecol:sfr,,,inc,lst,,4291.5,sfr,,,
oname:inc_otype:lst_usecol:sfr_totim:4322.5,1386.4048,0.0,oname:inc_otype:lst_usecol:sfr,,,inc,lst,,4322.5,sfr,,,
oname:inc_otype:lst_usecol:sfr_totim:4352.5,1398.0565,0.0,oname:inc_otype:lst_usecol:sfr,,,inc,lst,,4352.5,sfr,,,
oname:inc_otype:lst_usecol:sfr_totim:4383.5,1256.1477,0.0,oname:inc_otype:lst_usecol:sfr,,,inc,lst,,4383.5,sfr,,,
oname:inc_otype:lst_usecol:sto-ss_totim:3652.5,0.7372001,0.0,oname:inc_otype:lst_usecol:sto-ss,,,inc,lst,,3652.5,sto-ss,,,
oname:inc_otype:lst_usecol:sto-ss_totim:3683.5,-0.5267,0.0,oname:inc_otype:lst_usecol:sto-ss,,,inc,lst,,3683.5,sto-ss,,,
oname:inc_otype:lst_usecol:sto-ss_totim:3712.5,-1.6428,0.0,oname:inc_otype:lst_usecol:sto-ss,,,inc,lst,,3712.5,sto-ss,,,
oname:inc_otype:lst_usecol:sto-ss_totim:3743.5,-4.5805,0.0,oname:inc_otype:lst_usecol:sto-ss,,,inc,lst,,3743.5,sto-ss,,,
oname:inc_otype:lst_usecol:sto-ss_totim:3773.5,0.07949999,0.0,oname:inc_otype:lst_usecol:sto-ss,,,inc,lst,,3773.5,sto-ss,,,
oname:inc_otype:lst_usecol:sto-ss_totim:3804.5,-2.1632,0.0,oname:inc_otype:lst_usecol:sto-ss,,,inc,lst,,3804.5,sto-ss,,,
oname:inc_otype:lst_usecol:sto-ss_totim:3834.5,1.2606,0.0,oname:inc_otype:lst_usecol:sto-ss,,,inc,lst,,3834.5,sto-ss,,,
oname:inc_otype:lst_usecol:sto-ss_totim:3865.5,2.3868,0.0,oname:inc_otype:lst_usecol:sto-ss,,,inc,lst,,3865.5,sto-ss,,,
oname:inc_otype:lst_usecol:sto-ss_totim:3896.5,4.4464,0.0,oname:inc_otype:lst_usecol:sto-ss,,,inc,lst,,3896.5,sto-ss,,,
oname:inc_otype:lst_usecol:sto-ss_totim:3926.5,4.1745,0.0,oname:inc_otype:lst_usecol:sto-ss,,,inc,lst,,3926.5,sto-ss,,,
oname:inc_otype:lst_usecol:sto-ss_totim:3957.5,3.5828,0.0,oname:inc_otype:lst_usecol:sto-ss,,,inc,lst,,3957.5,sto-ss,,,
oname:inc_otype:lst_usecol:sto-ss_totim:3987.5,2.5261,0.0,oname:inc_otype:lst_usecol:sto-ss,,,inc,lst,,3987.5,sto-ss,,,
oname:inc_otype:lst_usecol:sto-ss_totim:4018.5,1.611731,0.0,oname:inc_otype:lst_usecol:sto-ss,,,inc,lst,,4018.5,sto-ss,,,
oname:inc_otype:lst_usecol:sto-ss_totim:4049.5,-1.1452,0.0,oname:inc_otype:lst_usecol:sto-ss,,,inc,lst,,4049.5,sto-ss,,,
oname:inc_otype:lst_usecol:sto-ss_totim:4077.5,-1.1326,0.0,oname:inc_otype:lst_usecol:sto-ss,,,inc,lst,,4077.5,sto-ss,,,
oname:inc_otype:lst_usecol:sto-ss_totim:4108.5,-1.8198,0.0,oname:inc_otype:lst_usecol:sto-ss,,,inc,lst,,4108.5,sto-ss,,,
oname:inc_otype:lst_usecol:sto-ss_totim:4138.5,-3.4897,0.0,oname:inc_otype:lst_usecol:sto-ss,,,inc,lst,,4138.5,sto-ss,,,
oname:inc_otype:lst_usecol:sto-ss_totim:4169.5,-1.1032,0.0,oname:inc_otype:lst_usecol:sto-ss,,,inc,lst,,4169.5,sto-ss,,,
oname:inc_otype:lst_usecol:sto-ss_totim:4199.5,0.59077,0.0,oname:inc_otype:lst_usecol:sto-ss,,,inc,lst,,4199.5,sto-ss,,,
oname:inc_otype:lst_usecol:sto-ss_totim:4230.5,2.835,0.0,oname:inc_otype:lst_usecol:sto-ss,,,inc,lst,,4230.5,sto-ss,,,
oname:inc_otype:lst_usecol:sto-ss_totim:4261.5,3.4374,0.0,oname:inc_otype:lst_usecol:sto-ss,,,inc,lst,,4261.5,sto-ss,,,
oname:inc_otype:lst_usecol:sto-ss_totim:4291.5,3.7639,0.0,oname:inc_otype:lst_usecol:sto-ss,,,inc,lst,,4291.5,sto-ss,,,
oname:inc_otype:lst_usecol:sto-ss_totim:4322.5,3.5525,0.0,oname:inc_otype:lst_usecol:sto-ss,,,inc,lst,,4322.5,sto-ss,,,
oname:inc_otype:lst_usecol:sto-ss_totim:4352.5,2.2926,0.0,oname:inc_otype:lst_usecol:sto-ss,,,inc,lst,,4352.5,sto-ss,,,
oname:inc_otype:lst_usecol:sto-ss_totim:4383.5,-0.58983,0.0,oname:inc_otype:lst_usecol:sto-ss,,,inc,lst,,4383.5,sto-ss,,,
oname:inc_otype:lst_usecol:sto-sy_totim:3652.5,26.638702,0.0,oname:inc_otype:lst_usecol:sto-sy,,,inc,lst,,3652.5,sto-sy,,,
oname:inc_otype:lst_usecol:sto-sy_totim:3683.5,-258.79648,0.0,oname:inc_otype:lst_usecol:sto-sy,,,inc,lst,,3683.5,sto-sy,,,
oname:inc_otype:lst_usecol:sto-sy_totim:3712.5,-732.683,0.0,oname:inc_otype:lst_usecol:sto-sy,,,inc,lst,,3712.5,sto-sy,,,
oname:inc_otype:lst_usecol:sto-sy_totim:3743.5,-1988.5344,0.0,oname:inc_otype:lst_usecol:sto-sy,,,inc,lst,,3743.5,sto-sy,,,
oname:inc_otype:lst_usecol:sto-sy_totim:3773.5,-39.874207,0.0,oname:inc_otype:lst_usecol:sto-sy,,,inc,lst,,3773.5,sto-sy,,,
oname:inc_otype:lst_usecol:sto-sy_totim:3804.5,-956.7541,0.0,oname:inc_otype:lst_usecol:sto-sy,,,inc,lst,,3804.5,sto-sy,,,
oname:inc_otype:lst_usecol:sto-sy_totim:3834.5,489.1687,0.0,oname:inc_otype:lst_usecol:sto-sy,,,inc,lst,,3834.5,sto-sy,,,
oname:inc_otype:lst_usecol:sto-sy_totim:3865.5,998.803,0.0,oname:inc_otype:lst_usecol:sto-sy,,,inc,lst,,3865.5,sto-sy,,,
oname:inc_otype:lst_usecol:sto-sy_totim:3896.5,1909.039,0.0,oname:inc_otype:lst_usecol:sto-sy,,,inc,lst,,3896.5,sto-sy,,,
oname:inc_otype:lst_usecol:sto-sy_totim:3926.5,1838.303,0.0,oname:inc_otype:lst_usecol:sto-sy,,,inc,lst,,3926.5,sto-sy,,,
oname:inc_otype:lst_usecol:sto-sy_totim:3957.5,1608.9122,0.0,oname:inc_otype:lst_usecol:sto-sy,,,inc,lst,,3957.5,sto-sy,,,
oname:inc_otype:lst_usecol:sto-sy_totim:3987.5,1132.8885,0.0,oname:inc_otype:lst_usecol:sto-sy,,,inc,lst,,3987.5,sto-sy,,,
oname:inc_otype:lst_usecol:sto-sy_totim:4018.5,680.09875,0.0,oname:inc_otype:lst_usecol:sto-sy,,,inc,lst,,4018.5,sto-sy,,,
oname:inc_otype:lst_usecol:sto-sy_totim:4049.5,-493.2581,0.0,oname:inc_otype:lst_usecol:sto-sy,,,inc,lst,,4049.5,sto-sy,,,
oname:inc_otype:lst_usecol:sto-sy_totim:4077.5,-502.4646,0.0,oname:inc_otype:lst_usecol:sto-sy,,,inc,lst,,4077.5,sto-sy,,,
oname:inc_otype:lst_usecol:sto-sy_totim:4108.5,-801.7432,0.0,oname:inc_otype:lst_usecol:sto-sy,,,inc,lst,,4108.5,sto-sy,,,
oname:inc_otype:lst_usecol:sto-sy_totim:4138.5,-1527.5343,0.0,oname:inc_otype:lst_usecol:sto-sy,,,inc,lst,,4138.5,sto-sy,,,
oname:inc_otype:lst_usecol:sto-sy_totim:4169.5,-529.0948,0.0,oname:inc_otype:lst_usecol:sto-sy,,,inc,lst,,4169.5,sto-sy,,,
oname:inc_otype:lst_usecol:sto-sy_totim:4199.5,214.4887,0.0,oname:inc_otype:lst_usecol:sto-sy,,,inc,lst,,4199.5,sto-sy,,,
oname:inc_otype:lst_usecol:sto-sy_totim:4230.5,1198.7418,0.0,oname:inc_otype:lst_usecol:sto-sy,,,inc,lst,,4230.5,sto-sy,,,
oname:inc_otype:lst_usecol:sto-sy_totim:4261.5,1498.0624,0.0,oname:inc_otype:lst_usecol:sto-sy,,,inc,lst,,4261.5,sto-sy,,,
oname:inc_otype:lst_usecol:sto-sy_totim:4291.5,1667.6908,0.0,oname:inc_otype:lst_usecol:sto-sy,,,inc,lst,,4291.5,sto-sy,,,
oname:inc_otype:lst_usecol:sto-sy_totim:4322.5,1541.9436,0.0,oname:inc_otype:lst_usecol:sto-sy,,,inc,lst,,4322.5,sto-sy,,,
oname:inc_otype:lst_usecol:sto-sy_totim:4352.5,991.8249,0.0,oname:inc_otype:lst_usecol:sto-sy,,,inc,lst,,4352.5,sto-sy,,,
oname:inc_otype:lst_usecol:sto-sy_totim:4383.5,-241.74011,0.0,oname:inc_otype:lst_usecol:sto-sy,,,inc,lst,,4383.5,sto-sy,,,
oname:inc_otype:lst_usecol:total_totim:3652.5,-2.5891113,0.0,oname:inc_otype:lst_usecol:total,,,inc,lst,,3652.5,total,,,
oname:inc_otype:lst_usecol:total_totim:3683.5,-0.32177734,0.0,oname:inc_otype:lst_usecol:total,,,inc,lst,,3683.5,total,,,
oname:inc_otype:lst_usecol:total_totim:3712.5,1.9018555,0.0,oname:inc_otype:lst_usecol:total,,,inc,lst,,3712.5,total,,,
oname:inc_otype:lst_usecol:total_totim:3743.5,6.1875,0.0,oname:inc_otype:lst_usecol:total,,,inc,lst,,3743.5,total,,,
oname:inc_otype:lst_usecol:total_totim:3773.5,-3.6223145,0.0,oname:inc_otype:lst_usecol:total,,,inc,lst,,3773.5,total,,,
oname:inc_otype:lst_usecol:total_totim:3804.5,2.9716797,0.0,oname:inc_otype:lst_usecol:total,,,inc,lst,,3804.5,total,,,
oname:inc_otype:lst_usecol:total_totim:3834.5,0.9621582,0.0,oname:inc_otype:lst_usecol:total,,,inc,lst,,3834.5,total,,,
oname:inc_otype:lst_usecol:total_totim:3865.5,-3.5205078,0.0,oname:inc_otype:lst_usecol:total,,,inc,lst,,3865.5,total,,,
oname:inc_otype:lst_usecol:total_totim:3896.5,-6.4780273,0.0,oname:inc_otype:lst_usecol:total,,,inc,lst,,3896.5,total,,,
oname:inc_otype:lst_usecol:total_totim:3926.5,-5.755371,0.0,oname:inc_otype:lst_usecol:total,,,inc,lst,,3926.5,total,,,
oname:inc_otype:lst_usecol:total_totim:3957.5,-5.4504395,0.0,oname:inc_otype:lst_usecol:total,,,inc,lst,,3957.5,total,,,
oname:inc_otype:lst_usecol:total_totim:3987.5,-2.697754,0.0,oname:inc_otype:lst_usecol:total,,,inc,lst,,3987.5,total,,,
oname:inc_otype:lst_usecol:total_totim:4018.5,-2.9709473,0.0,oname:inc_otype:lst_usecol:total,,,inc,lst,,4018.5,total,,,
oname:inc_otype:lst_usecol:total_totim:4049.5,3.8808594,0.0,oname:inc_otype:lst_usecol:total,,,inc,lst,,4049.5,total,,,
oname:inc_otype:lst_usecol:total_totim:4077.5,1.3041992,0.0,oname:inc_otype:lst_usecol:total,,,inc,lst,,4077.5,total,,,
oname:inc_otype:lst_usecol:total_totim:4108.5,3.5566406,0.0,oname:inc_otype:lst_usecol:total,,,inc,lst,,4108.5,total,,,
oname:inc_otype:lst_usecol:total_totim:4138.5,5.369629,0.0,oname:inc_otype:lst_usecol:total,,,inc,lst,,4138.5,total,,,
oname:inc_otype:lst_usecol:total_totim:4169.5,5.4501953,0.0,oname:inc_otype:lst_usecol:total,,,inc,lst,,4169.5,total,,,
oname:inc_otype:lst_usecol:total_totim:4199.5,0.63916016,0.0,oname:inc_otype:lst_usecol:total,,,inc,lst,,4199.5,total,,,
oname:inc_otype:lst_usecol:total_totim:4230.5,-4.8686523,0.0,oname:inc_otype:lst_usecol:total,,,inc,lst,,4230.5,total,,,
oname:inc_otype:lst_usecol:total_totim:4261.5,-5.928711,0.0,oname:inc_otype:lst_usecol:total,,,inc,lst,,4261.5,total,,,
oname:inc_otype:lst_usecol:total_totim:4291.5,-6.4960938,0.0,oname:inc_otype:lst_usecol:total,,,inc,lst,,4291.5,total,,,
oname:inc_otype:lst_usecol:total_totim:4322.5,-4.7717285,0.0,oname:inc_otype:lst_usecol:total,,,inc,lst,,4322.5,total,,,
oname:inc_otype:lst_usecol:total_totim:4352.5,-3.8095703,0.0,oname:inc_otype:lst_usecol:total,,,inc,lst,,4352.5,total,,,
oname:inc_otype:lst_usecol:total_totim:4383.5,1.548584,0.0,oname:inc_otype:lst_usecol:total,,,inc,lst,,4383.5,total,,,
oname:inc_otype:lst_usecol:wel_totim:3652.5,-900.0,0.0,oname:inc_otype:lst_usecol:wel,,,inc,lst,,3652.5,wel,,,
oname:inc_otype:lst_usecol:wel_totim:3683.5,-1800.0,0.0,oname:inc_otype:lst_usecol:wel,,,inc,lst,,3683.5,wel,,,
oname:inc_otype:lst_usecol:wel_totim:3712.5,-1800.0,0.0,oname:inc_otype:lst_usecol:wel,,,inc,lst,,3712.5,wel,,,
oname:inc_otype:lst_usecol:wel_totim:3743.5,-1800.0,0.0,oname:inc_otype:lst_usecol:wel,,,inc,lst,,3743.5,wel,,,
oname:inc_otype:lst_usecol:wel_totim:3773.5,-1800.0,0.0,oname:inc_otype:lst_usecol:wel,,,inc,lst,,3773.5,wel,,,
oname:inc_otype:lst_usecol:wel_totim:3804.5,-1800.0,0.0,oname:inc_otype:lst_usecol:wel,,,inc,lst,,3804.5,wel,,,
oname:inc_otype:lst_usecol:wel_totim:3834.5,-1800.0,0.0,oname:inc_otype:lst_usecol:wel,,,inc,lst,,3834.5,wel,,,
oname:inc_otype:lst_usecol:wel_totim:3865.5,-1800.0,0.0,oname:inc_otype:lst_usecol:wel,,,inc,lst,,3865.5,wel,,,
oname:inc_otype:lst_usecol:wel_totim:3896.5,-1800.0,0.0,oname:inc_otype:lst_usecol:wel,,,inc,lst,,3896.5,wel,,,
oname:inc_otype:lst_usecol:wel_totim:3926.5,-1800.0,0.0,oname:inc_otype:lst_usecol:wel,,,inc,lst,,3926.5,wel,,,
oname:inc_otype:lst_usecol:wel_totim:3957.5,-1800.0,0.0,oname:inc_otype:lst_usecol:wel,,,inc,lst,,3957.5,wel,,,
oname:inc_otype:lst_usecol:wel_totim:3987.5,-2350.0,0.0,oname:inc_otype:lst_usecol:wel,,,inc,lst,,3987.5,wel,,,
oname:inc_otype:lst_usecol:wel_totim:4018.5,-2701.3374,0.0,oname:inc_otype:lst_usecol:wel,,,inc,lst,,4018.5,wel,,,
oname:inc_otype:lst_usecol:wel_totim:4049.5,-2701.3374,0.0,oname:inc_otype:lst_usecol:wel,,,inc,lst,,4049.5,wel,,,
oname:inc_otype:lst_usecol:wel_totim:4077.5,-2701.3374,0.0,oname:inc_otype:lst_usecol:wel,,,inc,lst,,4077.5,wel,,,
oname:inc_otype:lst_usecol:wel_totim:4108.5,-2701.3374,0.0,oname:inc_otype:lst_usecol:wel,,,inc,lst,,4108.5,wel,,,
oname:inc_otype:lst_usecol:wel_totim:4138.5,-2701.3374,0.0,oname:inc_otype:lst_usecol:wel,,,inc,lst,,4138.5,wel,,,
oname:inc_otype:lst_usecol:wel_totim:4169.5,-2701.3374,0.0,oname:inc_otype:lst_usecol:wel,,,inc,lst,,4169.5,wel,,,
oname:inc_otype:lst_usecol:wel_totim:4199.5,-2701.3374,0.0,oname:inc_otype:lst_usecol:wel,,,inc,lst,,4199.5,wel,,,
oname:inc_otype:lst_usecol:wel_totim:4230.5,-2701.3374,0.0,oname:inc_otype:lst_usecol:wel,,,inc,lst,,4230.5,wel,,,
oname:inc_otype:lst_usecol:wel_totim:4261.5,-2701.3374,0.0,oname:inc_otype:lst_usecol:wel,,,inc,lst,,4261.5,wel,,,
oname:inc_otype:lst_usecol:wel_totim:4291.5,-2701.3374,0.0,oname:inc_otype:lst_usecol:wel,,,inc,lst,,4291.5,wel,,,
oname:inc_otype:lst_usecol:wel_totim:4322.5,-2701.3374,0.0,oname:inc_otype:lst_usecol:wel,,,inc,lst,,4322.5,wel,,,
oname:inc_otype:lst_usecol:wel_totim:4352.5,-2701.3374,0.0,oname:inc_otype:lst_usecol:wel,,,inc,lst,,4352.5,wel,,,
oname:inc_otype:lst_usecol:wel_totim:4383.5,-2701.3374,0.0,oname:inc_otype:lst_usecol:wel,,,inc,lst,,4383.5,wel,,,
oname:cum_otype:lst_usecol:ghb_totim:3652.5,-2549185.8,0.0,cum,,,cum,lst,,3652.5,ghb,,,
oname:cum_otype:lst_usecol:ghb_totim:3683.5,-2570923.2,0.0,cum,,,cum,lst,,3683.5,ghb,,,
oname:cum_otype:lst_usecol:ghb_totim:3712.5,-2591572.5,0.0,cum,,,cum,lst,,3712.5,ghb,,,
oname:cum_otype:lst_usecol:ghb_totim:3743.5,-2614862.2,0.0,cum,,,cum,lst,,3743.5,ghb,,,
oname:cum_otype:lst_usecol:ghb_totim:3773.5,-2637228.0,0.0,cum,,,cum,lst,,3773.5,ghb,,,
oname:cum_otype:lst_usecol:ghb_totim:3804.5,-2660826.2,0.0,cum,,,cum,lst,,3804.5,ghb,,,
oname:cum_otype:lst_usecol:ghb_totim:3834.5,-2683220.0,0.0,cum,,,cum,lst,,3834.5,ghb,,,
oname:cum_otype:lst_usecol:ghb_totim:3865.5,-2705572.8,0.0,cum,,,cum,lst,,3865.5,ghb,,,
oname:cum_otype:lst_usecol:ghb_totim:3896.5,-2726614.0,0.0,cum,,,cum,lst,,3896.5,ghb,,,
oname:cum_otype:lst_usecol:ghb_totim:3926.5,-2745896.2,0.0,cum,,,cum,lst,,3926.5,ghb,,,
oname:cum_otype:lst_usecol:ghb_totim:3957.5,-2764893.2,0.0,cum,,,cum,lst,,3957.5,ghb,,,
oname:cum_otype:lst_usecol:ghb_totim:3987.5,-2782794.8,0.0,cum,,,cum,lst,,3987.5,ghb,,,
oname:cum_otype:lst_usecol:ghb_totim:4018.5,-2800561.8,0.0,cum,,,cum,lst,,4018.5,ghb,,,
oname:cum_otype:lst_usecol:ghb_totim:4049.5,-2818496.8,0.0,cum,,,cum,lst,,4049.5,ghb,,,
oname:cum_otype:lst_usecol:ghb_totim:4077.5,-2834898.0,0.0,cum,,,cum,lst,,4077.5,ghb,,,
oname:cum_otype:lst_usecol:ghb_totim:4108.5,-2853552.8,0.0,cum,,,cum,lst,,4108.5,ghb,,,
oname:cum_otype:lst_usecol:ghb_totim:4138.5,-2872510.0,0.0,cum,,,cum,lst,,4138.5,ghb,,,
oname:cum_otype:lst_usecol:ghb_totim:4169.5,-2892288.0,0.0,cum,,,cum,lst,,4169.5,ghb,,,
oname:cum_otype:lst_usecol:ghb_totim:4199.5,-2911184.0,0.0,cum,,,cum,lst,,4199.5,ghb,,,
oname:cum_otype:lst_usecol:ghb_totim:4230.5,-2929783.0,0.0,cum,,,cum,lst,,4230.5,ghb,,,
oname:cum_otype:lst_usecol:ghb_totim:4261.5,-2947342.8,0.0,cum,,,cum,lst,,4261.5,ghb,,,
oname:cum_otype:lst_usecol:ghb_totim:4291.5,-2963304.0,0.0,cum,,,cum,lst,,4291.5,ghb,,,
oname:cum_otype:lst_usecol:ghb_totim:4322.5,-2977530.0,0.0,cum,,,cum,lst,,4322.5,ghb,,,
oname:cum_otype:lst_usecol:ghb_totim:4352.5,-2989883.5,0.0,cum,,,cum,lst,,4352.5,ghb,,,
oname:cum_otype:lst_usecol:ghb_totim:4383.5,-3002556.0,0.0,cum,,,cum,lst,,4383.5,ghb,,,
oname:cum_otype:lst_usecol:in-out_totim:3652.5,-9456.68,0.0,oname:cum_otype:lst_usecol:in-out,,,cum,lst,,3652.5,in-out,,,
oname:cum_otype:lst_usecol:in-out_totim:3683.5,-9466.648,0.0,oname:cum_otype:lst_usecol:in-out,,,cum,lst,,3683.5,in-out,,,
oname:cum_otype:lst_usecol:in-out_totim:3712.5,-9411.498,0.0,oname:cum_otype:lst_usecol:in-out,,,cum,lst,,3712.5,in-out,,,
oname:cum_otype:lst_usecol:in-out_totim:3743.5,-9219.681,0.0,oname:cum_otype:lst_usecol:in-out,,,cum,lst,,3743.5,in-out,,,
oname:cum_otype:lst_usecol:in-out_totim:3773.5,-9328.35,0.0,oname:cum_otype:lst_usecol:in-out,,,cum,lst,,3773.5,in-out,,,
oname:cum_otype:lst_usecol:in-out_totim:3804.5,-9236.226,0.0,oname:cum_otype:lst_usecol:in-out,,,cum,lst,,3804.5,in-out,,,
oname:cum_otype:lst_usecol:in-out_totim:3834.5,-9207.356,0.0,oname:cum_otype:lst_usecol:in-out,,,cum,lst,,3834.5,in-out,,,
oname:cum_otype:lst_usecol:in-out_totim:3865.5,-9316.487,0.0,oname:cum_otype:lst_usecol:in-out,,,cum,lst,,3865.5,in-out,,,
oname:cum_otype:lst_usecol:in-out_totim:3896.5,-9517.306,0.0,oname:cum_otype:lst_usecol:in-out,,,cum,lst,,3896.5,in-out,,,
oname:cum_otype:lst_usecol:in-out_totim:3926.5,-9689.968,0.0,oname:cum_otype:lst_usecol:in-out,,,cum,lst,,3926.5,in-out,,,
oname:cum_otype:lst_usecol:in-out_totim:3957.5,-9858.932,0.0,oname:cum_otype:lst_usecol:in-out,,,cum,lst,,3957.5,in-out,,,
oname:cum_otype:lst_usecol:in-out_totim:3987.5,-9939.868,0.0,oname:cum_otype:lst_usecol:in-out,,,cum,lst,,3987.5,in-out,,,
oname:cum_otype:lst_usecol:in-out_totim:4018.5,-10031.967,0.0,oname:cum_otype:lst_usecol:in-out,,,cum,lst,,4018.5,in-out,,,
oname:cum_otype:lst_usecol:in-out_totim:4049.5,-9911.66,0.0,oname:cum_otype:lst_usecol:in-out,,,cum,lst,,4049.5,in-out,,,
oname:cum_otype:lst_usecol:in-out_totim:4077.5,-9875.14,0.0,oname:cum_otype:lst_usecol:in-out,,,cum,lst,,4077.5,in-out,,,
oname:cum_otype:lst_usecol:in-out_totim:4108.5,-9764.881,0.0,oname:cum_otype:lst_usecol:in-out,,,cum,lst,,4108.5,in-out,,,
oname:cum_otype:lst_usecol:in-out_totim:4138.5,-9603.786,0.0,oname:cum_otype:lst_usecol:in-out,,,cum,lst,,4138.5,in-out,,,
oname:cum_otype:lst_usecol:in-out_totim:4169.5,-9434.832,0.0,oname:cum_otype:lst_usecol:in-out,,,cum,lst,,4169.5,in-out,,,
oname:cum_otype:lst_usecol:in-out_totim:4199.5,-9415.658,0.0,oname:cum_otype:lst_usecol:in-out,,,cum,lst,,4199.5,in-out,,,
oname:cum_otype:lst_usecol:in-out_totim:4230.5,-9566.581,0.0,oname:cum_otype:lst_usecol:in-out,,,cum,lst,,4230.5,in-out,,,
oname:cum_otype:lst_usecol:in-out_totim:4261.5,-9750.364,0.0,oname:cum_otype:lst_usecol:in-out,,,cum,lst,,4261.5,in-out,,,
oname:cum_otype:lst_usecol:in-out_totim:4291.5,-9945.246,0.0,oname:cum_otype:lst_usecol:in-out,,,cum,lst,,4291.5,in-out,,,
oname:cum_otype:lst_usecol:in-out_totim:4322.5,-10093.172,0.0,oname:cum_otype:lst_usecol:in-out,,,cum,lst,,4322.5,in-out,,,
oname:cum_otype:lst_usecol:in-out_totim:4352.5,-10207.46,0.0,oname:cum_otype:lst_usecol:in-out,,,cum,lst,,4352.5,in-out,,,
oname:cum_otype:lst_usecol:in-out_totim:4383.5,-10159.455,0.0,oname:cum_otype:lst_usecol:in-out,,,cum,lst,,4383.5,in-out,,,
oname:cum_otype:lst_usecol:percent-discrepancy_totim:3652.5,-0.11,0.0,oname:cum_otype:lst_usecol:percent-discrepancy,,,cum,lst,,3652.5,percent-discrepancy,,,
oname:cum_otype:lst_usecol:percent-discrepancy_totim:3683.5,-0.11,0.0,oname:cum_otype:lst_usecol:percent-discrepancy,,,cum,lst,,3683.5,percent-discrepancy,,,
oname:cum_otype:lst_usecol:percent-discrepancy_totim:3712.5,-0.11,0.0,oname:cum_otype:lst_usecol:percent-discrepancy,,,cum,lst,,3712.5,percent-discrepancy,,,
oname:cum_otype:lst_usecol:percent-discrepancy_totim:3743.5,-0.1,0.0,oname:cum_otype:lst_usecol:percent-discrepancy,,,cum,lst,,3743.5,percent-discrepancy,,,
oname:cum_otype:lst_usecol:percent-discrepancy_totim:3773.5,-0.1,0.0,oname:cum_otype:lst_usecol:percent-discrepancy,,,cum,lst,,3773.5,percent-discrepancy,,,
oname:cum_otype:lst_usecol:percent-discrepancy_totim:3804.5,-0.1,0.0,oname:cum_otype:lst_usecol:percent-discrepancy,,,cum,lst,,3804.5,percent-discrepancy,,,
oname:cum_otype:lst_usecol:percent-discrepancy_totim:3834.5,-0.1,0.0,oname:cum_otype:lst_usecol:percent-discrepancy,,,cum,lst,,3834.5,percent-discrepancy,,,
oname:cum_otype:lst_usecol:percent-discrepancy_totim:3865.5,-0.1,0.0,oname:cum_otype:lst_usecol:percent-discrepancy,,,cum,lst,,3865.5,percent-discrepancy,,,
oname:cum_otype:lst_usecol:percent-discrepancy_totim:3896.5,-0.1,0.0,oname:cum_otype:lst_usecol:percent-discrepancy,,,cum,lst,,3896.5,percent-discrepancy,,,
oname:cum_otype:lst_usecol:percent-discrepancy_totim:3926.5,-0.1,0.0,oname:cum_otype:lst_usecol:percent-discrepancy,,,cum,lst,,3926.5,percent-discrepancy,,,
oname:cum_otype:lst_usecol:percent-discrepancy_totim:3957.5,-0.1,0.0,oname:cum_otype:lst_usecol:percent-discrepancy,,,cum,lst,,3957.5,percent-discrepancy,,,
oname:cum_otype:lst_usecol:percent-discrepancy_totim:3987.5,-0.1,0.0,oname:cum_otype:lst_usecol:percent-discrepancy,,,cum,lst,,3987.5,percent-discrepancy,,,
oname:cum_otype:lst_usecol:percent-discrepancy_totim:4018.5,-0.1,0.0,oname:cum_otype:lst_usecol:percent-discrepancy,,,cum,lst,,4018.5,percent-discrepancy,,,
oname:cum_otype:lst_usecol:percent-discrepancy_totim:4049.5,-0.1,0.0,oname:cum_otype:lst_usecol:percent-discrepancy,,,cum,lst,,4049.5,percent-discrepancy,,,
oname:cum_otype:lst_usecol:percent-discrepancy_totim:4077.5,-0.1,0.0,oname:cum_otype:lst_usecol:percent-discrepancy,,,cum,lst,,4077.5,percent-discrepancy,,,
oname:cum_otype:lst_usecol:percent-discrepancy_totim:4108.5,-0.1,0.0,oname:cum_otype:lst_usecol:percent-discrepancy,,,cum,lst,,4108.5,percent-discrepancy,,,
oname:cum_otype:lst_usecol:percent-discrepancy_totim:4138.5,-0.09,0.0,oname:cum_otype:lst_usecol:percent-discrepancy,,,cum,lst,,4138.5,percent-discrepancy,,,
oname:cum_otype:lst_usecol:percent-discrepancy_totim:4169.5,-0.09,0.0,oname:cum_otype:lst_usecol:percent-discrepancy,,,cum,lst,,4169.5,percent-discrepancy,,,
oname:cum_otype:lst_usecol:percent-discrepancy_totim:4199.5,-0.09,0.0,oname:cum_otype:lst_usecol:percent-discrepancy,,,cum,lst,,4199.5,percent-discrepancy,,,
oname:cum_otype:lst_usecol:percent-discrepancy_totim:4230.5,-0.09,0.0,oname:cum_otype:lst_usecol:percent-discrepancy,,,cum,lst,,4230.5,percent-discrepancy,,,
oname:cum_otype:lst_usecol:percent-discrepancy_totim:4261.5,-0.09,0.0,oname:cum_otype:lst_usecol:percent-discrepancy,,,cum,lst,,4261.5,percent-discrepancy,,,
oname:cum_otype:lst_usecol:percent-discrepancy_totim:4291.5,-0.09,0.0,oname:cum_otype:lst_usecol:percent-discrepancy,,,cum,lst,,4291.5,percent-discrepancy,,,
oname:cum_otype:lst_usecol:percent-discrepancy_totim:4322.5,-0.09,0.0,oname:cum_otype:lst_usecol:percent-discrepancy,,,cum,lst,,4322.5,percent-discrepancy,,,
oname:cum_otype:lst_usecol:percent-discrepancy_totim:4352.5,-0.09,0.0,oname:cum_otype:lst_usecol:percent-discrepancy,,,cum,lst,,4352.5,percent-discrepancy,,,
oname:cum_otype:lst_usecol:percent-discrepancy_totim:4383.5,-0.09,0.0,oname:cum_otype:lst_usecol:percent-discrepancy,,,cum,lst,,4383.5,percent-discrepancy,,,
oname:cum_otype:lst_usecol:rcha_totim:3652.5,7104817.5,0.0,oname:cum_otype:lst_usecol:rcha,,,cum,lst,,3652.5,rcha,,,
oname:cum_otype:lst_usecol:rcha_totim:3683.5,7202511.5,0.0,oname:cum_otype:lst_usecol:rcha,,,cum,lst,,3683.5,rcha,,,
oname:cum_otype:lst_usecol:rcha_totim:3712.5,7312322.0,0.0,oname:cum_otype:lst_usecol:rcha,,,cum,lst,,3712.5,rcha,,,
oname:cum_otype:lst_usecol:rcha_totim:3743.5,7486269.0,0.0,oname:cum_otype:lst_usecol:rcha,,,cum,lst,,3743.5,rcha,,,
oname:cum_otype:lst_usecol:rcha_totim:3773.5,7592340.0,0.0,oname:cum_otype:lst_usecol:rcha,,,cum,lst,,3773.5,rcha,,,
oname:cum_otype:lst_usecol:rcha_totim:3804.5,7738464.5,0.0,oname:cum_otype:lst_usecol:rcha,,,cum,lst,,3804.5,rcha,,,
oname:cum_otype:lst_usecol:rcha_totim:3834.5,7829155.5,0.0,oname:cum_otype:lst_usecol:rcha,,,cum,lst,,3834.5,rcha,,,
oname:cum_otype:lst_usecol:rcha_totim:3865.5,7897090.0,0.0,oname:cum_otype:lst_usecol:rcha,,,cum,lst,,3865.5,rcha,,,
oname:cum_otype:lst_usecol:rcha_totim:3896.5,7918784.5,0.0,oname:cum_otype:lst_usecol:rcha,,,cum,lst,,3896.5,rcha,,,
oname:cum_otype:lst_usecol:rcha_totim:3926.5,7927708.0,0.0,oname:cum_otype:lst_usecol:rcha,,,cum,lst,,3926.5,rcha,,,
oname:cum_otype:lst_usecol:rcha_totim:3957.5,7931966.5,0.0,oname:cum_otype:lst_usecol:rcha,,,cum,lst,,3957.5,rcha,,,
oname:cum_otype:lst_usecol:rcha_totim:3987.5,7961879.0,0.0,oname:cum_otype:lst_usecol:rcha,,,cum,lst,,3987.5,rcha,,,
oname:cum_otype:lst_usecol:rcha_totim:4018.5,8010915.0,0.0,oname:cum_otype:lst_usecol:rcha,,,cum,lst,,4018.5,rcha,,,
oname:cum_otype:lst_usecol:rcha_totim:4049.5,8102455.5,0.0,oname:cum_otype:lst_usecol:rcha,,,cum,lst,,4049.5,rcha,,,
oname:cum_otype:lst_usecol:rcha_totim:4077.5,8188567.0,0.0,oname:cum_otype:lst_usecol:rcha,,,cum,lst,,4077.5,rcha,,,
oname:cum_otype:lst_usecol:rcha_totim:4108.5,8299581.0,0.0,oname:cum_otype:lst_usecol:rcha,,,cum,lst,,4108.5,rcha,,,
oname:cum_otype:lst_usecol:rcha_totim:4138.5,8441500.0,0.0,oname:cum_otype:lst_usecol:rcha,,,cum,lst,,4138.5,rcha,,,
oname:cum_otype:lst_usecol:rcha_totim:4169.5,8559974.0,0.0,oname:cum_otype:lst_usecol:rcha,,,cum,lst,,4169.5,rcha,,,
oname:cum_otype:lst_usecol:rcha_totim:4199.5,8647855.0,0.0,oname:cum_otype:lst_usecol:rcha,,,cum,lst,,4199.5,rcha,,,
oname:cum_otype:lst_usecol:rcha_totim:4230.5,8696033.0,0.0,oname:cum_otype:lst_usecol:rcha,,,cum,lst,,4230.5,rcha,,,
oname:cum_otype:lst_usecol:rcha_totim:4261.5,8721638.0,0.0,oname:cum_otype:lst_usecol:rcha,,,cum,lst,,4261.5,rcha,,,
oname:cum_otype:lst_usecol:rcha_totim:4291.5,8728638.0,0.0,oname:cum_otype:lst_usecol:rcha,,,cum,lst,,4291.5,rcha,,,
oname:cum_otype:lst_usecol:rcha_totim:4322.5,8735568.0,0.0,oname:cum_otype:lst_usecol:rcha,,,cum,lst,,4322.5,rcha,,,
oname:cum_otype:lst_usecol:rcha_totim:4352.5,8757082.0,0.0,oname:cum_otype:lst_usecol:rcha,,,cum,lst,,4352.5,rcha,,,
oname:cum_otype:lst_usecol:rcha_totim:4383.5,8822116.0,0.0,oname:cum_otype:lst_usecol:rcha,,,cum,lst,,4383.5,rcha,,,
oname:cum_otype:lst_usecol:sfr_totim:3652.5,-1377828.9,0.0,oname:cum_otype:lst_usecol:sfr,,,cum,lst,,3652.5,sfr,,,
oname:cum_otype:lst_usecol:sfr_totim:3683.5,-1389955.9,0.0,oname:cum_otype:lst_usecol:sfr,,,cum,lst,,3683.5,sfr,,,
oname:cum_otype:lst_usecol:sfr_totim:3712.5,-1405566.8,0.0,oname:cum_otype:lst_usecol:sfr,,,cum,lst,,3712.5,sfr,,,
oname:cum_otype:lst_usecol:sfr_totim:3743.5,-1438445.8,0.0,oname:cum_otype:lst_usecol:sfr,,,cum,lst,,3743.5,sfr,,,
oname:cum_otype:lst_usecol:sfr_totim:3773.5,-1467065.6,0.0,oname:cum_otype:lst_usecol:sfr,,,cum,lst,,3773.5,sfr,,,
oname:cum_otype:lst_usecol:sfr_totim:3804.5,-1503973.4,0.0,oname:cum_otype:lst_usecol:sfr,,,cum,lst,,3804.5,sfr,,,
oname:cum_otype:lst_usecol:sfr_totim:3834.5,-1532954.2,0.0,oname:cum_otype:lst_usecol:sfr,,,cum,lst,,3834.5,sfr,,,
oname:cum_otype:lst_usecol:sfr_totim:3865.5,-1553882.5,0.0,oname:cum_otype:lst_usecol:sfr,,,cum,lst,,3865.5,sfr,,,
oname:cum_otype:lst_usecol:sfr_totim:3896.5,-1558254.4,0.0,oname:cum_otype:lst_usecol:sfr,,,cum,lst,,3896.5,sfr,,,
oname:cum_otype:lst_usecol:sfr_totim:3926.5,-1549342.5,0.0,oname:cum_otype:lst_usecol:sfr,,,cum,lst,,3926.5,sfr,,,
oname:cum_otype:lst_usecol:sfr_totim:3957.5,-1528960.5,0.0,oname:cum_otype:lst_usecol:sfr,,,cum,lst,,3957.5,sfr,,,
oname:cum_otype:lst_usecol:sfr_totim:3987.5,-1504615.0,0.0,oname:cum_otype:lst_usecol:sfr,,,cum,lst,,3987.5,sfr,,,
oname:cum_otype:lst_usecol:sfr_totim:4018.5,-1473367.4,0.0,oname:cum_otype:lst_usecol:sfr,,,cum,lst,,4018.5,sfr,,,
oname:cum_otype:lst_usecol:sfr_totim:4049.5,-1447784.8,0.0,oname:cum_otype:lst_usecol:sfr,,,cum,lst,,4049.5,sfr,,,
oname:cum_otype:lst_usecol:sfr_totim:4077.5,-1427720.5,0.0,oname:cum_otype:lst_usecol:sfr,,,cum,lst,,4077.5,sfr,,,
oname:cum_otype:lst_usecol:sfr_totim:4108.5,-1411317.5,0.0,oname:cum_otype:lst_usecol:sfr,,,cum,lst,,4108.5,sfr,,,
oname:cum_otype:lst_usecol:sfr_totim:4138.5,-1407147.2,0.0,oname:cum_otype:lst_usecol:sfr,,,cum,lst,,4138.5,sfr,,,
oname:cum_otype:lst_usecol:sfr_totim:4169.5,-1405496.8,0.0,oname:cum_otype:lst_usecol:sfr,,,cum,lst,,4169.5,sfr,,,
oname:cum_otype:lst_usecol:sfr_totim:4199.5,-1399875.0,0.0,oname:cum_otype:lst_usecol:sfr,,,cum,lst,,4199.5,sfr,,,
oname:cum_otype:lst_usecol:sfr_totim:4230.5,-1383112.8,0.0,oname:cum_otype:lst_usecol:sfr,,,cum,lst,,4230.5,sfr,,,
oname:cum_otype:lst_usecol:sfr_totim:4261.5,-1354146.1,0.0,oname:cum_otype:lst_usecol:sfr,,,cum,lst,,4261.5,sfr,,,
oname:cum_otype:lst_usecol:sfr_totim:4291.5,-1314483.1,0.0,oname:cum_otype:lst_usecol:sfr,,,cum,lst,,4291.5,sfr,,,
oname:cum_otype:lst_usecol:sfr_totim:4322.5,-1271504.5,0.0,oname:cum_otype:lst_usecol:sfr,,,cum,lst,,4322.5,sfr,,,
oname:cum_otype:lst_usecol:sfr_totim:4352.5,-1229562.9,0.0,oname:cum_otype:lst_usecol:sfr,,,cum,lst,,4352.5,sfr,,,
oname:cum_otype:lst_usecol:sfr_totim:4383.5,-1190622.2,0.0,oname:cum_otype:lst_usecol:sfr,,,cum,lst,,4383.5,sfr,,,
oname:cum_otype:lst_usecol:sto-ss_totim:3652.5,2692.5347,0.0,oname:cum_otype:lst_usecol:sto-ss,,,cum,lst,,3652.5,sto-ss,,,
oname:cum_otype:lst_usecol:sto-ss_totim:3683.5,2676.2058,0.0,oname:cum_otype:lst_usecol:sto-ss,,,cum,lst,,3683.5,sto-ss,,,
oname:cum_otype:lst_usecol:sto-ss_totim:3712.5,2628.5652,0.0,oname:cum_otype:lst_usecol:sto-ss,,,cum,lst,,3712.5,sto-ss,,,
oname:cum_otype:lst_usecol:sto-ss_totim:3743.5,2486.5698,0.0,oname:cum_otype:lst_usecol:sto-ss,,,cum,lst,,3743.5,sto-ss,,,
oname:cum_otype:lst_usecol:sto-ss_totim:3773.5,2488.9556,0.0,oname:cum_otype:lst_usecol:sto-ss,,,cum,lst,,3773.5,sto-ss,,,
oname:cum_otype:lst_usecol:sto-ss_totim:3804.5,2421.895,0.0,oname:cum_otype:lst_usecol:sto-ss,,,cum,lst,,3804.5,sto-ss,,,
oname:cum_otype:lst_usecol:sto-ss_totim:3834.5,2459.712,0.0,oname:cum_otype:lst_usecol:sto-ss,,,cum,lst,,3834.5,sto-ss,,,
oname:cum_otype:lst_usecol:sto-ss_totim:3865.5,2533.7012,0.0,oname:cum_otype:lst_usecol:sto-ss,,,cum,lst,,3865.5,sto-ss,,,
oname:cum_otype:lst_usecol:sto-ss_totim:3896.5,2671.541,0.0,oname:cum_otype:lst_usecol:sto-ss,,,cum,lst,,3896.5,sto-ss,,,
oname:cum_otype:lst_usecol:sto-ss_totim:3926.5,2796.7764,0.0,oname:cum_otype:lst_usecol:sto-ss,,,cum,lst,,3926.5,sto-ss,,,
oname:cum_otype:lst_usecol:sto-ss_totim:3957.5,2907.8433,0.0,oname:cum_otype:lst_usecol:sto-ss,,,cum,lst,,3957.5,sto-ss,,,
oname:cum_otype:lst_usecol:sto-ss_totim:3987.5,2983.6245,0.0,oname:cum_otype:lst_usecol:sto-ss,,,cum,lst,,3987.5,sto-ss,,,
oname:cum_otype:lst_usecol:sto-ss_totim:4018.5,3033.5872,0.0,oname:cum_otype:lst_usecol:sto-ss,,,cum,lst,,4018.5,sto-ss,,,
oname:cum_otype:lst_usecol:sto-ss_totim:4049.5,2998.0876,0.0,oname:cum_otype:lst_usecol:sto-ss,,,cum,lst,,4049.5,sto-ss,,,
oname:cum_otype:lst_usecol:sto-ss_totim:4077.5,2966.3743,0.0,oname:cum_otype:lst_usecol:sto-ss,,,cum,lst,,4077.5,sto-ss,,,
oname:cum_otype:lst_usecol:sto-ss_totim:4108.5,2909.9602,0.0,oname:cum_otype:lst_usecol:sto-ss,,,cum,lst,,4108.5,sto-ss,,,
oname:cum_otype:lst_usecol:sto-ss_totim:4138.5,2805.268,0.0,oname:cum_otype:lst_usecol:sto-ss,,,cum,lst,,4138.5,sto-ss,,,
oname:cum_otype:lst_usecol:sto-ss_totim:4169.5,2771.0688,0.0,oname:cum_otype:lst_usecol:sto-ss,,,cum,lst,,4169.5,sto-ss,,,
oname:cum_otype:lst_usecol:sto-ss_totim:4199.5,2788.7915,0.0,oname:cum_otype:lst_usecol:sto-ss,,,cum,lst,,4199.5,sto-ss,,,
oname:cum_otype:lst_usecol:sto-ss_totim:4230.5,2876.6772,0.0,oname:cum_otype:lst_usecol:sto-ss,,,cum,lst,,4230.5,sto-ss,,,
oname:cum_otype:lst_usecol:sto-ss_totim:4261.5,2983.2373,0.0,oname:cum_otype:lst_usecol:sto-ss,,,cum,lst,,4261.5,sto-ss,,,
oname:cum_otype:lst_usecol:sto-ss_totim:4291.5,3096.1543,0.0,oname:cum_otype:lst_usecol:sto-ss,,,cum,lst,,4291.5,sto-ss,,,
oname:cum_otype:lst_usecol:sto-ss_totim:4322.5,3206.2822,0.0,oname:cum_otype:lst_usecol:sto-ss,,,cum,lst,,4322.5,sto-ss,,,
oname:cum_otype:lst_usecol:sto-ss_totim:4352.5,3275.059,0.0,oname:cum_otype:lst_usecol:sto-ss,,,cum,lst,,4352.5,sto-ss,,,
oname:cum_otype:lst_usecol:sto-ss_totim:4383.5,3256.775,0.0,oname:cum_otype:lst_usecol:sto-ss,,,cum,lst,,4383.5,sto-ss,,,
oname:cum_otype:lst_usecol:sto-sy_totim:3652.5,97297.69,0.0,oname:cum_otype:lst_usecol:sto-sy,,,cum,lst,,3652.5,sto-sy,,,
oname:cum_otype:lst_usecol:sto-sy_totim:3683.5,89275.0,0.0,oname:cum_otype:lst_usecol:sto-sy,,,cum,lst,,3683.5,sto-sy,,,
oname:cum_otype:lst_usecol:sto-sy_totim:3712.5,68027.19,0.0,oname:cum_otype:lst_usecol:sto-sy,,,cum,lst,,3712.5,sto-sy,,,
oname:cum_otype:lst_usecol:sto-sy_totim:3743.5,6382.625,0.0,oname:cum_otype:lst_usecol:sto-sy,,,cum,lst,,3743.5,sto-sy,,,
oname:cum_otype:lst_usecol:sto-sy_totim:3773.5,5186.4375,0.0,oname:cum_otype:lst_usecol:sto-sy,,,cum,lst,,3773.5,sto-sy,,,
oname:cum_otype:lst_usecol:sto-sy_totim:3804.5,-24472.938,0.0,oname:cum_otype:lst_usecol:sto-sy,,,cum,lst,,3804.5,sto-sy,,,
oname:cum_otype:lst_usecol:sto-sy_totim:3834.5,-9797.875,0.0,oname:cum_otype:lst_usecol:sto-sy,,,cum,lst,,3834.5,sto-sy,,,
oname:cum_otype:lst_usecol:sto-sy_totim:3865.5,21165.0,0.0,oname:cum_otype:lst_usecol:sto-sy,,,cum,lst,,3865.5,sto-sy,,,
oname:cum_otype:lst_usecol:sto-sy_totim:3896.5,80345.25,0.0,oname:cum_otype:lst_usecol:sto-sy,,,cum,lst,,3896.5,sto-sy,,,
oname:cum_otype:lst_usecol:sto-sy_totim:3926.5,135494.25,0.0,oname:cum_otype:lst_usecol:sto-sy,,,cum,lst,,3926.5,sto-sy,,,
oname:cum_otype:lst_usecol:sto-sy_totim:3957.5,185370.62,0.0,oname:cum_otype:lst_usecol:sto-sy,,,cum,lst,,3957.5,sto-sy,,,
oname:cum_otype:lst_usecol:sto-sy_totim:3987.5,219357.25,0.0,oname:cum_otype:lst_usecol:sto-sy,,,cum,lst,,3987.5,sto-sy,,,
oname:cum_otype:lst_usecol:sto-sy_totim:4018.5,240440.25,0.0,oname:cum_otype:lst_usecol:sto-sy,,,cum,lst,,4018.5,sto-sy,,,
oname:cum_otype:lst_usecol:sto-sy_totim:4049.5,225149.25,0.0,oname:cum_otype:lst_usecol:sto-sy,,,cum,lst,,4049.5,sto-sy,,,
oname:cum_otype:lst_usecol:sto-sy_totim:4077.5,211080.25,0.0,oname:cum_otype:lst_usecol:sto-sy,,,cum,lst,,4077.5,sto-sy,,,
oname:cum_otype:lst_usecol:sto-sy_totim:4108.5,186226.12,0.0,oname:cum_otype:lst_usecol:sto-sy,,,cum,lst,,4108.5,sto-sy,,,
oname:cum_otype:lst_usecol:sto-sy_totim:4138.5,140400.12,0.0,oname:cum_otype:lst_usecol:sto-sy,,,cum,lst,,4138.5,sto-sy,,,
oname:cum_otype:lst_usecol:sto-sy_totim:4169.5,123998.25,0.0,oname:cum_otype:lst_usecol:sto-sy,,,cum,lst,,4169.5,sto-sy,,,
oname:cum_otype:lst_usecol:sto-sy_totim:4199.5,130433.0,0.0,oname:cum_otype:lst_usecol:sto-sy,,,cum,lst,,4199.5,sto-sy,,,
oname:cum_otype:lst_usecol:sto-sy_totim:4230.5,167594.0,0.0,oname:cum_otype:lst_usecol:sto-sy,,,cum,lst,,4230.5,sto-sy,,,
oname:cum_otype:lst_usecol:sto-sy_totim:4261.5,214033.88,0.0,oname:cum_otype:lst_usecol:sto-sy,,,cum,lst,,4261.5,sto-sy,,,
oname:cum_otype:lst_usecol:sto-sy_totim:4291.5,264064.62,0.0,oname:cum_otype:lst_usecol:sto-sy,,,cum,lst,,4291.5,sto-sy,,,
oname:cum_otype:lst_usecol:sto-sy_totim:4322.5,311864.88,0.0,oname:cum_otype:lst_usecol:sto-sy,,,cum,lst,,4322.5,sto-sy,,,
oname:cum_otype:lst_usecol:sto-sy_totim:4352.5,341619.62,0.0,oname:cum_otype:lst_usecol:sto-sy,,,cum,lst,,4352.5,sto-sy,,,
oname:cum_otype:lst_usecol:sto-sy_totim:4383.5,334125.62,0.0,oname:cum_otype:lst_usecol:sto-sy,,,cum,lst,,4383.5,sto-sy,,,
oname:cum_otype:lst_usecol:total_totim:3652.5,-9457.0,0.0,oname:cum_otype:lst_usecol:total,,,cum,lst,,3652.5,total,,,
oname:cum_otype:lst_usecol:total_totim:3683.5,-9466.0,0.0,oname:cum_otype:lst_usecol:total,,,cum,lst,,3683.5,total,,,
oname:cum_otype:lst_usecol:total_totim:3712.5,-9411.0,0.0,oname:cum_otype:lst_usecol:total,,,cum,lst,,3712.5,total,,,
oname:cum_otype:lst_usecol:total_totim:3743.5,-9220.0,0.0,oname:cum_otype:lst_usecol:total,,,cum,lst,,3743.5,total,,,
oname:cum_otype:lst_usecol:total_totim:3773.5,-9328.0,0.0,oname:cum_otype:lst_usecol:total,,,cum,lst,,3773.5,total,,,
oname:cum_otype:lst_usecol:total_totim:3804.5,-9236.0,0.0,oname:cum_otype:lst_usecol:total,,,cum,lst,,3804.5,total,,,
oname:cum_otype:lst_usecol:total_totim:3834.5,-9208.0,0.0,oname:cum_otype:lst_usecol:total,,,cum,lst,,3834.5,total,,,
oname:cum_otype:lst_usecol:total_totim:3865.5,-9317.0,0.0,oname:cum_otype:lst_usecol:total,,,cum,lst,,3865.5,total,,,
oname:cum_otype:lst_usecol:total_totim:3896.5,-9518.0,0.0,oname:cum_otype:lst_usecol:total,,,cum,lst,,3896.5,total,,,
oname:cum_otype:lst_usecol:total_totim:3926.5,-9690.0,0.0,oname:cum_otype:lst_usecol:total,,,cum,lst,,3926.5,total,,,
oname:cum_otype:lst_usecol:total_totim:3957.5,-9859.0,0.0,oname:cum_otype:lst_usecol:total,,,cum,lst,,3957.5,total,,,
oname:cum_otype:lst_usecol:total_totim:3987.5,-9940.0,0.0,oname:cum_otype:lst_usecol:total,,,cum,lst,,3987.5,total,,,
oname:cum_otype:lst_usecol:total_totim:4018.5,-10032.0,0.0,oname:cum_otype:lst_usecol:total,,,cum,lst,,4018.5,total,,,
oname:cum_otype:lst_usecol:total_totim:4049.5,-9912.0,0.0,oname:cum_otype:lst_usecol:total,,,cum,lst,,4049.5,total,,,
oname:cum_otype:lst_usecol:total_totim:4077.5,-9875.0,0.0,oname:cum_otype:lst_usecol:total,,,cum,lst,,4077.5,total,,,
oname:cum_otype:lst_usecol:total_totim:4108.5,-9765.0,0.0,oname:cum_otype:lst_usecol:total,,,cum,lst,,4108.5,total,,,
oname:cum_otype:lst_usecol:total_totim:4138.5,-9604.0,0.0,oname:cum_otype:lst_usecol:total,,,cum,lst,,4138.5,total,,,
oname:cum_otype:lst_usecol:total_totim:4169.5,-9435.0,0.0,oname:cum_otype:lst_usecol:total,,,cum,lst,,4169.5,total,,,
oname:cum_otype:lst_usecol:total_totim:4199.5,-9416.0,0.0,oname:cum_otype:lst_usecol:total,,,cum,lst,,4199.5,total,,,
oname:cum_otype:lst_usecol:total_totim:4230.5,-9566.0,0.0,oname:cum_otype:lst_usecol:total,,,cum,lst,,4230.5,total,,,
oname:cum_otype:lst_usecol:total_totim:4261.5,-9750.0,0.0,oname:cum_otype:lst_usecol:total,,,cum,lst,,4261.5,total,,,
oname:cum_otype:lst_usecol:total_totim:4291.5,-9945.0,0.0,oname:cum_otype:lst_usecol:total,,,cum,lst,,4291.5,total,,,
oname:cum_otype:lst_usecol:total_totim:4322.5,-10093.0,0.0,oname:cum_otype:lst_usecol:total,,,cum,lst,,4322.5,total,,,
oname:cum_otype:lst_usecol:total_totim:4352.5,-10208.0,0.0,oname:cum_otype:lst_usecol:total,,,cum,lst,,4352.5,total,,,
oname:cum_otype:lst_usecol:total_totim:4383.5,-10159.0,0.0,oname:cum_otype:lst_usecol:total,,,cum,lst,,4383.5,total,,,
oname:cum_otype:lst_usecol:wel_totim:3652.5,-3287250.0,0.0,oname:cum_otype:lst_usecol:wel,,,cum,lst,,3652.5,wel,,,
oname:cum_otype:lst_usecol:wel_totim:3683.5,-3343050.0,0.0,oname:cum_otype:lst_usecol:wel,,,cum,lst,,3683.5,wel,,,
oname:cum_otype:lst_usecol:wel_totim:3712.5,-3395250.0,0.0,oname:cum_otype:lst_usecol:wel,,,cum,lst,,3712.5,wel,,,
oname:cum_otype:lst_usecol:wel_totim:3743.5,-3451050.0,0.0,oname:cum_otype:lst_usecol:wel,,,cum,lst,,3743.5,wel,,,
oname:cum_otype:lst_usecol:wel_totim:3773.5,-3505050.0,0.0,oname:cum_otype:lst_usecol:wel,,,cum,lst,,3773.5,wel,,,
oname:cum_otype:lst_usecol:wel_totim:3804.5,-3560850.0,0.0,oname:cum_otype:lst_usecol:wel,,,cum,lst,,3804.5,wel,,,
oname:cum_otype:lst_usecol:wel_totim:3834.5,-3614850.0,0.0,oname:cum_otype:lst_usecol:wel,,,cum,lst,,3834.5,wel,,,
oname:cum_otype:lst_usecol:wel_totim:3865.5,-3670650.0,0.0,oname:cum_otype:lst_usecol:wel,,,cum,lst,,3865.5,wel,,,
oname:cum_otype:lst_usecol:wel_totim:3896.5,-3726450.0,0.0,oname:cum_otype:lst_usecol:wel,,,cum,lst,,3896.5,wel,,,
oname:cum_otype:lst_usecol:wel_totim:3926.5,-3780450.0,0.0,oname:cum_otype:lst_usecol:wel,,,cum,lst,,3926.5,wel,,,
oname:cum_otype:lst_usecol:wel_totim:3957.5,-3836250.0,0.0,oname:cum_otype:lst_usecol:wel,,,cum,lst,,3957.5,wel,,,
oname:cum_otype:lst_usecol:wel_totim:3987.5,-3906750.0,0.0,oname:cum_otype:lst_usecol:wel,,,cum,lst,,3987.5,wel,,,
oname:cum_otype:lst_usecol:wel_totim:4018.5,-3990491.5,0.0,oname:cum_otype:lst_usecol:wel,,,cum,lst,,4018.5,wel,,,
oname:cum_otype:lst_usecol:wel_totim:4049.5,-4074233.0,0.0,oname:cum_otype:lst_usecol:wel,,,cum,lst,,4049.5,wel,,,
oname:cum_otype:lst_usecol:wel_totim:4077.5,-4149870.5,0.0,oname:cum_otype:lst_usecol:wel,,,cum,lst,,4077.5,wel,,,
oname:cum_otype:lst_usecol:wel_totim:4108.5,-4233612.0,0.0,oname:cum_otype:lst_usecol:wel,,,cum,lst,,4108.5,wel,,,
oname:cum_otype:lst_usecol:wel_totim:4138.5,-4314652.0,0.0,oname:cum_otype:lst_usecol:wel,,,cum,lst,,4138.5,wel,,,
oname:cum_otype:lst_usecol:wel_totim:4169.5,-4398393.5,0.0,oname:cum_otype:lst_usecol:wel,,,cum,lst,,4169.5,wel,,,
oname:cum_otype:lst_usecol:wel_totim:4199.5,-4479433.5,0.0,oname:cum_otype:lst_usecol:wel,,,cum,lst,,4199.5,wel,,,
oname:cum_otype:lst_usecol:wel_totim:4230.5,-4563175.0,0.0,oname:cum_otype:lst_usecol:wel,,,cum,lst,,4230.5,wel,,,
oname:cum_otype:lst_usecol:wel_totim:4261.5,-4646916.5,0.0,oname:cum_otype:lst_usecol:wel,,,cum,lst,,4261.5,wel,,,
oname:cum_otype:lst_usecol:wel_totim:4291.5,-4727956.5,0.0,oname:cum_otype:lst_usecol:wel,,,cum,lst,,4291.5,wel,,,
oname:cum_otype:lst_usecol:wel_totim:4322.5,-4811698.0,0.0,oname:cum_otype:lst_usecol:wel,,,cum,lst,,4322.5,wel,,,
oname:cum_otype:lst_usecol:wel_totim:4352.5,-4892738.0,0.0,oname:cum_otype:lst_usecol:wel,,,cum,lst,,4352.5,wel,,,
oname:cum_otype:lst_usecol:wel_totim:4383.5,-4976479.5,0.0,oname:cum_otype:lst_usecol:wel,,,cum,lst,,4383.5,wel,,,
oname:sfrtd_otype:lst_usecol:gage-1_time:3652.5,0.0,0.0,oname:sfrtd_otype:lst_usecol:gage-1,,,sfrtd,lst,3652.5,,gage-1,,,
oname:sfrtd_otype:lst_usecol:gage-1_time:3683.5,-207.11443331851,0.0,oname:sfrtd_otype:lst_usecol:gage-1,,,sfrtd,lst,3683.5,,gage-1,,1.0,12.786120137701936
oname:sfrtd_otype:lst_usecol:gage-1_time:3712.5,-98.88158457816598,0.0,oname:sfrtd_otype:lst_usecol:gage-1,,,sfrtd,lst,3712.5,,gage-1,,1.0,19.41170531231592
oname:sfrtd_otype:lst_usecol:gage-1_time:3743.5,375.8446489167427,0.0,oname:sfrtd_otype:lst_usecol:gage-1,,,sfrtd,lst,3743.5,,gage-1,,1.0,12.644107015584815
oname:sfrtd_otype:lst_usecol:gage-1_time:3773.5,420.6363331212788,0.0,oname:sfrtd_otype:lst_usecol:gage-1,,,sfrtd,lst,3773.5,,gage-1,,1.0,5.092500548873069
oname:sfrtd_otype:lst_usecol:gage-1_time:3804.5,531.1477070816768,0.0,oname:sfrtd_otype:lst_usecol:gage-1,,,sfrtd,lst,3804.5,,gage-1,,1.0,8.000906649163289
oname:sfrtd_otype:lst_usecol:gage-1_time:3834.5,552.0283679643289,0.0,oname:sfrtd_otype:lst_usecol:gage-1,,,sfrtd,lst,3834.5,,gage-1,,1.0,9.087913422362908
oname:sfrtd_otype:lst_usecol:gage-1_time:3865.5,82.45364650681995,0.0,oname:sfrtd_otype:lst_usecol:gage-1,,,sfrtd,lst,3865.5,,gage-1,,1.0,3.888868616644504
oname:sfrtd_otype:lst_usecol:gage-1_time:3896.5,-413.340015671248,0.0,oname:sfrtd_otype:lst_usecol:gage-1,,,sfrtd,lst,3896.5,,gage-1,,1.0,3.2392733913778105
oname:sfrtd_otype:lst_usecol:gage-1_time:3926.5,-844.8685503904571,0.0,oname:sfrtd_otype:lst_usecol:gage-1,,,sfrtd,lst,3926.5,,gage-1,,1.0,29.44381423345294
oname:sfrtd_otype:lst_usecol:gage-1_time:3957.5,-1200.8242060291589,0.0,oname:sfrtd_otype:lst_usecol:gage-1,,,sfrtd,lst,3957.5,,gage-1,,1.0,51.450622059189485
oname:sfrtd_otype:lst_usecol:gage-1_time:3987.5,-1375.9412204062858,0.0,oname:sfrtd_otype:lst_usecol:gage-1,,,sfrtd,lst,3987.5,,gage-1,,1.0,73.90553787968202
oname:sfrtd_otype:lst_usecol:gage-1_time:4018.5,-1563.6424901435294,0.0,oname:sfrtd_otype:lst_usecol:gage-1,,,sfrtd,lst,4018.5,,gage-1,,1.0,93.65730812996446
oname:sfrtd_otype:lst_usecol:gage-1_time:4049.5,-1584.8328514557686,0.0,oname:sfrtd_otype:lst_usecol:gage-1,,,sfrtd,lst,4049.5,,gage-1,,,
oname:sfrtd_otype:lst_usecol:gage-1_time:4077.5,-1450.5294661012094,0.0,oname:sfrtd_otype:lst_usecol:gage-1,,,sfrtd,lst,4077.5,,gage-1,,,
oname:sfrtd_otype:lst_usecol:gage-1_time:4108.5,-1146.0073145515412,0.0,oname:sfrtd_otype:lst_usecol:gage-1,,,sfrtd,lst,4108.5,,gage-1,,,
oname:sfrtd_otype:lst_usecol:gage-1_time:4138.5,-781.652051791576,0.0,oname:sfrtd_otype:lst_usecol:gage-1,,,sfrtd,lst,4138.5,,gage-1,,,
oname:sfrtd_otype:lst_usecol:gage-1_time:4169.5,-741.415091073527,0.0,oname:sfrtd_otype:lst_usecol:gage-1,,,sfrtd,lst,4169.5,,gage-1,,,
oname:sfrtd_otype:lst_usecol:gage-1_time:4199.5,-670.7593898933721,0.0,oname:sfrtd_otype:lst_usecol:gage-1,,,sfrtd,lst,4199.5,,gage-1,,,
oname:sfrtd_otype:lst_usecol:gage-1_time:4230.5,-1084.5894287383126,0.0,oname:sfrtd_otype:lst_usecol:gage-1,,,sfrtd,lst,4230.5,,gage-1,,,
oname:sfrtd_otype:lst_usecol:gage-1_time:4261.5,-1459.317818749586,0.0,oname:sfrtd_otype:lst_usecol:gage-1,,,sfrtd,lst,4261.5,,gage-1,,,
oname:sfrtd_otype:lst_usecol:gage-1_time:4291.5,-1830.2146842019067,0.0,oname:sfrtd_otype:lst_usecol:gage-1,,,sfrtd,lst,4291.5,,gage-1,,,
oname:sfrtd_otype:lst_usecol:gage-1_time:4322.5,-1988.866268542516,0.0,oname:sfrtd_otype:lst_usecol:gage-1,,,sfrtd,lst,4322.5,,gage-1,,,
oname:sfrtd_otype:lst_usecol:gage-1_time:4352.5,-1988.866268542516,0.0,oname:sfrtd_otype:lst_usecol:gage-1,,,sfrtd,lst,4352.5,,gage-1,,,
oname:sfrtd_otype:lst_usecol:gage-1_time:4383.5,-1988.866268542516,0.0,oname:sfrtd_otype:lst_usecol:gage-1,,,sfrtd,lst,4383.5,,gage-1,,,
oname:sfrtd_otype:lst_usecol:headwater_time:3652.5,0.0,0.0,oname:sfrtd_otype:lst_usecol:headwater,,,sfrtd,lst,3652.5,,headwater,,,
oname:sfrtd_otype:lst_usecol:headwater_time:3683.5,45.417024456857064,0.0,oname:sfrtd_otype:lst_usecol:headwater,,,sfrtd,lst,3683.5,,headwater,,,
oname:sfrtd_otype:lst_usecol:headwater_time:3712.5,7.1908043602138605,0.0,oname:sfrtd_otype:lst_usecol:headwater,,,sfrtd,lst,3712.5,,headwater,,,
oname:sfrtd_otype:lst_usecol:headwater_time:3743.5,-203.23659486441147,0.0,oname:sfrtd_otype:lst_usecol:headwater,,,sfrtd,lst,3743.5,,headwater,,,
oname:sfrtd_otype:lst_usecol:headwater_time:3773.5,-207.73318690581823,0.0,oname:sfrtd_otype:lst_usecol:headwater,,,sfrtd,lst,3773.5,,headwater,,,
oname:sfrtd_otype:lst_usecol:headwater_time:3804.5,-305.2939853400485,0.0,oname:sfrtd_otype:lst_usecol:headwater,,,sfrtd,lst,3804.5,,headwater,,,
oname:sfrtd_otype:lst_usecol:headwater_time:3834.5,-307.14152124753923,0.0,oname:sfrtd_otype:lst_usecol:headwater,,,sfrtd,lst,3834.5,,headwater,,,
oname:sfrtd_otype:lst_usecol:headwater_time:3865.5,-137.5143836010767,0.0,oname:sfrtd_otype:lst_usecol:headwater,,,sfrtd,lst,3865.5,,headwater,,,
oname:sfrtd_otype:lst_usecol:headwater_time:3896.5,74.4924191244379,0.0,oname:sfrtd_otype:lst_usecol:headwater,,,sfrtd,lst,3896.5,,headwater,,,
oname:sfrtd_otype:lst_usecol:headwater_time:3926.5,271.01488752628796,0.0,oname:sfrtd_otype:lst_usecol:headwater,,,sfrtd,lst,3926.5,,headwater,,,
oname:sfrtd_otype:lst_usecol:headwater_time:3957.5,446.69158822054226,0.0,oname:sfrtd_otype:lst_usecol:headwater,,,sfrtd,lst,3957.5,,headwater,,,
oname:sfrtd_otype:lst_usecol:headwater_time:3987.5,526.7110214833526,0.0,oname:sfrtd_otype:lst_usecol:headwater,,,sfrtd,lst,3987.5,,headwater,,,
oname:sfrtd_otype:lst_usecol:headwater_time:4018.5,580.2201354764763,0.0,oname:sfrtd_otype:lst_usecol:headwater,,,sfrtd,lst,4018.5,,headwater,,,
oname:sfrtd_otype:lst_usecol:headwater_time:4049.5,580.9044398904456,0.0,oname:sfrtd_otype:lst_usecol:headwater,,,sfrtd,lst,4049.5,,headwater,,,
oname:sfrtd_otype:lst_usecol:headwater_time:4077.5,503.8725888392897,0.0,oname:sfrtd_otype:lst_usecol:headwater,,,sfrtd,lst,4077.5,,headwater,,,
oname:sfrtd_otype:lst_usecol:headwater_time:4108.5,345.8474889641428,0.0,oname:sfrtd_otype:lst_usecol:headwater,,,sfrtd,lst,4108.5,,headwater,,,
oname:sfrtd_otype:lst_usecol:headwater_time:4138.5,178.7900714277486,0.0,oname:sfrtd_otype:lst_usecol:headwater,,,sfrtd,lst,4138.5,,headwater,,,
oname:sfrtd_otype:lst_usecol:headwater_time:4169.5,175.0323425870706,0.0,oname:sfrtd_otype:lst_usecol:headwater,,,sfrtd,lst,4169.5,,headwater,,,
oname:sfrtd_otype:lst_usecol:headwater_time:4199.5,116.00190335160936,0.0,oname:sfrtd_otype:lst_usecol:headwater,,,sfrtd,lst,4199.5,,headwater,,,
oname:sfrtd_otype:lst_usecol:headwater_time:4230.5,269.74292943023465,0.0,oname:sfrtd_otype:lst_usecol:headwater,,,sfrtd,lst,4230.5,,headwater,,,
oname:sfrtd_otype:lst_usecol:headwater_time:4261.5,433.209397223315,0.0,oname:sfrtd_otype:lst_usecol:headwater,,,sfrtd,lst,4261.5,,headwater,,,
oname:sfrtd_otype:lst_usecol:headwater_time:4291.5,608.0915000928991,0.0,oname:sfrtd_otype:lst_usecol:headwater,,,sfrtd,lst,4291.5,,headwater,,,
oname:sfrtd_otype:lst_usecol:headwater_time:4322.5,759.1084544369346,0.0,oname:sfrtd_otype:lst_usecol:headwater,,,sfrtd,lst,4322.5,,headwater,,,
oname:sfrtd_otype:lst_usecol:headwater_time:4352.5,836.3050188251267,0.0,oname:sfrtd_otype:lst_usecol:headwater,,,sfrtd,lst,4352.5,,headwater,,,
oname:sfrtd_otype:lst_usecol:headwater_time:4383.5,839.8236218516396,0.0,oname:sfrtd_otype:lst_usecol:headwater,,,sfrtd,lst,4383.5,,headwater,,,
oname:sfrtd_otype:lst_usecol:tailwater_time:3652.5,0.0,0.0,oname:sfrtd_otype:lst_usecol:tailwater,,,sfrtd,lst,3652.5,,tailwater,,,
oname:sfrtd_otype:lst_usecol:tailwater_time:3683.5,191.14397645755,0.0,oname:sfrtd_otype:lst_usecol:tailwater,,,sfrtd,lst,3683.5,,tailwater,,,
oname:sfrtd_otype:lst_usecol:tailwater_time:3712.5,120.38629191385031,0.0,oname:sfrtd_otype:lst_usecol:tailwater,,,sfrtd,lst,3712.5,,tailwater,,,
oname:sfrtd_otype:lst_usecol:tailwater_time:3743.5,-153.0964639248266,0.0,oname:sfrtd_otype:lst_usecol:tailwater,,,sfrtd,lst,3743.5,,tailwater,,,
oname:sfrtd_otype:lst_usecol:tailwater_time:3773.5,-199.4247211394798,0.0,oname:sfrtd_otype:lst_usecol:tailwater,,,sfrtd,lst,3773.5,,tailwater,,,
oname:sfrtd_otype:lst_usecol:tailwater_time:3804.5,-211.3331539756935,0.0,oname:sfrtd_otype:lst_usecol:tailwater,,,sfrtd,lst,3804.5,,tailwater,,,
oname:sfrtd_otype:lst_usecol:tailwater_time:3834.5,-232.92408996996068,0.0,oname:sfrtd_otype:lst_usecol:tailwater,,,sfrtd,lst,3834.5,,tailwater,,,
oname:sfrtd_otype:lst_usecol:tailwater_time:3865.5,78.4800398789593,0.0,oname:sfrtd_otype:lst_usecol:tailwater,,,sfrtd,lst,3865.5,,tailwater,,,
oname:sfrtd_otype:lst_usecol:tailwater_time:3896.5,373.2990907885384,0.0,oname:sfrtd_otype:lst_usecol:tailwater,,,sfrtd,lst,3896.5,,tailwater,,,
oname:sfrtd_otype:lst_usecol:tailwater_time:3926.5,619.0663907600156,0.0,oname:sfrtd_otype:lst_usecol:tailwater,,,sfrtd,lst,3926.5,,tailwater,,,
oname:sfrtd_otype:lst_usecol:tailwater_time:3957.5,807.1558420053956,0.0,oname:sfrtd_otype:lst_usecol:tailwater,,,sfrtd,lst,3957.5,,tailwater,,,
oname:sfrtd_otype:lst_usecol:tailwater_time:3987.5,907.5112172825312,0.0,oname:sfrtd_otype:lst_usecol:tailwater,,,sfrtd,lst,3987.5,,tailwater,,,
oname:sfrtd_otype:lst_usecol:tailwater_time:4018.5,1047.1664548928,0.0,oname:sfrtd_otype:lst_usecol:tailwater,,,sfrtd,lst,4018.5,,tailwater,,,
oname:sfrtd_otype:lst_usecol:tailwater_time:4049.5,1071.091257658372,0.0,oname:sfrtd_otype:lst_usecol:tailwater,,,sfrtd,lst,4049.5,,tailwater,,,
oname:sfrtd_otype:lst_usecol:tailwater_time:4077.5,1015.4161619620628,0.0,oname:sfrtd_otype:lst_usecol:tailwater,,,sfrtd,lst,4077.5,,tailwater,,,
oname:sfrtd_otype:lst_usecol:tailwater_time:4108.5,864.2107478280835,0.0,oname:sfrtd_otype:lst_usecol:tailwater,,,sfrtd,lst,4108.5,,tailwater,,,
oname:sfrtd_otype:lst_usecol:tailwater_time:4138.5,660.0809015299981,0.0,oname:sfrtd_otype:lst_usecol:tailwater,,,sfrtd,lst,4138.5,,tailwater,,,
oname:sfrtd_otype:lst_usecol:tailwater_time:4169.5,617.9669922235387,0.0,oname:sfrtd_otype:lst_usecol:tailwater,,,sfrtd,lst,4169.5,,tailwater,,,
oname:sfrtd_otype:lst_usecol:tailwater_time:4199.5,606.4778677290874,0.0,oname:sfrtd_otype:lst_usecol:tailwater,,,sfrtd,lst,4199.5,,tailwater,,,
oname:sfrtd_otype:lst_usecol:tailwater_time:4230.5,873.004944118238,0.0,oname:sfrtd_otype:lst_usecol:tailwater,,,sfrtd,lst,4230.5,,tailwater,,,
oname:sfrtd_otype:lst_usecol:tailwater_time:4261.5,1091.6285956833926,0.0,oname:sfrtd_otype:lst_usecol:tailwater,,,sfrtd,lst,4261.5,,tailwater,,,
oname:sfrtd_otype:lst_usecol:tailwater_time:4291.5,1291.3250432906125,0.0,oname:sfrtd_otype:lst_usecol:tailwater,,,sfrtd,lst,4291.5,,tailwater,,,
oname:sfrtd_otype:lst_usecol:tailwater_time:4322.5,1225.927906569467,0.0,oname:sfrtd_otype:lst_usecol:tailwater,,,sfrtd,lst,4322.5,,tailwater,,,
oname:sfrtd_otype:lst_usecol:tailwater_time:4352.5,1148.7313421812748,0.0,oname:sfrtd_otype:lst_usecol:tailwater,,,sfrtd,lst,4352.5,,tailwater,,,
oname:sfrtd_otype:lst_usecol:tailwater_time:4383.5,1145.212739154762,0.0,oname:sfrtd_otype:lst_usecol:tailwater,,,sfrtd,lst,4383.5,,tailwater,,,
oname:hdstd_otype:lst_usecol:trgw-0-13-10_time:3652.5,0.0,0.0,oname:hdstd_otype:lst_usecol:trgw-0-13-10,,,hdstd,lst,3652.5,,trgw-0-13-10,,,
oname:hdstd_otype:lst_usecol:trgw-0-13-10_time:3683.5,0.0051306500000052,0.0,oname:hdstd_otype:lst_usecol:trgw-0-13-10,,,hdstd,lst,3683.5,,trgw-0-13-10,,,
oname:hdstd_otype:lst_usecol:trgw-0-13-10_time:3712.5,0.0297485700000024,0.0,oname:hdstd_otype:lst_usecol:trgw-0-13-10,,,hdstd,lst,3712.5,,trgw-0-13-10,,,
oname:hdstd_otype:lst_usecol:trgw-0-13-10_time:3743.5,0.1202680400000062,0.0,oname:hdstd_otype:lst_usecol:trgw-0-13-10,,,hdstd,lst,3743.5,,trgw-0-13-10,,,
oname:hdstd_otype:lst_usecol:trgw-0-13-10_time:3773.5,0.1225977500000041,0.0,oname:hdstd_otype:lst_usecol:trgw-0-13-10,,,hdstd,lst,3773.5,,trgw-0-13-10,,,
oname:hdstd_otype:lst_usecol:trgw-0-13-10_time:3804.5,0.1667628900000011,0.0,oname:hdstd_otype:lst_usecol:trgw-0-13-10,,,hdstd,lst,3804.5,,trgw-0-13-10,,,
oname:hdstd_otype:lst_usecol:trgw-0-13-10_time:3834.5,0.1436093500000055,0.0,oname:hdstd_otype:lst_usecol:trgw-0-13-10,,,hdstd,lst,3834.5,,trgw-0-13-10,,,
oname:hdstd_otype:lst_usecol:trgw-0-13-10_time:3865.5,0.0930798600000031,0.0,oname:hdstd_otype:lst_usecol:trgw-0-13-10,,,hdstd,lst,3865.5,,trgw-0-13-10,,,
oname:hdstd_otype:lst_usecol:trgw-0-13-10_time:3896.5,-0.0029241399999975,0.0,oname:hdstd_otype:lst_usecol:trgw-0-13-10,,,hdstd,lst,3896.5,,trgw-0-13-10,,,
oname:hdstd_otype:lst_usecol:trgw-0-13-10_time:3926.5,-0.0945068399999939,0.0,oname:hdstd_otype:lst_usecol:trgw-0-13-10,,,hdstd,lst,3926.5,,trgw-0-13-10,,,
oname:hdstd_otype:lst_usecol:trgw-0-13-10_time:3957.5,-0.1777404399999937,0.0,oname:hdstd_otype:lst_usecol:trgw-0-13-10,,,hdstd,lst,3957.5,,trgw-0-13-10,,,
oname:hdstd_otype:lst_usecol:trgw-0-13-10_time:3987.5,-0.2203490899999991,0.0,oname:hdstd_otype:lst_usecol:trgw-0-13-10,,,hdstd,lst,3987.5,,trgw-0-13-10,,,
oname:hdstd_otype:lst_usecol:trgw-0-13-10_time:4018.5,-0.25162993,0.0,oname:hdstd_otype:lst_usecol:trgw-0-13-10,,,hdstd,lst,4018.5,,trgw-0-13-10,,,
oname:hdstd_otype:lst_usecol:trgw-0-13-10_time:4049.5,-0.227325129999997,0.0,oname:hdstd_otype:lst_usecol:trgw-0-13-10,,,hdstd,lst,4049.5,,trgw-0-13-10,,,
oname:hdstd_otype:lst_usecol:trgw-0-13-10_time:4077.5,-0.2031157899999982,0.0,oname:hdstd_otype:lst_usecol:trgw-0-13-10,,,hdstd,lst,4077.5,,trgw-0-13-10,,,
oname:hdstd_otype:lst_usecol:trgw-0-13-10_time:4108.5,-0.1618046299999989,0.0,oname:hdstd_otype:lst_usecol:trgw-0-13-10,,,hdstd,lst,4108.5,,trgw-0-13-10,,,
oname:hdstd_otype:lst_usecol:trgw-0-13-10_time:4138.5,-0.0877588500000001,0.0,oname:hdstd_otype:lst_usecol:trgw-0-13-10,,,hdstd,lst,4138.5,,trgw-0-13-10,,,
oname:hdstd_otype:lst_usecol:trgw-0-13-10_time:4169.5,-0.0574330599999939,0.0,oname:hdstd_otype:lst_usecol:trgw-0-13-10,,,hdstd,lst,4169.5,,trgw-0-13-10,,,
oname:hdstd_otype:lst_usecol:trgw-0-13-10_time:4199.5,-0.0653803199999956,0.0,oname:hdstd_otype:lst_usecol:trgw-0-13-10,,,hdstd,lst,4199.5,,trgw-0-13-10,,,
oname:hdstd_otype:lst_usecol:trgw-0-13-10_time:4230.5,-0.1231368400000008,0.0,oname:hdstd_otype:lst_usecol:trgw-0-13-10,,,hdstd,lst,4230.5,,trgw-0-13-10,,,
oname:hdstd_otype:lst_usecol:trgw-0-13-10_time:4261.5,-0.19830228,0.0,oname:hdstd_otype:lst_usecol:trgw-0-13-10,,,hdstd,lst,4261.5,,trgw-0-13-10,,,
oname:hdstd_otype:lst_usecol:trgw-0-13-10_time:4291.5,-0.2798306899999971,0.0,oname:hdstd_otype:lst_usecol:trgw-0-13-10,,,hdstd,lst,4291.5,,trgw-0-13-10,,,
oname:hdstd_otype:lst_usecol:trgw-0-13-10_time:4322.5,-0.3504418200000003,0.0,oname:hdstd_otype:lst_usecol:trgw-0-13-10,,,hdstd,lst,4322.5,,trgw-0-13-10,,,
oname:hdstd_otype:lst_usecol:trgw-0-13-10_time:4352.5,-0.3907410599999963,0.0,oname:hdstd_otype:lst_usecol:trgw-0-13-10,,,hdstd,lst,4352.5,,trgw-0-13-10,,,
oname:hdstd_otype:lst_usecol:trgw-0-13-10_time:4383.5,-0.3756917099999981,0.0,oname:hdstd_otype:lst_usecol:trgw-0-13-10,,,hdstd,lst,4383.5,,trgw-0-13-10,,,
oname:hdstd_otype:lst_usecol:trgw-0-15-16_time:3652.5,0.0,0.0,oname:hdstd_otype:lst_usecol:trgw-0-15-16,,,hdstd,lst,3652.5,,trgw-0-15-16,,,
oname:hdstd_otype:lst_usecol:trgw-0-15-16_time:3683.5,0.0020564500000048,0.0,oname:hdstd_otype:lst_usecol:trgw-0-15-16,,,hdstd,lst,3683.5,,trgw-0-15-16,,,
oname:hdstd_otype:lst_usecol:trgw-0-15-16_time:3712.5,0.0214794800000035,0.0,oname:hdstd_otype:lst_usecol:trgw-0-15-16,,,hdstd,lst,3712.5,,trgw-0-15-16,,,
oname:hdstd_otype:lst_usecol:trgw-0-15-16_time:3743.5,0.0974641000000033,0.0,oname:hdstd_otype:lst_usecol:trgw-0-15-16,,,hdstd,lst,3743.5,,trgw-0-15-16,,,
oname:hdstd_otype:lst_usecol:trgw-0-15-16_time:3773.5,0.0827358500000059,0.0,oname:hdstd_otype:lst_usecol:trgw-0-15-16,,,hdstd,lst,3773.5,,trgw-0-15-16,,,
oname:hdstd_otype:lst_usecol:trgw-0-15-16_time:3804.5,0.1169127300000028,0.0,oname:hdstd_otype:lst_usecol:trgw-0-15-16,,,hdstd,lst,3804.5,,trgw-0-15-16,,,
oname:hdstd_otype:lst_usecol:trgw-0-15-16_time:3834.5,0.0870422700000048,0.0,oname:hdstd_otype:lst_usecol:trgw-0-15-16,,,hdstd,lst,3834.5,,trgw-0-15-16,,,
oname:hdstd_otype:lst_usecol:trgw-0-15-16_time:3865.5,0.0417986700000057,0.0,oname:hdstd_otype:lst_usecol:trgw-0-15-16,,,hdstd,lst,3865.5,,trgw-0-15-16,,,
oname:hdstd_otype:lst_usecol:trgw-0-15-16_time:3896.5,-0.0373738699999961,0.0,oname:hdstd_otype:lst_usecol:trgw-0-15-16,,,hdstd,lst,3896.5,,trgw-0-15-16,,,
oname:hdstd_otype:lst_usecol:trgw-0-15-16_time:3926.5,-0.1038230899999987,0.0,oname:hdstd_otype:lst_usecol:trgw-0-15-16,,,hdstd,lst,3926.5,,trgw-0-15-16,,,
oname:hdstd_otype:lst_usecol:trgw-0-15-16_time:3957.5,-0.1595074899999957,0.0,oname:hdstd_otype:lst_usecol:trgw-0-15-16,,,hdstd,lst,3957.5,,trgw-0-15-16,,,
oname:hdstd_otype:lst_usecol:trgw-0-15-16_time:3987.5,-0.1769648900000007,0.0,oname:hdstd_otype:lst_usecol:trgw-0-15-16,,,hdstd,lst,3987.5,,trgw-0-15-16,,,
oname:hdstd_otype:lst_usecol:trgw-0-15-16_time:4018.5,-0.1849113299999984,0.0,oname:hdstd_otype:lst_usecol:trgw-0-15-16,,,hdstd,lst,4018.5,,trgw-0-15-16,,,
oname:hdstd_otype:lst_usecol:trgw-0-15-16_time:4049.5,-0.1518159199999971,0.0,oname:hdstd_otype:lst_usecol:trgw-0-15-16,,,hdstd,lst,4049.5,,trgw-0-15-16,,,
oname:hdstd_otype:lst_usecol:trgw-0-15-16_time:4077.5,-0.1300155299999943,0.0,oname:hdstd_otype:lst_usecol:trgw-0-15-16,,,hdstd,lst,4077.5,,trgw-0-15-16,,,
oname:hdstd_otype:lst_usecol:trgw-0-15-16_time:4108.5,-0.0965611199999969,0.0,oname:hdstd_otype:lst_usecol:trgw-0-15-16,,,hdstd,lst,4108.5,,trgw-0-15-16,,,
oname:hdstd_otype:lst_usecol:trgw-0-15-16_time:4138.5,-0.0365617100000008,0.0,oname:hdstd_otype:lst_usecol:trgw-0-15-16,,,hdstd,lst,4138.5,,trgw-0-15-16,,,
oname:hdstd_otype:lst_usecol:trgw-0-15-16_time:4169.5,-0.0236199699999986,0.0,oname:hdstd_otype:lst_usecol:trgw-0-15-16,,,hdstd,lst,4169.5,,trgw-0-15-16,,,
oname:hdstd_otype:lst_usecol:trgw-0-15-16_time:4199.5,-0.0395020499999958,0.0,oname:hdstd_otype:lst_usecol:trgw-0-15-16,,,hdstd,lst,4199.5,,trgw-0-15-16,,,
oname:hdstd_otype:lst_usecol:trgw-0-15-16_time:4230.5,-0.0932712999999978,0.0,oname:hdstd_otype:lst_usecol:trgw-0-15-16,,,hdstd,lst,4230.5,,trgw-0-15-16,,,
oname:hdstd_otype:lst_usecol:trgw-0-15-16_time:4261.5,-0.1527580399999948,0.0,oname:hdstd_otype:lst_usecol:trgw-0-15-16,,,hdstd,lst,4261.5,,trgw-0-15-16,,,
oname:hdstd_otype:lst_usecol:trgw-0-15-16_time:4291.5,-0.2129182499999942,0.0,oname:hdstd_otype:lst_usecol:trgw-0-15-16,,,hdstd,lst,4291.5,,trgw-0-15-16,,,
oname:hdstd_otype:lst_usecol:trgw-0-15-16_time:4322.5,-0.2595300899999984,0.0,oname:hdstd_otype:lst_usecol:trgw-0-15-16,,,hdstd,lst,4322.5,,trgw-0-15-16,,,
oname:hdstd_otype:lst_usecol:trgw-0-15-16_time:4352.5,-0.2800865199999975,0.0,oname:hdstd_otype:lst_usecol:trgw-0-15-16,,,hdstd,lst,4352.5,,trgw-0-15-16,,,
oname:hdstd_otype:lst_usecol:trgw-0-15-16_time:4383.5,-0.254966490000001,0.0,oname:hdstd_otype:lst_usecol:trgw-0-15-16,,,hdstd,lst,4383.5,,trgw-0-15-16,,,
oname:hdstd_otype:lst_usecol:trgw-0-2-15_time:3652.5,0.0,0.0,oname:hdstd_otype:lst_usecol:trgw-0-2-15,,,hdstd,lst,3652.5,,trgw-0-2-15,,,
oname:hdstd_otype:lst_usecol:trgw-0-2-15_time:3683.5,0.0156990199999995,0.0,oname:hdstd_otype:lst_usecol:trgw-0-2-15,,,hdstd,lst,3683.5,,trgw-0-2-15,,,
oname:hdstd_otype:lst_usecol:trgw-0-2-15_time:3712.5,0.0402484099999966,0.0,oname:hdstd_otype:lst_usecol:trgw-0-2-15,,,hdstd,lst,3712.5,,trgw-0-2-15,,,
oname:hdstd_otype:lst_usecol:trgw-0-2-15_time:3743.5,0.1032039799999964,0.0,oname:hdstd_otype:lst_usecol:trgw-0-2-15,,,hdstd,lst,3743.5,,trgw-0-2-15,,,
oname:hdstd_otype:lst_usecol:trgw-0-2-15_time:3773.5,0.1150521799999992,0.0,oname:hdstd_otype:lst_usecol:trgw-0-2-15,,,hdstd,lst,3773.5,,trgw-0-2-15,,,
oname:hdstd_otype:lst_usecol:trgw-0-2-15_time:3804.5,0.1483050999999946,0.0,oname:hdstd_otype:lst_usecol:trgw-0-2-15,,,hdstd,lst,3804.5,,trgw-0-2-15,,,
oname:hdstd_otype:lst_usecol:trgw-0-2-15_time:3834.5,0.1410699399999941,0.0,oname:hdstd_otype:lst_usecol:trgw-0-2-15,,,hdstd,lst,3834.5,,trgw-0-2-15,,,
oname:hdstd_otype:lst_usecol:trgw-0-2-15_time:3865.5,0.1140962899999991,0.0,oname:hdstd_otype:lst_usecol:trgw-0-2-15,,,hdstd,lst,3865.5,,trgw-0-2-15,,,
oname:hdstd_otype:lst_usecol:trgw-0-2-15_time:3896.5,0.056507069999995,0.0,oname:hdstd_otype:lst_usecol:trgw-0-2-15,,,hdstd,lst,3896.5,,trgw-0-2-15,,,
oname:hdstd_otype:lst_usecol:trgw-0-2-15_time:3926.5,-0.0025128700000038,0.0,oname:hdstd_otype:lst_usecol:trgw-0-2-15,,,hdstd,lst,3926.5,,trgw-0-2-15,,,
oname:hdstd_otype:lst_usecol:trgw-0-2-15_time:3957.5,-0.0591363000000058,0.0,oname:hdstd_otype:lst_usecol:trgw-0-2-15,,,hdstd,lst,3957.5,,trgw-0-2-15,,,
oname:hdstd_otype:lst_usecol:trgw-0-2-15_time:3987.5,-0.0886543300000042,0.0,oname:hdstd_otype:lst_usecol:trgw-0-2-15,,,hdstd,lst,3987.5,,trgw-0-2-15,,,
oname:hdstd_otype:lst_usecol:trgw-0-2-15_time:4018.5,-0.0992317500000012,0.0,oname:hdstd_otype:lst_usecol:trgw-0-2-15,,,hdstd,lst,4018.5,,trgw-0-2-15,,,
oname:hdstd_otype:lst_usecol:trgw-0-2-15_time:4049.5,-0.0784772700000004,0.0,oname:hdstd_otype:lst_usecol:trgw-0-2-15,,,hdstd,lst,4049.5,,trgw-0-2-15,,,
oname:hdstd_otype:lst_usecol:trgw-0-2-15_time:4077.5,-0.0586904000000032,0.0,oname:hdstd_otype:lst_usecol:trgw-0-2-15,,,hdstd,lst,4077.5,,trgw-0-2-15,,,
oname:hdstd_otype:lst_usecol:trgw-0-2-15_time:4108.5,-0.0291445100000018,0.0,oname:hdstd_otype:lst_usecol:trgw-0-2-15,,,hdstd,lst,4108.5,,trgw-0-2-15,,,
oname:hdstd_otype:lst_usecol:trgw-0-2-15_time:4138.5,0.0198411699999994,0.0,oname:hdstd_otype:lst_usecol:trgw-0-2-15,,,hdstd,lst,4138.5,,trgw-0-2-15,,,
oname:hdstd_otype:lst_usecol:trgw-0-2-15_time:4169.5,0.0449226599999974,0.0,oname:hdstd_otype:lst_usecol:trgw-0-2-15,,,hdstd,lst,4169.5,,trgw-0-2-15,,,
oname:hdstd_otype:lst_usecol:trgw-0-2-15_time:4199.5,0.0455102299999978,0.0,oname:hdstd_otype:lst_usecol:trgw-0-2-15,,,hdstd,lst,4199.5,,trgw-0-2-15,,,
oname:hdstd_otype:lst_usecol:trgw-0-2-15_time:4230.5,0.0140457499999939,0.0,oname:hdstd_otype:lst_usecol:trgw-0-2-15,,,hdstd,lst,4230.5,,trgw-0-2-15,,,
oname:hdstd_otype:lst_usecol:trgw-0-2-15_time:4261.5,-0.0315735500000045,0.0,oname:hdstd_otype:lst_usecol:trgw-0-2-15,,,hdstd,lst,4261.5,,trgw-0-2-15,,,
oname:hdstd_otype:lst_usecol:trgw-0-2-15_time:4291.5,-0.0836932700000048,0.0,oname:hdstd_otype:lst_usecol:trgw-0-2-15,,,hdstd,lst,4291.5,,trgw-0-2-15,,,
oname:hdstd_otype:lst_usecol:trgw-0-2-15_time:4322.5,-0.1312191000000027,0.0,oname:hdstd_otype:lst_usecol:trgw-0-2-15,,,hdstd,lst,4322.5,,trgw-0-2-15,,,
oname:hdstd_otype:lst_usecol:trgw-0-2-15_time:4352.5,-0.1605514600000006,0.0,oname:hdstd_otype:lst_usecol:trgw-0-2-15,,,hdstd,lst,4352.5,,trgw-0-2-15,,,
oname:hdstd_otype:lst_usecol:trgw-0-2-15_time:4383.5,-0.1559019100000043,0.0,oname:hdstd_otype:lst_usecol:trgw-0-2-15,,,hdstd,lst,4383.5,,trgw-0-2-15,,,
oname:hdstd_otype:lst_usecol:trgw-0-2-9_time:3652.5,0.0,0.0,oname:hdstd_otype:lst_usecol:trgw-0-2-9,,,hdstd,lst,3652.5,,trgw-0-2-9,,,
oname:hdstd_otype:lst_usecol:trgw-0-2-9_time:3683.5,0.04342793,0.0,oname:hdstd_otype:lst_usecol:trgw-0-2-9,,,hdstd,lst,3683.5,,trgw-0-2-9,,,
oname:hdstd_otype:lst_usecol:trgw-0-2-9_time:3712.5,0.102747629999996,0.0,oname:hdstd_otype:lst_usecol:trgw-0-2-9,,,hdstd,lst,3712.5,,trgw-0-2-9,,,
oname:hdstd_otype:lst_usecol:trgw-0-2-9_time:3743.5,0.2399221900000014,0.0,oname:hdstd_otype:lst_usecol:trgw-0-2-9,,,hdstd,lst,3743.5,,trgw-0-2-9,,,
oname:hdstd_otype:lst_usecol:trgw-0-2-9_time:3773.5,0.2581306699999999,0.0,oname:hdstd_otype:lst_usecol:trgw-0-2-9,,,hdstd,lst,3773.5,,trgw-0-2-9,,,
oname:hdstd_otype:lst_usecol:trgw-0-2-9_time:3804.5,0.327883479999997,0.0,oname:hdstd_otype:lst_usecol:trgw-0-2-9,,,hdstd,lst,3804.5,,trgw-0-2-9,,,
oname:hdstd_otype:lst_usecol:trgw-0-2-9_time:3834.5,0.3078512000000017,0.0,oname:hdstd_otype:lst_usecol:trgw-0-2-9,,,hdstd,lst,3834.5,,trgw-0-2-9,,,
oname:hdstd_otype:lst_usecol:trgw-0-2-9_time:3865.5,0.2508945900000014,0.0,oname:hdstd_otype:lst_usecol:trgw-0-2-9,,,hdstd,lst,3865.5,,trgw-0-2-9,,,
oname:hdstd_otype:lst_usecol:trgw-0-2-9_time:3896.5,0.1320481200000003,0.0,oname:hdstd_otype:lst_usecol:trgw-0-2-9,,,hdstd,lst,3896.5,,trgw-0-2-9,,,
oname:hdstd_otype:lst_usecol:trgw-0-2-9_time:3926.5,0.0150731099999958,0.0,oname:hdstd_otype:lst_usecol:trgw-0-2-9,,,hdstd,lst,3926.5,,trgw-0-2-9,,,
oname:hdstd_otype:lst_usecol:trgw-0-2-9_time:3957.5,-0.0952135200000015,0.0,oname:hdstd_otype:lst_usecol:trgw-0-2-9,,,hdstd,lst,3957.5,,trgw-0-2-9,,,
oname:hdstd_otype:lst_usecol:trgw-0-2-9_time:3987.5,-0.1477964700000029,0.0,oname:hdstd_otype:lst_usecol:trgw-0-2-9,,,hdstd,lst,3987.5,,trgw-0-2-9,,,
oname:hdstd_otype:lst_usecol:trgw-0-2-9_time:4018.5,-0.1671317999999999,0.0,oname:hdstd_otype:lst_usecol:trgw-0-2-9,,,hdstd,lst,4018.5,,trgw-0-2-9,,,
oname:hdstd_otype:lst_usecol:trgw-0-2-9_time:4049.5,-0.1208404300000012,0.0,oname:hdstd_otype:lst_usecol:trgw-0-2-9,,,hdstd,lst,4049.5,,trgw-0-2-9,,,
oname:hdstd_otype:lst_usecol:trgw-0-2-9_time:4077.5,-0.0810185300000014,0.0,oname:hdstd_otype:lst_usecol:trgw-0-2-9,,,hdstd,lst,4077.5,,trgw-0-2-9,,,
oname:hdstd_otype:lst_usecol:trgw-0-2-9_time:4108.5,-0.0216465200000044,0.0,oname:hdstd_otype:lst_usecol:trgw-0-2-9,,,hdstd,lst,4108.5,,trgw-0-2-9,,,
oname:hdstd_otype:lst_usecol:trgw-0-2-9_time:4138.5,0.0787216499999985,0.0,oname:hdstd_otype:lst_usecol:trgw-0-2-9,,,hdstd,lst,4138.5,,trgw-0-2-9,,,
oname:hdstd_otype:lst_usecol:trgw-0-2-9_time:4169.5,0.1237499299999953,0.0,oname:hdstd_otype:lst_usecol:trgw-0-2-9,,,hdstd,lst,4169.5,,trgw-0-2-9,,,
oname:hdstd_otype:lst_usecol:trgw-0-2-9_time:4199.5,0.1191337099999998,0.0,oname:hdstd_otype:lst_usecol:trgw-0-2-9,,,hdstd,lst,4199.5,,trgw-0-2-9,,,
oname:hdstd_otype:lst_usecol:trgw-0-2-9_time:4230.5,0.0500161699999992,0.0,oname:hdstd_otype:lst_usecol:trgw-0-2-9,,,hdstd,lst,4230.5,,trgw-0-2-9,,,
oname:hdstd_otype:lst_usecol:trgw-0-2-9_time:4261.5,-0.0435008199999984,0.0,oname:hdstd_otype:lst_usecol:trgw-0-2-9,,,hdstd,lst,4261.5,,trgw-0-2-9,,,
oname:hdstd_otype:lst_usecol:trgw-0-2-9_time:4291.5,-0.1481184000000013,0.0,oname:hdstd_otype:lst_usecol:trgw-0-2-9,,,hdstd,lst,4291.5,,trgw-0-2-9,,,
oname:hdstd_otype:lst_usecol:trgw-0-2-9_time:4322.5,-0.2407193200000037,0.0,oname:hdstd_otype:lst_usecol:trgw-0-2-9,,,hdstd,lst,4322.5,,trgw-0-2-9,,,
oname:hdstd_otype:lst_usecol:trgw-0-2-9_time:4352.5,-0.2949521299999986,0.0,oname:hdstd_otype:lst_usecol:trgw-0-2-9,,,hdstd,lst,4352.5,,trgw-0-2-9,,,
oname:hdstd_otype:lst_usecol:trgw-0-2-9_time:4383.5,-0.2781553200000033,0.0,oname:hdstd_otype:lst_usecol:trgw-0-2-9,,,hdstd,lst,4383.5,,trgw-0-2-9,,,
oname:hdstd_otype:lst_usecol:trgw-0-21-10_time:3652.5,0.0,0.0,oname:hdstd_otype:lst_usecol:trgw-0-21-10,,,hdstd,lst,3652.5,,trgw-0-21-10,,,
oname:hdstd_otype:lst_usecol:trgw-0-21-10_time:3683.5,-0.0033041000000011,0.0,oname:hdstd_otype:lst_usecol:trgw-0-21-10,,,hdstd,lst,3683.5,,trgw-0-21-10,,,
oname:hdstd_otype:lst_usecol:trgw-0-21-10_time:3712.5,0.0229735099999999,0.0,oname:hdstd_otype:lst_usecol:trgw-0-21-10,,,hdstd,lst,3712.5,,trgw-0-21-10,,,
oname:hdstd_otype:lst_usecol:trgw-0-21-10_time:3743.5,0.1231905299999951,0.0,oname:hdstd_otype:lst_usecol:trgw-0-21-10,,,hdstd,lst,3743.5,,trgw-0-21-10,,,
oname:hdstd_otype:lst_usecol:trgw-0-21-10_time:3773.5,0.111131229999998,0.0,oname:hdstd_otype:lst_usecol:trgw-0-21-10,,,hdstd,lst,3773.5,,trgw-0-21-10,,,
oname:hdstd_otype:lst_usecol:trgw-0-21-10_time:3804.5,0.1537025700000001,0.0,oname:hdstd_otype:lst_usecol:trgw-0-21-10,,,hdstd,lst,3804.5,,trgw-0-21-10,,,
oname:hdstd_otype:lst_usecol:trgw-0-21-10_time:3834.5,0.1170172899999997,0.0,oname:hdstd_otype:lst_usecol:trgw-0-21-10,,,hdstd,lst,3834.5,,trgw-0-21-10,,,
oname:hdstd_otype:lst_usecol:trgw-0-21-10_time:3865.5,0.0555390500000001,0.0,oname:hdstd_otype:lst_usecol:trgw-0-21-10,,,hdstd,lst,3865.5,,trgw-0-21-10,,,
oname:hdstd_otype:lst_usecol:trgw-0-21-10_time:3896.5,-0.0513781900000012,0.0,oname:hdstd_otype:lst_usecol:trgw-0-21-10,,,hdstd,lst,3896.5,,trgw-0-21-10,,,
oname:hdstd_otype:lst_usecol:trgw-0-21-10_time:3926.5,-0.1443425700000062,0.0,oname:hdstd_otype:lst_usecol:trgw-0-21-10,,,hdstd,lst,3926.5,,trgw-0-21-10,,,
oname:hdstd_otype:lst_usecol:trgw-0-21-10_time:3957.5,-0.2226654200000055,0.0,oname:hdstd_otype:lst_usecol:trgw-0-21-10,,,hdstd,lst,3957.5,,trgw-0-21-10,,,
oname:hdstd_otype:lst_usecol:trgw-0-21-10_time:3987.5,-0.2889907000000065,0.0,oname:hdstd_otype:lst_usecol:trgw-0-21-10,,,hdstd,lst,3987.5,,trgw-0-21-10,,,
oname:hdstd_otype:lst_usecol:trgw-0-21-10_time:4018.5,-0.3424145700000025,0.0,oname:hdstd_otype:lst_usecol:trgw-0-21-10,,,hdstd,lst,4018.5,,trgw-0-21-10,,,
oname:hdstd_otype:lst_usecol:trgw-0-21-10_time:4049.5,-0.3210530000000062,0.0,oname:hdstd_otype:lst_usecol:trgw-0-21-10,,,hdstd,lst,4049.5,,trgw-0-21-10,,,
oname:hdstd_otype:lst_usecol:trgw-0-21-10_time:4077.5,-0.3003937200000024,0.0,oname:hdstd_otype:lst_usecol:trgw-0-21-10,,,hdstd,lst,4077.5,,trgw-0-21-10,,,
oname:hdstd_otype:lst_usecol:trgw-0-21-10_time:4108.5,-0.2608890700000046,0.0,oname:hdstd_otype:lst_usecol:trgw-0-21-10,,,hdstd,lst,4108.5,,trgw-0-21-10,,,
oname:hdstd_otype:lst_usecol:trgw-0-21-10_time:4138.5,-0.1841734800000054,0.0,oname:hdstd_otype:lst_usecol:trgw-0-21-10,,,hdstd,lst,4138.5,,trgw-0-21-10,,,
oname:hdstd_otype:lst_usecol:trgw-0-21-10_time:4169.5,-0.1644713900000027,0.0,oname:hdstd_otype:lst_usecol:trgw-0-21-10,,,hdstd,lst,4169.5,,trgw-0-21-10,,,
oname:hdstd_otype:lst_usecol:trgw-0-21-10_time:4199.5,-0.1847836100000037,0.0,oname:hdstd_otype:lst_usecol:trgw-0-21-10,,,hdstd,lst,4199.5,,trgw-0-21-10,,,
oname:hdstd_otype:lst_usecol:trgw-0-21-10_time:4230.5,-0.2570114400000065,0.0,oname:hdstd_otype:lst_usecol:trgw-0-21-10,,,hdstd,lst,4230.5,,trgw-0-21-10,,,
oname:hdstd_otype:lst_usecol:trgw-0-21-10_time:4261.5,-0.3400344500000045,0.0,oname:hdstd_otype:lst_usecol:trgw-0-21-10,,,hdstd,lst,4261.5,,trgw-0-21-10,,,
oname:hdstd_otype:lst_usecol:trgw-0-21-10_time:4291.5,-0.4243882500000069,0.0,oname:hdstd_otype:lst_usecol:trgw-0-21-10,,,hdstd,lst,4291.5,,trgw-0-21-10,,,
oname:hdstd_otype:lst_usecol:trgw-0-21-10_time:4322.5,-0.4956730800000031,0.0,oname:hdstd_otype:lst_usecol:trgw-0-21-10,,,hdstd,lst,4322.5,,trgw-0-21-10,,,
oname:hdstd_otype:lst_usecol:trgw-0-21-10_time:4352.5,-0.5353415800000008,0.0,oname:hdstd_otype:lst_usecol:trgw-0-21-10,,,hdstd,lst,4352.5,,trgw-0-21-10,,,
oname:hdstd_otype:lst_usecol:trgw-0-21-10_time:4383.5,-0.513108840000001,0.0,oname:hdstd_otype:lst_usecol:trgw-0-21-10,,,hdstd,lst,4383.5,,trgw-0-21-10,,,
oname:hdstd_otype:lst_usecol:trgw-0-22-15_time:3652.5,0.0,0.0,oname:hdstd_otype:lst_usecol:trgw-0-22-15,,,hdstd,lst,3652.5,,trgw-0-22-15,,,
oname:hdstd_otype:lst_usecol:trgw-0-22-15_time:3683.5,-0.0018098299999991,0.0,oname:hdstd_otype:lst_usecol:trgw-0-22-15,,,hdstd,lst,3683.5,,trgw-0-22-15,,,
oname:hdstd_otype:lst_usecol:trgw-0-22-15_time:3712.5,0.0194059000000024,0.0,oname:hdstd_otype:lst_usecol:trgw-0-22-15,,,hdstd,lst,3712.5,,trgw-0-22-15,,,
oname:hdstd_otype:lst_usecol:trgw-0-22-15_time:3743.5,0.0954974300000017,0.0,oname:hdstd_otype:lst_usecol:trgw-0-22-15,,,hdstd,lst,3743.5,,trgw-0-22-15,,,
oname:hdstd_otype:lst_usecol:trgw-0-22-15_time:3773.5,0.0736450400000023,0.0,oname:hdstd_otype:lst_usecol:trgw-0-22-15,,,hdstd,lst,3773.5,,trgw-0-22-15,,,
oname:hdstd_otype:lst_usecol:trgw-0-22-15_time:3804.5,0.1050748199999986,0.0,oname:hdstd_otype:lst_usecol:trgw-0-22-15,,,hdstd,lst,3804.5,,trgw-0-22-15,,,
oname:hdstd_otype:lst_usecol:trgw-0-22-15_time:3834.5,0.0703975999999997,0.0,oname:hdstd_otype:lst_usecol:trgw-0-22-15,,,hdstd,lst,3834.5,,trgw-0-22-15,,,
oname:hdstd_otype:lst_usecol:trgw-0-22-15_time:3865.5,0.0229698899999988,0.0,oname:hdstd_otype:lst_usecol:trgw-0-22-15,,,hdstd,lst,3865.5,,trgw-0-22-15,,,
oname:hdstd_otype:lst_usecol:trgw-0-22-15_time:3896.5,-0.0555420600000005,0.0,oname:hdstd_otype:lst_usecol:trgw-0-22-15,,,hdstd,lst,3896.5,,trgw-0-22-15,,,
oname:hdstd_otype:lst_usecol:trgw-0-22-15_time:3926.5,-0.1169607399999961,0.0,oname:hdstd_otype:lst_usecol:trgw-0-22-15,,,hdstd,lst,3926.5,,trgw-0-22-15,,,
oname:hdstd_otype:lst_usecol:trgw-0-22-15_time:3957.5,-0.165589599999997,0.0,oname:hdstd_otype:lst_usecol:trgw-0-22-15,,,hdstd,lst,3957.5,,trgw-0-22-15,,,
oname:hdstd_otype:lst_usecol:trgw-0-22-15_time:3987.5,-0.1858600799999976,0.0,oname:hdstd_otype:lst_usecol:trgw-0-22-15,,,hdstd,lst,3987.5,,trgw-0-22-15,,,
oname:hdstd_otype:lst_usecol:trgw-0-22-15_time:4018.5,-0.2246061299999979,0.0,oname:hdstd_otype:lst_usecol:trgw-0-22-15,,,hdstd,lst,4018.5,,trgw-0-22-15,,,
oname:hdstd_otype:lst_usecol:trgw-0-22-15_time:4049.5,-0.1999398800000023,0.0,oname:hdstd_otype:lst_usecol:trgw-0-22-15,,,hdstd,lst,4049.5,,trgw-0-22-15,,,
oname:hdstd_otype:lst_usecol:trgw-0-22-15_time:4077.5,-0.1830772399999958,0.0,oname:hdstd_otype:lst_usecol:trgw-0-22-15,,,hdstd,lst,4077.5,,trgw-0-22-15,,,
oname:hdstd_otype:lst_usecol:trgw-0-22-15_time:4108.5,-0.1530045499999985,0.0,oname:hdstd_otype:lst_usecol:trgw-0-22-15,,,hdstd,lst,4108.5,,trgw-0-22-15,,,
oname:hdstd_otype:lst_usecol:trgw-0-22-15_time:4138.5,-0.0962318500000023,0.0,oname:hdstd_otype:lst_usecol:trgw-0-22-15,,,hdstd,lst,4138.5,,trgw-0-22-15,,,
oname:hdstd_otype:lst_usecol:trgw-0-22-15_time:4169.5,-0.0908853199999981,0.0,oname:hdstd_otype:lst_usecol:trgw-0-22-15,,,hdstd,lst,4169.5,,trgw-0-22-15,,,
oname:hdstd_otype:lst_usecol:trgw-0-22-15_time:4199.5,-0.1113010599999952,0.0,oname:hdstd_otype:lst_usecol:trgw-0-22-15,,,hdstd,lst,4199.5,,trgw-0-22-15,,,
oname:hdstd_otype:lst_usecol:trgw-0-22-15_time:4230.5,-0.1685385899999971,0.0,oname:hdstd_otype:lst_usecol:trgw-0-22-15,,,hdstd,lst,4230.5,,trgw-0-22-15,,,
oname:hdstd_otype:lst_usecol:trgw-0-22-15_time:4261.5,-0.2271652299999971,0.0,oname:hdstd_otype:lst_usecol:trgw-0-22-15,,,hdstd,lst,4261.5,,trgw-0-22-15,,,
oname:hdstd_otype:lst_usecol:trgw-0-22-15_time:4291.5,-0.2841557699999981,0.0,oname:hdstd_otype:lst_usecol:trgw-0-22-15,,,hdstd,lst,4291.5,,trgw-0-22-15,,,
oname:hdstd_otype:lst_usecol:trgw-0-22-15_time:4322.5,-0.3294564999999991,0.0,oname:hdstd_otype:lst_usecol:trgw-0-22-15,,,hdstd,lst,4322.5,,trgw-0-22-15,,,
oname:hdstd_otype:lst_usecol:trgw-0-22-15_time:4352.5,-0.3512070600000001,0.0,oname:hdstd_otype:lst_usecol:trgw-0-22-15,,,hdstd,lst,4352.5,,trgw-0-22-15,,,
oname:hdstd_otype:lst_usecol:trgw-0-22-15_time:4383.5,-0.3269132799999994,0.0,oname:hdstd_otype:lst_usecol:trgw-0-22-15,,,hdstd,lst,4383.5,,trgw-0-22-15,,,
oname:hdstd_otype:lst_usecol:trgw-0-24-4_time:3652.5,0.0,0.0,oname:hdstd_otype:lst_usecol:trgw-0-24-4,,,hdstd,lst,3652.5,,trgw-0-24-4,,,
oname:hdstd_otype:lst_usecol:trgw-0-24-4_time:3683.5,0.014079070000001,0.0,oname:hdstd_otype:lst_usecol:trgw-0-24-4,,,hdstd,lst,3683.5,,trgw-0-24-4,,,
oname:hdstd_otype:lst_usecol:trgw-0-24-4_time:3712.5,0.0558078399999999,0.0,oname:hdstd_otype:lst_usecol:trgw-0-24-4,,,hdstd,lst,3712.5,,trgw-0-24-4,,,
oname:hdstd_otype:lst_usecol:trgw-0-24-4_time:3743.5,0.1901870200000033,0.0,oname:hdstd_otype:lst_usecol:trgw-0-24-4,,,hdstd,lst,3743.5,,trgw-0-24-4,,,
oname:hdstd_otype:lst_usecol:trgw-0-24-4_time:3773.5,0.1884007600000004,0.0,oname:hdstd_otype:lst_usecol:trgw-0-24-4,,,hdstd,lst,3773.5,,trgw-0-24-4,,,
oname:hdstd_otype:lst_usecol:trgw-0-24-4_time:3804.5,0.2496130900000039,0.0,oname:hdstd_otype:lst_usecol:trgw-0-24-4,,,hdstd,lst,3804.5,,trgw-0-24-4,,,
oname:hdstd_otype:lst_usecol:trgw-0-24-4_time:3834.5,0.2117298900000008,0.0,oname:hdstd_otype:lst_usecol:trgw-0-24-4,,,hdstd,lst,3834.5,,trgw-0-24-4,,,
oname:hdstd_otype:lst_usecol:trgw-0-24-4_time:3865.5,0.1369499700000034,0.0,oname:hdstd_otype:lst_usecol:trgw-0-24-4,,,hdstd,lst,3865.5,,trgw-0-24-4,,,
oname:hdstd_otype:lst_usecol:trgw-0-24-4_time:3896.5,-0.0006748999999999,0.0,oname:hdstd_otype:lst_usecol:trgw-0-24-4,,,hdstd,lst,3896.5,,trgw-0-24-4,,,
oname:hdstd_otype:lst_usecol:trgw-0-24-4_time:3926.5,-0.1274463600000004,0.0,oname:hdstd_otype:lst_usecol:trgw-0-24-4,,,hdstd,lst,3926.5,,trgw-0-24-4,,,
oname:hdstd_otype:lst_usecol:trgw-0-24-4_time:3957.5,-0.2395573499999983,0.0,oname:hdstd_otype:lst_usecol:trgw-0-24-4,,,hdstd,lst,3957.5,,trgw-0-24-4,,,
oname:hdstd_otype:lst_usecol:trgw-0-24-4_time:3987.5,-0.6265011399999949,0.0,oname:hdstd_otype:lst_usecol:trgw-0-24-4,,,hdstd,lst,3987.5,,trgw-0-24-4,,,
oname:hdstd_otype:lst_usecol:trgw-0-24-4_time:4018.5,-0.6653166699999957,0.0,oname:hdstd_otype:lst_usecol:trgw-0-24-4,,,hdstd,lst,4018.5,,trgw-0-24-4,,,
oname:hdstd_otype:lst_usecol:trgw-0-24-4_time:4049.5,-0.6484548899999965,0.0,oname:hdstd_otype:lst_usecol:trgw-0-24-4,,,hdstd,lst,4049.5,,trgw-0-24-4,,,
oname:hdstd_otype:lst_usecol:trgw-0-24-4_time:4077.5,-0.6271386199999966,0.0,oname:hdstd_otype:lst_usecol:trgw-0-24-4,,,hdstd,lst,4077.5,,trgw-0-24-4,,,
oname:hdstd_otype:lst_usecol:trgw-0-24-4_time:4108.5,-0.578779449999999,0.0,oname:hdstd_otype:lst_usecol:trgw-0-24-4,,,hdstd,lst,4108.5,,trgw-0-24-4,,,
oname:hdstd_otype:lst_usecol:trgw-0-24-4_time:4138.5,-0.4792753899999979,0.0,oname:hdstd_otype:lst_usecol:trgw-0-24-4,,,hdstd,lst,4138.5,,trgw-0-24-4,,,
oname:hdstd_otype:lst_usecol:trgw-0-24-4_time:4169.5,-0.4458876499999959,0.0,oname:hdstd_otype:lst_usecol:trgw-0-24-4,,,hdstd,lst,4169.5,,trgw-0-24-4,,,
oname:hdstd_otype:lst_usecol:trgw-0-24-4_time:4199.5,-0.4656561799999963,0.0,oname:hdstd_otype:lst_usecol:trgw-0-24-4,,,hdstd,lst,4199.5,,trgw-0-24-4,,,
oname:hdstd_otype:lst_usecol:trgw-0-24-4_time:4230.5,-0.5550985100000005,0.0,oname:hdstd_otype:lst_usecol:trgw-0-24-4,,,hdstd,lst,4230.5,,trgw-0-24-4,,,
oname:hdstd_otype:lst_usecol:trgw-0-24-4_time:4261.5,-0.66488047,0.0,oname:hdstd_otype:lst_usecol:trgw-0-24-4,,,hdstd,lst,4261.5,,trgw-0-24-4,,,
oname:hdstd_otype:lst_usecol:trgw-0-24-4_time:4291.5,-0.7807291299999974,0.0,oname:hdstd_otype:lst_usecol:trgw-0-24-4,,,hdstd,lst,4291.5,,trgw-0-24-4,,,
oname:hdstd_otype:lst_usecol:trgw-0-24-4_time:4322.5,-0.883855749999995,0.0,oname:hdstd_otype:lst_usecol:trgw-0-24-4,,,hdstd,lst,4322.5,,trgw-0-24-4,,,
oname:hdstd_otype:lst_usecol:trgw-0-24-4_time:4352.5,-0.9472249299999972,0.0,oname:hdstd_otype:lst_usecol:trgw-0-24-4,,,hdstd,lst,4352.5,,trgw-0-24-4,,,
oname:hdstd_otype:lst_usecol:trgw-0-24-4_time:4383.5,-0.9300194899999994,0.0,oname:hdstd_otype:lst_usecol:trgw-0-24-4,,,hdstd,lst,4383.5,,trgw-0-24-4,,,
oname:hdstd_otype:lst_usecol:trgw-0-26-6_time:3652.5,0.0,0.0,oname:hdstd_otype:lst_usecol:trgw-0-26-6,,,hdstd,lst,3652.5,,trgw-0-26-6,,,
oname:hdstd_otype:lst_usecol:trgw-0-26-6_time:3683.5,-1.4520000000572963e-05,0.0,oname:hdstd_otype:lst_usecol:trgw-0-26-6,,,hdstd,lst,3683.5,,trgw-0-26-6,,1.0,0.01
oname:hdstd_otype:lst_usecol:trgw-0-26-6_time:3712.5,0.0352881499999995,0.0,oname:hdstd_otype:lst_usecol:trgw-0-26-6,,,hdstd,lst,3712.5,,trgw-0-26-6,,1.0,0.01
oname:hdstd_otype:lst_usecol:trgw-0-26-6_time:3743.5,0.1588656999999997,0.0,oname:hdstd_otype:lst_usecol:trgw-0-26-6,,,hdstd,lst,3743.5,,trgw-0-26-6,,1.0,0.01
oname:hdstd_otype:lst_usecol:trgw-0-26-6_time:3773.5,0.146744009999999,0.0,oname:hdstd_otype:lst_usecol:trgw-0-26-6,,,hdstd,lst,3773.5,,trgw-0-26-6,,1.0,0.01
oname:hdstd_otype:lst_usecol:trgw-0-26-6_time:3804.5,0.2009194899999968,0.0,oname:hdstd_otype:lst_usecol:trgw-0-26-6,,,hdstd,lst,3804.5,,trgw-0-26-6,,1.0,0.01
oname:hdstd_otype:lst_usecol:trgw-0-26-6_time:3834.5,0.158462919999998,0.0,oname:hdstd_otype:lst_usecol:trgw-0-26-6,,,hdstd,lst,3834.5,,trgw-0-26-6,,1.0,0.01
oname:hdstd_otype:lst_usecol:trgw-0-26-6_time:3865.5,0.0859863799999942,0.0,oname:hdstd_otype:lst_usecol:trgw-0-26-6,,,hdstd,lst,3865.5,,trgw-0-26-6,,1.0,0.01
oname:hdstd_otype:lst_usecol:trgw-0-26-6_time:3896.5,-0.0425937700000034,0.0,oname:hdstd_otype:lst_usecol:trgw-0-26-6,,,hdstd,lst,3896.5,,trgw-0-26-6,,1.0,0.01
oname:hdstd_otype:lst_usecol:trgw-0-26-6_time:3926.5,-0.1555510600000005,0.0,oname:hdstd_otype:lst_usecol:trgw-0-26-6,,,hdstd,lst,3926.5,,trgw-0-26-6,,1.0,0.01
oname:hdstd_otype:lst_usecol:trgw-0-26-6_time:3957.5,-0.2522064500000027,0.0,oname:hdstd_otype:lst_usecol:trgw-0-26-6,,,hdstd,lst,3957.5,,trgw-0-26-6,,1.0,0.01
oname:hdstd_otype:lst_usecol:trgw-0-26-6_time:3987.5,-0.403109839999999,0.0,oname:hdstd_otype:lst_usecol:trgw-0-26-6,,,hdstd,lst,3987.5,,trgw-0-26-6,,1.0,0.01
oname:hdstd_otype:lst_usecol:trgw-0-26-6_time:4018.5,-0.4732598500000051,0.0,oname:hdstd_otype:lst_usecol:trgw-0-26-6,,,hdstd,lst,4018.5,,trgw-0-26-6,,1.0,0.01
oname:hdstd_otype:lst_usecol:trgw-0-26-6_time:4049.5,-0.4531033200000038,0.0,oname:hdstd_otype:lst_usecol:trgw-0-26-6,,,hdstd,lst,4049.5,,trgw-0-26-6,,,
oname:hdstd_otype:lst_usecol:trgw-0-26-6_time:4077.5,-0.4324039200000058,0.0,oname:hdstd_otype:lst_usecol:trgw-0-26-6,,,hdstd,lst,4077.5,,trgw-0-26-6,,,
oname:hdstd_otype:lst_usecol:trgw-0-26-6_time:4108.5,-0.3874372400000041,0.0,oname:hdstd_otype:lst_usecol:trgw-0-26-6,,,hdstd,lst,4108.5,,trgw-0-26-6,,,
oname:hdstd_otype:lst_usecol:trgw-0-26-6_time:4138.5,-0.2958005999999997,0.0,oname:hdstd_otype:lst_usecol:trgw-0-26-6,,,hdstd,lst,4138.5,,trgw-0-26-6,,,
oname:hdstd_otype:lst_usecol:trgw-0-26-6_time:4169.5,-0.2717396399999998,0.0,oname:hdstd_otype:lst_usecol:trgw-0-26-6,,,hdstd,lst,4169.5,,trgw-0-26-6,,,
oname:hdstd_otype:lst_usecol:trgw-0-26-6_time:4199.5,-0.2953042800000034,0.0,oname:hdstd_otype:lst_usecol:trgw-0-26-6,,,hdstd,lst,4199.5,,trgw-0-26-6,,,
oname:hdstd_otype:lst_usecol:trgw-0-26-6_time:4230.5,-0.3818151100000051,0.0,oname:hdstd_otype:lst_usecol:trgw-0-26-6,,,hdstd,lst,4230.5,,trgw-0-26-6,,,
oname:hdstd_otype:lst_usecol:trgw-0-26-6_time:4261.5,-0.4822730500000034,0.0,oname:hdstd_otype:lst_usecol:trgw-0-26-6,,,hdstd,lst,4261.5,,trgw-0-26-6,,,
oname:hdstd_otype:lst_usecol:trgw-0-26-6_time:4291.5,-0.585549670000006,0.0,oname:hdstd_otype:lst_usecol:trgw-0-26-6,,,hdstd,lst,4291.5,,trgw-0-26-6,,,
oname:hdstd_otype:lst_usecol:trgw-0-26-6_time:4322.5,-0.6772810000000007,0.0,oname:hdstd_otype:lst_usecol:trgw-0-26-6,,,hdstd,lst,4322.5,,trgw-0-26-6,,,
oname:hdstd_otype:lst_usecol:trgw-0-26-6_time:4352.5,-0.7329310800000002,0.0,oname:hdstd_otype:lst_usecol:trgw-0-26-6,,,hdstd,lst,4352.5,,trgw-0-26-6,,,
oname:hdstd_otype:lst_usecol:trgw-0-26-6_time:4383.5,-0.7123398900000026,0.0,oname:hdstd_otype:lst_usecol:trgw-0-26-6,,,hdstd,lst,4383.5,,trgw-0-26-6,,,
oname:hdstd_otype:lst_usecol:trgw-0-29-15_time:3652.5,0.0,0.0,oname:hdstd_otype:lst_usecol:trgw-0-29-15,,,hdstd,lst,3652.5,,trgw-0-29-15,,,
oname:hdstd_otype:lst_usecol:trgw-0-29-15_time:3683.5,0.0024634300000059,0.0,oname:hdstd_otype:lst_usecol:trgw-0-29-15,,,hdstd,lst,3683.5,,trgw-0-29-15,,,
oname:hdstd_otype:lst_usecol:trgw-0-29-15_time:3712.5,0.0174151100000017,0.0,oname:hdstd_otype:lst_usecol:trgw-0-29-15,,,hdstd,lst,3712.5,,trgw-0-29-15,,,
oname:hdstd_otype:lst_usecol:trgw-0-29-15_time:3743.5,0.0716431700000015,0.0,oname:hdstd_otype:lst_usecol:trgw-0-29-15,,,hdstd,lst,3743.5,,trgw-0-29-15,,,
oname:hdstd_otype:lst_usecol:trgw-0-29-15_time:3773.5,0.0584871699999993,0.0,oname:hdstd_otype:lst_usecol:trgw-0-29-15,,,hdstd,lst,3773.5,,trgw-0-29-15,,,
oname:hdstd_otype:lst_usecol:trgw-0-29-15_time:3804.5,0.0800588000000033,0.0,oname:hdstd_otype:lst_usecol:trgw-0-29-15,,,hdstd,lst,3804.5,,trgw-0-29-15,,,
oname:hdstd_otype:lst_usecol:trgw-0-29-15_time:3834.5,0.0574421100000037,0.0,oname:hdstd_otype:lst_usecol:trgw-0-29-15,,,hdstd,lst,3834.5,,trgw-0-29-15,,,
oname:hdstd_otype:lst_usecol:trgw-0-29-15_time:3865.5,0.0223058000000051,0.0,oname:hdstd_otype:lst_usecol:trgw-0-29-15,,,hdstd,lst,3865.5,,trgw-0-29-15,,,
oname:hdstd_otype:lst_usecol:trgw-0-29-15_time:3896.5,-0.034463389999999,0.0,oname:hdstd_otype:lst_usecol:trgw-0-29-15,,,hdstd,lst,3896.5,,trgw-0-29-15,,,
oname:hdstd_otype:lst_usecol:trgw-0-29-15_time:3926.5,-0.0799995699999982,0.0,oname:hdstd_otype:lst_usecol:trgw-0-29-15,,,hdstd,lst,3926.5,,trgw-0-29-15,,,
oname:hdstd_otype:lst_usecol:trgw-0-29-15_time:3957.5,-0.1166735799999969,0.0,oname:hdstd_otype:lst_usecol:trgw-0-29-15,,,hdstd,lst,3957.5,,trgw-0-29-15,,,
oname:hdstd_otype:lst_usecol:trgw-0-29-15_time:3987.5,-0.134202259999995,0.0,oname:hdstd_otype:lst_usecol:trgw-0-29-15,,,hdstd,lst,3987.5,,trgw-0-29-15,,,
oname:hdstd_otype:lst_usecol:trgw-0-29-15_time:4018.5,-0.1555157799999946,0.0,oname:hdstd_otype:lst_usecol:trgw-0-29-15,,,hdstd,lst,4018.5,,trgw-0-29-15,,,
oname:hdstd_otype:lst_usecol:trgw-0-29-15_time:4049.5,-0.1414986499999955,0.0,oname:hdstd_otype:lst_usecol:trgw-0-29-15,,,hdstd,lst,4049.5,,trgw-0-29-15,,,
oname:hdstd_otype:lst_usecol:trgw-0-29-15_time:4077.5,-0.1297300199999966,0.0,oname:hdstd_otype:lst_usecol:trgw-0-29-15,,,hdstd,lst,4077.5,,trgw-0-29-15,,,
oname:hdstd_otype:lst_usecol:trgw-0-29-15_time:4108.5,-0.1069759299999972,0.0,oname:hdstd_otype:lst_usecol:trgw-0-29-15,,,hdstd,lst,4108.5,,trgw-0-29-15,,,
oname:hdstd_otype:lst_usecol:trgw-0-29-15_time:4138.5,-0.0657956599999991,0.0,oname:hdstd_otype:lst_usecol:trgw-0-29-15,,,hdstd,lst,4138.5,,trgw-0-29-15,,,
oname:hdstd_otype:lst_usecol:trgw-0-29-15_time:4169.5,-0.061456849999999,0.0,oname:hdstd_otype:lst_usecol:trgw-0-29-15,,,hdstd,lst,4169.5,,trgw-0-29-15,,,
oname:hdstd_otype:lst_usecol:trgw-0-29-15_time:4199.5,-0.0742294799999996,0.0,oname:hdstd_otype:lst_usecol:trgw-0-29-15,,,hdstd,lst,4199.5,,trgw-0-29-15,,,
oname:hdstd_otype:lst_usecol:trgw-0-29-15_time:4230.5,-0.1161227300000007,0.0,oname:hdstd_otype:lst_usecol:trgw-0-29-15,,,hdstd,lst,4230.5,,trgw-0-29-15,,,
oname:hdstd_otype:lst_usecol:trgw-0-29-15_time:4261.5,-0.1598124199999944,0.0,oname:hdstd_otype:lst_usecol:trgw-0-29-15,,,hdstd,lst,4261.5,,trgw-0-29-15,,,
oname:hdstd_otype:lst_usecol:trgw-0-29-15_time:4291.5,-0.2032466399999961,0.0,oname:hdstd_otype:lst_usecol:trgw-0-29-15,,,hdstd,lst,4291.5,,trgw-0-29-15,,,
oname:hdstd_otype:lst_usecol:trgw-0-29-15_time:4322.5,-0.2540461699999952,0.0,oname:hdstd_otype:lst_usecol:trgw-0-29-15,,,hdstd,lst,4322.5,,trgw-0-29-15,,,
oname:hdstd_otype:lst_usecol:trgw-0-29-15_time:4352.5,-0.2937465099999983,0.0,oname:hdstd_otype:lst_usecol:trgw-0-29-15,,,hdstd,lst,4352.5,,trgw-0-29-15,,,
oname:hdstd_otype:lst_usecol:trgw-0-29-15_time:4383.5,-0.2898788899999971,0.0,oname:hdstd_otype:lst_usecol:trgw-0-29-15,,,hdstd,lst,4383.5,,trgw-0-29-15,,,
oname:hdstd_otype:lst_usecol:trgw-0-3-8_time:3652.5,0.0,0.0,oname:hdstd_otype:lst_usecol:trgw-0-3-8,,,hdstd,lst,3652.5,,trgw-0-3-8,,,
oname:hdstd_otype:lst_usecol:trgw-0-3-8_time:3683.5,0.0536080600000019,0.0,oname:hdstd_otype:lst_usecol:trgw-0-3-8,,,hdstd,lst,3683.5,,trgw-0-3-8,,1.0,0.01
oname:hdstd_otype:lst_usecol:trgw-0-3-8_time:3712.5,0.1235092400000041,0.0,oname:hdstd_otype:lst_usecol:trgw-0-3-8,,,hdstd,lst,3712.5,,trgw-0-3-8,,1.0,0.01
oname:hdstd_otype:lst_usecol:trgw-0-3-8_time:3743.5,0.2837505399999998,0.0,oname:hdstd_otype:lst_usecol:trgw-0-3-8,,,hdstd,lst,3743.5,,trgw-0-3-8,,1.0,0.01
oname:hdstd_otype:lst_usecol:trgw-0-3-8_time:3773.5,0.3005146799999991,0.0,oname:hdstd_otype:lst_usecol:trgw-0-3-8,,,hdstd,lst,3773.5,,trgw-0-3-8,,1.0,0.01
oname:hdstd_otype:lst_usecol:trgw-0-3-8_time:3804.5,0.3815730900000034,0.0,oname:hdstd_otype:lst_usecol:trgw-0-3-8,,,hdstd,lst,3804.5,,trgw-0-3-8,,1.0,0.01
oname:hdstd_otype:lst_usecol:trgw-0-3-8_time:3834.5,0.3555352800000051,0.0,oname:hdstd_otype:lst_usecol:trgw-0-3-8,,,hdstd,lst,3834.5,,trgw-0-3-8,,1.0,0.01
oname:hdstd_otype:lst_usecol:trgw-0-3-8_time:3865.5,0.2888594799999993,0.0,oname:hdstd_otype:lst_usecol:trgw-0-3-8,,,hdstd,lst,3865.5,,trgw-0-3-8,,1.0,0.01
oname:hdstd_otype:lst_usecol:trgw-0-3-8_time:3896.5,0.1510141700000034,0.0,oname:hdstd_otype:lst_usecol:trgw-0-3-8,,,hdstd,lst,3896.5,,trgw-0-3-8,,1.0,0.01
oname:hdstd_otype:lst_usecol:trgw-0-3-8_time:3926.5,0.0176583699999994,0.0,oname:hdstd_otype:lst_usecol:trgw-0-3-8,,,hdstd,lst,3926.5,,trgw-0-3-8,,1.0,0.01
oname:hdstd_otype:lst_usecol:trgw-0-3-8_time:3957.5,-0.1072343800000013,0.0,oname:hdstd_otype:lst_usecol:trgw-0-3-8,,,hdstd,lst,3957.5,,trgw-0-3-8,,1.0,0.01
oname:hdstd_otype:lst_usecol:trgw-0-3-8_time:3987.5,-0.1645744899999996,0.0,oname:hdstd_otype:lst_usecol:trgw-0-3-8,,,hdstd,lst,3987.5,,trgw-0-3-8,,1.0,0.01
oname:hdstd_otype:lst_usecol:trgw-0-3-8_time:4018.5,-0.1851688100000004,0.0,oname:hdstd_otype:lst_usecol:trgw-0-3-8,,,hdstd,lst,4018.5,,trgw-0-3-8,,1.0,0.01
oname:hdstd_otype:lst_usecol:trgw-0-3-8_time:4049.5,-0.1299271399999995,0.0,oname:hdstd_otype:lst_usecol:trgw-0-3-8,,,hdstd,lst,4049.5,,trgw-0-3-8,,,
oname:hdstd_otype:lst_usecol:trgw-0-3-8_time:4077.5,-0.0846118599999954,0.0,oname:hdstd_otype:lst_usecol:trgw-0-3-8,,,hdstd,lst,4077.5,,trgw-0-3-8,,,
oname:hdstd_otype:lst_usecol:trgw-0-3-8_time:4108.5,-0.0166982699999991,0.0,oname:hdstd_otype:lst_usecol:trgw-0-3-8,,,hdstd,lst,4108.5,,trgw-0-3-8,,,
oname:hdstd_otype:lst_usecol:trgw-0-3-8_time:4138.5,0.0991326900000046,0.0,oname:hdstd_otype:lst_usecol:trgw-0-3-8,,,hdstd,lst,4138.5,,trgw-0-3-8,,,
oname:hdstd_otype:lst_usecol:trgw-0-3-8_time:4169.5,0.1478978700000013,0.0,oname:hdstd_otype:lst_usecol:trgw-0-3-8,,,hdstd,lst,4169.5,,trgw-0-3-8,,,
oname:hdstd_otype:lst_usecol:trgw-0-3-8_time:4199.5,0.1400761499999987,0.0,oname:hdstd_otype:lst_usecol:trgw-0-3-8,,,hdstd,lst,4199.5,,trgw-0-3-8,,,
oname:hdstd_otype:lst_usecol:trgw-0-3-8_time:4230.5,0.0582619999999991,0.0,oname:hdstd_otype:lst_usecol:trgw-0-3-8,,,hdstd,lst,4230.5,,trgw-0-3-8,,,
oname:hdstd_otype:lst_usecol:trgw-0-3-8_time:4261.5,-0.0496239399999964,0.0,oname:hdstd_otype:lst_usecol:trgw-0-3-8,,,hdstd,lst,4261.5,,trgw-0-3-8,,,
oname:hdstd_otype:lst_usecol:trgw-0-3-8_time:4291.5,-0.1694330199999996,0.0,oname:hdstd_otype:lst_usecol:trgw-0-3-8,,,hdstd,lst,4291.5,,trgw-0-3-8,,,
oname:hdstd_otype:lst_usecol:trgw-0-3-8_time:4322.5,-0.2742087700000013,0.0,oname:hdstd_otype:lst_usecol:trgw-0-3-8,,,hdstd,lst,4322.5,,trgw-0-3-8,,,
oname:hdstd_otype:lst_usecol:trgw-0-3-8_time:4352.5,-0.3342498599999999,0.0,oname:hdstd_otype:lst_usecol:trgw-0-3-8,,,hdstd,lst,4352.5,,trgw-0-3-8,,,
oname:hdstd_otype:lst_usecol:trgw-0-3-8_time:4383.5,-0.311714969999997,0.0,oname:hdstd_otype:lst_usecol:trgw-0-3-8,,,hdstd,lst,4383.5,,trgw-0-3-8,,,
oname:hdstd_otype:lst_usecol:trgw-0-33-7_time:3652.5,0.0,0.0,oname:hdstd_otype:lst_usecol:trgw-0-33-7,,,hdstd,lst,3652.5,,trgw-0-33-7,,,
oname:hdstd_otype:lst_usecol:trgw-0-33-7_time:3683.5,-0.000448679999998,0.0,oname:hdstd_otype:lst_usecol:trgw-0-33-7,,,hdstd,lst,3683.5,,trgw-0-33-7,,,
oname:hdstd_otype:lst_usecol:trgw-0-33-7_time:3712.5,0.0255000499999979,0.0,oname:hdstd_otype:lst_usecol:trgw-0-33-7,,,hdstd,lst,3712.5,,trgw-0-33-7,,,
oname:hdstd_otype:lst_usecol:trgw-0-33-7_time:3743.5,0.1199415999999971,0.0,oname:hdstd_otype:lst_usecol:trgw-0-33-7,,,hdstd,lst,3743.5,,trgw-0-33-7,,,
oname:hdstd_otype:lst_usecol:trgw-0-33-7_time:3773.5,0.1079673099999993,0.0,oname:hdstd_otype:lst_usecol:trgw-0-33-7,,,hdstd,lst,3773.5,,trgw-0-33-7,,,
oname:hdstd_otype:lst_usecol:trgw-0-33-7_time:3804.5,0.1468430899999973,0.0,oname:hdstd_otype:lst_usecol:trgw-0-33-7,,,hdstd,lst,3804.5,,trgw-0-33-7,,,
oname:hdstd_otype:lst_usecol:trgw-0-33-7_time:3834.5,0.111618380000003,0.0,oname:hdstd_otype:lst_usecol:trgw-0-33-7,,,hdstd,lst,3834.5,,trgw-0-33-7,,,
oname:hdstd_otype:lst_usecol:trgw-0-33-7_time:3865.5,0.0528376199999982,0.0,oname:hdstd_otype:lst_usecol:trgw-0-33-7,,,hdstd,lst,3865.5,,trgw-0-33-7,,,
oname:hdstd_otype:lst_usecol:trgw-0-33-7_time:3896.5,-0.0479130200000028,0.0,oname:hdstd_otype:lst_usecol:trgw-0-33-7,,,hdstd,lst,3896.5,,trgw-0-33-7,,,
oname:hdstd_otype:lst_usecol:trgw-0-33-7_time:3926.5,-0.1347028499999965,0.0,oname:hdstd_otype:lst_usecol:trgw-0-33-7,,,hdstd,lst,3926.5,,trgw-0-33-7,,,
oname:hdstd_otype:lst_usecol:trgw-0-33-7_time:3957.5,-0.2070861300000004,0.0,oname:hdstd_otype:lst_usecol:trgw-0-33-7,,,hdstd,lst,3957.5,,trgw-0-33-7,,,
oname:hdstd_otype:lst_usecol:trgw-0-33-7_time:3987.5,-0.2611144899999971,0.0,oname:hdstd_otype:lst_usecol:trgw-0-33-7,,,hdstd,lst,3987.5,,trgw-0-33-7,,,
oname:hdstd_otype:lst_usecol:trgw-0-33-7_time:4018.5,-0.3228462100000016,0.0,oname:hdstd_otype:lst_usecol:trgw-0-33-7,,,hdstd,lst,4018.5,,trgw-0-33-7,,,
oname:hdstd_otype:lst_usecol:trgw-0-33-7_time:4049.5,-0.3093610800000022,0.0,oname:hdstd_otype:lst_usecol:trgw-0-33-7,,,hdstd,lst,4049.5,,trgw-0-33-7,,,
oname:hdstd_otype:lst_usecol:trgw-0-33-7_time:4077.5,-0.2932389999999998,0.0,oname:hdstd_otype:lst_usecol:trgw-0-33-7,,,hdstd,lst,4077.5,,trgw-0-33-7,,,
oname:hdstd_otype:lst_usecol:trgw-0-33-7_time:4108.5,-0.2580209799999977,0.0,oname:hdstd_otype:lst_usecol:trgw-0-33-7,,,hdstd,lst,4108.5,,trgw-0-33-7,,,
oname:hdstd_otype:lst_usecol:trgw-0-33-7_time:4138.5,-0.1872791799999973,0.0,oname:hdstd_otype:lst_usecol:trgw-0-33-7,,,hdstd,lst,4138.5,,trgw-0-33-7,,,
oname:hdstd_otype:lst_usecol:trgw-0-33-7_time:4169.5,-0.1706977500000022,0.0,oname:hdstd_otype:lst_usecol:trgw-0-33-7,,,hdstd,lst,4169.5,,trgw-0-33-7,,,
oname:hdstd_otype:lst_usecol:trgw-0-33-7_time:4199.5,-0.1909411999999974,0.0,oname:hdstd_otype:lst_usecol:trgw-0-33-7,,,hdstd,lst,4199.5,,trgw-0-33-7,,,
oname:hdstd_otype:lst_usecol:trgw-0-33-7_time:4230.5,-0.2602233300000023,0.0,oname:hdstd_otype:lst_usecol:trgw-0-33-7,,,hdstd,lst,4230.5,,trgw-0-33-7,,,
oname:hdstd_otype:lst_usecol:trgw-0-33-7_time:4261.5,-0.3390158999999997,0.0,oname:hdstd_otype:lst_usecol:trgw-0-33-7,,,hdstd,lst,4261.5,,trgw-0-33-7,,,
oname:hdstd_otype:lst_usecol:trgw-0-33-7_time:4291.5,-0.41871218,0.0,oname:hdstd_otype:lst_usecol:trgw-0-33-7,,,hdstd,lst,4291.5,,trgw-0-33-7,,,
oname:hdstd_otype:lst_usecol:trgw-0-33-7_time:4322.5,-0.5027338599999993,0.0,oname:hdstd_otype:lst_usecol:trgw-0-33-7,,,hdstd,lst,4322.5,,trgw-0-33-7,,,
oname:hdstd_otype:lst_usecol:trgw-0-33-7_time:4352.5,-0.5615256700000018,0.0,oname:hdstd_otype:lst_usecol:trgw-0-33-7,,,hdstd,lst,4352.5,,trgw-0-33-7,,,
oname:hdstd_otype:lst_usecol:trgw-0-33-7_time:4383.5,-0.553311469999997,0.0,oname:hdstd_otype:lst_usecol:trgw-0-33-7,,,hdstd,lst,4383.5,,trgw-0-33-7,,,
oname:hdstd_otype:lst_usecol:trgw-0-34-10_time:3652.5,0.0,0.0,oname:hdstd_otype:lst_usecol:trgw-0-34-10,,,hdstd,lst,3652.5,,trgw-0-34-10,,,
oname:hdstd_otype:lst_usecol:trgw-0-34-10_time:3683.5,-0.0106003699999988,0.0,oname:hdstd_otype:lst_usecol:trgw-0-34-10,,,hdstd,lst,3683.5,,trgw-0-34-10,,,
oname:hdstd_otype:lst_usecol:trgw-0-34-10_time:3712.5,0.0089122400000007,0.0,oname:hdstd_otype:lst_usecol:trgw-0-34-10,,,hdstd,lst,3712.5,,trgw-0-34-10,,,
oname:hdstd_otype:lst_usecol:trgw-0-34-10_time:3743.5,0.0842852600000014,0.0,oname:hdstd_otype:lst_usecol:trgw-0-34-10,,,hdstd,lst,3743.5,,trgw-0-34-10,,,
oname:hdstd_otype:lst_usecol:trgw-0-34-10_time:3773.5,0.0745349699999948,0.0,oname:hdstd_otype:lst_usecol:trgw-0-34-10,,,hdstd,lst,3773.5,,trgw-0-34-10,,,
oname:hdstd_otype:lst_usecol:trgw-0-34-10_time:3804.5,0.1048370600000012,0.0,oname:hdstd_otype:lst_usecol:trgw-0-34-10,,,hdstd,lst,3804.5,,trgw-0-34-10,,,
oname:hdstd_otype:lst_usecol:trgw-0-34-10_time:3834.5,0.0766958899999963,0.0,oname:hdstd_otype:lst_usecol:trgw-0-34-10,,,hdstd,lst,3834.5,,trgw-0-34-10,,,
oname:hdstd_otype:lst_usecol:trgw-0-34-10_time:3865.5,0.0286689699999982,0.0,oname:hdstd_otype:lst_usecol:trgw-0-34-10,,,hdstd,lst,3865.5,,trgw-0-34-10,,,
oname:hdstd_otype:lst_usecol:trgw-0-34-10_time:3896.5,-0.0524590200000005,0.0,oname:hdstd_otype:lst_usecol:trgw-0-34-10,,,hdstd,lst,3896.5,,trgw-0-34-10,,,
oname:hdstd_otype:lst_usecol:trgw-0-34-10_time:3926.5,-0.1221208400000009,0.0,oname:hdstd_otype:lst_usecol:trgw-0-34-10,,,hdstd,lst,3926.5,,trgw-0-34-10,,,
oname:hdstd_otype:lst_usecol:trgw-0-34-10_time:3957.5,-0.1799461800000017,0.0,oname:hdstd_otype:lst_usecol:trgw-0-34-10,,,hdstd,lst,3957.5,,trgw-0-34-10,,,
oname:hdstd_otype:lst_usecol:trgw-0-34-10_time:3987.5,-0.2178060600000009,0.0,oname:hdstd_otype:lst_usecol:trgw-0-34-10,,,hdstd,lst,3987.5,,trgw-0-34-10,,,
oname:hdstd_otype:lst_usecol:trgw-0-34-10_time:4018.5,-0.2802866500000007,0.0,oname:hdstd_otype:lst_usecol:trgw-0-34-10,,,hdstd,lst,4018.5,,trgw-0-34-10,,,
oname:hdstd_otype:lst_usecol:trgw-0-34-10_time:4049.5,-0.2703994300000047,0.0,oname:hdstd_otype:lst_usecol:trgw-0-34-10,,,hdstd,lst,4049.5,,trgw-0-34-10,,,
oname:hdstd_otype:lst_usecol:trgw-0-34-10_time:4077.5,-0.256774870000001,0.0,oname:hdstd_otype:lst_usecol:trgw-0-34-10,,,hdstd,lst,4077.5,,trgw-0-34-10,,,
oname:hdstd_otype:lst_usecol:trgw-0-34-10_time:4108.5,-0.2274058300000021,0.0,oname:hdstd_otype:lst_usecol:trgw-0-34-10,,,hdstd,lst,4108.5,,trgw-0-34-10,,,
oname:hdstd_otype:lst_usecol:trgw-0-34-10_time:4138.5,-0.170126230000001,0.0,oname:hdstd_otype:lst_usecol:trgw-0-34-10,,,hdstd,lst,4138.5,,trgw-0-34-10,,,
oname:hdstd_otype:lst_usecol:trgw-0-34-10_time:4169.5,-0.1571826200000003,0.0,oname:hdstd_otype:lst_usecol:trgw-0-34-10,,,hdstd,lst,4169.5,,trgw-0-34-10,,,
oname:hdstd_otype:lst_usecol:trgw-0-34-10_time:4199.5,-0.1732644500000049,0.0,oname:hdstd_otype:lst_usecol:trgw-0-34-10,,,hdstd,lst,4199.5,,trgw-0-34-10,,,
oname:hdstd_otype:lst_usecol:trgw-0-34-10_time:4230.5,-0.2296014799999994,0.0,oname:hdstd_otype:lst_usecol:trgw-0-34-10,,,hdstd,lst,4230.5,,trgw-0-34-10,,,
oname:hdstd_otype:lst_usecol:trgw-0-34-10_time:4261.5,-0.2934452000000007,0.0,oname:hdstd_otype:lst_usecol:trgw-0-34-10,,,hdstd,lst,4261.5,,trgw-0-34-10,,,
oname:hdstd_otype:lst_usecol:trgw-0-34-10_time:4291.5,-0.3580901700000041,0.0,oname:hdstd_otype:lst_usecol:trgw-0-34-10,,,hdstd,lst,4291.5,,trgw-0-34-10,,,
oname:hdstd_otype:lst_usecol:trgw-0-34-10_time:4322.5,-0.4422131500000006,0.0,oname:hdstd_otype:lst_usecol:trgw-0-34-10,,,hdstd,lst,4322.5,,trgw-0-34-10,,,
oname:hdstd_otype:lst_usecol:trgw-0-34-10_time:4352.5,-0.5065911000000014,0.0,oname:hdstd_otype:lst_usecol:trgw-0-34-10,,,hdstd,lst,4352.5,,trgw-0-34-10,,,
oname:hdstd_otype:lst_usecol:trgw-0-34-10_time:4383.5,-0.5065643400000042,0.0,oname:hdstd_otype:lst_usecol:trgw-0-34-10,,,hdstd,lst,4383.5,,trgw-0-34-10,,,
oname:hdstd_otype:lst_usecol:trgw-0-9-1_time:3652.5,0.0,0.0,oname:hdstd_otype:lst_usecol:trgw-0-9-1,,,hdstd,lst,3652.5,,trgw-0-9-1,,,
oname:hdstd_otype:lst_usecol:trgw-0-9-1_time:3683.5,0.0784695799999966,0.0,oname:hdstd_otype:lst_usecol:trgw-0-9-1,,,hdstd,lst,3683.5,,trgw-0-9-1,,,
oname:hdstd_otype:lst_usecol:trgw-0-9-1_time:3712.5,0.1890903799999961,0.0,oname:hdstd_otype:lst_usecol:trgw-0-9-1,,,hdstd,lst,3712.5,,trgw-0-9-1,,,
oname:hdstd_otype:lst_usecol:trgw-0-9-1_time:3743.5,0.4427585199999981,0.0,oname:hdstd_otype:lst_usecol:trgw-0-9-1,,,hdstd,lst,3743.5,,trgw-0-9-1,,,
oname:hdstd_otype:lst_usecol:trgw-0-9-1_time:3773.5,0.4794638199999994,0.0,oname:hdstd_otype:lst_usecol:trgw-0-9-1,,,hdstd,lst,3773.5,,trgw-0-9-1,,,
oname:hdstd_otype:lst_usecol:trgw-0-9-1_time:3804.5,0.6119648699999942,0.0,oname:hdstd_otype:lst_usecol:trgw-0-9-1,,,hdstd,lst,3804.5,,trgw-0-9-1,,,
oname:hdstd_otype:lst_usecol:trgw-0-9-1_time:3834.5,0.5804542299999937,0.0,oname:hdstd_otype:lst_usecol:trgw-0-9-1,,,hdstd,lst,3834.5,,trgw-0-9-1,,,
oname:hdstd_otype:lst_usecol:trgw-0-9-1_time:3865.5,0.4814413399999964,0.0,oname:hdstd_otype:lst_usecol:trgw-0-9-1,,,hdstd,lst,3865.5,,trgw-0-9-1,,,
oname:hdstd_otype:lst_usecol:trgw-0-9-1_time:3896.5,0.2683273699999944,0.0,oname:hdstd_otype:lst_usecol:trgw-0-9-1,,,hdstd,lst,3896.5,,trgw-0-9-1,,,
oname:hdstd_otype:lst_usecol:trgw-0-9-1_time:3926.5,0.0562482699999975,0.0,oname:hdstd_otype:lst_usecol:trgw-0-9-1,,,hdstd,lst,3926.5,,trgw-0-9-1,,,
oname:hdstd_otype:lst_usecol:trgw-0-9-1_time:3957.5,-0.1470581100000032,0.0,oname:hdstd_otype:lst_usecol:trgw-0-9-1,,,hdstd,lst,3957.5,,trgw-0-9-1,,,
oname:hdstd_otype:lst_usecol:trgw-0-9-1_time:3987.5,-0.2544139900000033,0.0,oname:hdstd_otype:lst_usecol:trgw-0-9-1,,,hdstd,lst,3987.5,,trgw-0-9-1,,,
oname:hdstd_otype:lst_usecol:trgw-0-9-1_time:4018.5,-0.3085000200000038,0.0,oname:hdstd_otype:lst_usecol:trgw-0-9-1,,,hdstd,lst,4018.5,,trgw-0-9-1,,,
oname:hdstd_otype:lst_usecol:trgw-0-9-1_time:4049.5,-0.2428231700000012,0.0,oname:hdstd_otype:lst_usecol:trgw-0-9-1,,,hdstd,lst,4049.5,,trgw-0-9-1,,,
oname:hdstd_otype:lst_usecol:trgw-0-9-1_time:4077.5,-0.1844209500000033,0.0,oname:hdstd_otype:lst_usecol:trgw-0-9-1,,,hdstd,lst,4077.5,,trgw-0-9-1,,,
oname:hdstd_otype:lst_usecol:trgw-0-9-1_time:4108.5,-0.0868129199999998,0.0,oname:hdstd_otype:lst_usecol:trgw-0-9-1,,,hdstd,lst,4108.5,,trgw-0-9-1,,,
oname:hdstd_otype:lst_usecol:trgw-0-9-1_time:4138.5,0.0897166999999967,0.0,oname:hdstd_otype:lst_usecol:trgw-0-9-1,,,hdstd,lst,4138.5,,trgw-0-9-1,,,
oname:hdstd_otype:lst_usecol:trgw-0-9-1_time:4169.5,0.1681785799999957,0.0,oname:hdstd_otype:lst_usecol:trgw-0-9-1,,,hdstd,lst,4169.5,,trgw-0-9-1,,,
oname:hdstd_otype:lst_usecol:trgw-0-9-1_time:4199.5,0.1599216899999973,0.0,oname:hdstd_otype:lst_usecol:trgw-0-9-1,,,hdstd,lst,4199.5,,trgw-0-9-1,,,
oname:hdstd_otype:lst_usecol:trgw-0-9-1_time:4230.5,0.0352646099999987,0.0,oname:hdstd_otype:lst_usecol:trgw-0-9-1,,,hdstd,lst,4230.5,,trgw-0-9-1,,,
oname:hdstd_otype:lst_usecol:trgw-0-9-1_time:4261.5,-0.1343483500000033,0.0,oname:hdstd_otype:lst_usecol:trgw-0-9-1,,,hdstd,lst,4261.5,,trgw-0-9-1,,,
oname:hdstd_otype:lst_usecol:trgw-0-9-1_time:4291.5,-0.326346920000006,0.0,oname:hdstd_otype:lst_usecol:trgw-0-9-1,,,hdstd,lst,4291.5,,trgw-0-9-1,,,
oname:hdstd_otype:lst_usecol:trgw-0-9-1_time:4322.5,-0.4991786300000029,0.0,oname:hdstd_otype:lst_usecol:trgw-0-9-1,,,hdstd,lst,4322.5,,trgw-0-9-1,,,
oname:hdstd_otype:lst_usecol:trgw-0-9-1_time:4352.5,-0.6042146300000013,0.0,oname:hdstd_otype:lst_usecol:trgw-0-9-1,,,hdstd,lst,4352.5,,trgw-0-9-1,,,
oname:hdstd_otype:lst_usecol:trgw-0-9-1_time:4383.5,-0.5806823600000044,0.0,oname:hdstd_otype:lst_usecol:trgw-0-9-1,,,hdstd,lst,4383.5,,trgw-0-9-1,,,
part_status,5.0,0.0,part,,,,,,,,,,
part_time,16544.64135,0.0,part,,,,,,,,,,
