   1.416877E-04    1.518054E-04    1.447862E-04    1.458368E-04    1.460990E-04    1.516476E-04    1.515996E-04    1.420847E-04    1.470895E-04    1.412499E-04    1.519389E-04    1.573057E-04    1.718732E-04    1.806558E-04    1.807641E-04    1.587711E-04    1.734280E-04    1.686076E-04    1.614916E-04    1.536021E-04
   1.537997E-04    1.621147E-04    1.535077E-04    1.511759E-04    1.507669E-04    1.404130E-04    1.462349E-04    1.408479E-04    1.358719E-04    1.472810E-04    1.507155E-04    1.485921E-04    1.455053E-04    1.603246E-04    1.759705E-04    1.534025E-04    1.632094E-04    1.623824E-04    1.657579E-04    1.615971E-04
   1.571820E-04    1.626645E-04    1.687827E-04    1.540019E-04    1.325878E-04    1.375819E-04    1.381899E-04    1.454825E-04    1.378897E-04    1.512961E-04    1.522232E-04    1.500090E-04    1.380717E-04    1.495844E-04    1.506753E-04    1.480614E-04    1.586138E-04    1.665466E-04    1.600484E-04    1.577625E-04
   1.532863E-04    1.620403E-04    1.527780E-04    1.338793E-04    1.234360E-04    1.283356E-04    1.305863E-04    1.408924E-04    1.458442E-04    1.349117E-04    1.392767E-04    1.386447E-04    1.330761E-04    1.335190E-04    1.343990E-04    1.499372E-04    1.423882E-04    1.456903E-04    1.540459E-04    1.483479E-04
   1.458141E-04    1.446716E-04    1.435131E-04    1.347921E-04    1.309736E-04    1.313199E-04    1.325522E-04    1.402267E-04    1.271632E-04    1.224658E-04    1.343473E-04    1.370217E-04    1.365303E-04    1.413257E-04    1.362274E-04    1.395038E-04    1.429016E-04    1.329609E-04    1.387408E-04    1.370265E-04
   1.439115E-04    1.430237E-04    1.335438E-04    1.342465E-04    1.453657E-04    1.288801E-04    1.368616E-04    1.259649E-04    1.254045E-04    1.380326E-04    1.430206E-04    1.423828E-04    1.453889E-04    1.487423E-04    1.261958E-04    1.246124E-04    1.221801E-04    1.307196E-04    1.328037E-04    1.305272E-04
   1.404917E-04    1.315969E-04    1.359556E-04    1.245200E-04    1.241834E-04    1.294024E-04    1.262359E-04    1.241523E-04    1.314076E-04    1.428852E-04    1.407033E-04    1.407627E-04    1.386884E-04    1.403016E-04    1.254169E-04    1.194609E-04    1.210169E-04    1.241414E-04    1.241249E-04    1.177451E-04
   1.341316E-04    1.257918E-04    1.314291E-04    1.272819E-04    1.284523E-04    1.342432E-04    1.312781E-04    1.264808E-04    1.335941E-04    1.442838E-04    1.416131E-04    1.480040E-04    1.418236E-04    1.333720E-04    1.297462E-04    1.293134E-04    1.269775E-04    1.246500E-04    1.240738E-04    1.234152E-04
   1.152901E-04    1.135337E-04    1.211588E-04    1.294874E-04    1.445639E-04    1.445639E-04    1.445639E-04    1.397571E-04    1.446912E-04    1.499656E-04    1.460394E-04    1.534083E-04    1.378975E-04    1.320329E-04    1.242346E-04    1.113039E-04    1.112158E-04    1.269804E-04    1.180591E-04    1.148951E-04
   1.159437E-04    1.238777E-04    1.280880E-04    1.374491E-04    1.445639E-04    1.445639E-04    1.445639E-04    1.445639E-04    1.491964E-04    1.543922E-04    1.476163E-04    1.413239E-04    1.253449E-04    1.281820E-04    1.192245E-04    1.197221E-04    1.160079E-04    1.202829E-04    1.179951E-04    1.279203E-04
   1.059831E-04    1.205066E-04    1.326529E-04    1.496709E-04    1.445639E-04    1.445639E-04    1.445639E-04    1.445639E-04    1.405590E-04    1.430340E-04    1.567012E-04    1.423144E-04    1.337438E-04    1.332725E-04    1.328378E-04    1.268683E-04    1.173362E-04    1.116027E-04    1.102117E-04    1.125311E-04
   1.176342E-04    1.296890E-04    1.413527E-04    1.604308E-04    1.445639E-04    1.445639E-04    1.445639E-04    1.445639E-04    1.427633E-04    1.413568E-04    1.475002E-04    1.332898E-04    1.250787E-04    1.279154E-04    1.364886E-04    1.307964E-04    1.154235E-04    1.175201E-04    1.059899E-04    1.103195E-04
   1.281702E-04    1.277979E-04    1.400487E-04    1.462994E-04    1.445639E-04    1.445639E-04    1.445639E-04    1.445639E-04    1.363817E-04    1.357061E-04    1.337258E-04    1.411384E-04    1.379035E-04    1.399945E-04    1.387170E-04    1.160397E-04    1.162431E-04    1.154943E-04    1.183005E-04    1.143844E-04
   1.446345E-04    1.291489E-04    1.384109E-04    1.453505E-04    1.445639E-04    1.445639E-04    1.445639E-04    1.445639E-04    1.540547E-04    1.466214E-04    1.391508E-04    1.453978E-04    1.461253E-04    1.388973E-04    1.444263E-04    1.256242E-04    1.200544E-04    1.259396E-04    1.218211E-04    1.283435E-04
   1.524626E-04    1.326247E-04    1.349698E-04    1.361019E-04    1.445639E-04    1.445639E-04    1.445639E-04    1.445639E-04    1.523736E-04    1.527934E-04    1.428838E-04    1.409016E-04    1.544959E-04    1.535101E-04    1.494559E-04    1.401863E-04    1.269111E-04    1.313821E-04    1.284617E-04    1.358286E-04
   1.463753E-04    1.457120E-04    1.458875E-04    1.567171E-04    1.445639E-04    1.445639E-04    1.445639E-04    1.445639E-04    1.597044E-04    1.425193E-04    1.453135E-04    1.496122E-04    1.679532E-04    1.483732E-04    1.451799E-04    1.461299E-04    1.402881E-04    1.410840E-04    1.420146E-04    1.381198E-04
   1.492679E-04    1.516325E-04    1.448850E-04    1.550176E-04    1.445639E-04    1.445639E-04    1.445639E-04    1.445639E-04    1.474531E-04    1.506559E-04    1.688799E-04    1.627720E-04    1.619479E-04    1.401992E-04    1.370433E-04    1.353928E-04    1.419245E-04    1.393578E-04    1.406635E-04    1.400356E-04
   1.571508E-04    1.434049E-04    1.438948E-04    1.388128E-04    1.445639E-04    1.445639E-04    1.445639E-04    1.445639E-04    1.439806E-04    1.482832E-04    1.565645E-04    1.622031E-04    1.544369E-04    1.471209E-04    1.408919E-04    1.368887E-04    1.414404E-04    1.384878E-04    1.418747E-04    1.448084E-04
   1.489831E-04    1.479389E-04    1.376508E-04    1.361340E-04    1.445639E-04    1.445639E-04    1.445639E-04    1.445639E-04    1.379642E-04    1.420190E-04    1.544914E-04    1.584726E-04    1.524830E-04    1.443315E-04    1.524332E-04    1.304589E-04    1.366685E-04    1.409570E-04    1.457654E-04    1.497138E-04
   1.414961E-04    1.424458E-04    1.373152E-04    1.429155E-04    1.445639E-04    1.445639E-04    1.445639E-04    1.445639E-04    1.361926E-04    1.542424E-04    1.472400E-04    1.571545E-04    1.430036E-04    1.470815E-04    1.439829E-04    1.285521E-04    1.222805E-04    1.266330E-04    1.292237E-04    1.413862E-04
   1.382329E-04    1.442122E-04    1.426761E-04    1.563731E-04    1.445639E-04    1.445639E-04    1.445639E-04    1.445639E-04    1.457316E-04    1.540414E-04    1.605917E-04    1.613682E-04    1.534940E-04    1.603601E-04    1.395730E-04    1.192388E-04    1.205560E-04    1.321619E-04    1.257638E-04    1.233170E-04
   1.425028E-04    1.491257E-04    1.459181E-04    1.416964E-04    1.445639E-04    1.445639E-04    1.447674E-04    1.357131E-04    1.511942E-04    1.427929E-04    1.511504E-04    1.643428E-04    1.636267E-04    1.637012E-04    1.513477E-04    1.305413E-04    1.303342E-04    1.358632E-04    1.303818E-04    1.303272E-04
   1.313611E-04    1.540265E-04    1.524399E-04    1.328562E-04    1.389552E-04    1.445639E-04    1.504615E-04    1.526440E-04    1.395800E-04    1.522092E-04    1.539483E-04    1.504845E-04    1.562941E-04    1.488574E-04    1.459181E-04    1.376494E-04    1.408583E-04    1.428380E-04    1.389216E-04    1.280642E-04
   1.293284E-04    1.512210E-04    1.433381E-04    1.446105E-04    1.290374E-04    1.352334E-04    1.415176E-04    1.426907E-04    1.369204E-04    1.440735E-04    1.476030E-04    1.333218E-04    1.321774E-04    1.449542E-04    1.333308E-04    1.338200E-04    1.392637E-04    1.361270E-04    1.277577E-04    1.287240E-04
   1.344795E-04    1.351116E-04    1.293186E-04    1.392932E-04    1.322112E-04    1.434990E-04    1.346246E-04    1.435773E-04    1.310403E-04    1.346942E-04    1.444371E-04    1.385232E-04    1.477218E-04    1.377515E-04    1.341284E-04    1.194922E-04    1.202210E-04    1.260889E-04    1.238096E-04    1.170363E-04
   1.327701E-04    1.302338E-04    1.292644E-04    1.269356E-04    1.377757E-04    1.369563E-04    1.355131E-04    1.340248E-04    1.284649E-04    1.393842E-04    1.349736E-04    1.526685E-04    1.320124E-04    1.441525E-04    1.279659E-04    1.184277E-04    1.191525E-04    1.173788E-04    1.205693E-04    1.178682E-04
   1.180580E-04    1.256293E-04    1.222946E-04    1.392604E-04    1.357340E-04    1.356529E-04    1.303055E-04    1.323685E-04    1.290816E-04    1.371754E-04    1.430429E-04    1.354170E-04    1.305614E-04    1.404326E-04    1.269744E-04    1.217042E-04    1.298107E-04    1.211536E-04    1.176526E-04    1.238082E-04
   1.104348E-04    1.200567E-04    1.223671E-04    1.263405E-04    1.400268E-04    1.392945E-04    1.289595E-04    1.278546E-04    1.252139E-04    1.182965E-04    1.305299E-04    1.344014E-04    1.308870E-04    1.249083E-04    1.237954E-04    1.213503E-04    1.287153E-04    1.298657E-04    1.151691E-04    1.164831E-04
   1.158089E-04    1.239319E-04    1.208142E-04    1.229978E-04    1.237262E-04    1.234695E-04    1.154879E-04    1.159165E-04    1.086843E-04    1.171777E-04    1.265273E-04    1.341580E-04    1.210430E-04    1.219345E-04    1.291572E-04    1.251398E-04    1.206258E-04    1.195829E-04    1.212930E-04    1.182550E-04
   1.344084E-04    1.373667E-04    1.351244E-04    1.345548E-04    1.310145E-04    1.219889E-04    1.149305E-04    1.025391E-04    1.032918E-04    1.058335E-04    1.181679E-04    1.330950E-04    1.169469E-04    1.172775E-04    1.170078E-04    1.163586E-04    1.212149E-04    1.320276E-04    1.275060E-04    1.265503E-04
   1.360324E-04    1.424912E-04    1.329004E-04    1.242203E-04    1.318057E-04    1.241713E-04    1.120391E-04    1.091495E-04    1.017481E-04    1.066367E-04    1.155312E-04    1.219480E-04    1.214155E-04    1.133875E-04    1.193955E-04    1.220800E-04    1.163595E-04    1.252740E-04    1.240527E-04    1.247028E-04
   1.352075E-04    1.367794E-04    1.306487E-04    1.292314E-04    1.247732E-04    1.167477E-04    1.149109E-04    1.109323E-04    1.084032E-04    1.133933E-04    1.126415E-04    1.249042E-04    1.105659E-04    1.159330E-04    1.343053E-04    1.328854E-04    1.363264E-04    1.236161E-04    1.204317E-04    1.223138E-04
   1.445639E-04    1.364040E-04    1.274072E-04    1.213778E-04    1.165328E-04    1.216575E-04    1.235187E-04    1.181668E-04    1.151113E-04    1.145456E-04    1.208034E-04    1.349832E-04    1.295027E-04    1.359184E-04    1.415806E-04    1.374309E-04    1.452585E-04    1.417860E-04    1.374715E-04    1.240943E-04
   1.445639E-04    1.445639E-04    1.275079E-04    1.234329E-04    1.218422E-04    1.278766E-04    1.272164E-04    1.184757E-04    1.142289E-04    1.254267E-04    1.415675E-04    1.304403E-04    1.237209E-04    1.249416E-04    1.321108E-04    1.305880E-04    1.368396E-04    1.400858E-04    1.312777E-04    1.314238E-04
   1.445639E-04    1.445639E-04    1.445639E-04    1.345767E-04    1.293836E-04    1.232867E-04    1.282347E-04    1.264375E-04    1.221430E-04    1.242351E-04    1.358041E-04    1.228064E-04    1.302417E-04    1.147376E-04    1.163530E-04    1.302903E-04    1.356552E-04    1.438272E-04    1.394957E-04    1.347652E-04
   1.445639E-04    1.445639E-04    1.445639E-04    1.445639E-04    1.323794E-04    1.223383E-04    1.147256E-04    1.216851E-04    1.202273E-04    1.143170E-04    1.197112E-04    1.187572E-04    1.156941E-04    1.242526E-04    1.345242E-04    1.355040E-04    1.404794E-04    1.527338E-04    1.443132E-04    1.445639E-04
   1.445639E-04    1.445639E-04    1.445639E-04    1.445639E-04    1.318088E-04    1.258506E-04    1.179918E-04    1.133989E-04    1.268992E-04    1.161474E-04    1.136706E-04    1.142981E-04    1.166601E-04    1.318335E-04    1.454809E-04    1.456727E-04    1.374714E-04    1.442376E-04    1.371673E-04    1.445639E-04
   1.445639E-04    1.445639E-04    1.445639E-04    1.445639E-04    1.445639E-04    1.279915E-04    1.241424E-04    1.238027E-04    1.275890E-04    1.197678E-04    1.220271E-04    1.264479E-04    1.201255E-04    1.329982E-04    1.428272E-04    1.455453E-04    1.366005E-04    1.471683E-04    1.445639E-04    1.445639E-04
   1.445639E-04    1.445639E-04    1.445639E-04    1.445639E-04    1.445639E-04    1.212746E-04    1.247402E-04    1.356442E-04    1.358804E-04    1.253644E-04    1.305290E-04    1.256291E-04    1.280663E-04    1.355659E-04    1.300624E-04    1.399621E-04    1.529207E-04    1.445639E-04    1.445639E-04    1.445639E-04
   1.445639E-04    1.445639E-04    1.445639E-04    1.445639E-04    1.445639E-04    1.256857E-04    1.279435E-04    1.297432E-04    1.349828E-04    1.345133E-04    1.340038E-04    1.341301E-04    1.375490E-04    1.268773E-04    1.270811E-04    1.297703E-04    1.445639E-04    1.445639E-04    1.445639E-04    1.445639E-04
