   1.260481E-04    1.350490E-04    1.288046E-04    1.297392E-04    1.299725E-04    1.349087E-04    1.348659E-04    1.264013E-04    1.308536E-04    1.256587E-04    1.351678E-04    1.399422E-04    1.529017E-04    1.607149E-04    1.608112E-04    1.412458E-04    1.542849E-04    1.499966E-04    1.436660E-04    1.366474E-04
   1.368232E-04    1.442203E-04    1.365634E-04    1.344890E-04    1.341251E-04    1.249141E-04    1.300934E-04    1.253010E-04    1.208742E-04    1.310240E-04    1.340794E-04    1.321904E-04    1.294443E-04    1.426278E-04    1.565468E-04    1.364698E-04    1.451942E-04    1.444585E-04    1.474615E-04    1.437599E-04
   1.398321E-04    1.447095E-04    1.501524E-04    1.370031E-04    1.179526E-04    1.223955E-04    1.229364E-04    1.294240E-04    1.226694E-04    1.345960E-04    1.354207E-04    1.334509E-04    1.228313E-04    1.330732E-04    1.340437E-04    1.317182E-04    1.411059E-04    1.481630E-04    1.423821E-04    1.403485E-04
   1.363665E-04    1.441542E-04    1.359142E-04    1.191016E-04    1.098110E-04    1.141698E-04    1.161721E-04    1.253406E-04    1.297458E-04    1.200201E-04    1.239032E-04    1.233410E-04    1.183871E-04    1.187811E-04    1.195640E-04    1.333870E-04    1.266713E-04    1.296089E-04    1.370422E-04    1.319732E-04
   1.297190E-04    1.287027E-04    1.276720E-04    1.199137E-04    1.165166E-04    1.168247E-04    1.179210E-04    1.247484E-04    1.131269E-04    1.089479E-04    1.195179E-04    1.218971E-04    1.214600E-04    1.257261E-04    1.211905E-04    1.241053E-04    1.271280E-04    1.182846E-04    1.234265E-04    1.219014E-04
   1.280265E-04    1.272366E-04    1.188032E-04    1.194283E-04    1.293202E-04    1.146543E-04    1.217547E-04    1.120608E-04    1.115623E-04    1.227965E-04    1.272339E-04    1.266665E-04    1.293408E-04    1.323241E-04    1.122662E-04    1.108576E-04    1.086938E-04    1.162907E-04    1.181447E-04    1.161195E-04
   1.249841E-04    1.170711E-04    1.209487E-04    1.107754E-04    1.104759E-04    1.151189E-04    1.123019E-04    1.104482E-04    1.169028E-04    1.271134E-04    1.251724E-04    1.252252E-04    1.233799E-04    1.248150E-04    1.115733E-04    1.062748E-04    1.076590E-04    1.104386E-04    1.104239E-04    1.047483E-04
   1.193261E-04    1.119068E-04    1.169218E-04    1.132324E-04    1.142736E-04    1.194254E-04    1.167875E-04    1.125198E-04    1.188479E-04    1.283577E-04    1.259818E-04    1.316673E-04    1.261690E-04    1.186503E-04    1.154248E-04    1.150397E-04    1.129617E-04    1.108911E-04    1.103784E-04    1.097925E-04
   1.025643E-04    1.010018E-04    1.077852E-04    1.151945E-04    1.205089E-04    1.205089E-04    1.205089E-04    1.243306E-04    1.287201E-04    1.334123E-04    1.299195E-04    1.364750E-04    1.226762E-04    1.174590E-04    1.105215E-04    9.901806E-05    9.893971E-05    1.129642E-04    1.050277E-04    1.022129E-04
   1.031458E-04    1.102040E-04    1.139496E-04    1.222774E-04    1.205089E-04    1.205089E-04    1.205089E-04    1.205089E-04    1.327280E-04    1.373503E-04    1.313223E-04    1.257245E-04    1.115093E-04    1.140332E-04    1.060645E-04    1.065071E-04    1.032029E-04    1.070060E-04    1.049707E-04    1.138004E-04
   9.428464E-05    1.072050E-04    1.180106E-04    1.331501E-04    1.205089E-04    1.205089E-04    1.205089E-04    1.205089E-04    1.250440E-04    1.272458E-04    1.394044E-04    1.266057E-04    1.189811E-04    1.185618E-04    1.181751E-04    1.128645E-04    1.043845E-04    9.928392E-05    9.804648E-05    1.001098E-04
   1.046497E-04    1.153738E-04    1.257501E-04    1.427223E-04    1.205089E-04    1.205089E-04    1.205089E-04    1.205089E-04    1.270050E-04    1.257538E-04    1.312190E-04    1.185771E-04    1.112724E-04    1.137960E-04    1.214229E-04    1.163590E-04    1.026830E-04    1.045482E-04    9.429068E-05    9.814235E-05
   1.140227E-04    1.136915E-04    1.245900E-04    1.301508E-04    1.205089E-04    1.205089E-04    1.205089E-04    1.205089E-04    1.213278E-04    1.207268E-04    1.189651E-04    1.255594E-04    1.226816E-04    1.245418E-04    1.234053E-04    1.032311E-04    1.034121E-04    1.027460E-04    1.052424E-04    1.017586E-04
   1.286697E-04    1.148934E-04    1.231330E-04    1.293066E-04    1.205089E-04    1.205089E-04    1.205089E-04    1.205089E-04    1.370500E-04    1.304372E-04    1.237912E-04    1.293487E-04    1.299959E-04    1.235657E-04    1.284845E-04    1.117577E-04    1.068027E-04    1.120383E-04    1.083744E-04    1.141768E-04
   1.356337E-04    1.179855E-04    1.200718E-04    1.210789E-04    1.205089E-04    1.205089E-04    1.205089E-04    1.205089E-04    1.355545E-04    1.359280E-04    1.271122E-04    1.253488E-04    1.374426E-04    1.365656E-04    1.329589E-04    1.247124E-04    1.129026E-04    1.168800E-04    1.142820E-04    1.208357E-04
   1.302183E-04    1.296282E-04    1.297844E-04    1.394185E-04    1.205089E-04    1.205089E-04    1.205089E-04    1.205089E-04    1.420761E-04    1.267879E-04    1.292737E-04    1.330979E-04    1.494144E-04    1.319957E-04    1.291548E-04    1.299999E-04    1.248030E-04    1.255111E-04    1.263389E-04    1.228741E-04
   1.327916E-04    1.348952E-04    1.288925E-04    1.379067E-04    1.205089E-04    1.205089E-04    1.205089E-04    1.205089E-04    1.311771E-04    1.340264E-04    1.502388E-04    1.448051E-04    1.440720E-04    1.247239E-04    1.219164E-04    1.204481E-04    1.262588E-04    1.239754E-04    1.251370E-04    1.245784E-04
   1.398044E-04    1.275758E-04    1.280116E-04    1.234906E-04    1.205089E-04    1.205089E-04    1.205089E-04    1.205089E-04    1.280879E-04    1.319156E-04    1.392828E-04    1.442990E-04    1.373900E-04    1.308816E-04    1.253401E-04    1.217789E-04    1.258281E-04    1.232014E-04    1.262144E-04    1.288244E-04
   1.325382E-04    1.316093E-04    1.224568E-04    1.211074E-04    1.205089E-04    1.205089E-04    1.205089E-04    1.205089E-04    1.227356E-04    1.263428E-04    1.374385E-04    1.409803E-04    1.356518E-04    1.284001E-04    1.356075E-04    1.160588E-04    1.215830E-04    1.253981E-04    1.296757E-04    1.331883E-04
   1.258777E-04    1.267225E-04    1.221583E-04    1.271404E-04    1.205089E-04    1.205089E-04    1.205089E-04    1.205089E-04    1.211596E-04    1.372170E-04    1.309875E-04    1.398077E-04    1.272187E-04    1.308466E-04    1.280899E-04    1.143625E-04    1.087831E-04    1.126551E-04    1.149599E-04    1.257799E-04
   1.229747E-04    1.282940E-04    1.269274E-04    1.391126E-04    1.205089E-04    1.205089E-04    1.205089E-04    1.205089E-04    1.296457E-04    1.370382E-04    1.428655E-04    1.435562E-04    1.365512E-04    1.426594E-04    1.241669E-04    1.060771E-04    1.072489E-04    1.175738E-04    1.118819E-04    1.097052E-04
   1.267733E-04    1.326651E-04    1.298116E-04    1.260559E-04    1.205089E-04    1.205089E-04    1.287879E-04    1.207330E-04    1.345052E-04    1.270313E-04    1.344663E-04    1.462026E-04    1.455655E-04    1.456317E-04    1.346419E-04    1.161321E-04    1.159478E-04    1.208666E-04    1.159902E-04    1.159416E-04
   1.168614E-04    1.370250E-04    1.356134E-04    1.181914E-04    1.236172E-04    1.205089E-04    1.338534E-04    1.357950E-04    1.241730E-04    1.354083E-04    1.369554E-04    1.338739E-04    1.390422E-04    1.324265E-04    1.298116E-04    1.224555E-04    1.253102E-04    1.270715E-04    1.235874E-04    1.139284E-04
   1.150530E-04    1.345291E-04    1.275163E-04    1.286483E-04    1.147942E-04    1.203062E-04    1.258968E-04    1.269404E-04    1.218071E-04    1.281706E-04    1.313105E-04    1.186056E-04    1.175876E-04    1.289540E-04    1.186136E-04    1.190489E-04    1.238917E-04    1.211012E-04    1.136557E-04    1.145153E-04
   1.196356E-04    1.201979E-04    1.150443E-04    1.239180E-04    1.176176E-04    1.276595E-04    1.197647E-04    1.277291E-04    1.165760E-04    1.198266E-04    1.284941E-04    1.232329E-04    1.314162E-04    1.225464E-04    1.193232E-04    1.063026E-04    1.069509E-04    1.121711E-04    1.101434E-04    1.041177E-04
   1.181148E-04    1.158585E-04    1.149961E-04    1.129244E-04    1.225679E-04    1.218390E-04    1.205550E-04    1.192311E-04    1.142849E-04    1.239989E-04    1.200751E-04    1.358168E-04    1.174408E-04    1.282409E-04    1.138410E-04    1.053556E-04    1.060004E-04    1.044225E-04    1.072608E-04    1.048578E-04
   1.050267E-04    1.117623E-04    1.087956E-04    1.238888E-04    1.207516E-04    1.206795E-04    1.159223E-04    1.177576E-04    1.148335E-04    1.220339E-04    1.272537E-04    1.204696E-04    1.161500E-04    1.249315E-04    1.129589E-04    1.082704E-04    1.154821E-04    1.077806E-04    1.046660E-04    1.101421E-04
   9.824490E-05    1.068047E-04    1.088602E-04    1.123949E-04    1.245705E-04    1.239190E-04    1.147248E-04    1.137420E-04    1.113927E-04    1.052388E-04    1.161220E-04    1.195661E-04    1.164396E-04    1.111208E-04    1.101308E-04    1.079555E-04    1.145076E-04    1.155311E-04    1.024566E-04    1.036257E-04
   1.030258E-04    1.102522E-04    1.074786E-04    1.094212E-04    1.100692E-04    1.098409E-04    1.027403E-04    1.031215E-04    9.668769E-05    1.042436E-04    1.125611E-04    1.193495E-04    1.076822E-04    1.084753E-04    1.149007E-04    1.113268E-04    1.073110E-04    1.063833E-04    1.079046E-04    1.052019E-04
   1.195723E-04    1.222041E-04    1.202093E-04    1.197026E-04    1.165531E-04    1.085237E-04    1.022444E-04    9.122078E-05    9.189037E-05    9.415152E-05    1.051244E-04    1.184039E-04    1.040382E-04    1.043324E-04    1.040924E-04    1.035149E-04    1.078351E-04    1.174543E-04    1.134318E-04    1.125816E-04
   1.210171E-04    1.267629E-04    1.182308E-04    1.105088E-04    1.172569E-04    1.104652E-04    9.967215E-05    9.710154E-05    9.051712E-05    9.486606E-05    1.027788E-04    1.084873E-04    1.080136E-04    1.008717E-04    1.062166E-04    1.086047E-04    1.035157E-04    1.114461E-04    1.103597E-04    1.109380E-04
   1.202832E-04    1.216816E-04    1.162276E-04    1.149667E-04    1.110006E-04    1.038610E-04    1.022269E-04    9.868754E-05    9.643754E-05    1.008769E-04    1.002081E-04    1.111172E-04    9.836152E-05    1.031362E-04    1.194806E-04    1.182174E-04    1.212786E-04    1.099713E-04    1.071383E-04    1.088127E-04
   1.205089E-04    1.213476E-04    1.133439E-04    1.079800E-04    1.036699E-04    1.082289E-04    1.098846E-04    1.051234E-04    1.024053E-04    1.019020E-04    1.074690E-04    1.200837E-04    1.152081E-04    1.209156E-04    1.259528E-04    1.222612E-04    1.292247E-04    1.261356E-04    1.222973E-04    1.103967E-04
   1.205089E-04    1.205089E-04    1.134335E-04    1.098083E-04    1.083932E-04    1.137615E-04    1.131741E-04    1.053983E-04    1.016203E-04    1.115820E-04    1.259412E-04    1.160422E-04    1.100645E-04    1.111505E-04    1.175283E-04    1.161736E-04    1.217352E-04    1.246230E-04    1.167872E-04    1.169172E-04
   1.205089E-04    1.205089E-04    1.205089E-04    1.197221E-04    1.151022E-04    1.096782E-04    1.140800E-04    1.124812E-04    1.086608E-04    1.105219E-04    1.208140E-04    1.092510E-04    1.158655E-04    1.020728E-04    1.035099E-04    1.159087E-04    1.206815E-04    1.279515E-04    1.240980E-04    1.198898E-04
   1.205089E-04    1.205089E-04    1.205089E-04    1.205089E-04    1.177672E-04    1.088345E-04    1.020621E-04    1.082534E-04    1.069566E-04    1.016986E-04    1.064974E-04    1.056487E-04    1.029237E-04    1.105375E-04    1.196754E-04    1.205470E-04    1.249732E-04    1.358750E-04    1.283838E-04    1.205089E-04
   1.205089E-04    1.205089E-04    1.205089E-04    1.205089E-04    1.172597E-04    1.119591E-04    1.049678E-04    1.008818E-04    1.128920E-04    1.033270E-04    1.011236E-04    1.016818E-04    1.037831E-04    1.172816E-04    1.294226E-04    1.295932E-04    1.222972E-04    1.283165E-04    1.220267E-04    1.205089E-04
   1.205089E-04    1.205089E-04    1.205089E-04    1.205089E-04    1.205089E-04    1.138637E-04    1.104395E-04    1.101373E-04    1.135056E-04    1.065477E-04    1.085576E-04    1.124905E-04    1.068659E-04    1.183178E-04    1.270618E-04    1.294799E-04    1.215224E-04    1.309238E-04    1.205089E-04    1.205089E-04
   1.205089E-04    1.205089E-04    1.205089E-04    1.205089E-04    1.205089E-04    1.078882E-04    1.109713E-04    1.206717E-04    1.208818E-04    1.115266E-04    1.161211E-04    1.117620E-04    1.139302E-04    1.206021E-04    1.157061E-04    1.245130E-04    1.360412E-04    1.205089E-04    1.205089E-04    1.205089E-04
   1.205089E-04    1.205089E-04    1.205089E-04    1.205089E-04    1.205089E-04    1.118124E-04    1.138211E-04    1.154221E-04    1.200833E-04    1.196657E-04    1.192123E-04    1.193247E-04    1.223662E-04    1.128725E-04    1.130538E-04    1.154462E-04    1.205089E-04    1.205089E-04    1.205089E-04    1.205089E-04
