   7.736674E-05    8.289138E-05    7.905866E-05    7.963231E-05    7.977551E-05    8.280526E-05    8.277901E-05    7.758352E-05    8.031631E-05    7.712771E-05    8.296430E-05    8.589478E-05    9.384913E-05    9.864478E-05    9.870390E-05    8.669493E-05    9.469812E-05    9.206601E-05    8.818041E-05    8.387244E-05
   8.398035E-05    8.852064E-05    8.382093E-05    8.254764E-05    8.232431E-05    7.667072E-05    7.984971E-05    7.690820E-05    7.419109E-05    8.042090E-05    8.229629E-05    8.113684E-05    7.945128E-05    8.754319E-05    9.608645E-05    8.376348E-05    8.911838E-05    8.866682E-05    9.051000E-05    8.823802E-05
   8.582721E-05    8.882089E-05    9.216165E-05    8.409079E-05    7.239786E-05    7.512484E-05    7.545683E-05    7.943885E-05    7.529292E-05    8.261332E-05    8.311955E-05    8.191050E-05    7.539229E-05    8.167865E-05    8.227434E-05    8.084701E-05    8.660906E-05    9.094062E-05    8.739238E-05    8.614417E-05
   8.370004E-05    8.848005E-05    8.342246E-05    7.310310E-05    6.740063E-05    7.007602E-05    7.130499E-05    7.693247E-05    7.963633E-05    7.366682E-05    7.605026E-05    7.570515E-05    7.266452E-05    7.290634E-05    7.338688E-05    8.187128E-05    7.774923E-05    7.955233E-05    8.411478E-05    8.100348E-05
   7.961993E-05    7.899610E-05    7.836348E-05    7.360152E-05    7.151643E-05    7.170553E-05    7.237843E-05    7.656902E-05    6.943585E-05    6.687086E-05    7.335862E-05    7.481894E-05    7.455063E-05    7.716908E-05    7.438523E-05    7.617427E-05    7.802957E-05    7.260159E-05    7.575765E-05    7.482157E-05
   7.858105E-05    7.809626E-05    7.291989E-05    7.330357E-05    7.937510E-05    7.037336E-05    7.473153E-05    6.878150E-05    6.847552E-05    7.537096E-05    7.809459E-05    7.774631E-05    7.938775E-05    8.121885E-05    6.890760E-05    6.804303E-05    6.671487E-05    7.137778E-05    7.251575E-05    7.127268E-05
   7.671368E-05    7.185678E-05    7.423680E-05    6.799254E-05    6.780875E-05    7.065852E-05    6.892952E-05    6.779175E-05    7.175345E-05    7.802061E-05    7.682923E-05    7.686167E-05    7.572905E-05    7.660988E-05    6.848227E-05    6.523012E-05    6.607975E-05    6.778580E-05    6.777679E-05    6.429321E-05
   7.324084E-05    6.868699E-05    7.176516E-05    6.950064E-05    7.013972E-05    7.330178E-05    7.168270E-05    6.906324E-05    7.294737E-05    7.878432E-05    7.732605E-05    8.081571E-05    7.744094E-05    7.282606E-05    7.084627E-05    7.060995E-05    6.933446E-05    6.806355E-05    6.774890E-05    6.738927E-05
   6.295269E-05    6.199364E-05    6.615722E-05    7.070494E-05    7.597061E-05    7.597061E-05    7.597061E-05    7.631259E-05    7.900678E-05    8.188678E-05    7.974297E-05    8.376664E-05    7.529714E-05    7.209486E-05    6.783673E-05    6.077604E-05    6.072796E-05    6.933603E-05    6.446468E-05    6.273699E-05
   6.330959E-05    6.764181E-05    6.994084E-05    7.505234E-05    7.597061E-05    7.597061E-05    7.597061E-05    7.597061E-05    8.146681E-05    8.430387E-05    8.060399E-05    7.716809E-05    6.844299E-05    6.999215E-05    6.510104E-05    6.537274E-05    6.334463E-05    6.567894E-05    6.442969E-05    6.984927E-05
   5.787073E-05    6.580107E-05    7.243342E-05    8.172586E-05    7.597061E-05    7.597061E-05    7.597061E-05    7.597061E-05    7.675047E-05    7.810189E-05    8.556468E-05    7.770898E-05    7.302909E-05    7.277177E-05    7.253437E-05    6.927482E-05    6.406990E-05    6.093923E-05    6.017970E-05    6.144616E-05
   6.423265E-05    7.081502E-05    7.718381E-05    8.760118E-05    7.597061E-05    7.597061E-05    7.597061E-05    7.597061E-05    7.795410E-05    7.718609E-05    8.054059E-05    7.278117E-05    6.829762E-05    6.984659E-05    7.452784E-05    7.141970E-05    6.302552E-05    6.417035E-05    5.787444E-05    6.023854E-05
   6.998569E-05    6.978243E-05    7.647179E-05    7.988492E-05    7.597061E-05    7.597061E-05    7.597061E-05    7.597061E-05    7.446950E-05    7.410058E-05    7.301928E-05    7.706680E-05    7.530044E-05    7.644219E-05    7.574465E-05    6.336197E-05    6.347308E-05    6.306419E-05    6.459649E-05    6.245816E-05
   7.897584E-05    7.052012E-05    7.557749E-05    7.936678E-05    7.597061E-05    7.597061E-05    7.597061E-05    7.597061E-05    8.411960E-05    8.006074E-05    7.598150E-05    7.939262E-05    7.978984E-05    7.584310E-05    7.886216E-05    6.859548E-05    6.555414E-05    6.876769E-05    6.651887E-05    7.008030E-05
   8.325027E-05    7.241803E-05    7.369854E-05    7.431672E-05    7.597061E-05    7.597061E-05    7.597061E-05    7.597061E-05    8.320165E-05    8.343089E-05    7.801988E-05    7.693751E-05    8.436053E-05    8.382225E-05    8.160848E-05    7.654694E-05    6.929818E-05    7.173950E-05    7.014486E-05    7.416745E-05
   7.992637E-05    7.956416E-05    7.966003E-05    8.557335E-05    7.597061E-05    7.597061E-05    7.597061E-05    7.597061E-05    8.720454E-05    7.782084E-05    7.934656E-05    8.169382E-05    9.170867E-05    8.101730E-05    7.927360E-05    7.979234E-05    7.660251E-05    7.703712E-05    7.754526E-05    7.541856E-05
   8.150584E-05    8.279696E-05    7.911258E-05    8.464538E-05    7.597061E-05    7.597061E-05    7.597061E-05    7.597061E-05    8.051486E-05    8.226372E-05    9.221471E-05    8.887955E-05    8.842958E-05    7.655398E-05    7.483075E-05    7.392951E-05    7.749608E-05    7.609454E-05    7.680752E-05    7.646463E-05
   8.581018E-05    7.830443E-05    7.857190E-05    7.579696E-05    7.597061E-05    7.597061E-05    7.597061E-05    7.597061E-05    7.861874E-05    8.096812E-05    8.549004E-05    8.856893E-05    8.432827E-05    8.033346E-05    7.693220E-05    7.474635E-05    7.723172E-05    7.561946E-05    7.746884E-05    7.907080E-05
   8.135030E-05    8.078013E-05    7.516247E-05    7.433420E-05    7.597061E-05    7.597061E-05    7.597061E-05    7.597061E-05    7.533359E-05    7.754764E-05    8.435805E-05    8.653193E-05    8.326140E-05    7.881037E-05    8.323418E-05    7.123542E-05    7.462611E-05    7.696778E-05    7.959332E-05    8.174932E-05
   7.726213E-05    7.778070E-05    7.497923E-05    7.803720E-05    7.597061E-05    7.597061E-05    7.597061E-05    7.597061E-05    7.436622E-05    8.422207E-05    8.039851E-05    8.581219E-05    7.808526E-05    8.031199E-05    7.862001E-05    7.019425E-05    6.676969E-05    6.914631E-05    7.056094E-05    7.720210E-05
   7.548031E-05    7.874525E-05    7.790646E-05    8.538555E-05    7.597061E-05    7.597061E-05    7.597061E-05    7.597061E-05    7.957489E-05    8.411233E-05    8.768904E-05    8.811302E-05    8.381341E-05    8.756257E-05    7.621206E-05    6.510882E-05    6.582805E-05    7.216531E-05    6.867170E-05    6.733568E-05
   7.781185E-05    8.142819E-05    7.967671E-05    7.737153E-05    7.597061E-05    7.597061E-05    7.904841E-05    7.410437E-05    8.255763E-05    7.797022E-05    8.253375E-05    8.973731E-05    8.934625E-05    8.938693E-05    8.264149E-05    7.128041E-05    7.116732E-05    7.418638E-05    7.119330E-05    7.116352E-05
   7.172805E-05    8.410420E-05    8.323783E-05    7.254443E-05    7.587469E-05    7.597061E-05    8.215757E-05    8.334927E-05    7.621585E-05    8.311191E-05    8.406151E-05    8.217015E-05    8.534238E-05    8.128170E-05    7.967671E-05    7.516167E-05    7.691385E-05    7.799488E-05    7.585637E-05    6.992783E-05
   7.061809E-05    8.257229E-05    7.826793E-05    7.896272E-05    7.045924E-05    7.384245E-05    7.727386E-05    7.791444E-05    7.476365E-05    7.866948E-05    8.059674E-05    7.279866E-05    7.217377E-05    7.915037E-05    7.280356E-05    7.307070E-05    7.604315E-05    7.433043E-05    6.976047E-05    7.028807E-05
   7.343084E-05    7.377599E-05    7.061276E-05    7.605929E-05    7.219222E-05    7.835580E-05    7.351006E-05    7.839853E-05    7.155290E-05    7.354804E-05    7.886805E-05    7.563884E-05    8.066162E-05    7.521742E-05    7.323908E-05    6.524721E-05    6.564511E-05    6.884924E-05    6.760464E-05    6.390615E-05
   7.249740E-05    7.111248E-05    7.058316E-05    6.931158E-05    7.523065E-05    7.478322E-05    7.399517E-05    7.318254E-05    7.014664E-05    7.610895E-05    7.370060E-05    8.336266E-05    7.208368E-05    7.871263E-05    6.987416E-05    6.466594E-05    6.506170E-05    6.409321E-05    6.583532E-05    6.436041E-05
   6.446408E-05    6.859829E-05    6.677739E-05    7.604137E-05    7.411579E-05    7.407154E-05    7.115164E-05    7.227814E-05    7.048334E-05    7.490289E-05    7.810673E-05    7.394273E-05    7.129139E-05    7.668140E-05    6.933275E-05    6.645503E-05    7.088146E-05    6.615440E-05    6.424271E-05    6.760386E-05
   6.030149E-05    6.555541E-05    6.681701E-05    6.898661E-05    7.645982E-05    7.605996E-05    7.041667E-05    6.981339E-05    6.837142E-05    6.459428E-05    7.127420E-05    7.338815E-05    7.146919E-05    6.820457E-05    6.759689E-05    6.626175E-05    7.028332E-05    7.091152E-05    6.288660E-05    6.360413E-05
   6.323595E-05    6.767144E-05    6.596904E-05    6.716136E-05    6.755909E-05    6.741896E-05    6.306071E-05    6.329471E-05    5.934569E-05    6.398340E-05    6.908862E-05    7.325523E-05    6.609398E-05    6.658079E-05    7.052463E-05    6.833100E-05    6.586616E-05    6.529673E-05    6.623051E-05    6.457161E-05
   7.339199E-05    7.500732E-05    7.378296E-05    7.347195E-05    7.153880E-05    6.661050E-05    6.275634E-05    5.599017E-05    5.640116E-05    5.778902E-05    6.452406E-05    7.267484E-05    6.385737E-05    6.403789E-05    6.389059E-05    6.353613E-05    6.618785E-05    7.209197E-05    6.962303E-05    6.910117E-05
   7.427876E-05    7.780550E-05    7.256859E-05    6.782890E-05    7.197080E-05    6.780217E-05    6.117752E-05    5.959971E-05    5.555827E-05    5.822760E-05    6.308436E-05    6.658813E-05    6.629738E-05    6.191381E-05    6.519439E-05    6.666020E-05    6.353662E-05    6.840425E-05    6.773741E-05    6.809238E-05
   7.382833E-05    7.468663E-05    7.133902E-05    7.056515E-05    6.813081E-05    6.374860E-05    6.274562E-05    6.057317E-05    5.919216E-05    6.191696E-05    6.150646E-05    6.820234E-05    6.037307E-05    6.330372E-05    7.333570E-05    7.256035E-05    7.443931E-05    6.749899E-05    6.576017E-05    6.678786E-05
   7.597061E-05    7.448166E-05    6.956908E-05    6.627678E-05    6.363127E-05    6.642953E-05    6.744579E-05    6.452345E-05    6.285507E-05    6.254618E-05    6.596313E-05    7.370587E-05    7.071330E-05    7.421649E-05    7.730826E-05    7.504239E-05    7.931653E-05    7.742043E-05    7.506453E-05    6.776009E-05
   7.597061E-05    7.597061E-05    6.962404E-05    6.739896E-05    6.653039E-05    6.982536E-05    6.946487E-05    6.469214E-05    6.237325E-05    6.848764E-05    7.730115E-05    7.122524E-05    6.755620E-05    6.822278E-05    7.213741E-05    7.130592E-05    7.471952E-05    7.649203E-05    7.168253E-05    7.176229E-05
   7.597061E-05    7.597061E-05    7.597061E-05    7.348391E-05    7.064827E-05    6.731913E-05    7.002089E-05    6.903958E-05    6.669465E-05    6.783698E-05    7.415410E-05    6.705688E-05    7.111682E-05    6.265098E-05    6.353307E-05    7.114333E-05    7.407277E-05    7.853501E-05    7.616982E-05    7.358683E-05
   7.597061E-05    7.597061E-05    7.597061E-05    7.597061E-05    7.228405E-05    6.680125E-05    6.264442E-05    6.644458E-05    6.564859E-05    6.242132E-05    6.536676E-05    6.484584E-05    6.317327E-05    6.784656E-05    7.345524E-05    7.399022E-05    7.670700E-05    8.339836E-05    7.880038E-05    7.597061E-05
   7.597061E-05    7.597061E-05    7.597061E-05    7.597061E-05    7.197252E-05    6.871910E-05    6.442792E-05    6.192000E-05    6.929171E-05    6.342079E-05    6.206840E-05    6.241103E-05    6.370077E-05    7.198600E-05    7.943799E-05    7.954270E-05    7.506450E-05    7.875909E-05    7.489846E-05    7.597061E-05
   7.597061E-05    7.597061E-05    7.597061E-05    7.597061E-05    7.597061E-05    6.988810E-05    6.778638E-05    6.760088E-05    6.966833E-05    6.539766E-05    6.663132E-05    6.904528E-05    6.559297E-05    7.262197E-05    7.798894E-05    7.947316E-05    7.458894E-05    8.035938E-05    7.597061E-05    7.597061E-05
   7.597061E-05    7.597061E-05    7.597061E-05    7.597061E-05    7.597061E-05    6.622045E-05    6.811277E-05    7.406677E-05    7.419575E-05    6.845364E-05    7.127367E-05    6.859814E-05    6.992896E-05    7.402404E-05    7.101894E-05    7.642452E-05    8.350039E-05    7.597061E-05    7.597061E-05    7.597061E-05
   7.597061E-05    7.597061E-05    7.597061E-05    7.597061E-05    7.597061E-05    6.862906E-05    6.986194E-05    7.084462E-05    7.370564E-05    7.344928E-05    7.317103E-05    7.324001E-05    7.510685E-05    6.927971E-05    6.939101E-05    7.085943E-05    7.597061E-05    7.597061E-05    7.597061E-05    7.597061E-05
