   5.303728E-05    5.682459E-05    5.419714E-05    5.459039E-05    5.468856E-05    5.676555E-05    5.674755E-05    5.318589E-05    5.505930E-05    5.287342E-05    5.687458E-05    5.888351E-05    6.433647E-05    6.762403E-05    6.766456E-05    5.943204E-05    6.491847E-05    6.311408E-05    6.045038E-05    5.749714E-05
   5.757111E-05    6.068362E-05    5.746182E-05    5.658895E-05    5.643585E-05    5.256014E-05    5.473943E-05    5.272293E-05    5.086027E-05    5.513100E-05    5.641663E-05    5.562180E-05    5.446629E-05    6.001354E-05    6.587021E-05    5.742244E-05    6.109339E-05    6.078383E-05    6.204739E-05    6.048987E-05
   5.883719E-05    6.088945E-05    6.317964E-05    5.764682E-05    4.963096E-05    5.150039E-05    5.172797E-05    5.445777E-05    5.161561E-05    5.663397E-05    5.698100E-05    5.615217E-05    5.168373E-05    5.599322E-05    5.640159E-05    5.542311E-05    5.937317E-05    6.234259E-05    5.991016E-05    5.905448E-05
   5.737895E-05    6.065580E-05    5.718866E-05    5.011442E-05    4.620520E-05    4.803927E-05    4.888176E-05    5.273957E-05    5.459315E-05    5.050087E-05    5.213479E-05    5.189820E-05    4.981376E-05    4.997954E-05    5.030896E-05    5.612528E-05    5.329949E-05    5.453557E-05    5.766326E-05    5.553038E-05
   5.458191E-05    5.415425E-05    5.372058E-05    5.045611E-05    4.902671E-05    4.915635E-05    4.961764E-05    5.249041E-05    4.760041E-05    4.584203E-05    5.028959E-05    5.129068E-05    5.110674E-05    5.290178E-05    5.099336E-05    5.221981E-05    5.349167E-05    4.977062E-05    5.193420E-05    5.129248E-05
   5.386973E-05    5.353738E-05    4.998883E-05    5.025185E-05    5.441407E-05    4.824310E-05    5.123076E-05    4.715183E-05    4.694207E-05    5.166911E-05    5.353624E-05    5.329748E-05    5.442274E-05    5.567802E-05    4.723828E-05    4.664559E-05    4.573509E-05    4.893166E-05    4.971178E-05    4.885961E-05
   5.258958E-05    4.926003E-05    5.089161E-05    4.661098E-05    4.648498E-05    4.843859E-05    4.725330E-05    4.647333E-05    4.918920E-05    5.348553E-05    5.266880E-05    5.269104E-05    5.191459E-05    5.251843E-05    4.694670E-05    4.471725E-05    4.529970E-05    4.646925E-05    4.646307E-05    4.407497E-05
   5.020885E-05    4.708704E-05    4.919722E-05    4.764483E-05    4.808293E-05    5.025063E-05    4.914070E-05    4.734497E-05    5.000766E-05    5.400907E-05    5.300938E-05    5.540165E-05    5.308814E-05    4.992450E-05    4.856730E-05    4.840529E-05    4.753090E-05    4.665965E-05    4.644395E-05    4.619741E-05
   4.315601E-05    4.249854E-05    4.535281E-05    4.847041E-05    5.304705E-05    5.304705E-05    5.304705E-05    5.231463E-05    5.416158E-05    5.613591E-05    5.466626E-05    5.742461E-05    5.161851E-05    4.942324E-05    4.650416E-05    4.166385E-05    4.163088E-05    4.753198E-05    4.419252E-05    4.300814E-05
   4.340067E-05    4.637054E-05    4.794659E-05    5.145069E-05    5.304705E-05    5.304705E-05    5.304705E-05    5.304705E-05    5.584800E-05    5.779289E-05    5.525652E-05    5.290110E-05    4.691977E-05    4.798177E-05    4.462876E-05    4.481502E-05    4.342469E-05    4.502493E-05    4.416853E-05    4.788382E-05
   3.967216E-05    4.510866E-05    4.965533E-05    5.602559E-05    5.304705E-05    5.304705E-05    5.304705E-05    5.304705E-05    5.261480E-05    5.354125E-05    5.865722E-05    5.327189E-05    5.006369E-05    4.988728E-05    4.972454E-05    4.749002E-05    4.392189E-05    4.177571E-05    4.125503E-05    4.212323E-05
   4.403346E-05    4.854587E-05    5.291188E-05    6.005330E-05    5.304705E-05    5.304705E-05    5.304705E-05    5.304705E-05    5.343993E-05    5.291343E-05    5.521305E-05    4.989373E-05    4.682011E-05    4.788198E-05    5.109112E-05    4.896040E-05    4.320593E-05    4.399074E-05    3.967471E-05    4.129537E-05
   4.797734E-05    4.783800E-05    5.242376E-05    5.476357E-05    5.304705E-05    5.304705E-05    5.304705E-05    5.304705E-05    5.105113E-05    5.079822E-05    5.005696E-05    5.283166E-05    5.162077E-05    5.240347E-05    5.192528E-05    4.343658E-05    4.351275E-05    4.323244E-05    4.428288E-05    4.281699E-05
   5.414037E-05    4.834371E-05    5.181069E-05    5.440836E-05    5.304705E-05    5.304705E-05    5.304705E-05    5.304705E-05    5.766657E-05    5.488410E-05    5.208765E-05    5.442608E-05    5.469839E-05    5.199278E-05    5.406243E-05    4.702431E-05    4.493938E-05    4.714237E-05    4.560073E-05    4.804220E-05
   5.707062E-05    4.964479E-05    5.052261E-05    5.094639E-05    5.304705E-05    5.304705E-05    5.304705E-05    5.304705E-05    5.703729E-05    5.719444E-05    5.348503E-05    5.274302E-05    5.783174E-05    5.746273E-05    5.594512E-05    5.247528E-05    4.750603E-05    4.917963E-05    4.808645E-05    5.084407E-05
   5.479198E-05    5.454368E-05    5.460940E-05    5.866316E-05    5.304705E-05    5.304705E-05    5.304705E-05    5.304705E-05    5.978139E-05    5.334858E-05    5.439451E-05    5.600362E-05    6.286911E-05    5.553985E-05    5.434449E-05    5.470010E-05    5.251337E-05    5.281131E-05    5.315966E-05    5.170174E-05
   5.587476E-05    5.675986E-05    5.423410E-05    5.802701E-05    5.304705E-05    5.304705E-05    5.304705E-05    5.304705E-05    5.519541E-05    5.639431E-05    6.321602E-05    6.092966E-05    6.062119E-05    5.248011E-05    5.129878E-05    5.068095E-05    5.312594E-05    5.216514E-05    5.265391E-05    5.241886E-05
   5.882552E-05    5.368009E-05    5.386345E-05    5.196115E-05    5.304705E-05    5.304705E-05    5.304705E-05    5.304705E-05    5.389556E-05    5.550613E-05    5.860605E-05    6.071672E-05    5.780962E-05    5.507105E-05    5.273939E-05    5.124092E-05    5.294472E-05    5.183947E-05    5.310727E-05    5.420546E-05
   5.576813E-05    5.537726E-05    5.152618E-05    5.095838E-05    5.304705E-05    5.304705E-05    5.304705E-05    5.304705E-05    5.164349E-05    5.316129E-05    5.783003E-05    5.932030E-05    5.707825E-05    5.402693E-05    5.705959E-05    4.883407E-05    5.115849E-05    5.276378E-05    5.456367E-05    5.604167E-05
   5.296557E-05    5.332106E-05    5.140056E-05    5.349690E-05    5.304705E-05    5.304705E-05    5.304705E-05    5.304705E-05    5.098033E-05    5.773682E-05    5.511565E-05    5.882689E-05    5.352985E-05    5.505634E-05    5.389643E-05    4.812032E-05    4.577267E-05    4.740192E-05    4.837169E-05    5.292441E-05
   5.174407E-05    5.398229E-05    5.340727E-05    5.853442E-05    5.304705E-05    5.304705E-05    5.304705E-05    5.304705E-05    5.455103E-05    5.766159E-05    6.011353E-05    6.040418E-05    5.745667E-05    6.002684E-05    5.224571E-05    4.463410E-05    4.512715E-05    4.947154E-05    4.707656E-05    4.616068E-05
   5.334241E-05    5.582153E-05    5.462084E-05    5.304056E-05    5.304705E-05    5.304705E-05    5.419012E-05    5.080083E-05    5.659580E-05    5.345098E-05    5.657942E-05    6.151768E-05    6.124960E-05    6.127749E-05    5.665328E-05    4.886491E-05    4.878738E-05    5.085705E-05    4.880520E-05    4.878478E-05
   4.917178E-05    5.765602E-05    5.706209E-05    4.973144E-05    5.201443E-05    5.304705E-05    5.632154E-05    5.713849E-05    5.224831E-05    5.697576E-05    5.762675E-05    5.633016E-05    5.850483E-05    5.572110E-05    5.462083E-05    5.152563E-05    5.272681E-05    5.346789E-05    5.200187E-05    4.793767E-05
   4.841087E-05    5.660584E-05    5.365507E-05    5.413137E-05    4.830198E-05    5.062127E-05    5.297360E-05    5.341275E-05    5.125278E-05    5.393035E-05    5.525154E-05    4.990572E-05    4.947734E-05    5.426001E-05    4.990908E-05    5.009221E-05    5.212992E-05    5.095579E-05    4.782294E-05    4.818463E-05
   5.033909E-05    5.057571E-05    4.840722E-05    5.214098E-05    4.948999E-05    5.371531E-05    5.039340E-05    5.374460E-05    4.905171E-05    5.041944E-05    5.406647E-05    5.185275E-05    5.529602E-05    5.156385E-05    5.020764E-05    4.472897E-05    4.500174E-05    4.719827E-05    4.634506E-05    4.380963E-05
   4.969920E-05    4.874979E-05    4.838693E-05    4.751522E-05    5.157292E-05    5.126620E-05    5.072597E-05    5.016888E-05    4.808768E-05    5.217503E-05    5.052403E-05    5.714767E-05    4.941558E-05    5.395993E-05    4.790088E-05    4.433049E-05    4.460179E-05    4.393787E-05    4.513213E-05    4.412104E-05
   4.419211E-05    4.702624E-05    4.577795E-05    5.212870E-05    5.080865E-05    5.077832E-05    4.877664E-05    4.954889E-05    4.831849E-05    5.134823E-05    5.354457E-05    5.069001E-05    4.887244E-05    5.256746E-05    4.752973E-05    4.555697E-05    4.859142E-05    4.535087E-05    4.404035E-05    4.634452E-05
   4.133852E-05    4.494025E-05    4.580511E-05    4.729244E-05    5.241555E-05    5.214144E-05    4.827279E-05    4.785923E-05    4.687071E-05    4.428136E-05    4.886066E-05    5.030983E-05    4.899432E-05    4.675633E-05    4.633975E-05    4.542447E-05    4.818138E-05    4.861203E-05    4.311070E-05    4.360258E-05
   4.335019E-05    4.639085E-05    4.522381E-05    4.604118E-05    4.631383E-05    4.621777E-05    4.323006E-05    4.339047E-05    4.068330E-05    4.386259E-05    4.736237E-05    5.021871E-05    4.530946E-05    4.564318E-05    4.834680E-05    4.684300E-05    4.515327E-05    4.476292E-05    4.540305E-05    4.426582E-05
   5.031246E-05    5.141982E-05    5.058048E-05    5.036728E-05    4.904205E-05    4.566355E-05    4.302140E-05    3.838298E-05    3.866473E-05    3.961615E-05    4.423322E-05    4.982083E-05    4.377619E-05    4.389994E-05    4.379896E-05    4.355597E-05    4.537380E-05    4.942126E-05    4.772873E-05    4.737098E-05
   5.092037E-05    5.333806E-05    4.974800E-05    4.649879E-05    4.933820E-05    4.648047E-05    4.193907E-05    4.085743E-05    3.808690E-05    3.991681E-05    4.324627E-05    4.564821E-05    4.544889E-05    4.244382E-05    4.469276E-05    4.569762E-05    4.355630E-05    4.689321E-05    4.643607E-05    4.667942E-05
   5.061159E-05    5.119998E-05    4.890509E-05    4.837458E-05    4.670576E-05    4.370163E-05    4.301405E-05    4.152477E-05    4.057804E-05    4.244598E-05    4.216457E-05    4.675480E-05    4.138759E-05    4.339665E-05    5.027388E-05    4.974235E-05    5.103043E-05    4.627263E-05    4.508062E-05    4.578513E-05
   5.304705E-05    5.105946E-05    4.769174E-05    4.543477E-05    4.362119E-05    4.553948E-05    4.623616E-05    4.423280E-05    4.308908E-05    4.287733E-05    4.521975E-05    5.052764E-05    4.847614E-05    5.087769E-05    5.299719E-05    5.144386E-05    5.437392E-05    5.307408E-05    5.145904E-05    4.645162E-05
   5.304705E-05    5.304705E-05    4.772942E-05    4.620406E-05    4.560863E-05    4.786743E-05    4.762031E-05    4.434845E-05    4.275878E-05    4.695038E-05    5.299231E-05    4.882709E-05    4.631185E-05    4.676881E-05    4.945241E-05    4.888240E-05    5.122253E-05    5.243764E-05    4.914058E-05    4.919525E-05
   5.304705E-05    5.304705E-05    5.304705E-05    5.037548E-05    4.843156E-05    4.614933E-05    4.800147E-05    4.732875E-05    4.572123E-05    4.650434E-05    5.083491E-05    4.596955E-05    4.875277E-05    4.294917E-05    4.355387E-05    4.877094E-05    5.077916E-05    5.383816E-05    5.221675E-05    5.044603E-05
   5.304705E-05    5.304705E-05    5.304705E-05    5.304705E-05    4.955294E-05    4.579431E-05    4.294468E-05    4.554980E-05    4.500413E-05    4.279173E-05    4.481092E-05    4.445381E-05    4.330722E-05    4.651090E-05    5.035583E-05    5.072257E-05    5.258501E-05    5.717214E-05    5.402008E-05    5.304705E-05
   5.304705E-05    5.304705E-05    5.304705E-05    5.304705E-05    4.933937E-05    4.710905E-05    4.416732E-05    4.244807E-05    4.750159E-05    4.347690E-05    4.254980E-05    4.278468E-05    4.366884E-05    4.934862E-05    5.445718E-05    5.452897E-05    5.145902E-05    5.399177E-05    5.134519E-05    5.304705E-05
   5.304705E-05    5.304705E-05    5.304705E-05    5.304705E-05    5.304705E-05    4.791044E-05    4.646964E-05    4.634248E-05    4.775978E-05    4.483210E-05    4.567782E-05    4.733266E-05    4.496600E-05    4.978459E-05    5.346381E-05    5.448130E-05    5.113301E-05    5.508883E-05    5.304705E-05    5.304705E-05
   5.304705E-05    5.304705E-05    5.304705E-05    5.304705E-05    5.304705E-05    4.539615E-05    4.669339E-05    5.077504E-05    5.086346E-05    4.692707E-05    4.886029E-05    4.702613E-05    4.793845E-05    5.074575E-05    4.868566E-05    5.239135E-05    5.724208E-05    5.304705E-05    5.304705E-05    5.304705E-05
   5.304705E-05    5.304705E-05    5.304705E-05    5.304705E-05    5.304705E-05    4.704733E-05    4.789250E-05    4.856617E-05    5.052748E-05    5.035174E-05    5.016099E-05    5.020828E-05    5.148805E-05    4.749337E-05    4.756967E-05    4.857632E-05    5.304705E-05    5.304705E-05    5.304705E-05    5.304705E-05
