   2.477469E-05    2.654382E-05    2.531649E-05    2.550018E-05    2.554604E-05    2.651624E-05    2.650783E-05    2.484411E-05    2.571922E-05    2.469815E-05    2.656717E-05    2.750558E-05    3.005275E-05    3.158843E-05    3.160737E-05    2.776180E-05    3.032462E-05    2.948175E-05    2.823749E-05    2.685797E-05
   2.689253E-05    2.834644E-05    2.684148E-05    2.643374E-05    2.636223E-05    2.455181E-05    2.556980E-05    2.462786E-05    2.375777E-05    2.575271E-05    2.635325E-05    2.598197E-05    2.544221E-05    2.803344E-05    3.076919E-05    2.682308E-05    2.853785E-05    2.839325E-05    2.898348E-05    2.825594E-05
   2.748394E-05    2.844259E-05    2.951238E-05    2.692789E-05    2.318354E-05    2.405678E-05    2.416309E-05    2.543823E-05    2.411060E-05    2.645477E-05    2.661688E-05    2.622971E-05    2.414243E-05    2.615547E-05    2.634622E-05    2.588916E-05    2.773431E-05    2.912138E-05    2.798514E-05    2.758544E-05
   2.680277E-05    2.833344E-05    2.671388E-05    2.340937E-05    2.158330E-05    2.244003E-05    2.283357E-05    2.463563E-05    2.550147E-05    2.358989E-05    2.435312E-05    2.424261E-05    2.326893E-05    2.334637E-05    2.350025E-05    2.621716E-05    2.489718E-05    2.547457E-05    2.693558E-05    2.593927E-05
   2.549622E-05    2.529645E-05    2.509387E-05    2.356898E-05    2.290128E-05    2.296184E-05    2.317732E-05    2.451924E-05    2.223503E-05    2.141366E-05    2.349120E-05    2.395883E-05    2.387290E-05    2.471140E-05    2.381994E-05    2.439284E-05    2.498695E-05    2.324878E-05    2.425942E-05    2.395967E-05
   2.516354E-05    2.500830E-05    2.335070E-05    2.347357E-05    2.541782E-05    2.253524E-05    2.393083E-05    2.202549E-05    2.192751E-05    2.413560E-05    2.500777E-05    2.489624E-05    2.542187E-05    2.600823E-05    2.206587E-05    2.178902E-05    2.136371E-05    2.285688E-05    2.322129E-05    2.282323E-05
   2.456557E-05    2.301027E-05    2.377241E-05    2.177285E-05    2.171399E-05    2.262656E-05    2.207289E-05    2.170855E-05    2.297718E-05    2.498408E-05    2.460257E-05    2.461296E-05    2.425026E-05    2.453233E-05    2.192967E-05    2.088825E-05    2.116033E-05    2.170665E-05    2.170376E-05    2.058823E-05
   2.345348E-05    2.199523E-05    2.298093E-05    2.225578E-05    2.246043E-05    2.347300E-05    2.295453E-05    2.211571E-05    2.335950E-05    2.522864E-05    2.476166E-05    2.587914E-05    2.479845E-05    2.332066E-05    2.268668E-05    2.261101E-05    2.220256E-05    2.179559E-05    2.169483E-05    2.157967E-05
   2.015897E-05    1.985186E-05    2.118513E-05    2.264142E-05    2.200625E-05    2.200625E-05    2.200625E-05    2.443713E-05    2.529987E-05    2.622212E-05    2.553562E-05    2.682409E-05    2.411196E-05    2.308651E-05    2.172295E-05    1.946195E-05    1.944655E-05    2.220307E-05    2.064314E-05    2.008990E-05
   2.027325E-05    2.166053E-05    2.239674E-05    2.403357E-05    2.200625E-05    2.200625E-05    2.200625E-05    2.200625E-05    2.608763E-05    2.699613E-05    2.581134E-05    2.471108E-05    2.191709E-05    2.241317E-05    2.084692E-05    2.093392E-05    2.028448E-05    2.103198E-05    2.063194E-05    2.236742E-05
   1.853160E-05    2.107109E-05    2.319492E-05    2.617059E-05    2.200625E-05    2.200625E-05    2.200625E-05    2.200625E-05    2.457735E-05    2.501011E-05    2.739987E-05    2.488429E-05    2.338567E-05    2.330327E-05    2.322725E-05    2.218347E-05    2.051673E-05    1.951421E-05    1.927099E-05    1.967654E-05
   2.056884E-05    2.267667E-05    2.471612E-05    2.805201E-05    2.200625E-05    2.200625E-05    2.200625E-05    2.200625E-05    2.496278E-05    2.471684E-05    2.579104E-05    2.330628E-05    2.187054E-05    2.236656E-05    2.386561E-05    2.287031E-05    2.018229E-05    2.054889E-05    1.853279E-05    1.928983E-05
   2.241110E-05    2.234601E-05    2.448811E-05    2.558107E-05    2.200625E-05    2.200625E-05    2.200625E-05    2.200625E-05    2.384693E-05    2.372879E-05    2.338253E-05    2.467864E-05    2.411301E-05    2.447863E-05    2.425526E-05    2.029003E-05    2.032561E-05    2.019467E-05    2.068535E-05    2.000061E-05
   2.528997E-05    2.258224E-05    2.420173E-05    2.541515E-05    2.200625E-05    2.200625E-05    2.200625E-05    2.200625E-05    2.693712E-05    2.563738E-05    2.433111E-05    2.542343E-05    2.555063E-05    2.428679E-05    2.525356E-05    2.196592E-05    2.099202E-05    2.202107E-05    2.130094E-05    2.244140E-05
   2.665874E-05    2.319000E-05    2.360005E-05    2.379800E-05    2.200625E-05    2.200625E-05    2.200625E-05    2.200625E-05    2.664317E-05    2.671658E-05    2.498385E-05    2.463724E-05    2.701427E-05    2.684190E-05    2.613300E-05    2.451217E-05    2.219094E-05    2.297271E-05    2.246207E-05    2.375020E-05
   2.559435E-05    2.547836E-05    2.550906E-05    2.740265E-05    2.200625E-05    2.200625E-05    2.200625E-05    2.200625E-05    2.792499E-05    2.492011E-05    2.540868E-05    2.616033E-05    2.936732E-05    2.594369E-05    2.538532E-05    2.555143E-05    2.452997E-05    2.466914E-05    2.483186E-05    2.415084E-05
   2.610013E-05    2.651358E-05    2.533375E-05    2.710549E-05    2.200625E-05    2.200625E-05    2.200625E-05    2.200625E-05    2.578280E-05    2.634282E-05    2.952937E-05    2.846137E-05    2.831728E-05    2.451443E-05    2.396261E-05    2.367401E-05    2.481611E-05    2.436730E-05    2.459562E-05    2.448582E-05
   2.747849E-05    2.507496E-05    2.516061E-05    2.427201E-05    2.200625E-05    2.200625E-05    2.200625E-05    2.200625E-05    2.517561E-05    2.592794E-05    2.737597E-05    2.836190E-05    2.700394E-05    2.572471E-05    2.463554E-05    2.393558E-05    2.473146E-05    2.421517E-05    2.480739E-05    2.532037E-05
   2.605032E-05    2.586774E-05    2.406883E-05    2.380360E-05    2.200625E-05    2.200625E-05    2.200625E-05    2.200625E-05    2.412363E-05    2.483262E-05    2.701348E-05    2.770961E-05    2.666231E-05    2.523698E-05    2.665359E-05    2.281130E-05    2.389708E-05    2.464694E-05    2.548770E-05    2.617810E-05
   2.474120E-05    2.490725E-05    2.401015E-05    2.498939E-05    2.200625E-05    2.200625E-05    2.200625E-05    2.200625E-05    2.381386E-05    2.696994E-05    2.574554E-05    2.747913E-05    2.500478E-05    2.571783E-05    2.517602E-05    2.247789E-05    2.138126E-05    2.214231E-05    2.259531E-05    2.472197E-05
   2.417061E-05    2.521612E-05    2.494752E-05    2.734251E-05    2.200625E-05    2.200625E-05    2.200625E-05    2.200625E-05    2.548180E-05    2.693479E-05    2.808014E-05    2.821591E-05    2.683907E-05    2.803964E-05    2.440494E-05    2.084941E-05    2.107973E-05    2.310907E-05    2.199033E-05    2.156250E-05
   2.491723E-05    2.607527E-05    2.551440E-05    2.477623E-05    2.200625E-05    2.200625E-05    2.531320E-05    2.373000E-05    2.643694E-05    2.496794E-05    2.642929E-05    2.873605E-05    2.861082E-05    2.862385E-05    2.646379E-05    2.282570E-05    2.278949E-05    2.375627E-05    2.279781E-05    2.278827E-05
   2.296905E-05    2.693219E-05    2.665476E-05    2.323047E-05    2.429690E-05    2.200625E-05    2.630883E-05    2.669044E-05    2.440615E-05    2.661443E-05    2.691852E-05    2.631286E-05    2.732869E-05    2.602836E-05    2.551440E-05    2.406858E-05    2.462967E-05    2.497584E-05    2.429104E-05    2.239257E-05
   2.261361E-05    2.644164E-05    2.506328E-05    2.528576E-05    2.256275E-05    2.364613E-05    2.474495E-05    2.495008E-05    2.394112E-05    2.519186E-05    2.580902E-05    2.331188E-05    2.311178E-05    2.534585E-05    2.331345E-05    2.339900E-05    2.435085E-05    2.380239E-05    2.233898E-05    2.250793E-05
   2.351432E-05    2.362485E-05    2.261191E-05    2.435602E-05    2.311769E-05    2.509141E-05    2.353969E-05    2.510510E-05    2.291296E-05    2.355185E-05    2.525545E-05    2.422138E-05    2.582979E-05    2.408643E-05    2.345292E-05    2.089373E-05    2.102114E-05    2.204718E-05    2.164863E-05    2.046429E-05
   2.321541E-05    2.277193E-05    2.260243E-05    2.219524E-05    2.409066E-05    2.394739E-05    2.369504E-05    2.343481E-05    2.246264E-05    2.437192E-05    2.360071E-05    2.669473E-05    2.308293E-05    2.520568E-05    2.237539E-05    2.070759E-05    2.083432E-05    2.052419E-05    2.108205E-05    2.060975E-05
   2.064295E-05    2.196682E-05    2.138373E-05    2.435028E-05    2.373366E-05    2.371949E-05    2.278447E-05    2.314520E-05    2.257046E-05    2.398571E-05    2.501166E-05    2.367824E-05    2.282922E-05    2.455523E-05    2.220202E-05    2.128050E-05    2.269795E-05    2.118423E-05    2.057206E-05    2.164838E-05
   1.930999E-05    2.099242E-05    2.139641E-05    2.209117E-05    2.448427E-05    2.435623E-05    2.254911E-05    2.235593E-05    2.189418E-05    2.068464E-05    2.282371E-05    2.350065E-05    2.288615E-05    2.184075E-05    2.164615E-05    2.121861E-05    2.250641E-05    2.270758E-05    2.013780E-05    2.036757E-05
   2.024967E-05    2.167002E-05    2.112488E-05    2.150668E-05    2.163405E-05    2.158917E-05    2.019356E-05    2.026849E-05    1.900392E-05    2.048903E-05    2.212384E-05    2.345809E-05    2.116488E-05    2.132077E-05    2.258368E-05    2.188123E-05    2.109193E-05    2.090959E-05    2.120860E-05    2.067738E-05
   2.350188E-05    2.401915E-05    2.362708E-05    2.352749E-05    2.290845E-05    2.133029E-05    2.009609E-05    1.792940E-05    1.806101E-05    1.850544E-05    2.066216E-05    2.327223E-05    2.044867E-05    2.050648E-05    2.045931E-05    2.034580E-05    2.119494E-05    2.308558E-05    2.229497E-05    2.212786E-05
   2.378585E-05    2.491520E-05    2.323821E-05    2.172045E-05    2.304678E-05    2.171189E-05    1.959051E-05    1.908526E-05    1.779110E-05    1.864588E-05    2.020113E-05    2.132312E-05    2.123002E-05    1.982629E-05    2.087681E-05    2.134620E-05    2.034595E-05    2.190469E-05    2.169115E-05    2.180482E-05
   2.364161E-05    2.391646E-05    2.284447E-05    2.259666E-05    2.181712E-05    2.041384E-05    2.009266E-05    1.939699E-05    1.895475E-05    1.982730E-05    1.969585E-05    2.184003E-05    1.933291E-05    2.027138E-05    2.348386E-05    2.323557E-05    2.383726E-05    2.161480E-05    2.105799E-05    2.138708E-05
   2.200625E-05    2.385082E-05    2.227769E-05    2.122342E-05    2.037626E-05    2.127233E-05    2.159776E-05    2.066196E-05    2.012771E-05    2.002879E-05    2.112298E-05    2.360239E-05    2.264410E-05    2.376591E-05    2.475596E-05    2.403038E-05    2.539906E-05    2.479188E-05    2.403747E-05    2.169841E-05
   2.200625E-05    2.200625E-05    2.229529E-05    2.158277E-05    2.130463E-05    2.235976E-05    2.224432E-05    2.071598E-05    1.997342E-05    2.193139E-05    2.475369E-05    2.280804E-05    2.163312E-05    2.184658E-05    2.310013E-05    2.283387E-05    2.392699E-05    2.449459E-05    2.295447E-05    2.298001E-05
   2.200625E-05    2.200625E-05    2.200625E-05    2.353132E-05    2.262328E-05    2.155721E-05    2.242238E-05    2.210813E-05    2.135723E-05    2.172304E-05    2.374593E-05    2.147323E-05    2.277332E-05    2.006235E-05    2.034482E-05    2.278181E-05    2.371988E-05    2.514880E-05    2.439141E-05    2.356427E-05
   2.200625E-05    2.200625E-05    2.200625E-05    2.200625E-05    2.314709E-05    2.139137E-05    2.006025E-05    2.127715E-05    2.102226E-05    1.998881E-05    2.093201E-05    2.076520E-05    2.022960E-05    2.172610E-05    2.352214E-05    2.369345E-05    2.456343E-05    2.670616E-05    2.523378E-05    2.200625E-05
   2.200625E-05    2.200625E-05    2.200625E-05    2.200625E-05    2.304733E-05    2.200551E-05    2.063137E-05    1.982828E-05    2.218887E-05    2.030886E-05    1.987580E-05    1.998551E-05    2.039852E-05    2.305165E-05    2.543796E-05    2.547149E-05    2.403746E-05    2.522056E-05    2.398429E-05    2.200625E-05
   2.200625E-05    2.200625E-05    2.200625E-05    2.200625E-05    2.200625E-05    2.237985E-05    2.170683E-05    2.164743E-05    2.230948E-05    2.094190E-05    2.133695E-05    2.210996E-05    2.100445E-05    2.325530E-05    2.497394E-05    2.544922E-05    2.388517E-05    2.573301E-05    2.200625E-05    2.200625E-05
   2.200625E-05    2.200625E-05    2.200625E-05    2.200625E-05    2.200625E-05    2.120538E-05    2.181135E-05    2.371796E-05    2.375926E-05    2.192050E-05    2.282354E-05    2.196678E-05    2.239293E-05    2.370428E-05    2.274197E-05    2.447297E-05    2.673883E-05    2.200625E-05    2.200625E-05    2.200625E-05
   2.200625E-05    2.200625E-05    2.200625E-05    2.200625E-05    2.200625E-05    2.197668E-05    2.237147E-05    2.268615E-05    2.360232E-05    2.352023E-05    2.343113E-05    2.345321E-05    2.405102E-05    2.218503E-05    2.222067E-05    2.269090E-05    2.200625E-05    2.200625E-05    2.200625E-05    2.200625E-05
