1.202818291449867134E-02 1.199627043469834141E-02 1.248351467059629488E-02 1.196111722660546210E-02 1.200480782336506985E-02 1.080256502818921494E-02 1.000000000000000021E-02 1.023027621729816032E-02 1.014843418733159253E-02 1.000000000000000021E-02 1.093090022429398823E-02 1.140800348116056961E-02 1.195913035705523098E-02 1.161866762879956716E-02 1.102216154625138868E-02 1.000000000000000021E-02 1.000000000000000021E-02 1.000000000000000021E-02 1.000000000000000021E-02 1.102067642851929825E-02
1.204206499844786421E-02 1.224489734209654491E-02 1.205764484327247719E-02 1.236049147456681763E-02 1.174903304599216741E-02 1.085309320222354115E-02 1.047617463504733892E-02 1.000000000000000021E-02 1.000000000000000021E-02 1.000000000000000021E-02 1.060027256133170767E-02 1.078687047153671988E-02 1.177855388301025583E-02 1.123931285346955501E-02 1.052085993411027397E-02 1.000000000000000021E-02 1.000000000000000021E-02 1.000000000000000021E-02 1.000000000000000021E-02 1.000000000000000021E-02
1.121816168782723867E-02 1.140958145919347168E-02 1.078886827822700574E-02 1.207286625048424600E-02 1.067508407668254014E-02 1.000000000000000021E-02 1.023017600229790894E-02 1.033213584646473435E-02 1.026569991522717148E-02 1.000000000000000021E-02 1.000028965536463310E-02 1.039085538978648353E-02 1.077904405477260116E-02 1.096469189728590220E-02 1.054480501608458937E-02 1.022395983596985011E-02 1.000000000000000021E-02 1.000000000000000021E-02 1.000000000000000021E-02 1.000000000000000021E-02
1.103635106782929580E-02 1.083365736651160233E-02 1.060192245252276726E-02 1.045751191253691328E-02 1.000000000000000021E-02 1.000000000000000021E-02 1.000000000000000021E-02 1.019558508648848311E-02 1.049590485301828829E-02 1.027242944902403629E-02 1.018826753973092573E-02 1.044844004559739199E-02 1.005804020897146413E-02 1.030855630381171013E-02 1.079044640717965672E-02 1.019265748384015277E-02 1.000000000000000021E-02 1.000000000000000021E-02 1.000000000000000021E-02 1.000000000000000021E-02
1.000000000000000021E-02 1.000000000000000021E-02 1.000000000000000021E-02 1.000000000000000021E-02 1.000000000000000021E-02 1.000000000000000021E-02 1.000000000000000021E-02 1.000000000000000021E-02 1.019805899779780908E-02 1.016309318911808035E-02 1.020042767010111151E-02 1.046571221113162461E-02 1.000000000000000021E-02 1.172933593247934593E-02 1.000000000000000021E-02 1.000000000000000021E-02 1.030962043211678530E-02 1.000000000000000021E-02 1.000000000000000021E-02 1.000000000000000021E-02
1.000000000000000021E-02 1.000000000000000021E-02 1.000000000000000021E-02 1.000000000000000021E-02 1.000000000000000021E-02 1.000000000000000021E-02 1.000000000000000021E-02 1.000000000000000021E-02 1.000000000000000021E-02 1.000000000000000021E-02 1.000606160018450985E-02 1.051446440214136302E-02 1.063707833026603100E-02 1.044836000751018547E-02 1.000000000000000021E-02 1.000000000000000021E-02 1.001242077054121174E-02 1.000000000000000021E-02 1.000000000000000021E-02 1.066577799787952856E-02
1.000000000000000021E-02 1.000000000000000021E-02 1.000000000000000021E-02 1.000000000000000021E-02 1.000000000000000021E-02 1.000000000000000021E-02 1.000000000000000021E-02 1.000000000000000021E-02 1.000000000000000021E-02 1.000000000000000021E-02 1.000000000000000021E-02 1.000000000000000021E-02 1.000000000000000021E-02 1.000000000000000021E-02 1.017688160150562876E-02 1.107651263326583056E-02 1.007266345633536439E-02 1.080892530692769554E-02 1.111852926023857574E-02 1.120766897203201787E-02
1.000000000000000021E-02 1.000000000000000021E-02 1.000000000000000021E-02 1.000000000000000021E-02 1.000000000000000021E-02 1.010426976914614861E-02 1.000000000000000021E-02 1.000000000000000021E-02 1.000000000000000021E-02 1.000000000000000021E-02 1.000000000000000021E-02 1.000000000000000021E-02 1.000000000000000021E-02 1.099050720163787138E-02 1.098721275354844727E-02 1.217222068099602095E-02 1.055761686262335006E-02 1.032505021438280025E-02 1.133953765576205600E-02 1.116652249950124062E-02
1.000000000000000021E-02 1.000000000000000021E-02 1.000000000000000021E-02 1.000000000000000021E-02 1.000000000000000021E-02 1.000000000000000021E-02 1.000000000000000021E-02 1.000000000000000021E-02 1.033499207710240550E-02 1.000000000000000021E-02 1.000000000000000021E-02 1.000000000000000021E-02 1.043381861362032391E-02 1.125116259131827764E-02 1.171936552759738834E-02 1.166192508651611552E-02 1.061796585455419481E-02 1.042463671404263853E-02 1.155130035780044251E-02 1.122578651279835041E-02
1.000000000000000021E-02 1.002379631490309293E-02 1.000000000000000021E-02 1.000000000000000021E-02 1.000000000000000021E-02 1.000000000000000021E-02 1.000000000000000021E-02 1.000000000000000021E-02 1.030104595402292142E-02 1.020084797837553063E-02 1.012444034425389466E-02 1.000000000000000021E-02 1.000000000000000021E-02 1.139948171776216171E-02 1.149842582720120299E-02 1.211119343480204780E-02 1.052669627913280226E-02 1.104746253340189478E-02 1.223059193463722251E-02 1.055350503301035608E-02
1.013059324406640448E-02 1.000000000000000021E-02 1.000000000000000021E-02 1.000000000000000021E-02 1.000000000000000021E-02 1.000000000000000021E-02 1.000000000000000021E-02 1.000000000000000021E-02 1.000000000000000021E-02 1.003516703647153348E-02 1.085182393978542832E-02 1.000000000000000021E-02 1.022478894593736344E-02 1.142073396591856103E-02 1.084176057478300308E-02 1.221020743793937123E-02 1.195156577573239579E-02 1.096391235185307719E-02 1.121048335251394017E-02 1.095322858717036330E-02
1.009941233550629841E-02 1.000000000000000021E-02 1.000000000000000021E-02 1.000000000000000021E-02 1.000000000000000021E-02 1.000000000000000021E-02 1.000000000000000021E-02 1.000000000000000021E-02 1.000000000000000021E-02 1.016225262846716729E-02 1.107515998847727508E-02 1.103712816840172681E-02 1.182288566940206329E-02 1.251170916785370249E-02 1.140453048017818494E-02 1.215749055773996008E-02 1.190979139561604283E-02 1.209705948286295997E-02 1.145943157664331205E-02 1.052431939331874115E-02
1.000000000000000021E-02 1.000000000000000021E-02 1.000000000000000021E-02 1.007624786108478852E-02 1.000000000000000021E-02 1.000000000000000021E-02 1.000000000000000021E-02 1.000000000000000021E-02 1.000000000000000021E-02 1.093608058278395731E-02 1.131508853542063583E-02 1.200875135321981431E-02 1.145341279667340569E-02 1.210864092643808287E-02 1.273633387552097589E-02 1.185265857868757038E-02 1.235656917029265452E-02 1.228172589796589116E-02 1.191759443175147495E-02 1.076013023932716368E-02
1.000000000000000021E-02 1.000000000000000021E-02 1.000000000000000021E-02 1.000000000000000021E-02 1.000000000000000021E-02 1.000000000000000021E-02 1.000000000000000021E-02 1.000000000000000021E-02 1.000000000000000021E-02 1.019596914259098853E-02 1.113510089403613179E-02 1.163342631159476094E-02 1.140702593759210758E-02 1.153246627087707588E-02 1.190738506010513044E-02 1.269224287578454152E-02 1.202030900293214050E-02 1.110856476083762860E-02 1.190558609069209892E-02 1.043103904276174165E-02
1.000000000000000021E-02 1.023361823614093655E-02 1.018266722771790818E-02 1.000000000000000021E-02 1.000000000000000021E-02 1.000000000000000021E-02 1.000000000000000021E-02 1.000000000000000021E-02 1.000000000000000021E-02 1.000000000000000021E-02 1.000000000000000021E-02 1.000228661050971309E-02 1.201792374433459376E-02 1.192198530282915885E-02 1.211332946216982231E-02 1.146837838567234605E-02 1.228179101951347441E-02 1.207634718504278087E-02 1.203834157312124765E-02 1.086520512657135513E-02
1.042894464800367751E-02 1.025030187204878894E-02 1.028300724376337259E-02 1.000000000000000021E-02 1.000000000000000021E-02 1.000000000000000021E-02 1.000000000000000021E-02 1.000000000000000021E-02 1.000000000000000021E-02 1.000000000000000021E-02 1.000000000000000021E-02 1.037199309413528239E-02 1.158472291269438750E-02 1.132654479159215036E-02 1.178222874255444030E-02 1.119852909373671677E-02 1.086752147816108689E-02 1.172827258804186312E-02 1.149650169326898487E-02 1.181472178854336280E-02
1.115734453248222978E-02 1.087682188147462078E-02 1.044672263200289997E-02 1.000000000000000021E-02 1.000000000000000021E-02 1.000000000000000021E-02 1.000000000000000021E-02 1.000000000000000021E-02 1.000000000000000021E-02 1.000000000000000021E-02 1.000000000000000021E-02 1.000194674498298963E-02 1.152322169837656854E-02 1.096065131203662578E-02 1.152554512775643726E-02 1.147536930109169240E-02 1.098314391218128266E-02 1.056800086257770645E-02 1.118140055320007188E-02 1.208818477505508616E-02
1.117043182847744960E-02 1.089399697558395691E-02 1.150293434028812345E-02 1.000000000000000021E-02 1.000000000000000021E-02 1.000000000000000021E-02 1.000000000000000021E-02 1.000000000000000021E-02 1.000000000000000021E-02 1.000000000000000021E-02 1.009605574103481125E-02 1.050284275944623341E-02 1.104973793764290474E-02 1.018222387819487512E-02 1.039885367498052243E-02 1.075175370147893675E-02 1.012042599873342816E-02 1.006093501943334211E-02 1.067567710846240199E-02 1.117133912104681728E-02
1.097456539016895133E-02 1.061904313660034030E-02 1.000000000000000021E-02 1.000000000000000021E-02 1.000000000000000021E-02 1.000000000000000021E-02 1.000000000000000021E-02 1.000000000000000021E-02 1.000000000000000021E-02 1.000000000000000021E-02 1.023588387974592485E-02 1.102733204117760900E-02 1.099709263595015710E-02 1.015590570539299381E-02 1.074191361770503866E-02 1.000000000000000021E-02 1.018261777559267833E-02 1.096304804198144044E-02 1.090363883328102426E-02 1.074791090958629458E-02
1.036430315396144608E-02 1.000000000000000021E-02 1.000000000000000021E-02 1.000000000000000021E-02 1.000000000000000021E-02 1.000000000000000021E-02 1.000000000000000021E-02 1.000000000000000021E-02 1.000000000000000021E-02 1.030964175348678818E-02 1.000000000000000021E-02 1.001314395674890965E-02 1.001229447856267010E-02 1.007664146129823302E-02 1.000000000000000021E-02 1.000000000000000021E-02 1.000000000000000021E-02 1.044834419999777705E-02 1.048800625239412233E-02 1.105238936009504506E-02
1.085408500230670287E-02 1.025993752382925450E-02 1.048046442543965583E-02 1.016767463182212741E-02 1.000000000000000021E-02 1.000000000000000021E-02 1.000000000000000021E-02 1.000000000000000021E-02 1.000000000000000021E-02 1.000000000000000021E-02 1.000000000000000021E-02 1.000000000000000021E-02 1.098552503684153102E-02 1.125556723652140420E-02 1.000000000000000021E-02 1.048951703585582033E-02 1.079902760974513383E-02 1.037306093234665813E-02 1.000000000000000021E-02 1.000000000000000021E-02
1.080007180304695669E-02 1.071409313503454350E-02 1.014853557143616074E-02 1.000000000000000021E-02 1.000000000000000021E-02 1.000000000000000021E-02 1.000000000000000021E-02 1.035256674854635912E-02 1.000000000000000021E-02 1.000000000000000021E-02 1.031585231932763934E-02 1.051287995250308090E-02 1.064223485895054479E-02 1.074615372486265215E-02 1.078242558909680085E-02 1.134551824842736784E-02 1.146060358058332250E-02 1.007412346957024113E-02 1.000000000000000021E-02 1.066279180810308230E-02
1.084086505262993327E-02 1.087030532054565971E-02 1.137287097289093815E-02 1.000000000000000021E-02 1.000000000000000021E-02 1.000000000000000021E-02 1.000000000000000021E-02 1.000000000000000021E-02 1.000000000000000021E-02 1.000000000000000021E-02 1.000000000000000021E-02 1.022016432920744289E-02 1.110435404616915735E-02 1.057093664105165226E-02 1.114666664740498157E-02 1.183199368537490165E-02 1.109837771797782431E-02 1.000000000000000021E-02 1.027118051341973162E-02 1.224812770190369590E-02
1.131131844833501571E-02 1.143138326479397823E-02 1.062590262234869298E-02 1.029903142373569079E-02 1.000000000000000021E-02 1.000000000000000021E-02 1.000000000000000021E-02 1.000000000000000021E-02 1.000000000000000021E-02 1.000000000000000021E-02 1.000000000000000021E-02 1.012642572297682217E-02 1.160697298816328916E-02 1.113148184093482387E-02 1.170999272894094820E-02 1.109715226793392233E-02 1.123319189628146399E-02 1.048480654783209322E-02 1.088234494113211707E-02 1.157371635089800462E-02
1.039260493501727514E-02 1.086837581712287414E-02 1.032718111743705959E-02 1.000000000000000021E-02 1.000000000000000021E-02 1.000000000000000021E-02 1.000000000000000021E-02 1.000000000000000021E-02 1.050611991340417821E-02 1.011827756480802171E-02 1.000000000000000021E-02 1.037388400505880222E-02 1.115290483978087846E-02 1.171796353210105383E-02 1.211579831319097370E-02 1.139251251864885524E-02 1.090811828959143553E-02 1.142084365053255314E-02 1.068636660006246249E-02 1.168183131560020585E-02
1.042073954172244472E-02 1.105083502169649026E-02 1.000000000000000021E-02 1.000000000000000021E-02 1.000000000000000021E-02 1.000000000000000021E-02 1.000000000000000021E-02 1.000000000000000021E-02 1.000000000000000021E-02 1.000000000000000021E-02 1.040189239289818560E-02 1.000000000000000021E-02 1.015862928672651641E-02 1.096410828644223297E-02 1.149656049788528103E-02 1.125491439226789479E-02 1.125190193633113407E-02 1.120608279109737426E-02 1.040473446319525874E-02 1.104547096312966797E-02
1.140321919225955292E-02 1.056138138089663184E-02 1.077373606636438524E-02 1.000000000000000021E-02 1.000000000000000021E-02 1.000000000000000021E-02 1.000000000000000021E-02 1.000000000000000021E-02 1.006110606989767120E-02 1.000000000000000021E-02 1.000000000000000021E-02 1.000000000000000021E-02 1.019931634727668478E-02 1.129039512966069879E-02 1.135360922395467313E-02 1.210107374605593616E-02 1.250911580945080967E-02 1.148482536146772613E-02 1.269633242819523215E-02 1.204325700619050289E-02
1.112326769743288493E-02 1.043970914734686055E-02 1.003515326989716863E-02 1.000000000000000021E-02 1.000000000000000021E-02 1.000000000000000021E-02 1.000000000000000021E-02 1.000000000000000021E-02 1.000000000000000021E-02 1.014080664951081713E-02 1.101496839323074656E-02 1.077453634423332710E-02 1.165557573209732856E-02 1.185685098014348932E-02 1.163907611357922235E-02 1.217518085943135667E-02 1.167060730847604803E-02 1.131468171182310918E-02 1.143709539586128254E-02 1.233861586601944609E-02
1.113910358324109694E-02 1.151610260921493746E-02 1.000000000000000021E-02 1.000000000000000021E-02 1.000000000000000021E-02 1.035596993013767654E-02 1.013054463121224394E-02 1.072772930292367408E-02 1.052074472950506774E-02 1.130677752060867645E-02 1.132734662272940653E-02 1.137741106085361255E-02 1.339783939988457157E-02 1.205160692651939362E-02 1.301164509785021454E-02 1.225401772496280579E-02 1.200222057712931924E-02 1.104921880869070595E-02 1.095642584366434552E-02 1.122398570762829853E-02
1.151441153458557069E-02 1.192260152699192721E-02 1.056611823671908465E-02 1.032340839282971413E-02 1.000000000000000021E-02 1.046640987198164952E-02 1.061828734113588572E-02 1.000000000000000021E-02 1.076282713989400869E-02 1.085361192969072110E-02 1.196531047251474418E-02 1.192437586875928941E-02 1.236054266107946761E-02 1.305272373770146981E-02 1.217091548157634394E-02 1.225956830101411661E-02 1.165533865802576875E-02 1.161894058149300427E-02 1.199567445935872077E-02 1.177521531961739365E-02
1.137263107139747757E-02 1.224544133570846204E-02 1.132955783927625491E-02 1.015503766730594531E-02 1.000000000000000021E-02 1.098969708324363907E-02 1.159097219623283180E-02 1.074311649542198169E-02 1.089777691455562185E-02 1.248314414189910342E-02 1.181474874481612536E-02 1.282552717629333559E-02 1.283509715294930270E-02 1.296467674172817157E-02 1.410351501770364634E-02 1.266225299357151210E-02 1.190348494808832723E-02 1.291547559399227295E-02 1.198939981770871105E-02 1.048227144488113674E-02
1.155881733926003747E-02 1.064205793626845850E-02 1.064336369184085661E-02 1.059881160761007649E-02 1.088026624124678078E-02 1.230952326623417463E-02 1.170511903468357887E-02 1.165345895061236509E-02 1.212434208633518876E-02 1.219352186415664438E-02 1.159731872150590419E-02 1.306802623589060734E-02 1.260380283846890270E-02 1.267276634987662097E-02 1.358708089072273827E-02 1.245677633362738887E-02 1.120190146216821885E-02 1.162001247805116363E-02 1.074504532197154832E-02 1.046381477869390113E-02
1.000000000000000021E-02 1.158092989463995956E-02 1.139918371584964021E-02 1.089358304603803632E-02 1.196883597978925726E-02 1.234572220047646871E-02 1.180444678333594441E-02 1.120108884606325211E-02 1.262577863943777599E-02 1.306309099124585045E-02 1.138191864003986614E-02 1.166271673840980384E-02 1.219039959604832808E-02 1.329718610213658815E-02 1.231288137632968044E-02 1.240397945860751555E-02 1.181928609772784668E-02 1.224252539434459407E-02 1.158942820985788859E-02 1.041525695172007548E-02
1.000000000000000021E-02 1.000000000000000021E-02 1.192372272306017889E-02 1.264663296127296541E-02 1.241667238943792821E-02 1.175179318867778690E-02 1.146004796744814688E-02 1.165270321953195028E-02 1.208447645197811143E-02 1.186364851607000365E-02 1.105289013311800891E-02 1.139796543020706390E-02 1.140335949487166281E-02 1.317402907935159330E-02 1.267965802398393106E-02 1.188327658425491172E-02 1.122698280889060027E-02 1.117254594467230987E-02 1.201521059307156421E-02 1.139615473971171238E-02
1.000000000000000021E-02 1.000000000000000021E-02 1.000000000000000021E-02 1.291684097372526943E-02 1.253968118823436083E-02 1.168334450664666735E-02 1.048808640285132758E-02 1.110791442204513840E-02 1.189264705742316443E-02 1.194138563908266580E-02 1.157286244919155695E-02 1.130247407290188230E-02 1.118464010455907411E-02 1.191488393889562382E-02 1.168664818812129892E-02 1.151397006702224377E-02 1.202756299867244714E-02 1.210730494670579985E-02 1.210716472659357536E-02 1.177913250501665815E-02
1.000000000000000021E-02 1.000000000000000021E-02 1.000000000000000021E-02 1.000000000000000021E-02 1.112071001007514798E-02 1.056528803219555779E-02 1.010937291636954116E-02 1.000000000000000021E-02 1.007086034895694239E-02 1.116780682446485637E-02 1.149160844487758827E-02 1.187958145098731363E-02 1.297330945882199313E-02 1.297226768668404556E-02 1.242226547823693968E-02 1.213028732966364882E-02 1.286940154469025203E-02 1.185973714995132260E-02 1.241820722162319778E-02 1.000000000000000021E-02
1.000000000000000021E-02 1.000000000000000021E-02 1.000000000000000021E-02 1.000000000000000021E-02 1.067594265662478135E-02 1.018040907386104713E-02 1.000000000000000021E-02 1.014866800662020049E-02 1.000000000000000021E-02 1.053975991811556025E-02 1.113809250911542911E-02 1.219597334561100740E-02 1.356853033452560392E-02 1.397654576356284831E-02 1.322337889184046697E-02 1.340607506939295833E-02 1.196947051135081874E-02 1.192371614505961797E-02 1.143512093232706625E-02 1.000000000000000021E-02
1.000000000000000021E-02 1.000000000000000021E-02 1.000000000000000021E-02 1.000000000000000021E-02 1.000000000000000021E-02 1.026725687964529302E-02 1.000000000000000021E-02 1.021740070535936268E-02 1.004403243344803055E-02 1.000000000000000021E-02 1.047807884943125108E-02 1.271320656272760703E-02 1.267216632680246216E-02 1.324914541117221470E-02 1.276903365644230411E-02 1.249434788006474270E-02 1.177626911267245190E-02 1.223557205699100925E-02 1.000000000000000021E-02 1.000000000000000021E-02
1.000000000000000021E-02 1.000000000000000021E-02 1.000000000000000021E-02 1.000000000000000021E-02 1.000000000000000021E-02 1.051852588230753338E-02 1.018012840565425160E-02 1.000000000000000021E-02 1.000000000000000021E-02 1.002894697066783643E-02 1.043079335870067403E-02 1.063681023926369221E-02 1.162807878986703639E-02 1.217550920786892449E-02 1.225727547872992179E-02 1.244036399458957678E-02 1.232046234206611926E-02 1.000000000000000021E-02 1.000000000000000021E-02 1.000000000000000021E-02
1.000000000000000021E-02 1.000000000000000021E-02 1.000000000000000021E-02 1.000000000000000021E-02 1.000000000000000021E-02 1.000000000000000021E-02 1.000000000000000021E-02 1.000000000000000021E-02 1.000000000000000021E-02 1.013162427196773532E-02 1.020173719092235497E-02 1.049867357783853573E-02 1.107459955896021413E-02 1.129206699018534335E-02 1.175047026512960127E-02 1.149172983683772672E-02 1.000000000000000021E-02 1.000000000000000021E-02 1.000000000000000021E-02 1.000000000000000021E-02
