   6.568755E-05    7.037820E-05    6.712406E-05    6.761111E-05    6.773269E-05    7.030507E-05    7.028279E-05    6.587160E-05    6.819186E-05    6.548460E-05    7.044011E-05    7.292821E-05    7.968178E-05    8.375348E-05    8.380368E-05    7.360757E-05    8.040260E-05    7.816784E-05    7.486880E-05    7.121116E-05
   7.130278E-05    7.515767E-05    7.116742E-05    7.008635E-05    6.989673E-05    6.509660E-05    6.779569E-05    6.529823E-05    6.299129E-05    6.828065E-05    6.987294E-05    6.888852E-05    6.745741E-05    7.432777E-05    8.158136E-05    7.111865E-05    7.566518E-05    7.528178E-05    7.684672E-05    7.491771E-05
   7.287084E-05    7.541260E-05    7.824904E-05    7.139654E-05    6.146876E-05    6.378409E-05    6.406596E-05    6.744685E-05    6.392679E-05    7.014211E-05    7.057192E-05    6.954539E-05    6.401116E-05    6.934854E-05    6.985430E-05    6.864244E-05    7.353466E-05    7.721234E-05    7.419973E-05    7.313995E-05
   7.106478E-05    7.512321E-05    7.082911E-05    6.206754E-05    5.722591E-05    5.949743E-05    6.054087E-05    6.531884E-05    6.761453E-05    6.254616E-05    6.456981E-05    6.427679E-05    6.169517E-05    6.190049E-05    6.230848E-05    6.951209E-05    6.601230E-05    6.754321E-05    7.141691E-05    6.877530E-05
   6.760060E-05    6.707094E-05    6.653383E-05    6.249072E-05    6.072040E-05    6.088095E-05    6.145227E-05    6.501025E-05    5.895390E-05    5.677611E-05    6.228449E-05    6.352437E-05    6.329655E-05    6.551973E-05    6.315613E-05    6.467510E-05    6.625032E-05    6.164174E-05    6.432136E-05    6.352659E-05
   6.671855E-05    6.630694E-05    6.191199E-05    6.223776E-05    6.739273E-05    5.974988E-05    6.345015E-05    5.839832E-05    5.813853E-05    6.399305E-05    6.630552E-05    6.600982E-05    6.740347E-05    6.895815E-05    5.850539E-05    5.777134E-05    5.664367E-05    6.060268E-05    6.156886E-05    6.051344E-05
   6.513307E-05    6.100937E-05    6.303010E-05    5.772847E-05    5.757242E-05    5.999199E-05    5.852400E-05    5.755799E-05    6.092164E-05    6.624272E-05    6.523118E-05    6.525873E-05    6.429708E-05    6.504494E-05    5.814427E-05    5.538306E-05    5.610443E-05    5.755294E-05    5.754528E-05    5.458758E-05
   6.218449E-05    5.831808E-05    6.093158E-05    5.900891E-05    5.955151E-05    6.223624E-05    6.086157E-05    5.863753E-05    6.193532E-05    6.689114E-05    6.565300E-05    6.861587E-05    6.575055E-05    6.183233E-05    6.015140E-05    5.995076E-05    5.886781E-05    5.778876E-05    5.752161E-05    5.721627E-05
   5.344943E-05    5.263515E-05    5.617020E-05    6.003141E-05    6.155115E-05    6.155115E-05    6.155115E-05    6.479253E-05    6.708001E-05    6.952525E-05    6.770507E-05    7.112133E-05    6.393038E-05    6.121151E-05    5.759617E-05    5.160137E-05    5.156054E-05    5.886915E-05    5.473317E-05    5.326629E-05
   5.375245E-05    5.743068E-05    5.938265E-05    6.372253E-05    6.155115E-05    6.155115E-05    6.155115E-05    6.155115E-05    6.916868E-05    7.157746E-05    6.843611E-05    6.551889E-05    5.811092E-05    5.942622E-05    5.527346E-05    5.550415E-05    5.378220E-05    5.576412E-05    5.470346E-05    5.930491E-05
   4.913463E-05    5.586782E-05    6.149896E-05    6.938863E-05    6.155115E-05    6.155115E-05    6.155115E-05    6.155115E-05    6.516431E-05    6.631173E-05    7.264794E-05    6.597812E-05    6.200471E-05    6.178623E-05    6.158467E-05    5.881718E-05    5.439799E-05    5.173992E-05    5.109504E-05    5.217032E-05
   5.453617E-05    6.012487E-05    6.553224E-05    7.437701E-05    6.155115E-05    6.155115E-05    6.155115E-05    6.155115E-05    6.618624E-05    6.553417E-05    6.838228E-05    6.179421E-05    5.798749E-05    5.930263E-05    6.327721E-05    6.063827E-05    5.351126E-05    5.448327E-05    4.913778E-05    5.114500E-05
   5.942073E-05    5.924816E-05    6.492770E-05    6.782559E-05    6.155115E-05    6.155115E-05    6.155115E-05    6.155115E-05    6.322767E-05    6.291444E-05    6.199638E-05    6.543289E-05    6.393318E-05    6.490257E-05    6.431033E-05    5.379693E-05    5.389126E-05    5.354410E-05    5.484508E-05    5.302955E-05
   6.705375E-05    5.987449E-05    6.416841E-05    6.738566E-05    6.155115E-05    6.155115E-05    6.155115E-05    6.155115E-05    7.142101E-05    6.797486E-05    6.451143E-05    6.740761E-05    6.774487E-05    6.439392E-05    6.695722E-05    5.824039E-05    5.565817E-05    5.838660E-05    5.647726E-05    5.950106E-05
   7.068291E-05    6.148589E-05    6.257310E-05    6.309796E-05    6.155115E-05    6.155115E-05    6.155115E-05    6.155115E-05    7.064163E-05    7.083626E-05    6.624210E-05    6.532311E-05    7.162557E-05    7.116855E-05    6.928896E-05    6.499150E-05    5.883701E-05    6.090979E-05    5.955587E-05    6.297122E-05
   6.786078E-05    6.755325E-05    6.763465E-05    7.265530E-05    6.155115E-05    6.155115E-05    6.155115E-05    6.155115E-05    7.404025E-05    6.607310E-05    6.736850E-05    6.936142E-05    7.786444E-05    6.878703E-05    6.730656E-05    6.774698E-05    6.503869E-05    6.540769E-05    6.583912E-05    6.403347E-05
   6.920182E-05    7.029803E-05    6.716984E-05    7.186741E-05    6.155115E-05    6.155115E-05    6.155115E-05    6.155115E-05    6.836043E-05    6.984529E-05    7.829409E-05    7.546240E-05    7.508036E-05    6.499749E-05    6.353439E-05    6.276920E-05    6.579737E-05    6.460740E-05    6.521275E-05    6.492162E-05
   7.285638E-05    6.648369E-05    6.671078E-05    6.435475E-05    6.155115E-05    6.155115E-05    6.155115E-05    6.155115E-05    6.675055E-05    6.874527E-05    7.258456E-05    7.519867E-05    7.159818E-05    6.820642E-05    6.531861E-05    6.346273E-05    6.557291E-05    6.420404E-05    6.577423E-05    6.713436E-05
   6.906976E-05    6.858566E-05    6.381603E-05    6.311280E-05    6.155115E-05    6.155115E-05    6.155115E-05    6.155115E-05    6.396132E-05    6.584114E-05    7.162346E-05    7.346917E-05    7.069236E-05    6.691326E-05    7.066925E-05    6.048180E-05    6.336064E-05    6.534882E-05    6.757801E-05    6.940854E-05
   6.559874E-05    6.603902E-05    6.366045E-05    6.625680E-05    6.155115E-05    6.155115E-05    6.155115E-05    6.155115E-05    6.313999E-05    7.150801E-05    6.826165E-05    7.285808E-05    6.629761E-05    6.818819E-05    6.675163E-05    5.959781E-05    5.669022E-05    5.870807E-05    5.990914E-05    6.554777E-05
   6.408589E-05    6.685796E-05    6.614580E-05    7.249585E-05    6.155115E-05    6.155115E-05    6.155115E-05    6.155115E-05    6.756236E-05    7.141484E-05    7.445161E-05    7.481159E-05    7.116104E-05    7.434423E-05    6.470718E-05    5.528007E-05    5.589073E-05    6.127132E-05    5.830510E-05    5.717076E-05
   6.606547E-05    6.913589E-05    6.764881E-05    6.569162E-05    6.155115E-05    6.155115E-05    6.711536E-05    6.291767E-05    7.009483E-05    6.619993E-05    7.007455E-05    7.619067E-05    7.585865E-05    7.589319E-05    7.016603E-05    6.052000E-05    6.042399E-05    6.298730E-05    6.044605E-05    6.042076E-05
   6.090007E-05    7.140794E-05    7.067235E-05    6.159321E-05    6.442074E-05    6.155115E-05    6.975516E-05    7.076697E-05    6.471040E-05    7.056543E-05    7.137169E-05    6.976584E-05    7.245920E-05    6.901151E-05    6.764881E-05    6.381535E-05    6.530303E-05    6.622087E-05    6.440518E-05    5.937161E-05
   5.995767E-05    7.010728E-05    6.645270E-05    6.704260E-05    5.982280E-05    6.269529E-05    6.560869E-05    6.615257E-05    6.347742E-05    6.679363E-05    6.842995E-05    6.180906E-05    6.127850E-05    6.720193E-05    6.181323E-05    6.204004E-05    6.456377E-05    6.310960E-05    5.922951E-05    5.967747E-05
   6.234581E-05    6.263885E-05    5.995315E-05    6.457747E-05    6.129417E-05    6.652731E-05    6.241307E-05    6.656358E-05    6.075136E-05    6.244532E-05    6.696223E-05    6.422049E-05    6.848504E-05    6.386269E-05    6.218300E-05    5.539757E-05    5.573540E-05    5.845584E-05    5.739912E-05    5.425895E-05
   6.155328E-05    6.037742E-05    5.992801E-05    5.884839E-05    6.387392E-05    6.349404E-05    6.282495E-05    6.213499E-05    5.955739E-05    6.461964E-05    6.257485E-05    7.077833E-05    6.120201E-05    6.683027E-05    5.932604E-05    5.490405E-05    5.524006E-05    5.441778E-05    5.589690E-05    5.464464E-05
   5.473266E-05    5.824278E-05    5.669676E-05    6.456226E-05    6.292736E-05    6.288979E-05    6.041067E-05    6.136712E-05    5.984326E-05    6.359564E-05    6.631583E-05    6.278042E-05    6.052932E-05    6.510567E-05    5.886636E-05    5.642306E-05    6.018128E-05    5.616781E-05    5.454471E-05    5.739846E-05
   5.119845E-05    5.565924E-05    5.673039E-05    5.857247E-05    6.491753E-05    6.457804E-05    5.978665E-05    5.927445E-05    5.805016E-05    5.484321E-05    6.051473E-05    6.230957E-05    6.068028E-05    5.790849E-05    5.739255E-05    5.625896E-05    5.967343E-05    6.020680E-05    5.339332E-05    5.400252E-05
   5.368993E-05    5.745584E-05    5.601044E-05    5.702276E-05    5.736045E-05    5.724147E-05    5.354114E-05    5.373981E-05    5.038694E-05    5.432454E-05    5.865909E-05    6.219671E-05    5.611652E-05    5.652983E-05    5.987831E-05    5.801584E-05    5.592308E-05    5.543962E-05    5.623243E-05    5.482396E-05
   6.231282E-05    6.368430E-05    6.264477E-05    6.238071E-05    6.073939E-05    5.655506E-05    5.328272E-05    4.753796E-05    4.788691E-05    4.906526E-05    5.478358E-05    6.170393E-05    5.421754E-05    5.437081E-05    5.424575E-05    5.394479E-05    5.619621E-05    6.120905E-05    5.911282E-05    5.866974E-05
   6.306573E-05    6.606008E-05    6.161372E-05    5.758953E-05    6.110618E-05    5.756684E-05    5.194223E-05    5.060261E-05    4.717126E-05    4.943763E-05    5.356122E-05    5.653607E-05    5.628921E-05    5.256738E-05    5.535272E-05    5.659726E-05    5.394520E-05    5.807802E-05    5.751185E-05    5.781324E-05
   6.268330E-05    6.341203E-05    6.056977E-05    5.991272E-05    5.784586E-05    5.412519E-05    5.327361E-05    5.142912E-05    5.025658E-05    5.257005E-05    5.222152E-05    5.790659E-05    5.125922E-05    5.374747E-05    6.226503E-05    6.160672E-05    6.320204E-05    5.730942E-05    5.583310E-05    5.670565E-05
   6.155115E-05    6.323799E-05    5.906701E-05    5.627172E-05    5.402557E-05    5.640141E-05    5.726425E-05    5.478306E-05    5.336655E-05    5.310429E-05    5.600542E-05    6.257932E-05    6.003851E-05    6.301286E-05    6.563790E-05    6.371408E-05    6.734300E-05    6.573313E-05    6.373288E-05    5.753111E-05
   6.155115E-05    6.155115E-05    5.911368E-05    5.722449E-05    5.648705E-05    5.928461E-05    5.897854E-05    5.492629E-05    5.295746E-05    5.814883E-05    6.563186E-05    6.047316E-05    5.735800E-05    5.792395E-05    6.124763E-05    6.054167E-05    6.343995E-05    6.494489E-05    6.086143E-05    6.092914E-05
   6.155115E-05    6.155115E-05    6.155115E-05    6.239087E-05    5.998329E-05    5.715671E-05    5.945062E-05    5.861745E-05    5.662650E-05    5.759640E-05    6.295989E-05    5.693406E-05    6.038111E-05    5.319326E-05    5.394219E-05    6.040362E-05    6.289083E-05    6.667946E-05    6.467131E-05    6.247825E-05
   6.155115E-05    6.155115E-05    6.155115E-05    6.155115E-05    6.137214E-05    5.671701E-05    5.318769E-05    5.641418E-05    5.573836E-05    5.299827E-05    5.549907E-05    5.505679E-05    5.363671E-05    5.760452E-05    6.236653E-05    6.282074E-05    6.512741E-05    7.080864E-05    6.690477E-05    6.155115E-05
   6.155115E-05    6.155115E-05    6.155115E-05    6.155115E-05    6.110763E-05    5.834535E-05    5.470196E-05    5.257263E-05    5.883151E-05    5.384686E-05    5.269863E-05    5.298953E-05    5.408458E-05    6.111908E-05    6.744613E-05    6.753503E-05    6.373285E-05    6.686971E-05    6.359188E-05    6.155115E-05
   6.155115E-05    6.155115E-05    6.155115E-05    6.155115E-05    6.155115E-05    5.933788E-05    5.755343E-05    5.739593E-05    5.915128E-05    5.552531E-05    5.657274E-05    5.862228E-05    5.569113E-05    6.165904E-05    6.621582E-05    6.747599E-05    6.332908E-05    6.822843E-05    6.155115E-05    6.155115E-05
   6.155115E-05    6.155115E-05    6.155115E-05    6.155115E-05    6.155115E-05    5.622389E-05    5.783054E-05    6.288574E-05    6.299525E-05    5.811996E-05    6.051428E-05    5.824265E-05    5.937256E-05    6.284946E-05    6.029800E-05    6.488756E-05    7.089527E-05    6.155115E-05    6.155115E-05    6.155115E-05
   6.155115E-05    6.155115E-05    6.155115E-05    6.155115E-05    6.155115E-05    5.826890E-05    5.931566E-05    6.015000E-05    6.257913E-05    6.236146E-05    6.212522E-05    6.218378E-05    6.376881E-05    5.882133E-05    5.891583E-05    6.016258E-05    6.155115E-05    6.155115E-05    6.155115E-05    6.155115E-05
