   1.337318E-04    1.432814E-04    1.366564E-04    1.376479E-04    1.378955E-04    1.431325E-04    1.430871E-04    1.341065E-04    1.388303E-04    1.333186E-04    1.434074E-04    1.484729E-04    1.622223E-04    1.705118E-04    1.706140E-04    1.498560E-04    1.636898E-04    1.591401E-04    1.524237E-04    1.449772E-04
   1.451637E-04    1.530118E-04    1.448882E-04    1.426872E-04    1.423012E-04    1.325287E-04    1.380237E-04    1.329392E-04    1.282425E-04    1.390110E-04    1.422527E-04    1.402486E-04    1.373350E-04    1.513222E-04    1.660896E-04    1.447889E-04    1.540450E-04    1.532645E-04    1.564505E-04    1.525233E-04
   1.483561E-04    1.535308E-04    1.593054E-04    1.453546E-04    1.251429E-04    1.298566E-04    1.304304E-04    1.373135E-04    1.301471E-04    1.428007E-04    1.436758E-04    1.415859E-04    1.303189E-04    1.411851E-04    1.422148E-04    1.397476E-04    1.497076E-04    1.571949E-04    1.510616E-04    1.489040E-04
   1.446792E-04    1.529417E-04    1.441994E-04    1.263619E-04    1.165049E-04    1.211295E-04    1.232538E-04    1.329811E-04    1.376549E-04    1.273363E-04    1.314562E-04    1.308597E-04    1.256038E-04    1.260218E-04    1.268524E-04    1.415181E-04    1.343930E-04    1.375097E-04    1.453961E-04    1.400181E-04
   1.376265E-04    1.365482E-04    1.354547E-04    1.272235E-04    1.236193E-04    1.239462E-04    1.251093E-04    1.323529E-04    1.200229E-04    1.155892E-04    1.268036E-04    1.293278E-04    1.288640E-04    1.333901E-04    1.285781E-04    1.316706E-04    1.348775E-04    1.254950E-04    1.309504E-04    1.293324E-04
   1.358308E-04    1.349928E-04    1.260452E-04    1.267084E-04    1.372033E-04    1.216434E-04    1.291767E-04    1.188918E-04    1.183629E-04    1.302820E-04    1.349899E-04    1.343879E-04    1.372252E-04    1.403903E-04    1.191098E-04    1.176154E-04    1.153196E-04    1.233796E-04    1.253467E-04    1.231980E-04
   1.326030E-04    1.242076E-04    1.283216E-04    1.175281E-04    1.172104E-04    1.221363E-04    1.191477E-04    1.171810E-04    1.240290E-04    1.348621E-04    1.328027E-04    1.328588E-04    1.309010E-04    1.324235E-04    1.183746E-04    1.127531E-04    1.142217E-04    1.171707E-04    1.171551E-04    1.111336E-04
   1.266000E-04    1.187285E-04    1.240492E-04    1.201349E-04    1.212396E-04    1.267053E-04    1.239067E-04    1.193788E-04    1.260927E-04    1.361822E-04    1.336615E-04    1.396935E-04    1.338601E-04    1.258830E-04    1.224609E-04    1.220524E-04    1.198476E-04    1.176508E-04    1.171069E-04    1.164853E-04
   1.088165E-04    1.071587E-04    1.143557E-04    1.222166E-04    1.293269E-04    1.293269E-04    1.293269E-04    1.319097E-04    1.365667E-04    1.415449E-04    1.378392E-04    1.447943E-04    1.301544E-04    1.246191E-04    1.172588E-04    1.050541E-04    1.049709E-04    1.198504E-04    1.114300E-04    1.084436E-04
   1.094334E-04    1.169218E-04    1.208958E-04    1.297313E-04    1.293269E-04    1.293269E-04    1.293269E-04    1.293269E-04    1.408189E-04    1.457229E-04    1.393275E-04    1.333884E-04    1.183067E-04    1.209845E-04    1.125300E-04    1.129996E-04    1.094940E-04    1.135289E-04    1.113695E-04    1.207375E-04
   1.000321E-04    1.137400E-04    1.252043E-04    1.412667E-04    1.293269E-04    1.293269E-04    1.293269E-04    1.293269E-04    1.326665E-04    1.350025E-04    1.479023E-04    1.343234E-04    1.262340E-04    1.257892E-04    1.253788E-04    1.197446E-04    1.107476E-04    1.053361E-04    1.040232E-04    1.062124E-04
   1.110290E-04    1.224069E-04    1.334156E-04    1.514225E-04    1.293269E-04    1.293269E-04    1.293269E-04    1.293269E-04    1.347471E-04    1.334195E-04    1.392179E-04    1.258054E-04    1.180554E-04    1.207329E-04    1.288246E-04    1.234521E-04    1.089424E-04    1.109213E-04    1.000385E-04    1.041250E-04
   1.209733E-04    1.206220E-04    1.321848E-04    1.380846E-04    1.293269E-04    1.293269E-04    1.293269E-04    1.293269E-04    1.287238E-04    1.280861E-04    1.262170E-04    1.332133E-04    1.301601E-04    1.321337E-04    1.309279E-04    1.095240E-04    1.097160E-04    1.090092E-04    1.116579E-04    1.079617E-04
   1.365132E-04    1.218971E-04    1.306390E-04    1.371890E-04    1.293269E-04    1.293269E-04    1.293269E-04    1.293269E-04    1.454044E-04    1.383885E-04    1.313374E-04    1.372336E-04    1.379202E-04    1.310981E-04    1.363167E-04    1.185703E-04    1.133132E-04    1.188680E-04    1.149808E-04    1.211369E-04
   1.439017E-04    1.251777E-04    1.273912E-04    1.284597E-04    1.293269E-04    1.293269E-04    1.293269E-04    1.293269E-04    1.438177E-04    1.442140E-04    1.348608E-04    1.329899E-04    1.458209E-04    1.448904E-04    1.410638E-04    1.323147E-04    1.197849E-04    1.240049E-04    1.212485E-04    1.282017E-04
   1.381562E-04    1.375301E-04    1.376958E-04    1.479173E-04    1.293269E-04    1.293269E-04    1.293269E-04    1.293269E-04    1.507369E-04    1.345167E-04    1.371540E-04    1.412113E-04    1.585225E-04    1.400420E-04    1.370279E-04    1.379246E-04    1.324108E-04    1.331620E-04    1.340404E-04    1.303643E-04
   1.408864E-04    1.431182E-04    1.367496E-04    1.463132E-04    1.293269E-04    1.293269E-04    1.293269E-04    1.293269E-04    1.391735E-04    1.421964E-04    1.593972E-04    1.536322E-04    1.528544E-04    1.323269E-04    1.293482E-04    1.277904E-04    1.339554E-04    1.315327E-04    1.327652E-04    1.321725E-04
   1.483267E-04    1.353526E-04    1.358150E-04    1.310184E-04    1.293269E-04    1.293269E-04    1.293269E-04    1.293269E-04    1.358959E-04    1.399569E-04    1.477733E-04    1.530953E-04    1.457651E-04    1.388599E-04    1.329807E-04    1.292023E-04    1.334984E-04    1.307116E-04    1.339083E-04    1.366773E-04
   1.406176E-04    1.396320E-04    1.299216E-04    1.284899E-04    1.293269E-04    1.293269E-04    1.293269E-04    1.293269E-04    1.302174E-04    1.340445E-04    1.458166E-04    1.495742E-04    1.439210E-04    1.362272E-04    1.438739E-04    1.231335E-04    1.289945E-04    1.330422E-04    1.375805E-04    1.413073E-04
   1.335510E-04    1.344474E-04    1.296049E-04    1.348907E-04    1.293269E-04    1.293269E-04    1.293269E-04    1.293269E-04    1.285453E-04    1.455815E-04    1.389723E-04    1.483301E-04    1.349738E-04    1.388228E-04    1.358981E-04    1.213338E-04    1.154143E-04    1.195224E-04    1.219677E-04    1.334472E-04
   1.304710E-04    1.361146E-04    1.346647E-04    1.475927E-04    1.293269E-04    1.293269E-04    1.293269E-04    1.293269E-04    1.375487E-04    1.453919E-04    1.515743E-04    1.523072E-04    1.448752E-04    1.513557E-04    1.317359E-04    1.125435E-04    1.137867E-04    1.247409E-04    1.187020E-04    1.163927E-04
   1.345012E-04    1.407522E-04    1.377247E-04    1.337401E-04    1.293269E-04    1.293269E-04    1.366386E-04    1.280927E-04    1.427045E-04    1.347749E-04    1.426632E-04    1.551149E-04    1.544389E-04    1.545092E-04    1.428494E-04    1.232113E-04    1.230158E-04    1.282344E-04    1.230607E-04    1.230093E-04
   1.239851E-04    1.453778E-04    1.438802E-04    1.253962E-04    1.311527E-04    1.293269E-04    1.420130E-04    1.440729E-04    1.317424E-04    1.436626E-04    1.453040E-04    1.420347E-04    1.475181E-04    1.404990E-04    1.377247E-04    1.299202E-04    1.329490E-04    1.348176E-04    1.311211E-04    1.208733E-04
   1.220665E-04    1.427298E-04    1.352896E-04    1.364905E-04    1.217919E-04    1.276399E-04    1.335712E-04    1.346785E-04    1.292322E-04    1.359836E-04    1.393150E-04    1.258357E-04    1.247555E-04    1.368149E-04    1.258441E-04    1.263059E-04    1.314439E-04    1.284834E-04    1.205840E-04    1.214960E-04
   1.269284E-04    1.275250E-04    1.220573E-04    1.314718E-04    1.247874E-04    1.354414E-04    1.270654E-04    1.355153E-04    1.236823E-04    1.271310E-04    1.363269E-04    1.307450E-04    1.394271E-04    1.300166E-04    1.265970E-04    1.127827E-04    1.134705E-04    1.190089E-04    1.168576E-04    1.104646E-04
   1.253149E-04    1.229210E-04    1.220061E-04    1.198081E-04    1.300395E-04    1.292661E-04    1.279039E-04    1.264992E-04    1.212515E-04    1.315577E-04    1.273947E-04    1.440960E-04    1.245998E-04    1.360582E-04    1.207805E-04    1.117779E-04    1.124620E-04    1.107879E-04    1.137992E-04    1.112498E-04
   1.114290E-04    1.185752E-04    1.154276E-04    1.314408E-04    1.281124E-04    1.280359E-04    1.229887E-04    1.249359E-04    1.218335E-04    1.294729E-04    1.350109E-04    1.278132E-04    1.232303E-04    1.325472E-04    1.198447E-04    1.148704E-04    1.225217E-04    1.143508E-04    1.110463E-04    1.168562E-04
   1.042338E-04    1.133154E-04    1.154961E-04    1.192464E-04    1.321641E-04    1.314730E-04    1.217183E-04    1.206755E-04    1.181830E-04    1.116540E-04    1.232006E-04    1.268546E-04    1.235376E-04    1.178946E-04    1.168442E-04    1.145363E-04    1.214878E-04    1.225737E-04    1.087022E-04    1.099425E-04
   1.093061E-04    1.169731E-04    1.140304E-04    1.160914E-04    1.167789E-04    1.165366E-04    1.090032E-04    1.094077E-04    1.025816E-04    1.105981E-04    1.194227E-04    1.266249E-04    1.142463E-04    1.150878E-04    1.219049E-04    1.181131E-04    1.138525E-04    1.128683E-04    1.144823E-04    1.116149E-04
   1.268613E-04    1.296534E-04    1.275371E-04    1.269995E-04    1.236580E-04    1.151392E-04    1.084771E-04    9.678146E-05    9.749187E-05    9.989086E-05    1.115327E-04    1.256216E-04    1.103803E-04    1.106923E-04    1.104377E-04    1.098250E-04    1.144086E-04    1.246141E-04    1.203465E-04    1.194444E-04
   1.283941E-04    1.344902E-04    1.254380E-04    1.172452E-04    1.244047E-04    1.171990E-04    1.057480E-04    1.030207E-04    9.603491E-05    1.006490E-04    1.090441E-04    1.151005E-04    1.145979E-04    1.070207E-04    1.126914E-04    1.152251E-04    1.098258E-04    1.182397E-04    1.170871E-04    1.177007E-04
   1.276155E-04    1.290991E-04    1.233126E-04    1.219749E-04    1.177671E-04    1.101923E-04    1.084585E-04    1.047034E-04    1.023162E-04    1.070262E-04    1.063166E-04    1.178907E-04    1.043575E-04    1.094233E-04    1.267640E-04    1.254237E-04    1.286716E-04    1.166750E-04    1.136693E-04    1.154457E-04
   1.293269E-04    1.287448E-04    1.202532E-04    1.145623E-04    1.099894E-04    1.148263E-04    1.165830E-04    1.115316E-04    1.086477E-04    1.081138E-04    1.140202E-04    1.274038E-04    1.222310E-04    1.282865E-04    1.336307E-04    1.297141E-04    1.371021E-04    1.338246E-04    1.297523E-04    1.171263E-04
   1.293269E-04    1.293269E-04    1.203482E-04    1.165021E-04    1.150007E-04    1.206962E-04    1.200731E-04    1.118232E-04    1.078149E-04    1.183839E-04    1.336184E-04    1.231159E-04    1.167739E-04    1.179261E-04    1.246927E-04    1.232554E-04    1.291560E-04    1.322198E-04    1.239064E-04    1.240443E-04
   1.293269E-04    1.293269E-04    1.293269E-04    1.270202E-04    1.221186E-04    1.163641E-04    1.210342E-04    1.193379E-04    1.152846E-04    1.172592E-04    1.281786E-04    1.159108E-04    1.229285E-04    1.082950E-04    1.098197E-04    1.229744E-04    1.280380E-04    1.357512E-04    1.316629E-04    1.271981E-04
   1.293269E-04    1.293269E-04    1.293269E-04    1.293269E-04    1.249462E-04    1.154689E-04    1.082836E-04    1.148524E-04    1.134765E-04    1.078980E-04    1.129893E-04    1.120889E-04    1.091978E-04    1.172757E-04    1.269706E-04    1.278953E-04    1.325914E-04    1.441577E-04    1.362099E-04    1.293269E-04
   1.293269E-04    1.293269E-04    1.293269E-04    1.293269E-04    1.244077E-04    1.187840E-04    1.113665E-04    1.070314E-04    1.197738E-04    1.096256E-04    1.072880E-04    1.078802E-04    1.101096E-04    1.244310E-04    1.373120E-04    1.374930E-04    1.297523E-04    1.361385E-04    1.294653E-04    1.293269E-04
   1.293269E-04    1.293269E-04    1.293269E-04    1.293269E-04    1.293269E-04    1.208046E-04    1.171717E-04    1.168511E-04    1.204248E-04    1.130427E-04    1.151752E-04    1.193478E-04    1.133803E-04    1.255303E-04    1.348073E-04    1.373728E-04    1.289302E-04    1.389047E-04    1.293269E-04    1.293269E-04
   1.293269E-04    1.293269E-04    1.293269E-04    1.293269E-04    1.293269E-04    1.144649E-04    1.177359E-04    1.280276E-04    1.282506E-04    1.183251E-04    1.231997E-04    1.185749E-04    1.208753E-04    1.279538E-04    1.227593E-04    1.321031E-04    1.443341E-04    1.293269E-04    1.293269E-04    1.293269E-04
   1.293269E-04    1.293269E-04    1.293269E-04    1.293269E-04    1.293269E-04    1.186283E-04    1.207594E-04    1.224580E-04    1.274034E-04    1.269603E-04    1.264793E-04    1.265986E-04    1.298255E-04    1.197530E-04    1.199454E-04    1.224836E-04    1.293269E-04    1.293269E-04    1.293269E-04    1.293269E-04
