   9.300379E-05    9.964505E-05    9.503768E-05    9.572726E-05    9.589940E-05    9.954151E-05    9.950996E-05    9.326438E-05    9.654952E-05    9.271645E-05    9.973270E-05    1.032555E-04    1.128175E-04    1.185825E-04    1.186535E-04    1.042174E-04    1.138381E-04    1.106740E-04    1.060031E-04    1.008244E-04
   1.009541E-04    1.064121E-04    1.007625E-04    9.923183E-05    9.896337E-05    9.216710E-05    9.598860E-05    9.245257E-05    8.918629E-05    9.667524E-05    9.892967E-05    9.753588E-05    9.550965E-05    1.052371E-04    1.155070E-04    1.006934E-04    1.071306E-04    1.065878E-04    1.088035E-04    1.060723E-04
   1.031743E-04    1.067730E-04    1.107890E-04    1.010869E-04    8.703062E-05    9.030877E-05    9.070785E-05    9.549470E-05    9.051081E-05    9.931078E-05    9.991933E-05    9.846592E-05    9.063027E-05    9.818720E-05    9.890329E-05    9.718748E-05    1.041141E-04    1.093212E-04    1.050558E-04    1.035553E-04
   1.006171E-04    1.063633E-04    1.002835E-04    8.787840E-05    8.102336E-05    8.423950E-05    8.571686E-05    9.248175E-05    9.573210E-05    8.855605E-05    9.142123E-05    9.100636E-05    8.735117E-05    8.764188E-05    8.821953E-05    9.841877E-05    9.346359E-05    9.563112E-05    1.011157E-04    9.737558E-05
   9.571238E-05    9.496247E-05    9.420199E-05    8.847756E-05    8.597104E-05    8.619836E-05    8.700726E-05    9.204483E-05    8.346995E-05    8.038652E-05    8.818556E-05    8.994104E-05    8.961849E-05    9.276618E-05    8.941967E-05    9.157031E-05    9.380059E-05    8.727552E-05    9.106947E-05    8.994419E-05
   9.446353E-05    9.388075E-05    8.765816E-05    8.811939E-05    9.541807E-05    8.459693E-05    8.983596E-05    8.268333E-05    8.231551E-05    9.060463E-05    9.387875E-05    9.346008E-05    9.543328E-05    9.763447E-05    8.283492E-05    8.179561E-05    8.019901E-05    8.580437E-05    8.717234E-05    8.567803E-05
   9.221873E-05    8.638018E-05    8.924124E-05    8.173492E-05    8.151397E-05    8.493973E-05    8.286127E-05    8.149354E-05    8.625597E-05    9.378982E-05    9.235764E-05    9.239664E-05    9.103509E-05    9.209395E-05    8.232363E-05    7.841416E-05    7.943552E-05    8.148639E-05    8.147555E-05    7.728789E-05
   8.804398E-05    8.256972E-05    8.627004E-05    8.354783E-05    8.431607E-05    8.811724E-05    8.617092E-05    8.302201E-05    8.769119E-05    9.470789E-05    9.295487E-05    9.714985E-05    9.309298E-05    8.754537E-05    8.516543E-05    8.488135E-05    8.334805E-05    8.182027E-05    8.144203E-05    8.100971E-05
   7.567643E-05    7.452354E-05    7.952864E-05    8.499553E-05    8.909820E-05    8.909820E-05    8.909820E-05    9.173658E-05    9.497531E-05    9.843740E-05    9.586029E-05    1.006972E-04    9.051589E-05    8.666638E-05    8.154761E-05    7.305985E-05    7.300204E-05    8.334995E-05    7.749401E-05    7.541714E-05
   7.610546E-05    8.131329E-05    8.407699E-05    9.022162E-05    8.909820E-05    8.909820E-05    8.909820E-05    8.909820E-05    9.793254E-05    1.013430E-04    9.689534E-05    9.276499E-05    8.227641E-05    8.413868E-05    7.825899E-05    7.858561E-05    7.614759E-05    7.895370E-05    7.745195E-05    8.396691E-05
   6.956732E-05    7.910052E-05    8.707337E-05    9.824396E-05    8.909820E-05    8.909820E-05    8.909820E-05    8.909820E-05    9.226296E-05    9.388753E-05    1.028587E-04    9.341520E-05    8.778944E-05    8.748010E-05    8.719473E-05    8.327637E-05    7.701945E-05    7.325602E-05    7.234297E-05    7.386541E-05
   7.721509E-05    8.512786E-05    9.278389E-05    1.053068E-04    8.909820E-05    8.909820E-05    8.909820E-05    8.909820E-05    9.370986E-05    9.278662E-05    9.681912E-05    8.749140E-05    8.210165E-05    8.396369E-05    8.959110E-05    8.585475E-05    7.576398E-05    7.714020E-05    6.957178E-05    7.241371E-05
   8.413091E-05    8.388657E-05    9.192796E-05    9.603093E-05    8.909820E-05    8.909820E-05    8.909820E-05    8.909820E-05    8.952097E-05    8.907748E-05    8.777764E-05    9.264322E-05    9.051986E-05    9.189237E-05    9.105385E-05    7.616844E-05    7.630200E-05    7.581047E-05    7.765247E-05    7.508195E-05
   9.493812E-05    8.477336E-05    9.085291E-05    9.540806E-05    8.909820E-05    8.909820E-05    8.909820E-05    8.909820E-05    1.011215E-04    9.624229E-05    9.133857E-05    9.543913E-05    9.591664E-05    9.117220E-05    9.480146E-05    8.245972E-05    7.880368E-05    8.266674E-05    7.996339E-05    8.424465E-05
   1.000765E-04    8.705487E-05    8.859418E-05    8.933731E-05    8.909820E-05    8.909820E-05    8.909820E-05    8.909820E-05    1.000180E-04    1.002936E-04    9.378894E-05    9.248780E-05    1.014111E-04    1.007641E-04    9.810285E-05    9.201829E-05    8.330444E-05    8.623919E-05    8.432225E-05    8.915787E-05
   9.608075E-05    9.564534E-05    9.576059E-05    1.028691E-04    8.909820E-05    8.909820E-05    8.909820E-05    8.909820E-05    1.048300E-04    9.354967E-05    9.538376E-05    9.820544E-05    1.102445E-04    9.739219E-05    9.529606E-05    9.591964E-05    9.208509E-05    9.260755E-05    9.321839E-05    9.066185E-05
   9.797947E-05    9.953155E-05    9.510249E-05    1.017536E-04    8.909820E-05    8.909820E-05    8.909820E-05    8.909820E-05    9.678819E-05    9.889053E-05    1.108528E-04    1.068435E-04    1.063026E-04    9.202676E-05    8.995524E-05    8.887184E-05    9.315927E-05    9.147445E-05    9.233154E-05    9.191935E-05
   1.031538E-04    9.413100E-05    9.445253E-05    9.111674E-05    8.909820E-05    8.909820E-05    8.909820E-05    8.909820E-05    9.450883E-05    9.733306E-05    1.027689E-04    1.064701E-04    1.013724E-04    9.657013E-05    9.248142E-05    8.985377E-05    9.284148E-05    9.090336E-05    9.312652E-05    9.505226E-05
   9.779249E-05    9.710708E-05    9.035400E-05    8.935833E-05    8.909820E-05    8.909820E-05    8.909820E-05    8.909820E-05    9.055971E-05    9.322125E-05    1.014081E-04    1.040214E-04    1.000899E-04    9.473920E-05    1.000571E-04    8.563323E-05    8.970924E-05    9.252419E-05    9.568040E-05    9.827216E-05
   9.287804E-05    9.350142E-05    9.013372E-05    9.380976E-05    8.909820E-05    8.909820E-05    8.909820E-05    8.909820E-05    8.939682E-05    1.012447E-04    9.664833E-05    1.031562E-04    9.386754E-05    9.654433E-05    9.451036E-05    8.438163E-05    8.026490E-05    8.312188E-05    8.482242E-05    9.280588E-05
   9.073608E-05    9.466092E-05    9.365260E-05    1.026433E-04    8.909820E-05    8.909820E-05    8.909820E-05    8.909820E-05    9.565824E-05    1.011128E-04    1.054124E-04    1.059221E-04    1.007534E-04    1.052604E-04    9.161573E-05    7.826835E-05    7.913295E-05    8.675106E-05    8.255134E-05    8.094529E-05
   9.353886E-05    9.788612E-05    9.578064E-05    9.300955E-05    8.909820E-05    8.909820E-05    9.502535E-05    8.908205E-05    9.924385E-05    9.372925E-05    9.921513E-05    1.078746E-04    1.074046E-04    1.074534E-04    9.934465E-05    8.568731E-05    8.555137E-05    8.918063E-05    8.558260E-05    8.554680E-05
   8.622543E-05    1.011030E-04    1.000615E-04    8.720681E-05    9.121017E-05    8.909820E-05    9.876292E-05    1.001955E-04    9.162028E-05    9.991014E-05    1.010517E-04    9.877804E-05    1.025914E-04    9.771002E-05    9.578064E-05    9.035304E-05    9.245937E-05    9.375888E-05    9.118815E-05    8.406135E-05
   8.489113E-05    9.926146E-05    9.408713E-05    9.492234E-05    8.470018E-05    8.876719E-05    9.289213E-05    9.366219E-05    8.987458E-05    9.456984E-05    9.688662E-05    8.751243E-05    8.676123E-05    9.514792E-05    8.751832E-05    8.783945E-05    9.141268E-05    8.935379E-05    8.386017E-05    8.449441E-05
   8.827238E-05    8.868729E-05    8.488473E-05    9.143208E-05    8.678342E-05    9.419276E-05    8.836761E-05    9.424412E-05    8.601488E-05    8.841327E-05    9.480854E-05    9.092665E-05    9.696462E-05    9.042005E-05    8.804186E-05    7.843470E-05    7.891303E-05    8.276476E-05    8.126861E-05    7.682259E-05
   8.715028E-05    8.548544E-05    8.484914E-05    8.332056E-05    9.043596E-05    8.989810E-05    8.895078E-05    8.797390E-05    8.432439E-05    9.149178E-05    8.859667E-05    1.002116E-04    8.665294E-05    9.462170E-05    8.399684E-05    7.773595E-05    7.821170E-05    7.704747E-05    7.914168E-05    7.736867E-05
   7.749329E-05    8.246310E-05    8.027416E-05    9.141055E-05    8.909577E-05    8.904258E-05    8.553252E-05    8.688670E-05    8.472914E-05    9.004196E-05    9.389335E-05    8.888773E-05    8.570051E-05    9.217993E-05    8.334600E-05    7.988665E-05    8.520773E-05    7.952525E-05    7.722718E-05    8.126768E-05
   7.248938E-05    7.880520E-05    8.032179E-05    8.292990E-05    9.191356E-05    9.143288E-05    8.464899E-05    8.392379E-05    8.219038E-05    7.764981E-05    8.567985E-05    8.822107E-05    8.591424E-05    8.198980E-05    8.125930E-05    7.965431E-05    8.448870E-05    8.524386E-05    7.559699E-05    7.645953E-05
   7.601694E-05    8.134892E-05    7.930244E-05    8.073574E-05    8.121386E-05    8.104540E-05    7.580629E-05    7.608757E-05    7.134040E-05    7.691546E-05    8.305253E-05    8.806128E-05    7.945263E-05    8.003782E-05    8.477878E-05    8.214179E-05    7.917875E-05    7.849424E-05    7.961674E-05    7.762256E-05
   8.822567E-05    9.016749E-05    8.869567E-05    8.832180E-05    8.599793E-05    8.007354E-05    7.544039E-05    6.730667E-05    6.780073E-05    6.946911E-05    7.756540E-05    8.736358E-05    7.676396E-05    7.698097E-05    7.680390E-05    7.637779E-05    7.956547E-05    8.666290E-05    8.369495E-05    8.306762E-05
   8.929167E-05    9.353123E-05    8.723585E-05    8.153819E-05    8.651724E-05    8.150607E-05    7.354247E-05    7.164576E-05    6.678749E-05    6.999632E-05    7.583471E-05    8.004665E-05    7.969713E-05    7.442758E-05    7.837121E-05    8.013329E-05    7.637838E-05    8.222983E-05    8.142821E-05    8.185493E-05
   8.875021E-05    8.978199E-05    8.575778E-05    8.482749E-05    8.190113E-05    7.663321E-05    7.542750E-05    7.281597E-05    7.115583E-05    7.443136E-05    7.393790E-05    8.198711E-05    7.257542E-05    7.609841E-05    8.815802E-05    8.722595E-05    8.948467E-05    8.114161E-05    7.905135E-05    8.028675E-05
   8.909820E-05    8.953558E-05    8.363010E-05    7.967237E-05    7.649216E-05    7.985599E-05    8.107765E-05    7.756466E-05    7.555908E-05    7.518776E-05    7.929533E-05    8.860300E-05    8.500558E-05    8.921683E-05    9.293348E-05    9.020965E-05    9.534766E-05    9.306833E-05    9.023626E-05    8.145548E-05
   8.909820E-05    8.909820E-05    8.369616E-05    8.102136E-05    7.997724E-05    8.393817E-05    8.350483E-05    7.776744E-05    7.497988E-05    8.233008E-05    9.292494E-05    8.562099E-05    8.121039E-05    8.201169E-05    8.671753E-05    8.571799E-05    8.982152E-05    9.195229E-05    8.617071E-05    8.626659E-05
   8.909820E-05    8.909820E-05    8.909820E-05    8.833618E-05    8.492741E-05    8.092539E-05    8.417323E-05    8.299357E-05    8.017470E-05    8.154792E-05    8.914182E-05    8.061015E-05    8.549066E-05    7.531374E-05    7.637411E-05    8.552252E-05    8.904406E-05    9.440819E-05    9.156495E-05    8.845990E-05
   8.909820E-05    8.909820E-05    8.909820E-05    8.909820E-05    8.689381E-05    8.030284E-05    7.530585E-05    7.987408E-05    7.891722E-05    7.503766E-05    7.857842E-05    7.795221E-05    7.594160E-05    8.155942E-05    8.830171E-05    8.894482E-05    9.221071E-05    1.002545E-04    9.472719E-05    8.909820E-05
   8.909820E-05    8.909820E-05    8.909820E-05    8.909820E-05    8.651931E-05    8.260832E-05    7.744983E-05    7.443502E-05    8.329666E-05    7.623914E-05    7.461341E-05    7.502529E-05    7.657571E-05    8.653552E-05    9.549367E-05    9.561955E-05    9.023623E-05    9.467755E-05    9.003662E-05    8.909820E-05
   8.909820E-05    8.909820E-05    8.909820E-05    8.909820E-05    8.909820E-05    8.401359E-05    8.148708E-05    8.126409E-05    8.374941E-05    7.861556E-05    8.009857E-05    8.300042E-05    7.885035E-05    8.730002E-05    9.375174E-05    9.553595E-05    8.966455E-05    9.660129E-05    8.909820E-05    8.909820E-05
   8.909820E-05    8.909820E-05    8.909820E-05    8.909820E-05    8.909820E-05    7.960465E-05    8.187944E-05    8.903684E-05    8.919189E-05    8.228921E-05    8.567921E-05    8.246291E-05    8.406271E-05    8.898547E-05    8.537299E-05    9.187113E-05    1.003771E-04    8.909820E-05    8.909820E-05    8.909820E-05
   8.909820E-05    8.909820E-05    8.909820E-05    8.909820E-05    8.909820E-05    8.250008E-05    8.398215E-05    8.516345E-05    8.860273E-05    8.829455E-05    8.796006E-05    8.804298E-05    9.028714E-05    8.328225E-05    8.341604E-05    8.518125E-05    8.909820E-05    8.909820E-05    8.909820E-05    8.909820E-05
