   8.844021E-06    9.475560E-06    9.037430E-06    9.103005E-06    9.119374E-06    9.465714E-06    9.462714E-06    8.868802E-06    9.181196E-06    8.816697E-06    9.483895E-06    9.818887E-06    1.072817E-05    1.127638E-05    1.128314E-05    9.910354E-06    1.082522E-05    1.052434E-05    1.008016E-05    9.587707E-06
   9.600042E-06    1.011906E-05    9.581819E-06    9.436266E-06    9.410736E-06    8.764457E-06    9.127857E-06    8.791604E-06    8.481003E-06    9.193151E-06    9.407532E-06    9.274992E-06    9.082311E-06    1.000732E-05    1.098393E-05    9.575252E-06    1.018739E-05    1.013577E-05    1.034647E-05    1.008675E-05
   9.811163E-06    1.015338E-05    1.053527E-05    9.612667E-06    8.276014E-06    8.587743E-06    8.625693E-06    9.080890E-06    8.606957E-06    9.443773E-06    9.501641E-06    9.363432E-06    8.618316E-06    9.336928E-06    9.405023E-06    9.241861E-06    9.900538E-06    1.039569E-05    9.990082E-06    9.847396E-06
   9.568000E-06    1.011442E-05    9.536269E-06    8.356632E-06    7.704765E-06    8.010598E-06    8.151084E-06    8.794379E-06    9.103465E-06    8.421072E-06    8.693531E-06    8.654080E-06    8.306496E-06    8.334140E-06    8.389072E-06    9.358949E-06    8.887745E-06    9.093863E-06    9.615409E-06    9.259748E-06
   9.101590E-06    9.030278E-06    8.957962E-06    8.413608E-06    8.175255E-06    8.196872E-06    8.273793E-06    8.752831E-06    7.937418E-06    7.644206E-06    8.385841E-06    8.552775E-06    8.522103E-06    8.821427E-06    8.503197E-06    8.707707E-06    8.919791E-06    8.299302E-06    8.660081E-06    8.553075E-06
   8.982833E-06    8.927415E-06    8.335689E-06    8.379549E-06    9.073603E-06    8.044587E-06    8.542782E-06    7.862617E-06    7.827639E-06    8.615878E-06    8.927224E-06    8.887411E-06    9.075049E-06    9.284367E-06    7.877032E-06    7.778201E-06    7.626375E-06    8.159406E-06    8.289490E-06    8.147392E-06
   8.769368E-06    8.214161E-06    8.486229E-06    7.772429E-06    7.751419E-06    8.077185E-06    7.879538E-06    7.749475E-06    8.202350E-06    8.918768E-06    8.782577E-06    8.786286E-06    8.656812E-06    8.757502E-06    7.828411E-06    7.456648E-06    7.553772E-06    7.748796E-06    7.747765E-06    7.349547E-06
   8.372378E-06    7.851813E-06    8.203688E-06    7.944824E-06    8.017879E-06    8.379344E-06    8.194262E-06    7.894823E-06    8.338830E-06    9.006069E-06    8.839369E-06    9.238283E-06    8.852503E-06    8.324963E-06    8.098647E-06    8.071633E-06    7.925827E-06    7.780546E-06    7.744578E-06    7.703467E-06
   7.196309E-06    7.086676E-06    7.562628E-06    8.082491E-06    8.300542E-06    8.300542E-06    8.300542E-06    8.723518E-06    9.031499E-06    9.360721E-06    9.115655E-06    9.575613E-06    8.607440E-06    8.241377E-06    7.754617E-06    6.947490E-06    6.941993E-06    7.926008E-06    7.369148E-06    7.171652E-06
   7.237106E-06    7.732335E-06    7.995144E-06    8.579456E-06    8.300542E-06    8.300542E-06    8.300542E-06    8.300542E-06    9.312712E-06    9.637025E-06    9.214081E-06    8.821313E-06    7.823921E-06    8.001010E-06    7.441892E-06    7.472951E-06    7.241112E-06    7.507954E-06    7.365148E-06    7.984677E-06
   6.615375E-06    7.521916E-06    8.280079E-06    9.342326E-06    8.300542E-06    8.300542E-06    8.300542E-06    8.300542E-06    8.773573E-06    8.928059E-06    9.781152E-06    8.883144E-06    8.348172E-06    8.318756E-06    8.291619E-06    7.919010E-06    7.324021E-06    6.966144E-06    6.879320E-06    7.024093E-06
   7.342625E-06    8.095075E-06    8.823110E-06    1.001395E-05    8.300542E-06    8.300542E-06    8.300542E-06    8.300542E-06    8.911164E-06    8.823370E-06    9.206833E-06    8.319831E-06    7.807303E-06    7.984370E-06    8.519498E-06    8.164197E-06    7.204634E-06    7.335503E-06    6.615799E-06    6.886046E-06
   8.000271E-06    7.977036E-06    8.741717E-06    9.131882E-06    8.300542E-06    8.300542E-06    8.300542E-06    8.300542E-06    8.512829E-06    8.470657E-06    8.347051E-06    8.809734E-06    8.607816E-06    8.738333E-06    8.658595E-06    7.243095E-06    7.255796E-06    7.209055E-06    7.384216E-06    7.139777E-06
   9.027963E-06    8.061364E-06    8.639487E-06    9.072651E-06    8.300542E-06    8.300542E-06    8.300542E-06    8.300542E-06    9.615961E-06    9.151980E-06    8.685671E-06    9.075606E-06    9.121013E-06    8.669850E-06    9.014967E-06    7.841353E-06    7.493688E-06    7.861039E-06    7.603969E-06    8.011087E-06
   9.516585E-06    8.278320E-06    8.424698E-06    8.495364E-06    8.300542E-06    8.300542E-06    8.300542E-06    8.300542E-06    9.511027E-06    9.537232E-06    8.918684E-06    8.794954E-06    9.643502E-06    9.581970E-06    9.328907E-06    8.750307E-06    7.921680E-06    8.200755E-06    8.018466E-06    8.478301E-06
   9.136620E-06    9.095215E-06    9.106174E-06    9.782143E-06    8.300542E-06    8.300542E-06    8.300542E-06    8.300542E-06    9.968609E-06    8.895931E-06    9.070340E-06    9.338662E-06    1.048349E-05    9.261328E-06    9.062000E-06    9.121298E-06    8.756660E-06    8.806342E-06    8.864428E-06    8.621319E-06
   9.317174E-06    9.464766E-06    9.043593E-06    9.676064E-06    8.300542E-06    8.300542E-06    8.300542E-06    8.300542E-06    9.203892E-06    9.403810E-06    1.054134E-05    1.016008E-05    1.010865E-05    8.751113E-06    8.554125E-06    8.451102E-06    8.858807E-06    8.698592E-06    8.780095E-06    8.740899E-06
   9.809216E-06    8.951212E-06    8.981787E-06    8.664576E-06    8.300542E-06    8.300542E-06    8.300542E-06    8.300542E-06    8.987141E-06    9.255705E-06    9.772619E-06    1.012458E-05    9.639815E-06    9.183156E-06    8.794348E-06    8.544476E-06    8.828587E-06    8.644285E-06    8.855692E-06    9.038817E-06
   9.299394E-06    9.234216E-06    8.592045E-06    8.497363E-06    8.300542E-06    8.300542E-06    8.300542E-06    8.300542E-06    8.611606E-06    8.864700E-06    9.643218E-06    9.891721E-06    9.517858E-06    9.009047E-06    9.514745E-06    8.143132E-06    8.530732E-06    8.798415E-06    9.098548E-06    9.345007E-06
   8.832064E-06    8.891343E-06    8.571098E-06    8.920664E-06    8.300542E-06    8.300542E-06    8.300542E-06    8.300542E-06    8.501023E-06    9.627675E-06    9.190592E-06    9.809445E-06    8.926158E-06    9.180702E-06    8.987286E-06    8.024113E-06    7.632641E-06    7.904320E-06    8.066030E-06    8.825201E-06
   8.628378E-06    9.001603E-06    8.905718E-06    9.760676E-06    8.300542E-06    8.300542E-06    8.300542E-06    8.300542E-06    9.096442E-06    9.615130E-06    1.002399E-05    1.007246E-05    9.580959E-06    1.000954E-05    8.712027E-06    7.442783E-06    7.525000E-06    8.249430E-06    7.850065E-06    7.697341E-06
   8.894903E-06    9.308297E-06    9.108081E-06    8.844569E-06    8.300542E-06    8.300542E-06    9.036258E-06    8.471091E-06    9.437408E-06    8.913007E-06    9.434677E-06    1.025814E-05    1.021343E-05    1.021808E-05    9.446993E-06    8.148275E-06    8.135347E-06    8.480465E-06    8.138317E-06    8.134912E-06
   8.199446E-06    9.614201E-06    9.515163E-06    8.292769E-06    8.673461E-06    8.300542E-06    9.391675E-06    9.527903E-06    8.712459E-06    9.500768E-06    9.609320E-06    9.393113E-06    9.755741E-06    9.291552E-06    9.108081E-06    8.591953E-06    8.792250E-06    8.915826E-06    8.671366E-06    7.993657E-06
   8.072564E-06    9.439083E-06    8.947039E-06    9.026463E-06    8.054405E-06    8.441150E-06    8.833404E-06    8.906631E-06    8.546455E-06    8.992942E-06    9.213252E-06    8.321831E-06    8.250397E-06    9.047914E-06    8.322391E-06    8.352928E-06    8.692718E-06    8.496932E-06    7.974526E-06    8.034838E-06
   8.394096E-06    8.433552E-06    8.071954E-06    8.694563E-06    8.252507E-06    8.957084E-06    8.403152E-06    8.961968E-06    8.179424E-06    8.407494E-06    9.015641E-06    8.646500E-06    9.220669E-06    8.598326E-06    8.372176E-06    7.458601E-06    7.504087E-06    7.870360E-06    7.728086E-06    7.305301E-06
   8.287393E-06    8.129078E-06    8.068570E-06    7.923212E-06    8.599838E-06    8.548692E-06    8.458608E-06    8.365713E-06    8.018670E-06    8.700240E-06    8.424934E-06    9.529433E-06    8.240099E-06    8.997874E-06    7.987522E-06    7.392155E-06    7.437395E-06    7.326685E-06    7.525830E-06    7.357229E-06
   7.369080E-06    7.841674E-06    7.633521E-06    8.692515E-06    8.472396E-06    8.467338E-06    8.133555E-06    8.262328E-06    8.057159E-06    8.562371E-06    8.928612E-06    8.452612E-06    8.149530E-06    8.765678E-06    7.925632E-06    7.596672E-06    8.102670E-06    7.562305E-06    7.343774E-06    7.727998E-06
   6.893242E-06    7.493833E-06    7.638050E-06    7.886063E-06    8.740348E-06    8.694639E-06    8.049538E-06    7.980576E-06    7.815740E-06    7.383964E-06    8.147565E-06    8.389217E-06    8.169854E-06    7.796667E-06    7.727201E-06    7.574577E-06    8.034295E-06    8.106106E-06    7.188754E-06    7.270776E-06
   7.228689E-06    7.735723E-06    7.541117E-06    7.677414E-06    7.722880E-06    7.706861E-06    7.208657E-06    7.235405E-06    6.783982E-06    7.314132E-06    7.897725E-06    8.374023E-06    7.555399E-06    7.611047E-06    8.061879E-06    7.811120E-06    7.529355E-06    7.464263E-06    7.571005E-06    7.381372E-06
   8.389655E-06    8.574308E-06    8.434348E-06    8.398797E-06    8.177813E-06    7.614444E-06    7.173863E-06    6.400402E-06    6.447383E-06    6.606035E-06    7.375936E-06    8.307676E-06    7.299725E-06    7.320361E-06    7.303523E-06    7.263003E-06    7.566129E-06    8.241047E-06    7.958815E-06    7.899160E-06
   8.491025E-06    8.894178E-06    8.295530E-06    7.753722E-06    8.227195E-06    7.750667E-06    6.993383E-06    6.813020E-06    6.351031E-06    6.656169E-06    7.211360E-06    7.611886E-06    7.578650E-06    7.077551E-06    7.452564E-06    7.620125E-06    7.263059E-06    7.819492E-06    7.743264E-06    7.783842E-06
   8.439535E-06    8.537651E-06    8.154975E-06    8.066511E-06    7.788234E-06    7.287292E-06    7.172637E-06    6.924299E-06    6.766431E-06    7.077911E-06    7.030986E-06    7.796411E-06    6.901424E-06    7.236436E-06    8.383222E-06    8.294588E-06    8.509378E-06    7.716009E-06    7.517240E-06    7.634718E-06
   8.300542E-06    8.514219E-06    7.952648E-06    7.576295E-06    7.273879E-06    7.593756E-06    7.709928E-06    7.375866E-06    7.185150E-06    7.149839E-06    7.540441E-06    8.425536E-06    8.083447E-06    8.483907E-06    8.837336E-06    8.578318E-06    9.066908E-06    8.850158E-06    8.580849E-06    7.745857E-06
   8.300542E-06    8.300542E-06    7.958930E-06    7.704574E-06    7.605286E-06    7.981944E-06    7.940735E-06    7.395150E-06    7.130071E-06    7.829025E-06    8.836523E-06    8.141968E-06    7.722550E-06    7.798748E-06    8.246241E-06    8.151191E-06    8.541410E-06    8.744031E-06    8.194243E-06    8.203360E-06
   8.300542E-06    8.300542E-06    8.300542E-06    8.400164E-06    8.076013E-06    7.695449E-06    8.004296E-06    7.892119E-06    7.624063E-06    7.754647E-06    8.476775E-06    7.665471E-06    8.129575E-06    7.161819E-06    7.262653E-06    8.132604E-06    8.467478E-06    8.977570E-06    8.707197E-06    8.411929E-06
   8.300542E-06    8.300542E-06    8.300542E-06    8.300542E-06    8.263004E-06    7.636249E-06    7.161069E-06    7.595477E-06    7.504485E-06    7.135566E-06    7.472268E-06    7.412720E-06    7.221524E-06    7.755741E-06    8.396886E-06    8.458041E-06    8.768605E-06    9.533513E-06    9.007905E-06    8.300542E-06
   8.300542E-06    8.300542E-06    8.300542E-06    8.300542E-06    8.227392E-06    7.855484E-06    7.364946E-06    7.078259E-06    7.920940E-06    7.249818E-06    7.095223E-06    7.134389E-06    7.281824E-06    8.228933E-06    9.080792E-06    9.092762E-06    8.580845E-06    9.003185E-06    8.561864E-06    8.300542E-06
   8.300542E-06    8.300542E-06    8.300542E-06    8.300542E-06    8.300542E-06    7.989116E-06    7.748861E-06    7.727657E-06    7.963993E-06    7.475800E-06    7.616824E-06    7.892770E-06    7.498127E-06    8.301632E-06    8.915146E-06    9.084813E-06    8.526483E-06    9.186119E-06    8.300542E-06    8.300542E-06
   8.300542E-06    8.300542E-06    8.300542E-06    8.300542E-06    8.300542E-06    7.569855E-06    7.786172E-06    8.466791E-06    8.481535E-06    7.825138E-06    8.147504E-06    7.841656E-06    7.993786E-06    8.461907E-06    8.118385E-06    8.736313E-06    9.545177E-06    8.300542E-06    8.300542E-06    8.300542E-06
   8.300542E-06    8.300542E-06    8.300542E-06    8.300542E-06    8.300542E-06    7.845191E-06    7.986125E-06    8.098459E-06    8.425511E-06    8.396205E-06    8.364398E-06    8.372282E-06    8.585687E-06    7.919569E-06    7.932292E-06    8.100151E-06    8.300542E-06    8.300542E-06    8.300542E-06    8.300542E-06
