   7.012712E-05    7.513479E-05    7.166072E-05    7.218069E-05    7.231048E-05    7.505672E-05    7.503293E-05    7.032361E-05    7.280069E-05    6.991046E-05    7.520088E-05    7.785715E-05    8.506717E-05    8.941406E-05    8.946765E-05    7.858242E-05    8.583671E-05    8.345090E-05    7.992890E-05    7.602405E-05
   7.612186E-05    8.023729E-05    7.597736E-05    7.482322E-05    7.462079E-05    6.949623E-05    7.237774E-05    6.971148E-05    6.724863E-05    7.289548E-05    7.459538E-05    7.354443E-05    7.201660E-05    7.935130E-05    8.709513E-05    7.592529E-05    8.077910E-05    8.036979E-05    8.204049E-05    7.998111E-05
   7.779590E-05    8.050944E-05    8.353759E-05    7.622196E-05    6.562320E-05    6.809501E-05    6.839593E-05    7.200533E-05    6.824736E-05    7.488275E-05    7.534160E-05    7.424570E-05    6.833743E-05    7.403554E-05    7.457549E-05    7.328172E-05    7.850459E-05    8.243082E-05    7.921460E-05    7.808320E-05
   7.586778E-05    8.020050E-05    7.561617E-05    6.626245E-05    6.109359E-05    6.351863E-05    6.463260E-05    6.973349E-05    7.218434E-05    6.677342E-05    6.893383E-05    6.862101E-05    6.586491E-05    6.608411E-05    6.651968E-05    7.421015E-05    7.047382E-05    7.210819E-05    7.624370E-05    7.342355E-05
   7.216946E-05    7.160401E-05    7.103059E-05    6.671423E-05    6.482426E-05    6.499566E-05    6.560559E-05    6.940404E-05    6.293837E-05    6.061339E-05    6.649406E-05    6.781773E-05    6.757452E-05    6.994796E-05    6.742461E-05    6.904624E-05    7.072793E-05    6.580787E-05    6.866860E-05    6.782011E-05
   7.122780E-05    7.078837E-05    6.609639E-05    6.644417E-05    7.194755E-05    6.378814E-05    6.773850E-05    6.234524E-05    6.206790E-05    6.831810E-05    7.078686E-05    7.047117E-05    7.195901E-05    7.361876E-05    6.245955E-05    6.167588E-05    6.047200E-05    6.469858E-05    6.573006E-05    6.460332E-05
   6.953517E-05    6.513276E-05    6.729007E-05    6.163011E-05    6.146352E-05    6.404662E-05    6.247942E-05    6.144811E-05    6.503910E-05    7.071981E-05    6.963991E-05    6.966931E-05    6.864268E-05    6.944108E-05    6.207402E-05    5.912619E-05    5.989631E-05    6.144272E-05    6.143455E-05    5.827695E-05
   6.638731E-05    6.225958E-05    6.504971E-05    6.299710E-05    6.357637E-05    6.644254E-05    6.497497E-05    6.260062E-05    6.612129E-05    7.141205E-05    7.009023E-05    7.325335E-05    7.019437E-05    6.601134E-05    6.421681E-05    6.400260E-05    6.284646E-05    6.169448E-05    6.140927E-05    6.108329E-05
   5.706187E-05    5.619256E-05    5.996653E-05    6.408870E-05    6.214915E-05    6.214915E-05    6.214915E-05    6.917161E-05    7.161369E-05    7.422420E-05    7.228099E-05    7.592815E-05    6.825119E-05    6.534856E-05    6.148888E-05    5.508890E-05    5.504532E-05    6.284789E-05    5.843237E-05    5.686636E-05
   5.738537E-05    6.131220E-05    6.339610E-05    6.802929E-05    6.214915E-05    6.214915E-05    6.214915E-05    6.214915E-05    7.384352E-05    7.641511E-05    7.306145E-05    6.994706E-05    6.203842E-05    6.344261E-05    5.900918E-05    5.925546E-05    5.741713E-05    5.953301E-05    5.840066E-05    6.331310E-05
   5.245545E-05    5.964372E-05    6.565544E-05    7.407834E-05    6.214915E-05    6.214915E-05    6.214915E-05    6.214915E-05    6.956851E-05    7.079348E-05    7.755793E-05    7.043733E-05    6.619537E-05    6.596212E-05    6.574694E-05    6.279241E-05    5.807454E-05    5.523682E-05    5.454836E-05    5.569631E-05
   5.822206E-05    6.418848E-05    6.996131E-05    7.940387E-05    6.214915E-05    6.214915E-05    6.214915E-05    6.214915E-05    7.065951E-05    6.996337E-05    7.300398E-05    6.597064E-05    6.190664E-05    6.331067E-05    6.755387E-05    6.473657E-05    5.712788E-05    5.816558E-05    5.245882E-05    5.460170E-05
   6.343675E-05    6.325251E-05    6.931592E-05    7.240966E-05    6.214915E-05    6.214915E-05    6.214915E-05    6.214915E-05    6.750099E-05    6.716659E-05    6.618648E-05    6.985525E-05    6.825417E-05    6.928908E-05    6.865682E-05    5.743286E-05    5.753356E-05    5.716294E-05    5.855185E-05    5.661362E-05
   7.158565E-05    6.392118E-05    6.850530E-05    7.194000E-05    6.214915E-05    6.214915E-05    6.214915E-05    6.214915E-05    7.624808E-05    7.256902E-05    6.887151E-05    7.196343E-05    7.232348E-05    6.874606E-05    7.148260E-05    6.217663E-05    5.941989E-05    6.233273E-05    6.029434E-05    6.352251E-05
   7.546010E-05    6.564149E-05    6.680217E-05    6.736251E-05    6.214915E-05    6.214915E-05    6.214915E-05    6.214915E-05    7.541603E-05    7.562382E-05    7.071915E-05    6.973805E-05    7.646646E-05    7.597855E-05    7.397194E-05    6.938403E-05    6.281357E-05    6.502645E-05    6.358103E-05    6.722720E-05
   7.244723E-05    7.211892E-05    7.220581E-05    7.756580E-05    6.214915E-05    6.214915E-05    6.214915E-05    6.214915E-05    7.904434E-05    7.053873E-05    7.192168E-05    7.404929E-05    8.312700E-05    7.343608E-05    7.185555E-05    7.232574E-05    6.943440E-05    6.982835E-05    7.028893E-05    6.836124E-05
   7.387890E-05    7.504921E-05    7.170959E-05    7.672466E-05    6.214915E-05    6.214915E-05    6.214915E-05    6.214915E-05    7.298065E-05    7.456586E-05    8.358568E-05    8.056262E-05    8.015475E-05    6.939042E-05    6.782844E-05    6.701153E-05    7.024436E-05    6.897396E-05    6.962023E-05    6.930943E-05
   7.778046E-05    7.097707E-05    7.121951E-05    6.870424E-05    6.214915E-05    6.214915E-05    6.214915E-05    6.214915E-05    7.126196E-05    7.339150E-05    7.749028E-05    8.028106E-05    7.643723E-05    7.281623E-05    6.973324E-05    6.775193E-05    7.000474E-05    6.854335E-05    7.021966E-05    7.167172E-05
   7.373792E-05    7.322110E-05    6.812911E-05    6.737835E-05    6.214915E-05    6.214915E-05    6.214915E-05    6.214915E-05    6.828422E-05    7.029109E-05    7.646421E-05    7.843467E-05    7.547019E-05    7.143567E-05    7.544551E-05    6.456954E-05    6.764295E-05    6.976549E-05    7.214535E-05    7.409960E-05
   7.003230E-05    7.050235E-05    6.796302E-05    7.073484E-05    6.214915E-05    6.214915E-05    6.214915E-05    6.214915E-05    6.740738E-05    7.634096E-05    7.287519E-05    7.778228E-05    7.077841E-05    7.279677E-05    7.126311E-05    6.362580E-05    6.052169E-05    6.267592E-05    6.395817E-05    6.997789E-05
   6.841721E-05    7.137663E-05    7.061634E-05    7.739557E-05    6.214915E-05    6.214915E-05    6.214915E-05    6.214915E-05    7.212864E-05    7.624149E-05    7.948350E-05    7.986781E-05    7.597054E-05    7.936888E-05    6.908049E-05    5.901624E-05    5.966817E-05    6.541241E-05    6.224572E-05    6.103472E-05
   7.053058E-05    7.380852E-05    7.222094E-05    7.013146E-05    6.214915E-05    6.214915E-05    7.165143E-05    6.717003E-05    7.483227E-05    7.067413E-05    7.481062E-05    8.134011E-05    8.098565E-05    8.102252E-05    7.490828E-05    6.461032E-05    6.450781E-05    6.724437E-05    6.453136E-05    6.450437E-05
   6.501607E-05    7.623412E-05    7.544882E-05    6.575606E-05    6.877469E-05    6.214915E-05    7.446964E-05    7.554984E-05    6.908392E-05    7.533468E-05    7.619543E-05    7.448105E-05    7.735644E-05    7.367574E-05    7.222093E-05    6.812839E-05    6.971661E-05    7.069648E-05    6.875808E-05    6.338431E-05
   6.400998E-05    7.484556E-05    7.094398E-05    7.157376E-05    6.386599E-05    6.693262E-05    7.004293E-05    7.062357E-05    6.776762E-05    7.130796E-05    7.305487E-05    6.598650E-05    6.542008E-05    7.174385E-05    6.599094E-05    6.623308E-05    6.892739E-05    6.737493E-05    6.323261E-05    6.371084E-05
   6.655952E-05    6.687237E-05    6.400515E-05    6.894202E-05    6.543681E-05    7.102363E-05    6.663133E-05    7.106236E-05    6.485731E-05    6.666576E-05    7.148795E-05    6.856091E-05    7.311368E-05    6.817892E-05    6.638571E-05    5.914168E-05    5.950235E-05    6.240665E-05    6.127851E-05    5.792611E-05
   6.571343E-05    6.445810E-05    6.397832E-05    6.282573E-05    6.819091E-05    6.778536E-05    6.707105E-05    6.633446E-05    6.358264E-05    6.898703E-05    6.680404E-05    7.556197E-05    6.533842E-05    7.134707E-05    6.333566E-05    5.861480E-05    5.897352E-05    5.809567E-05    5.967475E-05    5.833786E-05
   5.843183E-05    6.217918E-05    6.052867E-05    6.892578E-05    6.718038E-05    6.714027E-05    6.449360E-05    6.551469E-05    6.388783E-05    6.789383E-05    7.079787E-05    6.702351E-05    6.462027E-05    6.950591E-05    6.284491E-05    6.023648E-05    6.424870E-05    5.996397E-05    5.823117E-05    6.127781E-05
   5.465876E-05    5.942104E-05    6.056458E-05    6.253116E-05    6.930506E-05    6.894262E-05    6.382740E-05    6.328058E-05    6.197354E-05    5.854985E-05    6.460469E-05    6.652083E-05    6.478143E-05    6.182231E-05    6.127149E-05    6.006128E-05    6.370653E-05    6.427595E-05    5.700197E-05    5.765235E-05
   5.731862E-05    6.133906E-05    5.979597E-05    6.087671E-05    6.123723E-05    6.111020E-05    5.715979E-05    5.737188E-05    5.379240E-05    5.799613E-05    6.262363E-05    6.640035E-05    5.990922E-05    6.035047E-05    6.392526E-05    6.193691E-05    5.970271E-05    5.918657E-05    6.003296E-05    5.852930E-05
   6.652430E-05    6.798848E-05    6.687869E-05    6.659679E-05    6.484453E-05    6.037740E-05    5.688389E-05    5.075087E-05    5.112340E-05    5.238140E-05    5.848620E-05    6.587426E-05    5.788190E-05    5.804553E-05    5.791201E-05    5.759071E-05    5.999430E-05    6.534594E-05    6.310803E-05    6.263500E-05
   6.732810E-05    7.052483E-05    6.577795E-05    6.148178E-05    6.523611E-05    6.145756E-05    5.545281E-05    5.402265E-05    5.035939E-05    5.277893E-05    5.718122E-05    6.035712E-05    6.009358E-05    5.612020E-05    5.909380E-05    6.042245E-05    5.759115E-05    6.200329E-05    6.139885E-05    6.172061E-05
   6.691982E-05    6.769781E-05    6.466345E-05    6.396199E-05    6.175544E-05    5.778330E-05    5.687417E-05    5.490502E-05    5.365323E-05    5.612306E-05    5.575097E-05    6.182028E-05    5.472364E-05    5.738005E-05    6.647329E-05    6.577049E-05    6.747362E-05    6.118275E-05    5.960664E-05    6.053816E-05
   6.214915E-05    6.751201E-05    6.305913E-05    6.007491E-05    5.767695E-05    6.021336E-05    6.113452E-05    5.848564E-05    5.697339E-05    5.669340E-05    5.979061E-05    6.680882E-05    6.409628E-05    6.727166E-05    7.007411E-05    6.802027E-05    7.189446E-05    7.017578E-05    6.804034E-05    6.141942E-05
   6.214915E-05    6.214915E-05    6.310894E-05    6.109208E-05    6.030479E-05    6.329143E-05    6.296467E-05    5.863855E-05    5.653665E-05    6.207888E-05    7.006766E-05    6.456031E-05    6.123461E-05    6.183881E-05    6.538712E-05    6.463345E-05    6.772761E-05    6.933426E-05    6.497482E-05    6.504711E-05
   6.214915E-05    6.214915E-05    6.214915E-05    6.660763E-05    6.403733E-05    6.101972E-05    6.346866E-05    6.257917E-05    6.045367E-05    6.148911E-05    6.721510E-05    6.078201E-05    6.446204E-05    5.678839E-05    5.758794E-05    6.448606E-05    6.714138E-05    7.118607E-05    6.904220E-05    6.670092E-05
   6.214915E-05    6.214915E-05    6.214915E-05    6.214915E-05    6.552005E-05    6.055030E-05    5.678245E-05    6.022700E-05    5.950550E-05    5.658022E-05    5.925004E-05    5.877786E-05    5.726181E-05    6.149779E-05    6.658164E-05    6.706656E-05    6.952912E-05    7.559433E-05    7.142660E-05    6.214915E-05
   6.214915E-05    6.214915E-05    6.214915E-05    6.214915E-05    6.523766E-05    6.228868E-05    5.839905E-05    5.612582E-05    6.280771E-05    5.748617E-05    5.626033E-05    5.657089E-05    5.773995E-05    6.524988E-05    7.200455E-05    7.209947E-05    6.804031E-05    7.138918E-05    6.788981E-05    6.214915E-05
   6.214915E-05    6.214915E-05    6.214915E-05    6.214915E-05    6.214915E-05    6.334829E-05    6.144324E-05    6.127510E-05    6.314909E-05    5.927805E-05    6.039627E-05    6.258434E-05    5.945508E-05    6.582634E-05    7.069109E-05    7.203643E-05    6.760925E-05    7.283972E-05    6.214915E-05    6.214915E-05
   6.214915E-05    6.214915E-05    6.214915E-05    6.214915E-05    6.214915E-05    6.002384E-05    6.173909E-05    6.713594E-05    6.725285E-05    6.204806E-05    6.460421E-05    6.217904E-05    6.338533E-05    6.709721E-05    6.437331E-05    6.927307E-05    7.568681E-05    6.214915E-05    6.214915E-05    6.214915E-05
   6.214915E-05    6.214915E-05    6.214915E-05    6.214915E-05    6.214915E-05    6.220707E-05    6.332458E-05    6.421531E-05    6.680861E-05    6.657624E-05    6.632403E-05    6.638655E-05    6.807870E-05    6.279684E-05    6.289772E-05    6.422873E-05    6.214915E-05    6.214915E-05    6.214915E-05    6.214915E-05
