   1.449292E-04    1.552784E-04    1.480986E-04    1.491732E-04    1.494415E-04    1.551170E-04    1.550679E-04    1.453353E-04    1.504546E-04    1.444814E-04    1.554150E-04    1.609046E-04    1.758052E-04    1.847888E-04    1.848996E-04    1.624035E-04    1.773956E-04    1.724650E-04    1.651862E-04    1.571162E-04
   1.573183E-04    1.658235E-04    1.570197E-04    1.546344E-04    1.542161E-04    1.436254E-04    1.495805E-04    1.440702E-04    1.389803E-04    1.506505E-04    1.541636E-04    1.519916E-04    1.488341E-04    1.639925E-04    1.799964E-04    1.569121E-04    1.669433E-04    1.660973E-04    1.695501E-04    1.652941E-04
   1.607780E-04    1.663860E-04    1.726441E-04    1.575252E-04    1.356211E-04    1.407295E-04    1.413514E-04    1.488108E-04    1.410444E-04    1.547575E-04    1.557058E-04    1.534409E-04    1.412305E-04    1.530066E-04    1.541225E-04    1.514487E-04    1.622426E-04    1.703568E-04    1.637100E-04    1.613717E-04
   1.567932E-04    1.657475E-04    1.562732E-04    1.369422E-04    1.262599E-04    1.312717E-04    1.335739E-04    1.441157E-04    1.491808E-04    1.379982E-04    1.424631E-04    1.418166E-04    1.361206E-04    1.365736E-04    1.374738E-04    1.533674E-04    1.456457E-04    1.490234E-04    1.575701E-04    1.517418E-04
   1.491500E-04    1.479814E-04    1.467964E-04    1.378759E-04    1.339700E-04    1.343242E-04    1.355847E-04    1.434348E-04    1.300725E-04    1.252675E-04    1.374209E-04    1.401565E-04    1.396538E-04    1.445589E-04    1.393440E-04    1.426954E-04    1.461709E-04    1.360027E-04    1.419149E-04    1.401614E-04
   1.472039E-04    1.462958E-04    1.365990E-04    1.373178E-04    1.486914E-04    1.318287E-04    1.399927E-04    1.288467E-04    1.282735E-04    1.411905E-04    1.462926E-04    1.456402E-04    1.487151E-04    1.521452E-04    1.290829E-04    1.274633E-04    1.249753E-04    1.337102E-04    1.358420E-04    1.335133E-04
   1.437058E-04    1.346075E-04    1.390660E-04    1.273687E-04    1.270244E-04    1.323628E-04    1.291240E-04    1.269926E-04    1.344140E-04    1.461541E-04    1.439223E-04    1.439831E-04    1.418613E-04    1.435114E-04    1.282861E-04    1.221940E-04    1.237856E-04    1.269815E-04    1.269646E-04    1.204389E-04
   1.372003E-04    1.286696E-04    1.344359E-04    1.301938E-04    1.313910E-04    1.373144E-04    1.342814E-04    1.293744E-04    1.366505E-04    1.475847E-04    1.448530E-04    1.513901E-04    1.450682E-04    1.364233E-04    1.327146E-04    1.322719E-04    1.298825E-04    1.275018E-04    1.269123E-04    1.262386E-04
   1.179277E-04    1.161311E-04    1.239307E-04    1.324498E-04    1.413875E-04    1.413875E-04    1.413875E-04    1.429545E-04    1.480014E-04    1.533965E-04    1.493805E-04    1.569180E-04    1.410523E-04    1.350535E-04    1.270769E-04    1.138503E-04    1.137602E-04    1.298855E-04    1.207601E-04    1.175237E-04
   1.185963E-04    1.267117E-04    1.310184E-04    1.405937E-04    1.413875E-04    1.413875E-04    1.413875E-04    1.413875E-04    1.526097E-04    1.579243E-04    1.509935E-04    1.445571E-04    1.282126E-04    1.311146E-04    1.219522E-04    1.224611E-04    1.186619E-04    1.230347E-04    1.206945E-04    1.308469E-04
   1.084078E-04    1.232635E-04    1.356877E-04    1.530950E-04    1.413875E-04    1.413875E-04    1.413875E-04    1.413875E-04    1.437747E-04    1.463063E-04    1.602862E-04    1.455703E-04    1.368036E-04    1.363215E-04    1.358768E-04    1.297708E-04    1.200206E-04    1.141559E-04    1.127331E-04    1.151056E-04
   1.203254E-04    1.326560E-04    1.445865E-04    1.641011E-04    1.413875E-04    1.413875E-04    1.413875E-04    1.413875E-04    1.460295E-04    1.445908E-04    1.508747E-04    1.363391E-04    1.279402E-04    1.308419E-04    1.396111E-04    1.337887E-04    1.180641E-04    1.202087E-04    1.084147E-04    1.128434E-04
   1.311024E-04    1.307217E-04    1.432527E-04    1.496464E-04    1.413875E-04    1.413875E-04    1.413875E-04    1.413875E-04    1.395019E-04    1.388108E-04    1.367852E-04    1.443673E-04    1.410584E-04    1.431972E-04    1.418906E-04    1.186944E-04    1.189025E-04    1.181366E-04    1.210070E-04    1.170013E-04
   1.479435E-04    1.321036E-04    1.415774E-04    1.486758E-04    1.413875E-04    1.413875E-04    1.413875E-04    1.413875E-04    1.575792E-04    1.499758E-04    1.423343E-04    1.487242E-04    1.494683E-04    1.420750E-04    1.477305E-04    1.284982E-04    1.228009E-04    1.288208E-04    1.246081E-04    1.312797E-04
   1.559507E-04    1.356589E-04    1.380576E-04    1.392157E-04    1.413875E-04    1.413875E-04    1.413875E-04    1.413875E-04    1.558596E-04    1.562890E-04    1.461527E-04    1.441251E-04    1.580305E-04    1.570221E-04    1.528751E-04    1.433935E-04    1.298146E-04    1.343878E-04    1.314006E-04    1.389360E-04
   1.497241E-04    1.490456E-04    1.492251E-04    1.603024E-04    1.413875E-04    1.413875E-04    1.413875E-04    1.413875E-04    1.633581E-04    1.457798E-04    1.486379E-04    1.530350E-04    1.717956E-04    1.517677E-04    1.485013E-04    1.494730E-04    1.434976E-04    1.443117E-04    1.452636E-04    1.412797E-04
   1.526829E-04    1.551015E-04    1.481996E-04    1.585641E-04    1.413875E-04    1.413875E-04    1.413875E-04    1.413875E-04    1.508265E-04    1.541026E-04    1.727435E-04    1.664959E-04    1.656529E-04    1.434067E-04    1.401786E-04    1.384903E-04    1.451715E-04    1.425460E-04    1.438816E-04    1.432393E-04
   1.607461E-04    1.466857E-04    1.471868E-04    1.419886E-04    1.413875E-04    1.413875E-04    1.413875E-04    1.413875E-04    1.472745E-04    1.516756E-04    1.601464E-04    1.659140E-04    1.579701E-04    1.504867E-04    1.441152E-04    1.400205E-04    1.446763E-04    1.416561E-04    1.451204E-04    1.481214E-04
   1.523915E-04    1.513234E-04    1.408000E-04    1.392484E-04    1.413875E-04    1.413875E-04    1.413875E-04    1.413875E-04    1.411205E-04    1.452681E-04    1.580258E-04    1.620981E-04    1.559715E-04    1.476335E-04    1.559205E-04    1.334435E-04    1.397952E-04    1.441818E-04    1.491002E-04    1.531390E-04
   1.447332E-04    1.457047E-04    1.404567E-04    1.461851E-04    1.413875E-04    1.413875E-04    1.413875E-04    1.413875E-04    1.393084E-04    1.577711E-04    1.506085E-04    1.607498E-04    1.462752E-04    1.504465E-04    1.472769E-04    1.314932E-04    1.250780E-04    1.295301E-04    1.321800E-04    1.446208E-04
   1.413954E-04    1.475115E-04    1.459402E-04    1.599506E-04    1.413875E-04    1.413875E-04    1.413875E-04    1.413875E-04    1.490657E-04    1.575655E-04    1.642657E-04    1.650599E-04    1.570056E-04    1.640288E-04    1.427662E-04    1.219667E-04    1.233141E-04    1.351855E-04    1.286410E-04    1.261382E-04
   1.457630E-04    1.525374E-04    1.492564E-04    1.449382E-04    1.413875E-04    1.413875E-04    1.480794E-04    1.388179E-04    1.546532E-04    1.460597E-04    1.546084E-04    1.681027E-04    1.673701E-04    1.674463E-04    1.548102E-04    1.335278E-04    1.333160E-04    1.389715E-04    1.333646E-04    1.333088E-04
   1.343664E-04    1.575503E-04    1.559274E-04    1.358957E-04    1.421342E-04    1.413875E-04    1.539037E-04    1.561361E-04    1.427733E-04    1.556915E-04    1.574703E-04    1.539273E-04    1.598698E-04    1.522630E-04    1.492564E-04    1.407985E-04    1.440808E-04    1.461059E-04    1.420999E-04    1.309941E-04
   1.322871E-04    1.546806E-04    1.466174E-04    1.479189E-04    1.319895E-04    1.383272E-04    1.447552E-04    1.459552E-04    1.400529E-04    1.473696E-04    1.509799E-04    1.363719E-04    1.352013E-04    1.482704E-04    1.363811E-04    1.368815E-04    1.424497E-04    1.392413E-04    1.306806E-04    1.316689E-04
   1.375562E-04    1.382027E-04    1.322771E-04    1.424800E-04    1.352359E-04    1.467820E-04    1.377046E-04    1.468620E-04    1.340383E-04    1.377757E-04    1.477416E-04    1.416924E-04    1.511014E-04    1.409029E-04    1.371969E-04    1.222260E-04    1.229714E-04    1.289736E-04    1.266421E-04    1.197138E-04
   1.358076E-04    1.332132E-04    1.322217E-04    1.298397E-04    1.409277E-04    1.400896E-04    1.386133E-04    1.370910E-04    1.314040E-04    1.425730E-04    1.380615E-04    1.561612E-04    1.350326E-04    1.474504E-04    1.308935E-04    1.211371E-04    1.218785E-04    1.200642E-04    1.233277E-04    1.205648E-04
   1.207590E-04    1.285035E-04    1.250924E-04    1.424464E-04    1.388393E-04    1.387564E-04    1.332866E-04    1.353968E-04    1.320347E-04    1.403137E-04    1.463154E-04    1.385151E-04    1.335484E-04    1.436454E-04    1.298793E-04    1.244886E-04    1.327805E-04    1.239254E-04    1.203443E-04    1.266406E-04
   1.129613E-04    1.228033E-04    1.251666E-04    1.292309E-04    1.432303E-04    1.424812E-04    1.319098E-04    1.307797E-04    1.280785E-04    1.210029E-04    1.335162E-04    1.374762E-04    1.338814E-04    1.277659E-04    1.266276E-04    1.241265E-04    1.316600E-04    1.328368E-04    1.178039E-04    1.191480E-04
   1.184583E-04    1.267672E-04    1.235782E-04    1.258117E-04    1.265568E-04    1.262943E-04    1.181301E-04    1.185684E-04    1.111708E-04    1.198585E-04    1.294220E-04    1.372272E-04    1.238122E-04    1.247241E-04    1.321120E-04    1.280028E-04    1.233854E-04    1.223187E-04    1.240680E-04    1.209604E-04
   1.374834E-04    1.405093E-04    1.382158E-04    1.376332E-04    1.340119E-04    1.247798E-04    1.175599E-04    1.048850E-04    1.056549E-04    1.082547E-04    1.208713E-04    1.361400E-04    1.196224E-04    1.199606E-04    1.196847E-04    1.190207E-04    1.239880E-04    1.350481E-04    1.304231E-04    1.294455E-04
   1.391445E-04    1.457511E-04    1.359409E-04    1.270622E-04    1.348211E-04    1.270121E-04    1.146023E-04    1.116467E-04    1.040759E-04    1.090763E-04    1.181744E-04    1.247379E-04    1.241932E-04    1.159816E-04    1.221270E-04    1.248729E-04    1.190216E-04    1.281400E-04    1.268908E-04    1.275558E-04
   1.383008E-04    1.399086E-04    1.336376E-04    1.321879E-04    1.276277E-04    1.194187E-04    1.175398E-04    1.134702E-04    1.108832E-04    1.159875E-04    1.152185E-04    1.277617E-04    1.130954E-04    1.185853E-04    1.373780E-04    1.359255E-04    1.394453E-04    1.264442E-04    1.231869E-04    1.251120E-04
   1.413875E-04    1.395246E-04    1.303220E-04    1.241546E-04    1.191989E-04    1.244408E-04    1.263445E-04    1.208702E-04    1.177448E-04    1.171662E-04    1.235671E-04    1.380714E-04    1.324655E-04    1.390279E-04    1.448196E-04    1.405750E-04    1.485817E-04    1.450298E-04    1.406165E-04    1.269333E-04
   1.413875E-04    1.413875E-04    1.304250E-04    1.262568E-04    1.246297E-04    1.308021E-04    1.301268E-04    1.211862E-04    1.168423E-04    1.282962E-04    1.448063E-04    1.334245E-04    1.265514E-04    1.278000E-04    1.351332E-04    1.335756E-04    1.399702E-04    1.432906E-04    1.342811E-04    1.344305E-04
   1.413875E-04    1.413875E-04    1.413875E-04    1.376556E-04    1.323436E-04    1.261072E-04    1.311684E-04    1.293301E-04    1.249374E-04    1.270773E-04    1.389110E-04    1.256160E-04    1.332214E-04    1.173625E-04    1.190149E-04    1.332710E-04    1.387587E-04    1.471177E-04    1.426870E-04    1.378484E-04
   1.413875E-04    1.413875E-04    1.413875E-04    1.413875E-04    1.354079E-04    1.251371E-04    1.173502E-04    1.244690E-04    1.229779E-04    1.169323E-04    1.224499E-04    1.214741E-04    1.183409E-04    1.270953E-04    1.376019E-04    1.386040E-04    1.436933E-04    1.562281E-04    1.476148E-04    1.413875E-04
   1.413875E-04    1.413875E-04    1.413875E-04    1.413875E-04    1.348243E-04    1.287298E-04    1.206912E-04    1.159932E-04    1.298024E-04    1.188046E-04    1.162712E-04    1.169130E-04    1.193291E-04    1.348496E-04    1.488092E-04    1.490054E-04    1.406165E-04    1.475374E-04    1.403054E-04    1.413875E-04
   1.413875E-04    1.413875E-04    1.413875E-04    1.413875E-04    1.413875E-04    1.309196E-04    1.269825E-04    1.266351E-04    1.305079E-04    1.225078E-04    1.248188E-04    1.293408E-04    1.228737E-04    1.360409E-04    1.460947E-04    1.488751E-04    1.397256E-04    1.505352E-04    1.413875E-04    1.413875E-04
   1.413875E-04    1.413875E-04    1.413875E-04    1.413875E-04    1.413875E-04    1.240491E-04    1.275939E-04    1.387474E-04    1.389890E-04    1.282325E-04    1.335152E-04    1.285032E-04    1.309962E-04    1.386674E-04    1.330380E-04    1.431641E-04    1.564192E-04    1.413875E-04    1.413875E-04    1.413875E-04
   1.413875E-04    1.413875E-04    1.413875E-04    1.413875E-04    1.413875E-04    1.285611E-04    1.308706E-04    1.327115E-04    1.380710E-04    1.375907E-04    1.370695E-04    1.371987E-04    1.406958E-04    1.297800E-04    1.299885E-04    1.327392E-04    1.413875E-04    1.413875E-04    1.413875E-04    1.413875E-04
