   1.469178E-04    1.574090E-04    1.501307E-04    1.512200E-04    1.514920E-04    1.572454E-04    1.571956E-04    1.473294E-04    1.525190E-04    1.464639E-04    1.575474E-04    1.631123E-04    1.782175E-04    1.873243E-04    1.874366E-04    1.646318E-04    1.798297E-04    1.748314E-04    1.674527E-04    1.592720E-04
   1.594769E-04    1.680988E-04    1.591742E-04    1.567562E-04    1.563321E-04    1.455961E-04    1.516329E-04    1.460470E-04    1.408873E-04    1.527176E-04    1.562789E-04    1.540771E-04    1.508763E-04    1.662426E-04    1.824661E-04    1.590651E-04    1.692339E-04    1.683764E-04    1.718766E-04    1.675621E-04
   1.629840E-04    1.686690E-04    1.750130E-04    1.596866E-04    1.374820E-04    1.426605E-04    1.432909E-04    1.508527E-04    1.429796E-04    1.568809E-04    1.578422E-04    1.555463E-04    1.431683E-04    1.551060E-04    1.562372E-04    1.535267E-04    1.644687E-04    1.726943E-04    1.659563E-04    1.635859E-04
   1.589446E-04    1.680217E-04    1.584175E-04    1.388212E-04    1.279923E-04    1.330729E-04    1.354066E-04    1.460931E-04    1.512277E-04    1.398917E-04    1.444178E-04    1.437624E-04    1.379884E-04    1.384476E-04    1.393601E-04    1.554718E-04    1.476441E-04    1.510682E-04    1.597322E-04    1.538239E-04
   1.511965E-04    1.500119E-04    1.488106E-04    1.397677E-04    1.358082E-04    1.361673E-04    1.374451E-04    1.454029E-04    1.318572E-04    1.269863E-04    1.393064E-04    1.420796E-04    1.415700E-04    1.465424E-04    1.412560E-04    1.446533E-04    1.481765E-04    1.378689E-04    1.438621E-04    1.420845E-04
   1.492237E-04    1.483031E-04    1.384733E-04    1.392019E-04    1.507316E-04    1.336375E-04    1.419136E-04    1.306146E-04    1.300335E-04    1.431278E-04    1.482999E-04    1.476386E-04    1.507556E-04    1.542328E-04    1.308541E-04    1.292123E-04    1.266901E-04    1.355449E-04    1.377059E-04    1.353453E-04
   1.456776E-04    1.364545E-04    1.409741E-04    1.291164E-04    1.287674E-04    1.341790E-04    1.308957E-04    1.287351E-04    1.362583E-04    1.481595E-04    1.458971E-04    1.459587E-04    1.438078E-04    1.454805E-04    1.300464E-04    1.238706E-04    1.254840E-04    1.287238E-04    1.287067E-04    1.220914E-04
   1.390828E-04    1.304351E-04    1.362805E-04    1.319802E-04    1.331938E-04    1.391985E-04    1.361239E-04    1.311496E-04    1.385255E-04    1.496097E-04    1.468405E-04    1.534673E-04    1.470587E-04    1.382951E-04    1.345356E-04    1.340868E-04    1.316646E-04    1.292512E-04    1.286537E-04    1.279708E-04
   1.195458E-04    1.177246E-04    1.256311E-04    1.342672E-04    1.415477E-04    1.415477E-04    1.415477E-04    1.449160E-04    1.500322E-04    1.555012E-04    1.514302E-04    1.590711E-04    1.429877E-04    1.369066E-04    1.288205E-04    1.154124E-04    1.153211E-04    1.316676E-04    1.224170E-04    1.191362E-04
   1.202235E-04    1.284503E-04    1.328161E-04    1.425228E-04    1.415477E-04    1.415477E-04    1.415477E-04    1.415477E-04    1.547037E-04    1.600912E-04    1.530653E-04    1.465406E-04    1.299718E-04    1.329136E-04    1.236255E-04    1.241414E-04    1.202901E-04    1.247229E-04    1.223506E-04    1.326423E-04
   1.098953E-04    1.249548E-04    1.375495E-04    1.551957E-04    1.415477E-04    1.415477E-04    1.415477E-04    1.415477E-04    1.457475E-04    1.483138E-04    1.624855E-04    1.475677E-04    1.386807E-04    1.381920E-04    1.377412E-04    1.315514E-04    1.216674E-04    1.157223E-04    1.142800E-04    1.166849E-04
   1.219764E-04    1.344762E-04    1.465704E-04    1.663528E-04    1.415477E-04    1.415477E-04    1.415477E-04    1.415477E-04    1.480332E-04    1.465747E-04    1.529449E-04    1.382099E-04    1.296957E-04    1.326372E-04    1.415268E-04    1.356245E-04    1.196841E-04    1.218581E-04    1.099023E-04    1.143917E-04
   1.329013E-04    1.325153E-04    1.452183E-04    1.516998E-04    1.415477E-04    1.415477E-04    1.415477E-04    1.415477E-04    1.414160E-04    1.407154E-04    1.386621E-04    1.463482E-04    1.429939E-04    1.451621E-04    1.438375E-04    1.203230E-04    1.205340E-04    1.197576E-04    1.226673E-04    1.186067E-04
   1.499734E-04    1.339162E-04    1.435200E-04    1.507158E-04    1.415477E-04    1.415477E-04    1.415477E-04    1.415477E-04    1.597413E-04    1.520336E-04    1.442872E-04    1.507649E-04    1.515192E-04    1.440244E-04    1.497575E-04    1.302613E-04    1.244859E-04    1.305884E-04    1.263179E-04    1.330810E-04
   1.580905E-04    1.375203E-04    1.399519E-04    1.411259E-04    1.415477E-04    1.415477E-04    1.415477E-04    1.415477E-04    1.579982E-04    1.584335E-04    1.481581E-04    1.461027E-04    1.601988E-04    1.591767E-04    1.549728E-04    1.453610E-04    1.315958E-04    1.362318E-04    1.332036E-04    1.408424E-04
   1.517785E-04    1.510906E-04    1.512727E-04    1.625020E-04    1.415477E-04    1.415477E-04    1.415477E-04    1.415477E-04    1.655996E-04    1.477801E-04    1.506774E-04    1.551348E-04    1.741528E-04    1.538501E-04    1.505389E-04    1.515239E-04    1.454665E-04    1.462918E-04    1.472568E-04    1.432182E-04
   1.547778E-04    1.572297E-04    1.502331E-04    1.607398E-04    1.415477E-04    1.415477E-04    1.415477E-04    1.415477E-04    1.528960E-04    1.562170E-04    1.751138E-04    1.687804E-04    1.679259E-04    1.453744E-04    1.421020E-04    1.403906E-04    1.471634E-04    1.445019E-04    1.458558E-04    1.452047E-04
   1.629517E-04    1.486984E-04    1.492064E-04    1.439368E-04    1.415477E-04    1.415477E-04    1.415477E-04    1.415477E-04    1.492953E-04    1.537567E-04    1.623437E-04    1.681905E-04    1.601376E-04    1.525515E-04    1.460926E-04    1.419417E-04    1.466614E-04    1.435997E-04    1.471117E-04    1.501537E-04
   1.544825E-04    1.533997E-04    1.427319E-04    1.411591E-04    1.415477E-04    1.415477E-04    1.415477E-04    1.415477E-04    1.430569E-04    1.472613E-04    1.601941E-04    1.643223E-04    1.581116E-04    1.496592E-04    1.580599E-04    1.352745E-04    1.417134E-04    1.461602E-04    1.511460E-04    1.552402E-04
   1.467191E-04    1.477039E-04    1.423839E-04    1.481910E-04    1.415477E-04    1.415477E-04    1.415477E-04    1.415477E-04    1.412199E-04    1.599359E-04    1.526750E-04    1.629555E-04    1.482822E-04    1.525108E-04    1.492977E-04    1.332974E-04    1.267942E-04    1.313074E-04    1.339937E-04    1.466051E-04
   1.433355E-04    1.495355E-04    1.479427E-04    1.621453E-04    1.415477E-04    1.415477E-04    1.415477E-04    1.415477E-04    1.511110E-04    1.597275E-04    1.665196E-04    1.673247E-04    1.591599E-04    1.662795E-04    1.447251E-04    1.236403E-04    1.250061E-04    1.370404E-04    1.304061E-04    1.278690E-04
   1.477630E-04    1.546304E-04    1.513044E-04    1.469269E-04    1.415477E-04    1.415477E-04    1.501112E-04    1.407226E-04    1.567752E-04    1.480638E-04    1.567298E-04    1.704092E-04    1.696666E-04    1.697439E-04    1.569344E-04    1.353600E-04    1.351452E-04    1.408784E-04    1.351946E-04    1.351380E-04
   1.362100E-04    1.597121E-04    1.580669E-04    1.377603E-04    1.440844E-04    1.415477E-04    1.560155E-04    1.582785E-04    1.447323E-04    1.578277E-04    1.596310E-04    1.560393E-04    1.620634E-04    1.543522E-04    1.513044E-04    1.427304E-04    1.460578E-04    1.481106E-04    1.440496E-04    1.327914E-04
   1.341022E-04    1.568030E-04    1.486291E-04    1.499485E-04    1.338006E-04    1.402252E-04    1.467414E-04    1.479579E-04    1.419746E-04    1.493917E-04    1.530515E-04    1.382431E-04    1.370564E-04    1.503049E-04    1.382524E-04    1.387597E-04    1.444043E-04    1.411519E-04    1.324736E-04    1.334755E-04
   1.394436E-04    1.400990E-04    1.340921E-04    1.444350E-04    1.370915E-04    1.487960E-04    1.395940E-04    1.488771E-04    1.358774E-04    1.396662E-04    1.497687E-04    1.436365E-04    1.531747E-04    1.428363E-04    1.390794E-04    1.239030E-04    1.246587E-04    1.307432E-04    1.283798E-04    1.213564E-04
   1.376710E-04    1.350411E-04    1.340359E-04    1.316212E-04    1.428614E-04    1.420117E-04    1.405152E-04    1.389721E-04    1.332070E-04    1.445293E-04    1.399559E-04    1.583039E-04    1.368854E-04    1.494736E-04    1.326895E-04    1.227992E-04    1.235508E-04    1.217116E-04    1.250199E-04    1.222190E-04
   1.224159E-04    1.302667E-04    1.268088E-04    1.444009E-04    1.407443E-04    1.406603E-04    1.351154E-04    1.372546E-04    1.338463E-04    1.422390E-04    1.483230E-04    1.404157E-04    1.353808E-04    1.456163E-04    1.316614E-04    1.261967E-04    1.346024E-04    1.256258E-04    1.219955E-04    1.283783E-04
   1.145112E-04    1.244883E-04    1.268841E-04    1.310041E-04    1.451956E-04    1.444362E-04    1.337197E-04    1.325741E-04    1.298359E-04    1.226632E-04    1.353482E-04    1.393625E-04    1.357185E-04    1.295190E-04    1.283651E-04    1.258296E-04    1.334665E-04    1.346595E-04    1.194203E-04    1.207829E-04
   1.200837E-04    1.285066E-04    1.252738E-04    1.275380E-04    1.282933E-04    1.280272E-04    1.197509E-04    1.201953E-04    1.126962E-04    1.215031E-04    1.311978E-04    1.391101E-04    1.255111E-04    1.264355E-04    1.339248E-04    1.297591E-04    1.250784E-04    1.239971E-04    1.257703E-04    1.226201E-04
   1.393698E-04    1.424373E-04    1.401123E-04    1.395217E-04    1.358507E-04    1.264919E-04    1.191729E-04    1.063241E-04    1.071046E-04    1.097401E-04    1.225298E-04    1.380080E-04    1.212638E-04    1.216066E-04    1.213269E-04    1.206538E-04    1.256893E-04    1.369011E-04    1.322126E-04    1.312216E-04
   1.410538E-04    1.477510E-04    1.378062E-04    1.288056E-04    1.366710E-04    1.287549E-04    1.161748E-04    1.131786E-04    1.055040E-04    1.105730E-04    1.197958E-04    1.264494E-04    1.258973E-04    1.175730E-04    1.238027E-04    1.265863E-04    1.206547E-04    1.298982E-04    1.286319E-04    1.293060E-04
   1.401984E-04    1.418283E-04    1.354713E-04    1.340017E-04    1.293789E-04    1.210572E-04    1.191526E-04    1.150272E-04    1.124046E-04    1.175790E-04    1.167995E-04    1.295148E-04    1.146472E-04    1.202124E-04    1.392629E-04    1.377905E-04    1.413586E-04    1.281791E-04    1.248772E-04    1.268287E-04
   1.415477E-04    1.414391E-04    1.321102E-04    1.258582E-04    1.208344E-04    1.261482E-04    1.280781E-04    1.225286E-04    1.193604E-04    1.187739E-04    1.252626E-04    1.399659E-04    1.342830E-04    1.409355E-04    1.468067E-04    1.425039E-04    1.506204E-04    1.470197E-04    1.425459E-04    1.286750E-04
   1.415477E-04    1.415477E-04    1.322146E-04    1.279892E-04    1.263398E-04    1.325969E-04    1.319123E-04    1.228490E-04    1.184455E-04    1.300566E-04    1.467932E-04    1.352552E-04    1.282878E-04    1.295536E-04    1.369874E-04    1.354084E-04    1.418908E-04    1.452567E-04    1.361236E-04    1.362751E-04
   1.415477E-04    1.415477E-04    1.415477E-04    1.395444E-04    1.341596E-04    1.278376E-04    1.329682E-04    1.311047E-04    1.266517E-04    1.288210E-04    1.408170E-04    1.273396E-04    1.350493E-04    1.189729E-04    1.206479E-04    1.350997E-04    1.406626E-04    1.491363E-04    1.446449E-04    1.397398E-04
   1.415477E-04    1.415477E-04    1.415477E-04    1.415477E-04    1.372659E-04    1.268541E-04    1.189604E-04    1.261768E-04    1.246653E-04    1.185367E-04    1.241301E-04    1.231409E-04    1.199647E-04    1.288392E-04    1.394899E-04    1.405058E-04    1.456650E-04    1.583717E-04    1.496402E-04    1.415477E-04
   1.415477E-04    1.415477E-04    1.415477E-04    1.415477E-04    1.366743E-04    1.304961E-04    1.223472E-04    1.175848E-04    1.315835E-04    1.204347E-04    1.178666E-04    1.185172E-04    1.209664E-04    1.366999E-04    1.508510E-04    1.510499E-04    1.425459E-04    1.495618E-04    1.422306E-04    1.415477E-04
   1.415477E-04    1.415477E-04    1.415477E-04    1.415477E-04    1.415477E-04    1.327160E-04    1.287249E-04    1.283726E-04    1.322987E-04    1.241887E-04    1.265315E-04    1.311155E-04    1.245596E-04    1.379076E-04    1.480993E-04    1.509178E-04    1.416428E-04    1.526007E-04    1.415477E-04    1.415477E-04
   1.415477E-04    1.415477E-04    1.415477E-04    1.415477E-04    1.415477E-04    1.257512E-04    1.293447E-04    1.406512E-04    1.408961E-04    1.299920E-04    1.353472E-04    1.302664E-04    1.327936E-04    1.405701E-04    1.348634E-04    1.451285E-04    1.585654E-04    1.415477E-04    1.415477E-04    1.415477E-04
   1.415477E-04    1.415477E-04    1.415477E-04    1.415477E-04    1.415477E-04    1.303251E-04    1.326663E-04    1.345324E-04    1.399654E-04    1.394786E-04    1.389502E-04    1.390812E-04    1.426263E-04    1.315607E-04    1.317720E-04    1.345605E-04    1.415477E-04    1.415477E-04    1.415477E-04    1.415477E-04
