   2.971699E-05    3.183903E-05    3.036687E-05    3.058721E-05    3.064221E-05    3.180595E-05    3.179587E-05    2.980025E-05    3.084994E-05    2.962518E-05    3.186704E-05    3.299266E-05    3.604797E-05    3.789000E-05    3.791271E-05    3.330000E-05    3.637407E-05    3.536306E-05    3.387058E-05    3.221586E-05
   3.225731E-05    3.400126E-05    3.219608E-05    3.170700E-05    3.162122E-05    2.944964E-05    3.067071E-05    2.954086E-05    2.849720E-05    3.089011E-05    3.161045E-05    3.116510E-05    3.051767E-05    3.362582E-05    3.690733E-05    3.217401E-05    3.423086E-05    3.405741E-05    3.476539E-05    3.389270E-05
   3.296670E-05    3.411659E-05    3.539979E-05    3.229973E-05    2.780841E-05    2.885586E-05    2.898338E-05    3.051290E-05    2.892042E-05    3.173223E-05    3.192667E-05    3.146227E-05    2.895859E-05    3.137322E-05    3.160202E-05    3.105378E-05    3.326701E-05    3.493079E-05    3.356789E-05    3.308845E-05
   3.214964E-05    3.398567E-05    3.204302E-05    2.807930E-05    2.588895E-05    2.691658E-05    2.738864E-05    2.955018E-05    3.058875E-05    2.829583E-05    2.921132E-05    2.907876E-05    2.791084E-05    2.800373E-05    2.818830E-05    3.144721E-05    2.986391E-05    3.055649E-05    3.230895E-05    3.111388E-05
   3.058245E-05    3.034283E-05    3.009984E-05    2.827075E-05    2.746985E-05    2.754249E-05    2.780095E-05    2.941058E-05    2.667069E-05    2.568546E-05    2.817745E-05    2.873837E-05    2.863530E-05    2.964107E-05    2.857178E-05    2.925896E-05    2.997159E-05    2.788667E-05    2.909893E-05    2.873937E-05
   3.018341E-05    2.999720E-05    2.800893E-05    2.815630E-05    3.048841E-05    2.703079E-05    2.870479E-05    2.641935E-05    2.630182E-05    2.895040E-05    2.999656E-05    2.986278E-05    3.049327E-05    3.119660E-05    2.646779E-05    2.613570E-05    2.562555E-05    2.741660E-05    2.785370E-05    2.737623E-05
   2.946614E-05    2.760058E-05    2.851476E-05    2.611631E-05    2.604571E-05    2.714032E-05    2.647621E-05    2.603918E-05    2.756089E-05    2.996814E-05    2.951053E-05    2.952299E-05    2.908794E-05    2.942627E-05    2.630442E-05    2.505524E-05    2.538159E-05    2.603690E-05    2.603343E-05    2.469537E-05
   2.813221E-05    2.638305E-05    2.756539E-05    2.669558E-05    2.694105E-05    2.815562E-05    2.753372E-05    2.652757E-05    2.801948E-05    3.026149E-05    2.970136E-05    3.104176E-05    2.974549E-05    2.797289E-05    2.721244E-05    2.712167E-05    2.663174E-05    2.614358E-05    2.602272E-05    2.588459E-05
   2.418047E-05    2.381210E-05    2.541135E-05    2.715815E-05    2.906287E-05    2.906287E-05    2.906287E-05    2.931208E-05    3.034694E-05    3.145316E-05    3.062971E-05    3.217523E-05    2.892204E-05    2.769203E-05    2.605646E-05    2.334441E-05    2.332594E-05    2.663235E-05    2.476123E-05    2.409762E-05
   2.431756E-05    2.598159E-05    2.686466E-05    2.882802E-05    2.906287E-05    2.906287E-05    2.906287E-05    2.906287E-05    3.129185E-05    3.238158E-05    3.096044E-05    2.964069E-05    2.628933E-05    2.688437E-05    2.500566E-05    2.511003E-05    2.433102E-05    2.522764E-05    2.474780E-05    2.682949E-05
   2.222846E-05    2.527455E-05    2.782207E-05    3.139135E-05    2.906287E-05    2.906287E-05    2.906287E-05    2.906287E-05    2.948027E-05    2.999936E-05    3.286586E-05    2.984844E-05    2.805087E-05    2.795203E-05    2.786085E-05    2.660884E-05    2.460960E-05    2.340709E-05    2.311535E-05    2.360181E-05
   2.467211E-05    2.720044E-05    2.964673E-05    3.364809E-05    2.906287E-05    2.906287E-05    2.906287E-05    2.906287E-05    2.994260E-05    2.964760E-05    3.093608E-05    2.795564E-05    2.623349E-05    2.682846E-05    2.862655E-05    2.743270E-05    2.420845E-05    2.464818E-05    2.222989E-05    2.313795E-05
   2.688189E-05    2.680381E-05    2.937323E-05    3.068424E-05    2.906287E-05    2.906287E-05    2.906287E-05    2.906287E-05    2.860414E-05    2.846244E-05    2.804711E-05    2.960178E-05    2.892331E-05    2.936186E-05    2.909393E-05    2.433768E-05    2.438036E-05    2.422330E-05    2.481187E-05    2.399052E-05
   3.033505E-05    2.708716E-05    2.902973E-05    3.048521E-05    2.906287E-05    2.906287E-05    2.906287E-05    2.906287E-05    3.231080E-05    3.075177E-05    2.918491E-05    3.049514E-05    3.064772E-05    2.913175E-05    3.029139E-05    2.634790E-05    2.517971E-05    2.641405E-05    2.555026E-05    2.691823E-05
   3.197688E-05    2.781616E-05    2.830801E-05    2.854546E-05    2.906287E-05    2.906287E-05    2.906287E-05    2.906287E-05    3.195821E-05    3.204626E-05    2.996786E-05    2.955212E-05    3.240334E-05    3.219659E-05    3.134626E-05    2.940210E-05    2.661781E-05    2.755553E-05    2.694302E-05    2.848812E-05
   3.070015E-05    3.056103E-05    3.059785E-05    3.286919E-05    2.906287E-05    2.906287E-05    2.906287E-05    2.906287E-05    3.349574E-05    2.989141E-05    3.047745E-05    3.137904E-05    3.522580E-05    3.111919E-05    3.044942E-05    3.064867E-05    2.942344E-05    2.959038E-05    2.978556E-05    2.896868E-05
   3.130684E-05    3.180277E-05    3.038757E-05    3.251275E-05    2.906287E-05    2.906287E-05    2.906287E-05    2.906287E-05    3.092620E-05    3.159795E-05    3.542017E-05    3.413912E-05    3.396628E-05    2.940480E-05    2.874290E-05    2.839673E-05    2.976667E-05    2.922833E-05    2.950219E-05    2.937048E-05
   3.296016E-05    3.007716E-05    3.017990E-05    2.911403E-05    2.906287E-05    2.906287E-05    2.906287E-05    2.906287E-05    3.019789E-05    3.110030E-05    3.283719E-05    3.401981E-05    3.239095E-05    3.085652E-05    2.955008E-05    2.871048E-05    2.966513E-05    2.904585E-05    2.975620E-05    3.037153E-05
   3.124710E-05    3.102809E-05    2.887032E-05    2.855217E-05    2.906287E-05    2.906287E-05    2.906287E-05    2.906287E-05    2.893604E-05    2.978647E-05    3.240239E-05    3.323739E-05    3.198116E-05    3.027150E-05    3.197070E-05    2.736191E-05    2.866430E-05    2.956374E-05    3.057223E-05    3.140036E-05
   2.967681E-05    2.987599E-05    2.879993E-05    2.997452E-05    2.906287E-05    2.906287E-05    2.906287E-05    2.906287E-05    2.856447E-05    3.235016E-05    3.088151E-05    3.296093E-05    2.999298E-05    3.084828E-05    3.019837E-05    2.696200E-05    2.564660E-05    2.655948E-05    2.710284E-05    2.965375E-05
   2.899240E-05    3.024648E-05    2.992430E-05    3.279706E-05    2.906287E-05    2.906287E-05    2.906287E-05    2.906287E-05    3.056515E-05    3.230801E-05    3.368184E-05    3.384469E-05    3.219319E-05    3.363326E-05    2.927347E-05    2.500866E-05    2.528491E-05    2.771909E-05    2.637717E-05    2.586400E-05
   2.988796E-05    3.127701E-05    3.060426E-05    2.971883E-05    2.906287E-05    2.906287E-05    3.036293E-05    2.846390E-05    3.171084E-05    2.994879E-05    3.170166E-05    3.446859E-05    3.431838E-05    3.433401E-05    3.174305E-05    2.737920E-05    2.733576E-05    2.849540E-05    2.734574E-05    2.733430E-05
   2.755114E-05    3.230489E-05    3.197211E-05    2.786471E-05    2.914388E-05    2.906287E-05    3.155717E-05    3.201491E-05    2.927492E-05    3.192374E-05    3.228849E-05    3.156200E-05    3.278048E-05    3.122075E-05    3.060426E-05    2.887001E-05    2.954303E-05    2.995826E-05    2.913685E-05    2.685966E-05
   2.712480E-05    3.171647E-05    3.006314E-05    3.033001E-05    2.706378E-05    2.836329E-05    2.968131E-05    2.992736E-05    2.871713E-05    3.021738E-05    3.095765E-05    2.796236E-05    2.772234E-05    3.040209E-05    2.796425E-05    2.806686E-05    2.920859E-05    2.855072E-05    2.679538E-05    2.699803E-05
   2.820519E-05    2.833776E-05    2.712275E-05    2.921479E-05    2.772943E-05    3.009689E-05    2.823562E-05    3.011330E-05    2.748386E-05    2.825020E-05    3.029365E-05    2.905329E-05    3.098257E-05    2.889142E-05    2.813153E-05    2.506181E-05    2.521465E-05    2.644537E-05    2.596731E-05    2.454670E-05
   2.784665E-05    2.731469E-05    2.711138E-05    2.662296E-05    2.889650E-05    2.872465E-05    2.842195E-05    2.810982E-05    2.694371E-05    2.923387E-05    2.830880E-05    3.202005E-05    2.768773E-05    3.023395E-05    2.683905E-05    2.483854E-05    2.499055E-05    2.461855E-05    2.528771E-05    2.472119E-05
   2.476100E-05    2.634898E-05    2.564956E-05    2.920791E-05    2.846828E-05    2.845129E-05    2.732973E-05    2.776243E-05    2.707304E-05    2.877061E-05    3.000122E-05    2.840181E-05    2.738341E-05    2.945375E-05    2.663109E-05    2.552574E-05    2.722596E-05    2.541027E-05    2.467598E-05    2.596701E-05
   2.316213E-05    2.518019E-05    2.566478E-05    2.649813E-05    2.936863E-05    2.921505E-05    2.704743E-05    2.681571E-05    2.626184E-05    2.481102E-05    2.737681E-05    2.818879E-05    2.745171E-05    2.619775E-05    2.596434E-05    2.545150E-05    2.699621E-05    2.723750E-05    2.415509E-05    2.443069E-05
   2.428927E-05    2.599297E-05    2.533907E-05    2.579705E-05    2.594982E-05    2.589599E-05    2.422197E-05    2.431184E-05    2.279501E-05    2.457637E-05    2.653732E-05    2.813774E-05    2.538706E-05    2.557405E-05    2.708890E-05    2.624631E-05    2.529955E-05    2.508083E-05    2.543950E-05    2.480231E-05
   2.819026E-05    2.881072E-05    2.834044E-05    2.822098E-05    2.747845E-05    2.558546E-05    2.410505E-05    2.150613E-05    2.166399E-05    2.219708E-05    2.478404E-05    2.791480E-05    2.452797E-05    2.459731E-05    2.454073E-05    2.440458E-05    2.542311E-05    2.769092E-05    2.674259E-05    2.654214E-05
   2.853088E-05    2.988552E-05    2.787399E-05    2.605345E-05    2.764438E-05    2.604319E-05    2.349862E-05    2.289258E-05    2.134024E-05    2.236554E-05    2.423105E-05    2.557686E-05    2.546519E-05    2.378143E-05    2.504152E-05    2.560455E-05    2.440476E-05    2.627445E-05    2.601831E-05    2.615466E-05
   2.835787E-05    2.868755E-05    2.740171E-05    2.710446E-05    2.616942E-05    2.448619E-05    2.410093E-05    2.326649E-05    2.273603E-05    2.378264E-05    2.362497E-05    2.619689E-05    2.318963E-05    2.431531E-05    2.816865E-05    2.787083E-05    2.859254E-05    2.592673E-05    2.525884E-05    2.565358E-05
   2.906287E-05    2.860881E-05    2.672186E-05    2.545727E-05    2.444112E-05    2.551594E-05    2.590630E-05    2.478381E-05    2.414298E-05    2.402433E-05    2.533680E-05    2.831083E-05    2.716137E-05    2.850696E-05    2.969452E-05    2.882419E-05    3.046591E-05    2.973761E-05    2.883270E-05    2.602702E-05
   2.906287E-05    2.906287E-05    2.674297E-05    2.588831E-05    2.555469E-05    2.682030E-05    2.668184E-05    2.484860E-05    2.395791E-05    2.630648E-05    2.969179E-05    2.735800E-05    2.594871E-05    2.620474E-05    2.770837E-05    2.738900E-05    2.870018E-05    2.938101E-05    2.753365E-05    2.756429E-05
   2.906287E-05    2.906287E-05    2.906287E-05    2.822557E-05    2.713639E-05    2.585765E-05    2.689541E-05    2.651848E-05    2.561778E-05    2.605656E-05    2.848300E-05    2.575692E-05    2.731636E-05    2.406458E-05    2.440340E-05    2.732654E-05    2.845176E-05    3.016573E-05    2.925724E-05    2.826510E-05
   2.906287E-05    2.906287E-05    2.906287E-05    2.906287E-05    2.776470E-05    2.565872E-05    2.406206E-05    2.552173E-05    2.521598E-05    2.397637E-05    2.510773E-05    2.490764E-05    2.426520E-05    2.606023E-05    2.821456E-05    2.842005E-05    2.946358E-05    3.203377E-05    3.026766E-05    2.906287E-05
   2.906287E-05    2.906287E-05    2.906287E-05    2.906287E-05    2.764504E-05    2.639538E-05    2.474712E-05    2.378381E-05    2.661532E-05    2.436027E-05    2.384081E-05    2.397242E-05    2.446782E-05    2.765022E-05    3.051257E-05    3.055279E-05    2.883269E-05    3.025180E-05    2.876891E-05    2.906287E-05
   2.906287E-05    2.906287E-05    2.906287E-05    2.906287E-05    2.906287E-05    2.684440E-05    2.603712E-05    2.596587E-05    2.675999E-05    2.511960E-05    2.559346E-05    2.652067E-05    2.519462E-05    2.789450E-05    2.995598E-05    3.052608E-05    2.865002E-05    3.086648E-05    2.906287E-05    2.906287E-05
   2.906287E-05    2.906287E-05    2.906287E-05    2.906287E-05    2.906287E-05    2.543564E-05    2.616249E-05    2.844945E-05    2.849899E-05    2.629342E-05    2.737661E-05    2.634892E-05    2.686009E-05    2.843304E-05    2.727876E-05    2.935508E-05    3.207296E-05    2.906287E-05    2.906287E-05    2.906287E-05
   2.906287E-05    2.906287E-05    2.906287E-05    2.906287E-05    2.906287E-05    2.636080E-05    2.683435E-05    2.721181E-05    2.831074E-05    2.821227E-05    2.810539E-05    2.813189E-05    2.884895E-05    2.661072E-05    2.665347E-05    2.721749E-05    2.906287E-05    2.906287E-05    2.906287E-05    2.906287E-05
