   1.498662E-04    1.605679E-04    1.531436E-04    1.542548E-04    1.545322E-04    1.604011E-04    1.603502E-04    1.502861E-04    1.555798E-04    1.494032E-04    1.607091E-04    1.663857E-04    1.817940E-04    1.910836E-04    1.911981E-04    1.679357E-04    1.834386E-04    1.783400E-04    1.708132E-04    1.624683E-04
   1.626773E-04    1.714723E-04    1.623685E-04    1.599020E-04    1.594694E-04    1.485179E-04    1.546759E-04    1.489779E-04    1.437147E-04    1.557823E-04    1.594151E-04    1.571692E-04    1.539041E-04    1.695788E-04    1.861279E-04    1.622572E-04    1.726301E-04    1.717554E-04    1.753258E-04    1.709248E-04
   1.662549E-04    1.720539E-04    1.785252E-04    1.628913E-04    1.402410E-04    1.455234E-04    1.461665E-04    1.538800E-04    1.458490E-04    1.600293E-04    1.610099E-04    1.586678E-04    1.460415E-04    1.582187E-04    1.593726E-04    1.566078E-04    1.677694E-04    1.761600E-04    1.692867E-04    1.668688E-04
   1.621343E-04    1.713936E-04    1.615966E-04    1.416071E-04    1.305609E-04    1.357434E-04    1.381240E-04    1.490250E-04    1.542626E-04    1.426991E-04    1.473160E-04    1.466475E-04    1.407576E-04    1.412260E-04    1.421568E-04    1.585919E-04    1.506071E-04    1.540999E-04    1.629377E-04    1.569109E-04
   1.542308E-04    1.530224E-04    1.517970E-04    1.425726E-04    1.385336E-04    1.388999E-04    1.402034E-04    1.483209E-04    1.345034E-04    1.295347E-04    1.421021E-04    1.449309E-04    1.444111E-04    1.494833E-04    1.440907E-04    1.475563E-04    1.511501E-04    1.406357E-04    1.467492E-04    1.449360E-04
   1.522184E-04    1.512793E-04    1.412522E-04    1.419955E-04    1.537565E-04    1.363194E-04    1.447615E-04    1.332358E-04    1.326431E-04    1.460002E-04    1.512761E-04    1.506014E-04    1.537810E-04    1.573280E-04    1.334801E-04    1.318053E-04    1.292326E-04    1.382650E-04    1.404694E-04    1.380615E-04
   1.486011E-04    1.391929E-04    1.438032E-04    1.317075E-04    1.313515E-04    1.368718E-04    1.335225E-04    1.313186E-04    1.389927E-04    1.511328E-04    1.488250E-04    1.488878E-04    1.466938E-04    1.484001E-04    1.326562E-04    1.263565E-04    1.280023E-04    1.313071E-04    1.312896E-04    1.245416E-04
   1.418740E-04    1.330527E-04    1.390154E-04    1.346289E-04    1.358668E-04    1.419920E-04    1.388557E-04    1.337816E-04    1.413055E-04    1.526122E-04    1.497874E-04    1.565471E-04    1.500099E-04    1.410705E-04    1.372355E-04    1.367777E-04    1.343069E-04    1.318451E-04    1.312356E-04    1.305389E-04
   1.219449E-04    1.200871E-04    1.281523E-04    1.369617E-04    1.446688E-04    1.446688E-04    1.446688E-04    1.478242E-04    1.530431E-04    1.586219E-04    1.544691E-04    1.622634E-04    1.458572E-04    1.396541E-04    1.314057E-04    1.177285E-04    1.176354E-04    1.343100E-04    1.248737E-04    1.215271E-04
   1.226362E-04    1.310281E-04    1.354816E-04    1.453830E-04    1.446688E-04    1.446688E-04    1.446688E-04    1.446688E-04    1.578084E-04    1.633040E-04    1.561370E-04    1.494814E-04    1.325801E-04    1.355809E-04    1.261064E-04    1.266327E-04    1.227041E-04    1.272259E-04    1.248060E-04    1.353042E-04
   1.121007E-04    1.274625E-04    1.403099E-04    1.583102E-04    1.446688E-04    1.446688E-04    1.446688E-04    1.446688E-04    1.486724E-04    1.512902E-04    1.657463E-04    1.505291E-04    1.414638E-04    1.409653E-04    1.405055E-04    1.341914E-04    1.241090E-04    1.180446E-04    1.165734E-04    1.190266E-04
   1.244243E-04    1.371749E-04    1.495118E-04    1.696912E-04    1.446688E-04    1.446688E-04    1.446688E-04    1.446688E-04    1.510039E-04    1.495162E-04    1.560142E-04    1.409835E-04    1.322985E-04    1.352990E-04    1.443670E-04    1.383462E-04    1.220860E-04    1.243036E-04    1.121079E-04    1.166874E-04
   1.355684E-04    1.351747E-04    1.481326E-04    1.547441E-04    1.446688E-04    1.446688E-04    1.446688E-04    1.446688E-04    1.442540E-04    1.435393E-04    1.414448E-04    1.492852E-04    1.458636E-04    1.480752E-04    1.467240E-04    1.227377E-04    1.229529E-04    1.221609E-04    1.251291E-04    1.209870E-04
   1.529832E-04    1.366037E-04    1.464003E-04    1.537404E-04    1.446688E-04    1.446688E-04    1.446688E-04    1.446688E-04    1.629471E-04    1.550847E-04    1.471829E-04    1.537905E-04    1.545599E-04    1.469148E-04    1.527629E-04    1.328755E-04    1.269841E-04    1.332091E-04    1.288529E-04    1.357517E-04
   1.612631E-04    1.402801E-04    1.427605E-04    1.439580E-04    1.446688E-04    1.446688E-04    1.446688E-04    1.446688E-04    1.611689E-04    1.616130E-04    1.511314E-04    1.490347E-04    1.634138E-04    1.623711E-04    1.580828E-04    1.482781E-04    1.342367E-04    1.389657E-04    1.358768E-04    1.436689E-04
   1.548244E-04    1.541228E-04    1.543085E-04    1.657631E-04    1.446688E-04    1.446688E-04    1.446688E-04    1.446688E-04    1.689229E-04    1.507458E-04    1.537013E-04    1.582481E-04    1.776478E-04    1.569376E-04    1.535599E-04    1.545648E-04    1.483858E-04    1.492277E-04    1.502120E-04    1.460924E-04
   1.578840E-04    1.603850E-04    1.532480E-04    1.639655E-04    1.446688E-04    1.446688E-04    1.446688E-04    1.446688E-04    1.559644E-04    1.593521E-04    1.786280E-04    1.721675E-04    1.712959E-04    1.482918E-04    1.449538E-04    1.432080E-04    1.501167E-04    1.474018E-04    1.487829E-04    1.481187E-04
   1.662219E-04    1.516826E-04    1.522007E-04    1.468254E-04    1.446688E-04    1.446688E-04    1.446688E-04    1.446688E-04    1.522914E-04    1.568424E-04    1.656017E-04    1.715658E-04    1.633513E-04    1.556130E-04    1.490244E-04    1.447902E-04    1.496046E-04    1.464816E-04    1.500639E-04    1.531671E-04
   1.575827E-04    1.564782E-04    1.455963E-04    1.439919E-04    1.446688E-04    1.446688E-04    1.446688E-04    1.446688E-04    1.459278E-04    1.502166E-04    1.634090E-04    1.676200E-04    1.612847E-04    1.526626E-04    1.612319E-04    1.379893E-04    1.445573E-04    1.490934E-04    1.541793E-04    1.583556E-04
   1.496635E-04    1.506681E-04    1.452414E-04    1.511649E-04    1.446688E-04    1.446688E-04    1.446688E-04    1.446688E-04    1.440539E-04    1.631456E-04    1.557390E-04    1.662258E-04    1.512580E-04    1.555714E-04    1.522939E-04    1.359724E-04    1.293388E-04    1.339425E-04    1.366827E-04    1.495473E-04
   1.462120E-04    1.525365E-04    1.509117E-04    1.653993E-04    1.446688E-04    1.446688E-04    1.446688E-04    1.446688E-04    1.541436E-04    1.629330E-04    1.698614E-04    1.706827E-04    1.623539E-04    1.696164E-04    1.476295E-04    1.261215E-04    1.275147E-04    1.397905E-04    1.330231E-04    1.304351E-04
   1.507284E-04    1.577336E-04    1.543408E-04    1.498755E-04    1.446688E-04    1.446688E-04    1.531237E-04    1.435467E-04    1.599214E-04    1.510352E-04    1.598751E-04    1.738291E-04    1.730715E-04    1.731503E-04    1.600838E-04    1.380764E-04    1.378574E-04    1.437055E-04    1.379077E-04    1.378500E-04
   1.389435E-04    1.629172E-04    1.612390E-04    1.405249E-04    1.469759E-04    1.446688E-04    1.591464E-04    1.614549E-04    1.476368E-04    1.609951E-04    1.628345E-04    1.591708E-04    1.653157E-04    1.574498E-04    1.543408E-04    1.455948E-04    1.489889E-04    1.510829E-04    1.469405E-04    1.354563E-04
   1.367935E-04    1.599498E-04    1.516119E-04    1.529577E-04    1.364857E-04    1.430393E-04    1.496863E-04    1.509271E-04    1.448238E-04    1.523897E-04    1.561230E-04    1.410174E-04    1.398069E-04    1.533212E-04    1.410269E-04    1.415444E-04    1.473023E-04    1.439846E-04    1.351322E-04    1.361542E-04
   1.422420E-04    1.429106E-04    1.367831E-04    1.473335E-04    1.398427E-04    1.517821E-04    1.423954E-04    1.518648E-04    1.386043E-04    1.424690E-04    1.527744E-04    1.465191E-04    1.562487E-04    1.457028E-04    1.418705E-04    1.263896E-04    1.271604E-04    1.333670E-04    1.309561E-04    1.237918E-04
   1.404338E-04    1.377511E-04    1.367258E-04    1.342626E-04    1.457284E-04    1.448617E-04    1.433352E-04    1.417610E-04    1.358802E-04    1.474297E-04    1.427645E-04    1.614808E-04    1.396324E-04    1.524733E-04    1.353524E-04    1.252636E-04    1.260302E-04    1.241542E-04    1.275288E-04    1.246718E-04
   1.248726E-04    1.328809E-04    1.293537E-04    1.472988E-04    1.435688E-04    1.434831E-04    1.378270E-04    1.400091E-04    1.365324E-04    1.450935E-04    1.512996E-04    1.432336E-04    1.380977E-04    1.485386E-04    1.343036E-04    1.287292E-04    1.373036E-04    1.281469E-04    1.244438E-04    1.309546E-04
   1.168093E-04    1.269866E-04    1.294304E-04    1.336331E-04    1.481094E-04    1.473348E-04    1.364033E-04    1.352347E-04    1.324415E-04    1.251248E-04    1.380644E-04    1.421593E-04    1.384421E-04    1.321183E-04    1.309411E-04    1.283548E-04    1.361450E-04    1.373618E-04    1.218169E-04    1.232068E-04
   1.224936E-04    1.310855E-04    1.277878E-04    1.300975E-04    1.308679E-04    1.305964E-04    1.221541E-04    1.226074E-04    1.149578E-04    1.239415E-04    1.338307E-04    1.419018E-04    1.280299E-04    1.289728E-04    1.366124E-04    1.323632E-04    1.275885E-04    1.264855E-04    1.282943E-04    1.250809E-04
   1.421667E-04    1.452958E-04    1.429241E-04    1.423216E-04    1.385770E-04    1.290304E-04    1.215645E-04    1.084579E-04    1.092540E-04    1.119424E-04    1.249888E-04    1.407775E-04    1.236973E-04    1.240470E-04    1.237617E-04    1.230751E-04    1.282117E-04    1.396485E-04    1.348659E-04    1.338550E-04
   1.438845E-04    1.507161E-04    1.405717E-04    1.313905E-04    1.394138E-04    1.313388E-04    1.185062E-04    1.154499E-04    1.076213E-04    1.127920E-04    1.222000E-04    1.289871E-04    1.284239E-04    1.199325E-04    1.262873E-04    1.291267E-04    1.230760E-04    1.325050E-04    1.312133E-04    1.319009E-04
   1.430120E-04    1.446746E-04    1.381900E-04    1.366909E-04    1.319754E-04    1.234866E-04    1.215438E-04    1.173356E-04    1.146604E-04    1.199386E-04    1.191434E-04    1.321139E-04    1.169479E-04    1.226249E-04    1.420577E-04    1.405558E-04    1.441955E-04    1.307515E-04    1.273832E-04    1.293740E-04
   1.446688E-04    1.442775E-04    1.347614E-04    1.283840E-04    1.232594E-04    1.286798E-04    1.306484E-04    1.249876E-04    1.217558E-04    1.211575E-04    1.277764E-04    1.427748E-04    1.369779E-04    1.437639E-04    1.497529E-04    1.453637E-04    1.536431E-04    1.499702E-04    1.454066E-04    1.312573E-04
   1.446688E-04    1.446688E-04    1.348679E-04    1.305577E-04    1.288752E-04    1.352579E-04    1.345596E-04    1.253144E-04    1.208225E-04    1.326666E-04    1.497391E-04    1.379695E-04    1.308623E-04    1.321535E-04    1.397365E-04    1.381258E-04    1.447383E-04    1.481718E-04    1.388554E-04    1.390099E-04
   1.446688E-04    1.446688E-04    1.446688E-04    1.423448E-04    1.368519E-04    1.304031E-04    1.356366E-04    1.337357E-04    1.291934E-04    1.314062E-04    1.436430E-04    1.298951E-04    1.377595E-04    1.213605E-04    1.230691E-04    1.378109E-04    1.434855E-04    1.521292E-04    1.475476E-04    1.425442E-04
   1.446688E-04    1.446688E-04    1.446688E-04    1.446688E-04    1.400206E-04    1.293999E-04    1.213478E-04    1.287090E-04    1.271671E-04    1.209156E-04    1.266212E-04    1.256121E-04    1.223722E-04    1.314247E-04    1.422893E-04    1.433256E-04    1.485882E-04    1.615500E-04    1.526433E-04    1.446688E-04
   1.446688E-04    1.446688E-04    1.446688E-04    1.446688E-04    1.394171E-04    1.331149E-04    1.248025E-04    1.199445E-04    1.342241E-04    1.228516E-04    1.202320E-04    1.208956E-04    1.233940E-04    1.394432E-04    1.538784E-04    1.540812E-04    1.454065E-04    1.525633E-04    1.450849E-04    1.446688E-04
   1.446688E-04    1.446688E-04    1.446688E-04    1.446688E-04    1.446688E-04    1.353794E-04    1.313082E-04    1.309489E-04    1.349537E-04    1.266810E-04    1.290707E-04    1.337468E-04    1.270594E-04    1.406751E-04    1.510714E-04    1.539465E-04    1.444853E-04    1.556632E-04    1.446688E-04    1.446688E-04
   1.446688E-04    1.446688E-04    1.446688E-04    1.446688E-04    1.446688E-04    1.282748E-04    1.319404E-04    1.434738E-04    1.437237E-04    1.326007E-04    1.380634E-04    1.328806E-04    1.354585E-04    1.433911E-04    1.375699E-04    1.480410E-04    1.617476E-04    1.446688E-04    1.446688E-04    1.446688E-04
   1.446688E-04    1.446688E-04    1.446688E-04    1.446688E-04    1.446688E-04    1.329405E-04    1.353287E-04    1.372323E-04    1.427743E-04    1.422777E-04    1.417387E-04    1.418723E-04    1.454886E-04    1.342009E-04    1.344165E-04    1.372609E-04    1.446688E-04    1.446688E-04    1.446688E-04    1.446688E-04
