   3.123990E-05    3.347070E-05    3.192308E-05    3.215471E-05    3.221254E-05    3.343592E-05    3.342532E-05    3.132743E-05    3.243091E-05    3.114338E-05    3.350014E-05    3.468344E-05    3.789532E-05    3.983176E-05    3.985563E-05    3.500653E-05    3.823813E-05    3.717532E-05    3.560635E-05    3.386684E-05
   3.391041E-05    3.574373E-05    3.384604E-05    3.333190E-05    3.324172E-05    3.095886E-05    3.224250E-05    3.105475E-05    2.995761E-05    3.247314E-05    3.323040E-05    3.276223E-05    3.208162E-05    3.534905E-05    3.879873E-05    3.382284E-05    3.598510E-05    3.580276E-05    3.654702E-05    3.562961E-05
   3.465615E-05    3.586497E-05    3.721393E-05    3.395500E-05    2.923352E-05    3.033465E-05    3.046870E-05    3.207660E-05    3.040251E-05    3.335842E-05    3.356283E-05    3.307463E-05    3.044264E-05    3.298101E-05    3.322154E-05    3.264520E-05    3.497186E-05    3.672090E-05    3.528815E-05    3.478414E-05
   3.379722E-05    3.572734E-05    3.368514E-05    2.951829E-05    2.721569E-05    2.829598E-05    2.879223E-05    3.106455E-05    3.215634E-05    2.974591E-05    3.070832E-05    3.056897E-05    2.934119E-05    2.943884E-05    2.963287E-05    3.305879E-05    3.139435E-05    3.212242E-05    3.396469E-05    3.270838E-05
   3.214971E-05    3.189782E-05    3.164238E-05    2.971954E-05    2.887761E-05    2.895396E-05    2.922567E-05    3.091779E-05    2.803749E-05    2.700177E-05    2.962146E-05    3.021113E-05    3.010278E-05    3.116009E-05    3.003600E-05    3.075840E-05    3.150755E-05    2.931578E-05    3.059017E-05    3.021219E-05
   3.173023E-05    3.153447E-05    2.944431E-05    2.959924E-05    3.205086E-05    2.841604E-05    3.017583E-05    2.777327E-05    2.764972E-05    3.043403E-05    3.153380E-05    3.139317E-05    3.205596E-05    3.279534E-05    2.782419E-05    2.747508E-05    2.693878E-05    2.882162E-05    2.928112E-05    2.877918E-05
   3.097620E-05    2.901504E-05    2.997606E-05    2.745470E-05    2.738048E-05    2.853119E-05    2.783304E-05    2.737362E-05    2.897331E-05    3.150393E-05    3.102286E-05    3.103596E-05    3.057862E-05    3.093429E-05    2.765244E-05    2.633926E-05    2.668233E-05    2.737122E-05    2.736758E-05    2.596094E-05
   2.957391E-05    2.773511E-05    2.897804E-05    2.806365E-05    2.832170E-05    2.959851E-05    2.894475E-05    2.788703E-05    2.945540E-05    3.181231E-05    3.122347E-05    3.263256E-05    3.126986E-05    2.940642E-05    2.860700E-05    2.851158E-05    2.799655E-05    2.748337E-05    2.735632E-05    2.721110E-05
   2.541966E-05    2.503240E-05    2.671361E-05    2.854993E-05    2.860418E-05    2.860418E-05    2.860418E-05    3.081425E-05    3.190213E-05    3.306505E-05    3.219940E-05    3.382412E-05    3.040422E-05    2.911117E-05    2.739178E-05    2.454075E-05    2.452133E-05    2.799718E-05    2.603018E-05    2.533256E-05
   2.556377E-05    2.731307E-05    2.824140E-05    3.030537E-05    2.860418E-05    2.860418E-05    2.860418E-05    2.860418E-05    3.289547E-05    3.404104E-05    3.254707E-05    3.115969E-05    2.763658E-05    2.826212E-05    2.628714E-05    2.639684E-05    2.557792E-05    2.652049E-05    2.601605E-05    2.820442E-05
   2.336761E-05    2.656980E-05    2.924788E-05    3.300007E-05    2.860418E-05    2.860418E-05    2.860418E-05    2.860418E-05    3.099106E-05    3.153675E-05    3.455014E-05    3.137809E-05    2.948840E-05    2.938450E-05    2.928864E-05    2.797247E-05    2.587077E-05    2.460664E-05    2.429995E-05    2.481133E-05
   2.593649E-05    2.859438E-05    3.116604E-05    3.537247E-05    2.860418E-05    2.860418E-05    2.860418E-05    2.860418E-05    3.147707E-05    3.116695E-05    3.252147E-05    2.938829E-05    2.757788E-05    2.820334E-05    3.009358E-05    2.883855E-05    2.544906E-05    2.591133E-05    2.336911E-05    2.432371E-05
   2.825951E-05    2.817743E-05    3.087853E-05    3.225672E-05    2.860418E-05    2.860418E-05    2.860418E-05    2.860418E-05    3.007003E-05    2.992106E-05    2.948444E-05    3.111879E-05    3.040555E-05    3.086658E-05    3.058492E-05    2.558492E-05    2.562978E-05    2.546468E-05    2.608340E-05    2.521997E-05
   3.188964E-05    2.847531E-05    3.051742E-05    3.204750E-05    2.860418E-05    2.860418E-05    2.860418E-05    2.860418E-05    3.396664E-05    3.232771E-05    3.068056E-05    3.205793E-05    3.221833E-05    3.062467E-05    3.184374E-05    2.769816E-05    2.647010E-05    2.776769E-05    2.685964E-05    2.829771E-05
   3.361561E-05    2.924166E-05    2.975872E-05    3.000833E-05    2.860418E-05    2.860418E-05    2.860418E-05    2.860418E-05    3.359598E-05    3.368854E-05    3.150363E-05    3.106658E-05    3.406392E-05    3.384657E-05    3.295267E-05    3.090887E-05    2.798190E-05    2.896768E-05    2.832378E-05    2.994806E-05
   3.227345E-05    3.212720E-05    3.216591E-05    3.455365E-05    2.860418E-05    2.860418E-05    2.860418E-05    2.860418E-05    3.521230E-05    3.142326E-05    3.203933E-05    3.298713E-05    3.703103E-05    3.271396E-05    3.200987E-05    3.221933E-05    3.093131E-05    3.110680E-05    3.131199E-05    3.045325E-05
   3.291123E-05    3.343257E-05    3.194485E-05    3.417894E-05    2.860418E-05    2.860418E-05    2.860418E-05    2.860418E-05    3.251108E-05    3.321725E-05    3.723536E-05    3.588866E-05    3.570696E-05    3.091172E-05    3.021590E-05    2.985198E-05    3.129213E-05    3.072620E-05    3.101409E-05    3.087564E-05
   3.464928E-05    3.161853E-05    3.172653E-05    3.060604E-05    2.860418E-05    2.860418E-05    2.860418E-05    2.860418E-05    3.174544E-05    3.269410E-05    3.452001E-05    3.576323E-05    3.405090E-05    3.243783E-05    3.106444E-05    3.018181E-05    3.118538E-05    3.053437E-05    3.128113E-05    3.192798E-05
   3.284842E-05    3.261819E-05    3.034984E-05    3.001539E-05    2.860418E-05    2.860418E-05    2.860418E-05    2.860418E-05    3.041894E-05    3.131295E-05    3.406292E-05    3.494071E-05    3.362011E-05    3.182283E-05    3.360911E-05    2.876414E-05    3.013326E-05    3.107880E-05    3.213897E-05    3.300954E-05
   3.119766E-05    3.140706E-05    3.027585E-05    3.151063E-05    2.860418E-05    2.860418E-05    2.860418E-05    2.860418E-05    3.002832E-05    3.400801E-05    3.246410E-05    3.465009E-05    3.153003E-05    3.242917E-05    3.174596E-05    2.834372E-05    2.696092E-05    2.792058E-05    2.849179E-05    3.117342E-05
   3.047818E-05    3.179653E-05    3.145783E-05    3.447782E-05    2.860418E-05    2.860418E-05    2.860418E-05    2.860418E-05    3.213153E-05    3.396370E-05    3.540794E-05    3.557914E-05    3.384300E-05    3.535688E-05    3.077365E-05    2.629028E-05    2.658070E-05    2.913962E-05    2.772893E-05    2.718946E-05
   3.141963E-05    3.287987E-05    3.217264E-05    3.124183E-05    2.860418E-05    2.860418E-05    3.191894E-05    2.992259E-05    3.333593E-05    3.148358E-05    3.332629E-05    3.623501E-05    3.607711E-05    3.609353E-05    3.336979E-05    2.878230E-05    2.873664E-05    2.995571E-05    2.874713E-05    2.873510E-05
   2.896306E-05    3.396042E-05    3.361059E-05    2.929270E-05    3.063743E-05    2.860418E-05    3.317439E-05    3.365559E-05    3.077518E-05    3.355974E-05    3.394318E-05    3.317947E-05    3.446039E-05    3.282072E-05    3.217264E-05    3.034952E-05    3.105703E-05    3.149354E-05    3.063003E-05    2.823614E-05
   2.851487E-05    3.334185E-05    3.160379E-05    3.188434E-05    2.845072E-05    2.981683E-05    3.120240E-05    3.146106E-05    3.018880E-05    3.176594E-05    3.254414E-05    2.939536E-05    2.914303E-05    3.196011E-05    2.939734E-05    2.950520E-05    3.070545E-05    3.001387E-05    2.816857E-05    2.838161E-05
   2.965062E-05    2.978999E-05    2.851271E-05    3.071197E-05    2.915048E-05    3.163927E-05    2.968261E-05    3.165653E-05    2.889233E-05    2.969795E-05    3.184612E-05    3.054219E-05    3.257034E-05    3.037203E-05    2.957319E-05    2.634616E-05    2.650683E-05    2.780062E-05    2.729806E-05    2.580465E-05
   2.927371E-05    2.871449E-05    2.850076E-05    2.798731E-05    3.037737E-05    3.019670E-05    2.987850E-05    2.955036E-05    2.832450E-05    3.073202E-05    2.975955E-05    3.366099E-05    2.910665E-05    3.178336E-05    2.821447E-05    2.611145E-05    2.627125E-05    2.588019E-05    2.658363E-05    2.598808E-05
   2.602994E-05    2.769929E-05    2.696403E-05    3.070473E-05    2.992720E-05    2.990933E-05    2.873031E-05    2.918518E-05    2.846045E-05    3.024502E-05    3.153870E-05    2.985732E-05    2.878674E-05    3.096317E-05    2.799586E-05    2.683386E-05    2.862121E-05    2.671247E-05    2.594055E-05    2.729775E-05
   2.434913E-05    2.647061E-05    2.698003E-05    2.785609E-05    3.087369E-05    3.071224E-05    2.843353E-05    2.818994E-05    2.760768E-05    2.608251E-05    2.877980E-05    2.963339E-05    2.885853E-05    2.754031E-05    2.729494E-05    2.675582E-05    2.837969E-05    2.863335E-05    2.539297E-05    2.568270E-05
   2.553403E-05    2.732504E-05    2.663763E-05    2.711907E-05    2.727967E-05    2.722309E-05    2.546327E-05    2.555776E-05    2.396319E-05    2.583584E-05    2.789728E-05    2.957972E-05    2.668808E-05    2.688464E-05    2.847713E-05    2.759136E-05    2.659608E-05    2.636615E-05    2.674320E-05    2.607336E-05
   2.963494E-05    3.028719E-05    2.979281E-05    2.966723E-05    2.888664E-05    2.689664E-05    2.534037E-05    2.260826E-05    2.277421E-05    2.333462E-05    2.605416E-05    2.934536E-05    2.578496E-05    2.585785E-05    2.579837E-05    2.565524E-05    2.672598E-05    2.911000E-05    2.811307E-05    2.790235E-05
   2.999300E-05    3.141707E-05    2.930246E-05    2.738862E-05    2.906108E-05    2.737783E-05    2.470286E-05    2.406576E-05    2.243387E-05    2.351171E-05    2.547282E-05    2.688761E-05    2.677021E-05    2.500017E-05    2.632483E-05    2.691671E-05    2.565544E-05    2.762094E-05    2.735167E-05    2.749501E-05
   2.981113E-05    3.015770E-05    2.880597E-05    2.849349E-05    2.751052E-05    2.574104E-05    2.533604E-05    2.445883E-05    2.390119E-05    2.500144E-05    2.483568E-05    2.753941E-05    2.437803E-05    2.556140E-05    2.961221E-05    2.929913E-05    3.005783E-05    2.725540E-05    2.655329E-05    2.696826E-05
   2.860418E-05    3.007493E-05    2.809129E-05    2.676189E-05    2.569366E-05    2.682357E-05    2.723392E-05    2.605391E-05    2.538024E-05    2.525551E-05    2.663524E-05    2.976168E-05    2.855331E-05    2.996786E-05    3.121629E-05    3.030135E-05    3.202721E-05    3.126158E-05    3.031029E-05    2.736083E-05
   2.860418E-05    2.860418E-05    2.811348E-05    2.721501E-05    2.686429E-05    2.819477E-05    2.804921E-05    2.612202E-05    2.518568E-05    2.765461E-05    3.121342E-05    2.876002E-05    2.727851E-05    2.754766E-05    2.912835E-05    2.879261E-05    3.017098E-05    3.088670E-05    2.894468E-05    2.897688E-05
   2.860418E-05    2.860418E-05    2.860418E-05    2.967205E-05    2.852705E-05    2.718278E-05    2.827372E-05    2.787748E-05    2.693062E-05    2.739188E-05    2.994267E-05    2.707689E-05    2.871625E-05    2.529783E-05    2.565401E-05    2.872695E-05    2.990983E-05    3.171164E-05    3.075660E-05    2.971361E-05
   2.860418E-05    2.860418E-05    2.860418E-05    2.860418E-05    2.918756E-05    2.697366E-05    2.529518E-05    2.682964E-05    2.650823E-05    2.520509E-05    2.639443E-05    2.618409E-05    2.550872E-05    2.739575E-05    2.966048E-05    2.987650E-05    3.097351E-05    3.367541E-05    3.181879E-05    2.860418E-05
   2.860418E-05    2.860418E-05    2.860418E-05    2.860418E-05    2.906177E-05    2.774807E-05    2.601534E-05    2.500267E-05    2.797929E-05    2.560867E-05    2.506259E-05    2.520094E-05    2.572172E-05    2.906721E-05    3.207625E-05    3.211853E-05    3.031028E-05    3.180212E-05    3.024323E-05    2.860418E-05
   2.860418E-05    2.860418E-05    2.860418E-05    2.860418E-05    2.860418E-05    2.822010E-05    2.737145E-05    2.729655E-05    2.813136E-05    2.640691E-05    2.690505E-05    2.787978E-05    2.648577E-05    2.932401E-05    3.149114E-05    3.209045E-05    3.011825E-05    3.244830E-05    2.860418E-05    2.860418E-05
   2.860418E-05    2.860418E-05    2.860418E-05    2.860418E-05    2.860418E-05    2.673914E-05    2.750324E-05    2.990740E-05    2.995949E-05    2.764088E-05    2.877958E-05    2.769923E-05    2.823660E-05    2.989015E-05    2.867672E-05    3.085944E-05    3.371661E-05    2.860418E-05    2.860418E-05    2.860418E-05
   2.860418E-05    2.860418E-05    2.860418E-05    2.860418E-05    2.860418E-05    2.771171E-05    2.820954E-05    2.860634E-05    2.976159E-05    2.965807E-05    2.954572E-05    2.957357E-05    3.032738E-05    2.797444E-05    2.801938E-05    2.861232E-05    2.860418E-05    2.860418E-05    2.860418E-05    2.860418E-05
