         39.76967          39.01213          39.26709          38.78231          39.08197          40.23800          37.56398          36.59107          39.25256          37.20507          38.22993          36.43750          34.60890          37.26169          34.79519          34.73323          38.18455          34.63187          35.04143          35.64508
         39.03831          39.70342          38.41539          39.08382          38.53125          37.62794          39.14157          37.86830          37.04533          38.93216          36.34257          37.69978          37.35540          36.25721          36.42901          36.56044          35.04863          33.80958          36.02819          35.94598
         39.38728          39.73765          38.08911          39.22638          37.43545          39.09855          39.34550          38.14000          39.12376          36.31562          36.46646          35.78431          36.58738          34.87206          37.45655          33.69392          37.11659          35.15923          36.75732          37.17335
         40.51428          38.93130          38.88657          38.89764          37.56205          38.61079          36.57535          37.20515          36.31388          35.93437          37.52211          36.41111          35.14835          33.59893          34.90091          34.49610          35.95476          36.59106          35.29006          33.74063
         39.77576          39.76816          40.00213          40.15914          38.38469          39.88733          38.88313          37.12455          37.47434          36.93437          36.86460          34.37367          36.02304          36.77278          34.52781          33.80317          34.01438          34.01575          35.19259          36.03285
         38.88264          39.03158          37.88922          37.80552          38.92587          38.66349          39.27867          37.02048          36.66517          37.85203          36.24384          34.90275          35.31723          36.03871          35.84771          35.48623          34.01533          35.77035          33.58231          36.33179
         39.32546          40.04659          37.73980          39.24225          38.45149          38.50164          39.69117          37.28110          36.41815          38.15667          35.56285          36.09555          34.20938          35.40202          36.46901          34.22480          34.69957          35.03576          37.81582          34.06461
         40.64901          40.10258          38.92156          38.44137          36.35395          37.61164          36.96895          38.69220          38.93377          37.75737          37.60512          34.80150          36.68994          34.16267          35.18204          34.09026          34.64912          35.11875          35.89180          34.11948
         39.57947          39.71921          40.20453          39.49789           1.00000           1.00000           1.00000          38.07734          36.23238          37.52078          36.37042          35.19770          35.85726          35.23617          35.05262          34.92879          35.95664          34.96474          33.50293          36.41634
         40.47267          39.20729          40.30676          41.29535           1.00000           1.00000           1.00000           1.00000          37.66791          36.34285          35.18731          35.57257          34.92396          36.19834          34.65005          34.39580          33.65918          36.13822          35.19035          35.00363
         41.51633          40.88269          38.07644          39.07741           1.00000           1.00000           1.00000           1.00000          36.86371          36.33854          36.05742          36.96013          36.54505          33.84525          36.44731          35.21792          34.94957          33.78679          33.28075          36.20935
         39.61832          38.53949          41.40864          39.31042           1.00000           1.00000           1.00000           1.00000          34.09925          35.10520          35.89659          35.81513          33.10937          35.99929          34.33795          34.71670          38.04875          35.04302          36.01035          34.49653
         40.58218          40.00209          39.71799          40.52046           1.00000           1.00000           1.00000           1.00000          35.08774          36.52129          36.45839          34.77536          35.77916          35.12860          35.71932          33.63716          31.42365          34.86154          34.30307          36.93748
         40.19412          39.58453          39.31170          40.35653           1.00000           1.00000           1.00000           1.00000          35.45287          35.17869          36.72141          36.23492          36.43015          35.52417          33.62697          35.71447          36.12968          38.00403          33.88503          34.27977
         39.80144          39.37346          38.07035          40.34433           1.00000           1.00000           1.00000           1.00000          35.32799          35.90301          36.08434          35.20281          33.42621          34.58948          35.23488          34.99216          30.94626          35.80074          34.73250          36.41939
         38.72269          40.17731          38.50231          39.63853           1.00000           1.00000           1.00000           1.00000          34.78150          36.57839          33.33783          35.45703          35.40016          34.97398          34.14949          35.42926          36.30233          36.95995          34.54365          35.92272
         40.86934          37.69033          39.25681          39.00156           1.00000           1.00000           1.00000           1.00000          36.61497          35.95718          34.58837          36.01969          33.79940          36.40834          36.24922          36.22494          33.77849          33.26080          34.66498          36.58463
         40.64070          40.17461          40.08043          40.56885           1.00000           1.00000           1.00000           1.00000          34.14289          36.38781          34.86747          33.31593          34.59411          35.17405          33.41277          32.74004          34.36324          35.39589          34.34994          34.65150
         40.42842          39.11462          38.83078          37.36418           1.00000           1.00000           1.00000           1.00000          35.37303          36.28835          34.41253          33.66128          34.60150          31.78306          33.46238          32.62780          34.84431          34.22219          34.81153          36.24305
         38.63787          39.21311          38.66333          35.99012           1.00000           1.00000           1.00000           1.00000          34.74459          36.17300          35.80551          34.03115          35.14945          34.12397          34.19164          34.77955          35.40276          35.12145          34.10767          35.38461
         38.25592          37.22800          36.66803          39.56005           1.00000           1.00000           1.00000           1.00000          36.92222          35.58667          35.69766          34.46796          33.40852          33.37373          36.23769          35.32603          35.28080          33.89835          36.11418          35.56890
         37.19550          36.88312          37.70302          37.76226           1.00000           1.00000          36.95727          36.72064          36.24767          35.69568          34.17133          34.49694          35.19021          34.84192          35.33654          33.70376          35.45792          34.25065          35.12727          34.48100
         39.13521          39.03480          37.89958          38.06161          37.57184           1.00000          37.89262          34.82560          35.89339          34.29743          36.42421          34.15167          34.39890          33.72188          36.03298          34.01274          35.16907          35.41853          33.62221          34.93302
         38.79036          36.63064          37.74419          38.71228          39.50684          36.76613          35.18431          37.60119          34.35520          37.14865          36.38315          35.67546          34.69513          34.63476          32.22538          33.77223          34.03637          34.42453          35.85771          35.83027
         37.01827          35.42708          35.45716          36.33963          37.08776          34.61625          37.57334          35.29406          36.76744          35.79691          34.64626          36.14918          34.78529          34.53918          35.76654          33.78534          31.74436          34.81639          35.06931          36.18305
         38.21729          36.06077          37.49812          37.53906          36.10036          35.97914          36.32511          36.68833          34.40920          36.84624          34.42744          35.07158          34.46683          34.76259          34.63917          36.40117          34.55049          33.72465          36.09501          33.63389
         36.53578          37.96809          36.26850          38.45972          33.96755          35.34956          36.67101          35.08023          33.92238          32.60453          35.54597          35.07666          36.91267          36.35337          36.24042          35.52671          34.21274          34.72800          34.22186          34.88057
         36.21852          35.07430          36.75440          36.89550          33.67983          36.12096          36.34038          36.09673          36.01474          33.85842          35.06809          34.33337          37.40496          35.51743          36.33144          34.67815          34.07262          34.87760          34.78682          34.31264
         36.41676          34.77791          34.79163          35.25059          33.87471          35.22156          35.33451          34.61152          35.89174          34.85512          36.10489          35.04924          35.90255          35.29039          33.55768          34.00244          34.50272          34.31783          33.32525          33.56166
         36.59965          35.76016          35.13632          36.09435          34.22113          36.19686          34.14511          34.81148          33.83966          35.54619          33.38216          34.22055          33.71532          34.36981          34.19710          31.95889          33.57922          33.44783          35.33334          33.91021
         36.00763          35.73779          34.90766          36.47227          35.03688          35.07526          33.96562          34.44931          33.94509          34.97076          35.24360          35.66861          34.20128          34.23126          35.92751          35.96392          32.86387          32.74273          34.98923          33.06026
         38.43547          37.15252          34.60460          36.90812          35.48607          36.28835          36.71768          35.44357          34.77372          34.98470          32.20686          34.86002          37.46455          33.37093          35.69471          33.80275          34.54520          34.11187          35.74139          34.27457
          1.00000          35.52694          35.42068          36.37828          32.66466          36.62112          35.34846          36.00251          35.07650          34.40566          33.51402          33.67547          33.49547          34.35007          36.49827          35.04531          33.76368          35.14087          35.96476          34.88818
          1.00000           1.00000          33.81458          33.63095          35.37554          33.99500          35.71733          34.35631          34.42848          33.48338          33.39973          36.01654          34.33965          35.87354          33.12432          35.63832          33.67749          34.68080          34.88341          33.22865
          1.00000           1.00000           1.00000          35.99067          35.92136          35.67721          32.95180          34.97363          34.20655          35.29289          33.48986          34.50800          33.72410          33.12489          32.75972          33.79071          34.35085          33.82980          35.90775          35.08948
          1.00000           1.00000           1.00000           1.00000          35.50941          34.45323          33.08210          33.25581          32.50386          33.68101          33.81792          34.25929          33.57794          36.26132          34.01896          33.44706          35.11575          35.02779          35.02071           1.00000
          1.00000           1.00000           1.00000           1.00000          33.74912          33.70180          32.86629          34.95978          33.62306          33.61442          31.64439          32.54526          33.33350          33.40823          32.59993          33.34426          32.87942          34.70978          37.46101           1.00000
          1.00000           1.00000           1.00000           1.00000           1.00000          32.62361          32.61907          33.18829          34.41706          33.90655          33.69960          32.87545          35.03676          32.66010          34.02440          31.96434          34.90199          33.88422           1.00000           1.00000
          1.00000           1.00000           1.00000           1.00000           1.00000          33.99733          32.81152          33.84679          34.09830          32.84629          33.39270          32.79422          32.36503          33.49342          33.37108          32.06541          33.88299           1.00000           1.00000           1.00000
          1.00000           1.00000           1.00000           1.00000           1.00000          31.85634          33.70309          32.31146          33.65064          32.80337          34.14165          34.08056          32.08724          31.45953          32.05388          33.41730           1.00000           1.00000           1.00000           1.00000
