   6.867607E-05    7.358013E-05    7.017794E-05    7.068715E-05    7.081426E-05    7.350367E-05    7.348037E-05    6.886850E-05    7.129432E-05    6.846389E-05    7.364485E-05    7.624615E-05    8.330698E-05    8.756393E-05    8.761641E-05    7.695642E-05    8.406060E-05    8.172416E-05    7.827503E-05    7.445098E-05
   7.454677E-05    7.857704E-05    7.440526E-05    7.327500E-05    7.307676E-05    6.805824E-05    7.088013E-05    6.826904E-05    6.585714E-05    7.138715E-05    7.305188E-05    7.202267E-05    7.052645E-05    7.770939E-05    8.529298E-05    7.435426E-05    7.910764E-05    7.870680E-05    8.034294E-05    7.832617E-05
   7.618617E-05    7.884357E-05    8.180905E-05    7.464480E-05    6.426535E-05    6.668601E-05    6.698070E-05    7.051542E-05    6.683520E-05    7.333330E-05    7.378266E-05    7.270943E-05    6.692341E-05    7.250362E-05    7.303240E-05    7.176540E-05    7.688019E-05    8.072519E-05    7.757552E-05    7.646753E-05
   7.429795E-05    7.854102E-05    7.405155E-05    6.489137E-05    5.982946E-05    6.220432E-05    6.329524E-05    6.829058E-05    7.069072E-05    6.539176E-05    6.750747E-05    6.720113E-05    6.450205E-05    6.471671E-05    6.514327E-05    7.267461E-05    6.901560E-05    7.061615E-05    7.466609E-05    7.190430E-05
   7.067615E-05    7.012240E-05    6.956085E-05    6.533380E-05    6.348293E-05    6.365079E-05    6.424810E-05    6.796796E-05    6.163607E-05    5.935920E-05    6.511819E-05    6.641447E-05    6.617629E-05    6.850062E-05    6.602948E-05    6.761756E-05    6.926445E-05    6.444619E-05    6.724773E-05    6.641680E-05
   6.975398E-05    6.932364E-05    6.472874E-05    6.506932E-05    7.045883E-05    6.246826E-05    6.633687E-05    6.105522E-05    6.078361E-05    6.690448E-05    6.932216E-05    6.901300E-05    7.047006E-05    7.209547E-05    6.116715E-05    6.039970E-05    5.922073E-05    6.335986E-05    6.437000E-05    6.326656E-05
   6.809637E-05    6.378505E-05    6.589772E-05    6.035488E-05    6.019173E-05    6.272139E-05    6.118661E-05    6.017665E-05    6.369333E-05    6.925649E-05    6.819894E-05    6.822774E-05    6.722234E-05    6.800423E-05    6.078960E-05    5.790276E-05    5.865696E-05    6.017137E-05    6.016336E-05    5.707110E-05
   6.501364E-05    6.097132E-05    6.370372E-05    6.169358E-05    6.226087E-05    6.506774E-05    6.363053E-05    6.130531E-05    6.475313E-05    6.993441E-05    6.863995E-05    7.173762E-05    6.874193E-05    6.464545E-05    6.288805E-05    6.267828E-05    6.154606E-05    6.041791E-05    6.013861E-05    5.981938E-05
   5.588117E-05    5.502984E-05    5.872572E-05    6.276259E-05    6.839797E-05    6.839797E-05    6.839797E-05    6.774034E-05    7.013188E-05    7.268837E-05    7.078538E-05    7.435707E-05    6.683895E-05    6.399639E-05    6.021657E-05    5.394902E-05    5.390634E-05    6.154746E-05    5.722331E-05    5.568970E-05
   5.619797E-05    6.004355E-05    6.208433E-05    6.662165E-05    6.839797E-05    6.839797E-05    6.839797E-05    6.839797E-05    7.231557E-05    7.483395E-05    7.154968E-05    6.849974E-05    6.075474E-05    6.212987E-05    5.778818E-05    5.802936E-05    5.622908E-05    5.830117E-05    5.719225E-05    6.200304E-05
   5.137006E-05    5.840959E-05    6.429691E-05    7.254553E-05    6.839797E-05    6.839797E-05    6.839797E-05    6.839797E-05    6.812902E-05    6.932864E-05    7.595313E-05    6.897987E-05    6.482568E-05    6.459725E-05    6.438653E-05    6.149312E-05    5.687288E-05    5.409387E-05    5.341966E-05    5.454386E-05
   5.701735E-05    6.286031E-05    6.851369E-05    7.776087E-05    6.839797E-05    6.839797E-05    6.839797E-05    6.839797E-05    6.919745E-05    6.851571E-05    7.149340E-05    6.460560E-05    6.062569E-05    6.200066E-05    6.615607E-05    6.339706E-05    5.594581E-05    5.696204E-05    5.137336E-05    5.347190E-05
   6.212414E-05    6.194371E-05    6.788165E-05    7.091138E-05    6.839797E-05    6.839797E-05    6.839797E-05    6.839797E-05    6.610428E-05    6.577680E-05    6.481697E-05    6.840982E-05    6.684188E-05    6.785537E-05    6.723619E-05    5.624447E-05    5.634310E-05    5.598014E-05    5.734031E-05    5.544219E-05
   7.010442E-05    6.259854E-05    6.708781E-05    7.045144E-05    6.839797E-05    6.839797E-05    6.839797E-05    6.839797E-05    7.467038E-05    7.106745E-05    6.744644E-05    7.047438E-05    7.082699E-05    6.732359E-05    7.000351E-05    6.089009E-05    5.819039E-05    6.104296E-05    5.904675E-05    6.220812E-05
   7.389870E-05    6.428326E-05    6.541992E-05    6.596866E-05    6.839797E-05    6.839797E-05    6.839797E-05    6.839797E-05    7.385554E-05    7.405903E-05    6.925585E-05    6.829505E-05    7.488424E-05    7.440643E-05    7.244133E-05    6.794836E-05    6.151386E-05    6.368094E-05    6.226543E-05    6.583616E-05
   7.094817E-05    7.062665E-05    7.071175E-05    7.596083E-05    6.839797E-05    6.839797E-05    6.839797E-05    6.839797E-05    7.740878E-05    6.907916E-05    7.043350E-05    7.251709E-05    8.140696E-05    7.191656E-05    7.036873E-05    7.082920E-05    6.799769E-05    6.838348E-05    6.883454E-05    6.694673E-05
   7.235022E-05    7.349631E-05    7.022580E-05    7.513709E-05    6.839797E-05    6.839797E-05    6.839797E-05    6.839797E-05    7.147056E-05    7.302297E-05    8.185616E-05    7.889564E-05    7.849621E-05    6.795461E-05    6.642495E-05    6.562495E-05    6.879088E-05    6.754677E-05    6.817967E-05    6.787530E-05
   7.617105E-05    6.950843E-05    6.974585E-05    6.728263E-05    6.839797E-05    6.839797E-05    6.839797E-05    6.839797E-05    6.978743E-05    7.187290E-05    7.588687E-05    7.861991E-05    7.485561E-05    7.130953E-05    6.829034E-05    6.635003E-05    6.855622E-05    6.712507E-05    6.876670E-05    7.018871E-05
   7.221216E-05    7.170603E-05    6.671941E-05    6.598418E-05    6.839797E-05    6.839797E-05    6.839797E-05    6.839797E-05    6.687131E-05    6.883665E-05    7.488204E-05    7.681173E-05    7.390858E-05    6.995754E-05    7.388441E-05    6.323349E-05    6.624330E-05    6.832192E-05    7.065254E-05    7.256635E-05
   6.858322E-05    6.904353E-05    6.655675E-05    6.927122E-05    6.839797E-05    6.839797E-05    6.839797E-05    6.839797E-05    6.601261E-05    7.476134E-05    7.136728E-05    7.617284E-05    6.931388E-05    7.129048E-05    6.978856E-05    6.230928E-05    5.926940E-05    6.137905E-05    6.263477E-05    6.852993E-05
   6.700154E-05    6.989973E-05    6.915516E-05    7.579413E-05    6.839797E-05    6.839797E-05    6.839797E-05    6.839797E-05    7.063618E-05    7.466393E-05    7.783886E-05    7.821521E-05    7.439858E-05    7.772660E-05    6.765110E-05    5.779510E-05    5.843353E-05    6.405892E-05    6.095775E-05    5.977180E-05
   6.907118E-05    7.228129E-05    7.072656E-05    6.868032E-05    6.839797E-05    6.839797E-05    7.016884E-05    6.578017E-05    7.328387E-05    6.921177E-05    7.326266E-05    7.965704E-05    7.930992E-05    7.934602E-05    7.335830E-05    6.327342E-05    6.317304E-05    6.585297E-05    6.319610E-05    6.316966E-05
   6.367078E-05    7.465671E-05    7.388766E-05    6.439546E-05    6.735162E-05    6.839797E-05    7.292874E-05    7.398658E-05    6.765446E-05    7.377588E-05    7.461881E-05    7.293991E-05    7.575581E-05    7.215126E-05    7.072656E-05    6.671870E-05    6.827406E-05    6.923365E-05    6.733536E-05    6.207278E-05
   6.268551E-05    7.329688E-05    6.947603E-05    7.009277E-05    6.254450E-05    6.554767E-05    6.859362E-05    6.916225E-05    6.636539E-05    6.983248E-05    7.154324E-05    6.462113E-05    6.406643E-05    7.025935E-05    6.462548E-05    6.486261E-05    6.750116E-05    6.598083E-05    6.192422E-05    6.239255E-05
   6.518229E-05    6.548867E-05    6.268078E-05    6.751549E-05    6.408281E-05    6.955403E-05    6.525261E-05    6.959196E-05    6.351531E-05    6.528633E-05    7.000874E-05    6.714227E-05    7.160084E-05    6.676818E-05    6.501208E-05    5.791793E-05    5.827114E-05    6.111535E-05    6.001055E-05    5.672752E-05
   6.435371E-05    6.312436E-05    6.265450E-05    6.152576E-05    6.677993E-05    6.638276E-05    6.568324E-05    6.496189E-05    6.226701E-05    6.755957E-05    6.542175E-05    7.399847E-05    6.398646E-05    6.987078E-05    6.202514E-05    5.740196E-05    5.775326E-05    5.689357E-05    5.843998E-05    5.713075E-05
   5.722277E-05    6.089259E-05    5.927623E-05    6.749958E-05    6.579030E-05    6.575103E-05    6.315912E-05    6.415908E-05    6.256589E-05    6.648899E-05    6.933294E-05    6.563668E-05    6.328317E-05    6.806772E-05    6.154455E-05    5.899008E-05    6.291929E-05    5.872322E-05    5.702627E-05    6.000986E-05
   5.352777E-05    5.819152E-05    5.931140E-05    6.123728E-05    6.787102E-05    6.751608E-05    6.250670E-05    6.197120E-05    6.069121E-05    5.733835E-05    6.326791E-05    6.514440E-05    6.344099E-05    6.054310E-05    6.000368E-05    5.881852E-05    6.238834E-05    6.294597E-05    5.582250E-05    5.645942E-05
   5.613260E-05    6.006985E-05    5.855869E-05    5.961707E-05    5.997012E-05    5.984573E-05    5.597705E-05    5.618476E-05    5.267934E-05    5.679609E-05    6.132784E-05    6.502641E-05    5.866959E-05    5.910171E-05    6.260254E-05    6.065533E-05    5.846736E-05    5.796190E-05    5.879078E-05    5.731823E-05
   6.514780E-05    6.658168E-05    6.549486E-05    6.521879E-05    6.350279E-05    5.912809E-05    5.570687E-05    4.970075E-05    5.006557E-05    5.129754E-05    5.727602E-05    6.451121E-05    5.668422E-05    5.684447E-05    5.671371E-05    5.639907E-05    5.875291E-05    6.399382E-05    6.180222E-05    6.133898E-05
   6.593496E-05    6.906555E-05    6.441690E-05    6.020962E-05    6.388626E-05    6.018590E-05    5.430540E-05    5.290483E-05    4.931737E-05    5.168685E-05    5.599804E-05    5.910823E-05    5.885014E-05    5.495898E-05    5.787105E-05    5.917221E-05    5.639950E-05    6.072034E-05    6.012841E-05    6.044351E-05
   6.553513E-05    6.629702E-05    6.332545E-05    6.263851E-05    6.047762E-05    5.658767E-05    5.569735E-05    5.376894E-05    5.254305E-05    5.496177E-05    5.459739E-05    6.054111E-05    5.359131E-05    5.619276E-05    6.509784E-05    6.440958E-05    6.607748E-05    5.991677E-05    5.837328E-05    5.928553E-05
   6.839797E-05    6.611507E-05    6.175433E-05    5.883186E-05    5.648352E-05    5.896744E-05    5.986955E-05    5.727547E-05    5.579451E-05    5.552032E-05    5.855344E-05    6.542643E-05    6.277002E-05    6.587970E-05    6.862416E-05    6.661282E-05    7.040684E-05    6.872373E-05    6.663247E-05    6.014854E-05
   6.839797E-05    6.839797E-05    6.180311E-05    5.982798E-05    5.905698E-05    6.198182E-05    6.166183E-05    5.742521E-05    5.536681E-05    6.079437E-05    6.861785E-05    6.322445E-05    5.996756E-05    6.055926E-05    6.403415E-05    6.329607E-05    6.632621E-05    6.789962E-05    6.363038E-05    6.370117E-05
   6.839797E-05    6.839797E-05    6.839797E-05    6.522940E-05    6.271229E-05    5.975712E-05    6.215539E-05    6.128431E-05    5.920278E-05    6.021680E-05    6.582431E-05    5.952433E-05    6.312821E-05    5.561334E-05    5.639635E-05    6.315174E-05    6.575212E-05    6.971311E-05    6.761360E-05    6.532076E-05
   6.839797E-05    6.839797E-05    6.839797E-05    6.839797E-05    6.416433E-05    5.929741E-05    5.560752E-05    5.898080E-05    5.827423E-05    5.540948E-05    5.802406E-05    5.756165E-05    5.607697E-05    6.022530E-05    6.520395E-05    6.567884E-05    6.809044E-05    7.403015E-05    6.994867E-05    6.839797E-05
   6.839797E-05    6.839797E-05    6.839797E-05    6.839797E-05    6.388779E-05    6.099983E-05    5.719068E-05    5.496448E-05    6.150811E-05    5.629668E-05    5.509621E-05    5.540034E-05    5.654521E-05    6.389975E-05    7.051466E-05    7.060761E-05    6.663244E-05    6.991202E-05    6.648505E-05    6.839797E-05
   6.839797E-05    6.839797E-05    6.839797E-05    6.839797E-05    6.839797E-05    6.203751E-05    6.017188E-05    6.000722E-05    6.184243E-05    5.805149E-05    5.914657E-05    6.128936E-05    5.822486E-05    6.446428E-05    6.922838E-05    7.054588E-05    6.621030E-05    7.133255E-05    6.839797E-05    6.839797E-05
   6.839797E-05    6.839797E-05    6.839797E-05    6.839797E-05    6.839797E-05    5.878185E-05    6.046160E-05    6.574679E-05    6.586128E-05    6.076418E-05    6.326744E-05    6.089245E-05    6.207378E-05    6.570886E-05    6.304132E-05    6.783969E-05    7.412072E-05    6.839797E-05    6.839797E-05    6.839797E-05
   6.839797E-05    6.839797E-05    6.839797E-05    6.839797E-05    6.839797E-05    6.091990E-05    6.201429E-05    6.288659E-05    6.542623E-05    6.519866E-05    6.495167E-05    6.501290E-05    6.667004E-05    6.149747E-05    6.159626E-05    6.289973E-05    6.839797E-05    6.839797E-05    6.839797E-05    6.839797E-05
