   1.066353E-04    1.142499E-04    1.089673E-04    1.097579E-04    1.099553E-04    1.141312E-04    1.140950E-04    1.069341E-04    1.107007E-04    1.063058E-04    1.143504E-04    1.183895E-04    1.293531E-04    1.359630E-04    1.360445E-04    1.194924E-04    1.305233E-04    1.268954E-04    1.215398E-04    1.156021E-04
   1.157509E-04    1.220088E-04    1.155311E-04    1.137761E-04    1.134683E-04    1.056759E-04    1.100576E-04    1.060033E-04    1.022582E-04    1.108448E-04    1.134297E-04    1.118316E-04    1.095084E-04    1.206616E-04    1.324368E-04    1.154520E-04    1.228327E-04    1.222103E-04    1.247507E-04    1.216192E-04
   1.182964E-04    1.224226E-04    1.270272E-04    1.159031E-04    9.978661E-05    1.035452E-04    1.040028E-04    1.094913E-04    1.037769E-04    1.138667E-04    1.145644E-04    1.128980E-04    1.039139E-04    1.125784E-04    1.133995E-04    1.114322E-04    1.193740E-04    1.253443E-04    1.204537E-04    1.187333E-04
   1.153645E-04    1.219528E-04    1.149819E-04    1.007587E-04    9.289888E-05    9.658640E-05    9.828030E-05    1.060367E-04    1.097635E-04    1.015356E-04    1.048208E-04    1.043451E-04    1.001541E-04    1.004875E-04    1.011498E-04    1.128439E-04    1.071625E-04    1.096477E-04    1.159361E-04    1.116478E-04
   1.097409E-04    1.088810E-04    1.080091E-04    1.014456E-04    9.857173E-05    9.883237E-05    9.975984E-05    1.055358E-04    9.570406E-05    9.216870E-05    1.011108E-04    1.031236E-04    1.027538E-04    1.063628E-04    1.025258E-04    1.049917E-04    1.075489E-04    1.000674E-04    1.044174E-04    1.031272E-04
   1.083090E-04    1.076408E-04    1.005061E-04    1.010350E-04    1.094034E-04    9.699622E-05    1.030031E-04    9.480215E-05    9.438041E-05    1.038845E-04    1.076385E-04    1.071584E-04    1.094208E-04    1.119447E-04    9.497596E-05    9.378432E-05    9.195370E-05    9.838063E-05    9.994910E-05    9.823577E-05
   1.057351E-04    9.904084E-05    1.023212E-04    9.371472E-05    9.346140E-05    9.738926E-05    9.500617E-05    9.343797E-05    9.889842E-05    1.075365E-04    1.058944E-04    1.059391E-04    1.043780E-04    1.055921E-04    9.438972E-05    8.990725E-05    9.107831E-05    9.342978E-05    9.341735E-05    8.861590E-05
   1.009485E-04    9.467189E-05    9.891456E-05    9.579335E-05    9.667420E-05    1.010325E-04    9.880091E-05    9.519047E-05    1.005440E-04    1.085891E-04    1.065792E-04    1.113890E-04    1.067375E-04    1.003768E-04    9.764804E-05    9.732233E-05    9.556430E-05    9.381259E-05    9.337891E-05    9.288323E-05
   8.676826E-05    8.544638E-05    9.118508E-05    9.745324E-05    9.869812E-05    9.869812E-05    9.869812E-05    1.051823E-04    1.088957E-04    1.128653E-04    1.099104E-04    1.154563E-04    1.037827E-04    9.936899E-05    9.349996E-05    8.376816E-05    8.370188E-05    9.556647E-05    8.885223E-05    8.647096E-05
   8.726016E-05    9.323130E-05    9.640008E-05    1.034453E-04    9.869812E-05    9.869812E-05    9.869812E-05    9.869812E-05    1.122864E-04    1.161968E-04    1.110972E-04    1.063615E-04    9.433559E-05    9.647080E-05    8.972934E-05    9.010382E-05    8.730847E-05    9.052586E-05    8.880401E-05    9.627387E-05
   7.976374E-05    9.069421E-05    9.983563E-05    1.126435E-04    9.869812E-05    9.869812E-05    9.869812E-05    9.869812E-05    1.057859E-04    1.076485E-04    1.179346E-04    1.071070E-04    1.006567E-04    1.003020E-04    9.997477E-05    9.548210E-05    8.830812E-05    8.399308E-05    8.294621E-05    8.469179E-05
   8.853244E-05    9.760497E-05    1.063831E-04    1.207415E-04    9.869812E-05    9.869812E-05    9.869812E-05    9.869812E-05    1.074448E-04    1.063863E-04    1.110098E-04    1.003149E-04    9.413521E-05    9.627017E-05    1.027224E-04    9.843840E-05    8.686863E-05    8.844656E-05    7.976885E-05    8.302732E-05
   9.646189E-05    9.618174E-05    1.054018E-04    1.101061E-04    9.869812E-05    9.869812E-05    9.869812E-05    9.869812E-05    1.026420E-04    1.021335E-04    1.006431E-04    1.062219E-04    1.037873E-04    1.053609E-04    1.043995E-04    8.733237E-05    8.748551E-05    8.692194E-05    8.903392E-05    8.608664E-05
   1.088531E-04    9.719851E-05    1.041691E-04    1.093919E-04    9.869812E-05    9.869812E-05    9.869812E-05    9.869812E-05    1.159428E-04    1.103484E-04    1.047260E-04    1.094276E-04    1.099751E-04    1.045352E-04    1.086964E-04    9.454576E-05    9.035386E-05    9.478312E-05    9.168355E-05    9.659230E-05
   1.147446E-04    9.981442E-05    1.015793E-04    1.024314E-04    9.869812E-05    9.869812E-05    9.869812E-05    9.869812E-05    1.146776E-04    1.149935E-04    1.075355E-04    1.060436E-04    1.162749E-04    1.155330E-04    1.124817E-04    1.055053E-04    9.551429E-05    9.887919E-05    9.668128E-05    1.022257E-04
   1.101632E-04    1.096640E-04    1.097961E-04    1.179465E-04    9.869812E-05    9.869812E-05    9.869812E-05    9.869812E-05    1.201948E-04    1.072612E-04    1.093641E-04    1.125993E-04    1.264029E-04    1.116669E-04    1.092635E-04    1.099785E-04    1.055819E-04    1.061809E-04    1.068813E-04    1.039501E-04
   1.123402E-04    1.141198E-04    1.090416E-04    1.166675E-04    9.869812E-05    9.869812E-05    9.869812E-05    9.869812E-05    1.109743E-04    1.133848E-04    1.271004E-04    1.225035E-04    1.218833E-04    1.055150E-04    1.031399E-04    1.018977E-04    1.068135E-04    1.048818E-04    1.058645E-04    1.053919E-04
   1.182729E-04    1.079277E-04    1.082963E-04    1.044716E-04    9.869812E-05    9.869812E-05    9.869812E-05    9.869812E-05    1.083609E-04    1.115991E-04    1.178317E-04    1.220753E-04    1.162304E-04    1.107243E-04    1.060363E-04    1.030236E-04    1.064492E-04    1.042270E-04    1.067760E-04    1.089840E-04
   1.121258E-04    1.113400E-04    1.035971E-04    1.024555E-04    9.869812E-05    9.869812E-05    9.869812E-05    9.869812E-05    1.038330E-04    1.068846E-04    1.162714E-04    1.192677E-04    1.147599E-04    1.086250E-04    1.147224E-04    9.818441E-05    1.028578E-04    1.060854E-04    1.097042E-04    1.126758E-04
   1.064911E-04    1.072058E-04    1.033445E-04    1.075594E-04    9.869812E-05    9.869812E-05    9.869812E-05    9.869812E-05    1.024996E-04    1.160840E-04    1.108140E-04    1.182757E-04    1.076256E-04    1.106947E-04    1.083627E-04    9.674937E-05    9.202926E-05    9.530498E-05    9.725476E-05    1.064083E-04
   1.040352E-04    1.085353E-04    1.073792E-04    1.176877E-04    9.869812E-05    9.869812E-05    9.869812E-05    9.869812E-05    1.096788E-04    1.159328E-04    1.208626E-04    1.214470E-04    1.155208E-04    1.206883E-04    1.050438E-04    8.974007E-05    9.073139E-05    9.946608E-05    9.465081E-05    9.280936E-05
   1.072488E-04    1.122332E-04    1.098191E-04    1.066419E-04    9.869812E-05    9.869812E-05    1.089531E-04    1.021387E-04    1.137899E-04    1.074671E-04    1.137570E-04    1.236857E-04    1.231467E-04    1.232028E-04    1.139055E-04    9.824642E-05    9.809055E-05    1.022518E-04    9.812636E-05    9.808531E-05
   9.886341E-05    1.159216E-04    1.147274E-04    9.998863E-05    1.045788E-04    9.869812E-05    1.132385E-04    1.148810E-04    1.050490E-04    1.145539E-04    1.158627E-04    1.132558E-04    1.176282E-04    1.120313E-04    1.098191E-04    1.035960E-04    1.060110E-04    1.075010E-04    1.045535E-04    9.638214E-05
   9.733355E-05    1.138101E-04    1.078774E-04    1.088350E-04    9.711460E-05    1.017777E-04    1.065072E-04    1.073902E-04    1.030474E-04    1.084308E-04    1.110872E-04    1.003390E-04    9.947774E-05    1.090937E-04    1.003458E-04    1.007140E-04    1.048110E-04    1.024503E-04    9.615147E-05    9.687867E-05
   1.012104E-04    1.016861E-04    9.732620E-05    1.048332E-04    9.950318E-05    1.079985E-04    1.013196E-04    1.080574E-04    9.862200E-05    1.013719E-04    1.087045E-04    1.042537E-04    1.111766E-04    1.036728E-04    1.009461E-04    8.993080E-05    9.047924E-05    9.489552E-05    9.318007E-05    8.808241E-05
   9.992381E-05    9.801496E-05    9.728540E-05    9.553277E-05    1.036911E-04    1.030744E-04    1.019882E-04    1.008681E-04    9.668374E-05    1.049016E-04    1.015822E-04    1.148995E-04    9.935357E-05    1.084903E-04    9.630818E-05    8.912964E-05    8.967511E-05    8.834024E-05    9.074140E-05    8.870853E-05
   8.885141E-05    9.454964E-05    9.203987E-05    1.048085E-04    1.021545E-04    1.020935E-04    9.806894E-05    9.962160E-05    9.714781E-05    1.032393E-04    1.076552E-04    1.019159E-04    9.826155E-05    1.056907E-04    9.556194E-05    9.159556E-05    9.769654E-05    9.118119E-05    8.854630E-05    9.317900E-05
   8.311408E-05    9.035560E-05    9.209448E-05    9.508485E-05    1.053852E-04    1.048341E-04    9.705592E-05    9.622442E-05    9.423694E-05    8.903087E-05    9.823786E-05    1.011515E-04    9.850661E-05    9.400697E-05    9.316940E-05    9.132916E-05    9.687212E-05    9.773798E-05    8.667716E-05    8.766613E-05
   8.715867E-05    9.327215E-05    9.092572E-05    9.256910E-05    9.311730E-05    9.292415E-05    8.691714E-05    8.723966E-05    8.179670E-05    8.818889E-05    9.522546E-05    1.009683E-04    9.109793E-05    9.176889E-05    9.720472E-05    9.418123E-05    9.078391E-05    8.999906E-05    9.128610E-05    8.899963E-05
   1.011568E-04    1.033832E-04    1.016957E-04    1.012670E-04    9.860257E-05    9.180985E-05    8.649762E-05    7.717175E-05    7.773821E-05    7.965113E-05    8.893408E-05    1.001684E-04    8.801518E-05    8.826400E-05    8.806097E-05    8.757241E-05    9.122730E-05    9.936500E-05    9.596204E-05    9.524276E-05
   1.023791E-04    1.072400E-04    1.000219E-04    9.348917E-05    9.919799E-05    9.345234E-05    8.432152E-05    8.214681E-05    7.657646E-05    8.025562E-05    8.694973E-05    9.177901E-05    9.137826E-05    8.533636E-05    8.985800E-05    9.187835E-05    8.757308E-05    9.428218E-05    9.336307E-05    9.385233E-05
   1.017582E-04    1.029413E-04    9.832721E-05    9.726057E-05    9.390529E-05    8.786526E-05    8.648284E-05    8.348854E-05    8.158507E-05    8.534069E-05    8.477490E-05    9.400389E-05    8.321273E-05    8.725208E-05    1.010793E-04    1.000106E-04    1.026004E-04    9.303445E-05    9.063783E-05    9.205430E-05
   9.869812E-05    1.026587E-04    9.588768E-05    9.134988E-05    8.770355E-05    9.156041E-05    9.296113E-05    8.893324E-05    8.663371E-05    8.620796E-05    9.091757E-05    1.015895E-04    9.746477E-05    1.022933E-04    1.065547E-04    1.034316E-04    1.093227E-04    1.067093E-04    1.034621E-04    9.339433E-05
   9.869812E-05    9.869812E-05    9.596343E-05    9.289658E-05    9.169943E-05    9.624091E-05    9.574405E-05    8.916574E-05    8.596961E-05    9.439712E-05    1.065449E-04    9.817038E-05    9.311332E-05    9.403206E-05    9.942763E-05    9.828159E-05    1.029866E-04    1.054297E-04    9.880067E-05    9.891060E-05
   9.869812E-05    9.869812E-05    9.869812E-05    1.012835E-04    9.737514E-05    9.278655E-05    9.651042E-05    9.515786E-05    9.192583E-05    9.350032E-05    1.022073E-04    9.242510E-05    9.802095E-05    8.635240E-05    8.756819E-05    9.805748E-05    1.020952E-04    1.082455E-04    1.049855E-04    1.014254E-04
   9.869812E-05    9.869812E-05    9.869812E-05    9.869812E-05    9.962975E-05    9.207275E-05    8.634336E-05    9.158115E-05    9.048404E-05    8.603585E-05    9.009558E-05    8.937759E-05    8.707228E-05    9.351351E-05    1.012440E-04    1.019814E-04    1.057259E-04    1.149487E-04    1.086113E-04    9.869812E-05
   9.869812E-05    9.869812E-05    9.869812E-05    9.869812E-05    9.920036E-05    9.471614E-05    8.880158E-05    8.534489E-05    9.550538E-05    8.741344E-05    8.554943E-05    8.602167E-05    8.779934E-05    9.921894E-05    1.094901E-04    1.096344E-04    1.034621E-04    1.085544E-04    1.032332E-04    9.869812E-05
   9.869812E-05    9.869812E-05    9.869812E-05    9.869812E-05    9.869812E-05    9.632739E-05    9.343056E-05    9.317490E-05    9.602448E-05    9.013817E-05    9.183854E-05    9.516572E-05    9.040737E-05    1.000955E-04    1.074928E-04    1.095386E-04    1.028066E-04    1.107600E-04    9.869812E-05    9.869812E-05
   9.869812E-05    9.869812E-05    9.869812E-05    9.869812E-05    9.869812E-05    9.127223E-05    9.388043E-05    1.020869E-04    1.022647E-04    9.435026E-05    9.823713E-05    9.454942E-05    9.638370E-05    1.020280E-04    9.788603E-05    1.053366E-04    1.150893E-04    9.869812E-05    9.869812E-05    9.869812E-05
   9.869812E-05    9.869812E-05    9.869812E-05    9.869812E-05    9.869812E-05    9.459204E-05    9.629133E-05    9.764577E-05    1.015891E-04    1.012358E-04    1.008523E-04    1.009474E-04    1.035204E-04    9.548884E-05    9.564225E-05    9.766618E-05    9.869812E-05    9.869812E-05    9.869812E-05    9.869812E-05
