   8.534603E-06    9.144047E-06    8.721246E-06    8.784526E-06    8.800323E-06    9.134546E-06    9.131650E-06    8.558517E-06    8.859982E-06    8.508235E-06    9.152090E-06    9.475362E-06    1.035284E-05    1.088186E-05    1.088838E-05    9.563630E-06    1.044649E-05    1.015613E-05    9.727498E-06    9.252271E-06
   9.264174E-06    9.765030E-06    9.246588E-06    9.106127E-06    9.081491E-06    8.457823E-06    8.808509E-06    8.484020E-06    8.184286E-06    8.871518E-06    9.078399E-06    8.950497E-06    8.764557E-06    9.657204E-06    1.059964E-05    9.240251E-06    9.830969E-06    9.781156E-06    9.984484E-06    9.733853E-06
   9.467909E-06    9.798152E-06    1.016668E-05    9.276357E-06    7.986468E-06    8.287292E-06    8.323914E-06    8.763185E-06    8.305833E-06    9.113372E-06    9.169216E-06    9.035842E-06    8.316795E-06    9.010265E-06    9.075978E-06    8.918524E-06    9.554157E-06    1.003199E-05    9.640567E-06    9.502874E-06
   9.233252E-06    9.760553E-06    9.202632E-06    8.064266E-06    7.435205E-06    7.730338E-06    7.865910E-06    8.486698E-06    8.784970E-06    8.126451E-06    8.389378E-06    8.351307E-06    8.015884E-06    8.042561E-06    8.095571E-06    9.031516E-06    8.576798E-06    8.775704E-06    9.279003E-06    8.935786E-06
   8.783160E-06    8.714344E-06    8.644558E-06    8.119249E-06    7.889235E-06    7.910095E-06    7.984325E-06    8.446604E-06    7.659719E-06    7.376765E-06    8.092453E-06    8.253547E-06    8.223948E-06    8.512799E-06    8.205703E-06    8.403058E-06    8.607723E-06    8.008942E-06    8.357099E-06    8.253836E-06
   8.668559E-06    8.615079E-06    8.044055E-06    8.086381E-06    8.756153E-06    7.763138E-06    8.243904E-06    7.587534E-06    7.553780E-06    8.314442E-06    8.614895E-06    8.576475E-06    8.757548E-06    8.959543E-06    7.601445E-06    7.506072E-06    7.359557E-06    7.873940E-06    7.999473E-06    7.862346E-06
   8.462562E-06    7.926780E-06    8.189329E-06    7.500502E-06    7.480227E-06    7.794595E-06    7.603863E-06    7.478351E-06    7.915382E-06    8.606735E-06    8.475309E-06    8.478888E-06    8.353944E-06    8.451111E-06    7.554526E-06    7.195769E-06    7.289495E-06    7.477696E-06    7.476701E-06    7.092415E-06
   8.079461E-06    7.577109E-06    7.916673E-06    7.666866E-06    7.737365E-06    8.086184E-06    7.907577E-06    7.618614E-06    8.047087E-06    8.690982E-06    8.530114E-06    8.915072E-06    8.542788E-06    8.033705E-06    7.815307E-06    7.789238E-06    7.648533E-06    7.508335E-06    7.473625E-06    7.433952E-06
   6.944538E-06    6.838741E-06    7.298041E-06    7.799716E-06    8.496600E-06    8.496600E-06    8.496600E-06    8.418316E-06    8.715522E-06    9.033225E-06    8.796734E-06    9.240599E-06    8.306299E-06    7.953043E-06    7.483313E-06    6.704424E-06    6.699119E-06    7.648707E-06    7.111330E-06    6.920743E-06
   6.983908E-06    7.461811E-06    7.715425E-06    8.279294E-06    8.496600E-06    8.496600E-06    8.496600E-06    8.496600E-06    8.986896E-06    9.299863E-06    8.891717E-06    8.512690E-06    7.550193E-06    7.721086E-06    7.181530E-06    7.211502E-06    6.987774E-06    7.245280E-06    7.107471E-06    7.705324E-06
   6.383928E-06    7.258753E-06    7.990391E-06    9.015474E-06    8.496600E-06    8.496600E-06    8.496600E-06    8.496600E-06    8.466620E-06    8.615701E-06    9.438947E-06    8.572357E-06    8.056102E-06    8.027715E-06    8.001528E-06    7.641955E-06    7.067782E-06    6.722425E-06    6.638639E-06    6.778347E-06
   7.085735E-06    7.811860E-06    8.514424E-06    9.663602E-06    8.496600E-06    8.496600E-06    8.496600E-06    8.496600E-06    8.599397E-06    8.514675E-06    8.884722E-06    8.028752E-06    7.534156E-06    7.705028E-06    8.221434E-06    7.878564E-06    6.952572E-06    7.078862E-06    6.384337E-06    6.645130E-06
   7.720373E-06    7.697951E-06    8.435879E-06    8.812393E-06    8.496600E-06    8.496600E-06    8.496600E-06    8.496600E-06    8.214998E-06    8.174301E-06    8.055020E-06    8.501516E-06    8.306662E-06    8.432613E-06    8.355665E-06    6.989687E-06    7.001944E-06    6.956838E-06    7.125871E-06    6.889984E-06
   8.712109E-06    7.779328E-06    8.337225E-06    8.755235E-06    8.496600E-06    8.496600E-06    8.496600E-06    8.496600E-06    9.279536E-06    8.831788E-06    8.381793E-06    8.758086E-06    8.801905E-06    8.366526E-06    8.699568E-06    7.567014E-06    7.231513E-06    7.586012E-06    7.337936E-06    7.730810E-06
   9.183637E-06    7.988694E-06    8.129951E-06    8.198145E-06    8.496600E-06    8.496600E-06    8.496600E-06    8.496600E-06    9.178274E-06    9.203562E-06    8.606654E-06    8.487253E-06    9.306114E-06    9.246734E-06    9.002525E-06    8.444168E-06    7.644531E-06    7.913842E-06    7.737931E-06    8.181678E-06
   8.816965E-06    8.777009E-06    8.787584E-06    9.439904E-06    8.496600E-06    8.496600E-06    8.496600E-06    8.496600E-06    9.619846E-06    8.584697E-06    8.753004E-06    9.011939E-06    1.011671E-05    8.937310E-06    8.744956E-06    8.802180E-06    8.450298E-06    8.498242E-06    8.554296E-06    8.319693E-06
   8.991202E-06    9.133631E-06    8.727193E-06    9.337536E-06    8.496600E-06    8.496600E-06    8.496600E-06    8.496600E-06    8.881883E-06    9.074807E-06    1.017254E-05    9.804623E-06    9.754985E-06    8.444945E-06    8.254850E-06    8.155430E-06    8.548871E-06    8.394262E-06    8.472914E-06    8.435089E-06
   9.466030E-06    8.638044E-06    8.667549E-06    8.361436E-06    8.496600E-06    8.496600E-06    8.496600E-06    8.496600E-06    8.672716E-06    8.931884E-06    9.430713E-06    9.770358E-06    9.302555E-06    8.861873E-06    8.486667E-06    8.245538E-06    8.519709E-06    8.341855E-06    8.545866E-06    8.722584E-06
   8.974044E-06    8.911147E-06    8.291442E-06    8.200073E-06    8.496600E-06    8.496600E-06    8.496600E-06    8.496600E-06    8.310319E-06    8.554559E-06    9.305839E-06    9.545648E-06    9.184865E-06    8.693856E-06    9.181861E-06    7.858235E-06    8.232275E-06    8.490592E-06    8.780226E-06    9.018062E-06
   8.523064E-06    8.580269E-06    8.271228E-06    8.608564E-06    8.496600E-06    8.496600E-06    8.496600E-06    8.496600E-06    8.203606E-06    9.290840E-06    8.869049E-06    9.466251E-06    8.613866E-06    8.859505E-06    8.672856E-06    7.743381E-06    7.365605E-06    7.627779E-06    7.783831E-06    8.516442E-06
   8.326504E-06    8.686672E-06    8.594142E-06    9.419188E-06    8.496600E-06    8.496600E-06    8.496600E-06    8.496600E-06    8.778193E-06    9.278734E-06    9.673293E-06    9.720064E-06    9.245759E-06    9.659343E-06    8.407227E-06    7.182389E-06    7.261729E-06    7.960815E-06    7.575422E-06    7.428041E-06
   8.583705E-06    8.982636E-06    8.789425E-06    8.535132E-06    8.496600E-06    8.496600E-06    8.720115E-06    8.174720E-06    9.107230E-06    8.601176E-06    9.104594E-06    9.899245E-06    9.856106E-06    9.860594E-06    9.116480E-06    7.863198E-06    7.850723E-06    8.183767E-06    7.853589E-06    7.850303E-06
   7.912579E-06    9.277837E-06    9.182265E-06    8.002637E-06    8.370010E-06    8.496600E-06    9.063097E-06    9.194558E-06    8.407644E-06    9.168373E-06    9.273128E-06    9.064484E-06    9.414425E-06    8.966477E-06    8.789424E-06    8.291354E-06    8.484644E-06    8.603896E-06    8.367989E-06    7.713990E-06
   7.790136E-06    9.108846E-06    8.634017E-06    8.710662E-06    7.772613E-06    8.145827E-06    8.524357E-06    8.595022E-06    8.247447E-06    8.678314E-06    8.890916E-06    8.030682E-06    7.961748E-06    8.731362E-06    8.031223E-06    8.060692E-06    8.388594E-06    8.199657E-06    7.695528E-06    7.753730E-06
   8.100420E-06    8.138494E-06    7.789548E-06    8.390374E-06    7.963783E-06    8.643711E-06    8.109159E-06    8.648424E-06    7.893258E-06    8.113349E-06    8.700219E-06    8.343992E-06    8.898074E-06    8.297504E-06    8.079266E-06    7.197654E-06    7.241548E-06    7.595007E-06    7.457711E-06    7.049717E-06
   7.997449E-06    7.844673E-06    7.786282E-06    7.646010E-06    8.298963E-06    8.249606E-06    8.162674E-06    8.073029E-06    7.738128E-06    8.395852E-06    8.130179E-06    9.196035E-06    7.951810E-06    8.683073E-06    7.708070E-06    7.133532E-06    7.177190E-06    7.070353E-06    7.262531E-06    7.099828E-06
   7.111264E-06    7.567325E-06    7.366454E-06    8.388397E-06    8.175979E-06    8.171098E-06    7.848993E-06    7.973262E-06    7.775270E-06    8.262807E-06    8.616235E-06    8.156888E-06    7.864409E-06    8.459001E-06    7.648345E-06    7.330894E-06    7.819189E-06    7.297729E-06    7.086844E-06    7.457625E-06
   6.652074E-06    7.231653E-06    7.370825E-06    7.610161E-06    8.434557E-06    8.390447E-06    7.767916E-06    7.701367E-06    7.542298E-06    7.125627E-06    7.862513E-06    8.095711E-06    7.884023E-06    7.523892E-06    7.456857E-06    7.309572E-06    7.753206E-06    7.822505E-06    6.937247E-06    7.016400E-06
   6.975785E-06    7.465080E-06    7.277282E-06    7.408811E-06    7.452686E-06    7.437228E-06    6.956454E-06    6.982267E-06    6.546637E-06    7.058239E-06    7.621414E-06    8.081048E-06    7.291065E-06    7.344766E-06    7.779825E-06    7.537839E-06    7.265933E-06    7.203117E-06    7.306125E-06    7.123127E-06
   8.096134E-06    8.274327E-06    8.139263E-06    8.104955E-06    7.891703E-06    7.348044E-06    6.922877E-06    6.176477E-06    6.221814E-06    6.374915E-06    7.117881E-06    8.017023E-06    7.044336E-06    7.064250E-06    7.048001E-06    7.008899E-06    7.301420E-06    7.952724E-06    7.680367E-06    7.622799E-06
   8.193957E-06    8.583005E-06    8.005302E-06    7.482449E-06    7.939358E-06    7.479502E-06    6.748712E-06    6.574659E-06    6.128833E-06    6.423296E-06    6.959063E-06    7.345576E-06    7.313502E-06    6.829935E-06    7.191827E-06    7.353527E-06    7.008953E-06    7.545918E-06    7.472357E-06    7.511515E-06
   8.144269E-06    8.238951E-06    7.869664E-06    7.784295E-06    7.515754E-06    7.032338E-06    6.921695E-06    6.682045E-06    6.529700E-06    6.830282E-06    6.784999E-06    7.523645E-06    6.659970E-06    6.983261E-06    8.089925E-06    8.004393E-06    8.211668E-06    7.446056E-06    7.254241E-06    7.367609E-06
   8.496600E-06    8.216339E-06    7.674415E-06    7.311230E-06    7.019394E-06    7.328080E-06    7.440187E-06    7.117813E-06    6.933769E-06    6.899694E-06    7.276630E-06    8.130760E-06    7.800639E-06    8.187088E-06    8.528152E-06    8.278196E-06    8.749692E-06    8.540526E-06    8.280638E-06    7.474859E-06
   8.496600E-06    8.496600E-06    7.680478E-06    7.435021E-06    7.339207E-06    7.702686E-06    7.662920E-06    7.136422E-06    6.880618E-06    7.555118E-06    8.527368E-06    7.857112E-06    7.452368E-06    7.525900E-06    7.957737E-06    7.866013E-06    8.242579E-06    8.438111E-06    7.907558E-06    7.916356E-06
   8.496600E-06    8.496600E-06    8.496600E-06    8.106275E-06    7.793465E-06    7.426215E-06    7.724257E-06    7.616004E-06    7.357327E-06    7.483342E-06    8.180205E-06    7.397286E-06    7.845152E-06    6.911255E-06    7.008561E-06    7.848076E-06    8.171234E-06    8.663480E-06    8.402566E-06    8.117628E-06
   8.496600E-06    8.496600E-06    8.496600E-06    8.496600E-06    7.973914E-06    7.369086E-06    6.910531E-06    7.329740E-06    7.241932E-06    6.885920E-06    7.210842E-06    7.153378E-06    6.968871E-06    7.484398E-06    8.103112E-06    8.162127E-06    8.461825E-06    9.199973E-06    8.692753E-06    8.496600E-06
   8.496600E-06    8.496600E-06    8.496600E-06    8.496600E-06    7.939547E-06    7.580651E-06    7.107276E-06    6.830618E-06    7.643817E-06    6.996175E-06    6.846989E-06    6.884785E-06    7.027061E-06    7.941035E-06    8.763090E-06    8.774642E-06    8.280635E-06    8.688198E-06    8.262318E-06    8.496600E-06
   8.496600E-06    8.496600E-06    8.496600E-06    8.496600E-06    8.496600E-06    7.709608E-06    7.477759E-06    7.457296E-06    7.685364E-06    7.214251E-06    7.350341E-06    7.616633E-06    7.235796E-06    8.011191E-06    8.603240E-06    8.766971E-06    8.228174E-06    8.864732E-06    8.496600E-06    8.496600E-06
   8.496600E-06    8.496600E-06    8.496600E-06    8.496600E-06    8.496600E-06    7.305016E-06    7.513764E-06    8.170571E-06    8.184800E-06    7.551367E-06    7.862455E-06    7.567307E-06    7.714115E-06    8.165858E-06    7.834354E-06    8.430663E-06    9.211228E-06    8.496600E-06    8.496600E-06    8.496600E-06
   8.496600E-06    8.496600E-06    8.496600E-06    8.496600E-06    8.496600E-06    7.570718E-06    7.706721E-06    7.815125E-06    8.130735E-06    8.102454E-06    8.071760E-06    8.079369E-06    8.285307E-06    7.642494E-06    7.654772E-06    7.816759E-06    8.496600E-06    8.496600E-06    8.496600E-06    8.496600E-06
