   1.337535E-04    1.433047E-04    1.366786E-04    1.376703E-04    1.379179E-04    1.431558E-04    1.431104E-04    1.341283E-04    1.388528E-04    1.333403E-04    1.434307E-04    1.484970E-04    1.622487E-04    1.705395E-04    1.706417E-04    1.498803E-04    1.637164E-04    1.591660E-04    1.524485E-04    1.450007E-04
   1.451873E-04    1.530367E-04    1.449117E-04    1.427104E-04    1.423243E-04    1.325502E-04    1.380461E-04    1.329608E-04    1.282634E-04    1.390336E-04    1.422759E-04    1.402714E-04    1.373573E-04    1.513468E-04    1.661166E-04    1.448124E-04    1.540701E-04    1.532894E-04    1.564759E-04    1.525481E-04
   1.483802E-04    1.535557E-04    1.593313E-04    1.453782E-04    1.251632E-04    1.298777E-04    1.304516E-04    1.373358E-04    1.301683E-04    1.428239E-04    1.436991E-04    1.416089E-04    1.303400E-04    1.412081E-04    1.422379E-04    1.397703E-04    1.497319E-04    1.572204E-04    1.510861E-04    1.489282E-04
   1.447027E-04    1.529665E-04    1.442228E-04    1.263824E-04    1.165239E-04    1.211492E-04    1.232738E-04    1.330028E-04    1.376773E-04    1.273570E-04    1.314776E-04    1.308809E-04    1.256242E-04    1.260423E-04    1.268730E-04    1.415411E-04    1.344148E-04    1.375320E-04    1.454197E-04    1.400408E-04
   1.376489E-04    1.365704E-04    1.354767E-04    1.272441E-04    1.236394E-04    1.239663E-04    1.251296E-04    1.323744E-04    1.200424E-04    1.156080E-04    1.268242E-04    1.293488E-04    1.288850E-04    1.334118E-04    1.285990E-04    1.316920E-04    1.348994E-04    1.255154E-04    1.309717E-04    1.293534E-04
   1.358529E-04    1.350147E-04    1.260657E-04    1.267290E-04    1.372256E-04    1.216632E-04    1.291977E-04    1.189111E-04    1.183822E-04    1.303032E-04    1.350118E-04    1.344097E-04    1.372475E-04    1.404131E-04    1.191292E-04    1.176345E-04    1.153383E-04    1.233997E-04    1.253670E-04    1.232180E-04
   1.326245E-04    1.242278E-04    1.283424E-04    1.175472E-04    1.172294E-04    1.221562E-04    1.191671E-04    1.172000E-04    1.240491E-04    1.348840E-04    1.328243E-04    1.328804E-04    1.309222E-04    1.324451E-04    1.183938E-04    1.127714E-04    1.142403E-04    1.171898E-04    1.171742E-04    1.111517E-04
   1.266206E-04    1.187478E-04    1.240694E-04    1.201544E-04    1.212593E-04    1.267259E-04    1.239268E-04    1.193982E-04    1.261132E-04    1.362043E-04    1.336832E-04    1.397162E-04    1.338818E-04    1.259035E-04    1.224808E-04    1.220722E-04    1.198671E-04    1.176699E-04    1.171260E-04    1.165042E-04
   1.088342E-04    1.071761E-04    1.143742E-04    1.222364E-04    1.289380E-04    1.289380E-04    1.289380E-04    1.319311E-04    1.365889E-04    1.415679E-04    1.378616E-04    1.448178E-04    1.301756E-04    1.246394E-04    1.172778E-04    1.050711E-04    1.049880E-04    1.198698E-04    1.114481E-04    1.084613E-04
   1.094512E-04    1.169408E-04    1.209154E-04    1.297523E-04    1.289380E-04    1.289380E-04    1.289380E-04    1.289380E-04    1.408418E-04    1.457466E-04    1.393502E-04    1.334101E-04    1.183259E-04    1.210042E-04    1.125483E-04    1.130180E-04    1.095118E-04    1.135474E-04    1.113876E-04    1.207571E-04
   1.000483E-04    1.137585E-04    1.252247E-04    1.412897E-04    1.289380E-04    1.289380E-04    1.289380E-04    1.289380E-04    1.326881E-04    1.350245E-04    1.479263E-04    1.343452E-04    1.262545E-04    1.258096E-04    1.253992E-04    1.197640E-04    1.107656E-04    1.053532E-04    1.040401E-04    1.062296E-04
   1.110470E-04    1.224268E-04    1.334373E-04    1.514471E-04    1.289380E-04    1.289380E-04    1.289380E-04    1.289380E-04    1.347690E-04    1.334412E-04    1.392406E-04    1.258259E-04    1.180746E-04    1.207525E-04    1.288456E-04    1.234721E-04    1.089601E-04    1.109393E-04    1.000548E-04    1.041419E-04
   1.209930E-04    1.206416E-04    1.322063E-04    1.381070E-04    1.289380E-04    1.289380E-04    1.289380E-04    1.289380E-04    1.287447E-04    1.281069E-04    1.262375E-04    1.332350E-04    1.301813E-04    1.321551E-04    1.309492E-04    1.095417E-04    1.097338E-04    1.090269E-04    1.116760E-04    1.079792E-04
   1.365354E-04    1.219169E-04    1.306602E-04    1.372112E-04    1.289380E-04    1.289380E-04    1.289380E-04    1.289380E-04    1.454280E-04    1.384110E-04    1.313587E-04    1.372559E-04    1.379427E-04    1.311194E-04    1.363388E-04    1.185896E-04    1.133316E-04    1.188873E-04    1.149995E-04    1.211566E-04
   1.439251E-04    1.251981E-04    1.274119E-04    1.284806E-04    1.289380E-04    1.289380E-04    1.289380E-04    1.289380E-04    1.438411E-04    1.442374E-04    1.348827E-04    1.330115E-04    1.458446E-04    1.449140E-04    1.410868E-04    1.323362E-04    1.198044E-04    1.240250E-04    1.212682E-04    1.282225E-04
   1.381787E-04    1.375525E-04    1.377182E-04    1.479413E-04    1.289380E-04    1.289380E-04    1.289380E-04    1.289380E-04    1.507614E-04    1.345386E-04    1.371763E-04    1.412343E-04    1.585482E-04    1.400647E-04    1.370502E-04    1.379470E-04    1.324323E-04    1.331837E-04    1.340622E-04    1.303855E-04
   1.409093E-04    1.431414E-04    1.367718E-04    1.463370E-04    1.289380E-04    1.289380E-04    1.289380E-04    1.289380E-04    1.391961E-04    1.422196E-04    1.594231E-04    1.536572E-04    1.528792E-04    1.323484E-04    1.293693E-04    1.278112E-04    1.339771E-04    1.315541E-04    1.327867E-04    1.321939E-04
   1.483508E-04    1.353746E-04    1.358370E-04    1.310397E-04    1.289380E-04    1.289380E-04    1.289380E-04    1.289380E-04    1.359180E-04    1.399797E-04    1.477973E-04    1.531202E-04    1.457888E-04    1.388825E-04    1.330023E-04    1.292233E-04    1.335201E-04    1.307328E-04    1.339300E-04    1.366995E-04
   1.406404E-04    1.396547E-04    1.299427E-04    1.285108E-04    1.289380E-04    1.289380E-04    1.289380E-04    1.289380E-04    1.302386E-04    1.340663E-04    1.458403E-04    1.495985E-04    1.439444E-04    1.362493E-04    1.438973E-04    1.231535E-04    1.290155E-04    1.330638E-04    1.376029E-04    1.413302E-04
   1.335727E-04    1.344692E-04    1.296259E-04    1.349126E-04    1.289380E-04    1.289380E-04    1.289380E-04    1.289380E-04    1.285662E-04    1.456052E-04    1.389949E-04    1.483542E-04    1.349957E-04    1.388454E-04    1.359202E-04    1.213536E-04    1.154331E-04    1.195419E-04    1.219875E-04    1.334689E-04
   1.304922E-04    1.361367E-04    1.346866E-04    1.476167E-04    1.289380E-04    1.289380E-04    1.289380E-04    1.289380E-04    1.375710E-04    1.454155E-04    1.515990E-04    1.523320E-04    1.448987E-04    1.513803E-04    1.317573E-04    1.125617E-04    1.138052E-04    1.247612E-04    1.187213E-04    1.164116E-04
   1.345230E-04    1.407751E-04    1.377471E-04    1.337618E-04    1.289380E-04    1.289380E-04    1.366608E-04    1.281135E-04    1.427277E-04    1.347968E-04    1.426864E-04    1.551401E-04    1.544640E-04    1.545343E-04    1.428726E-04    1.232313E-04    1.230358E-04    1.282553E-04    1.230807E-04    1.230292E-04
   1.240052E-04    1.454014E-04    1.439036E-04    1.254166E-04    1.311740E-04    1.289380E-04    1.420360E-04    1.440963E-04    1.317638E-04    1.436859E-04    1.453276E-04    1.420578E-04    1.475420E-04    1.405218E-04    1.377471E-04    1.299413E-04    1.329706E-04    1.348395E-04    1.311424E-04    1.208930E-04
   1.220863E-04    1.427530E-04    1.353115E-04    1.365127E-04    1.218117E-04    1.276607E-04    1.335930E-04    1.347004E-04    1.292532E-04    1.360057E-04    1.393376E-04    1.258561E-04    1.247758E-04    1.368371E-04    1.258646E-04    1.263264E-04    1.314653E-04    1.285043E-04    1.206036E-04    1.215158E-04
   1.269490E-04    1.275457E-04    1.220771E-04    1.314932E-04    1.248077E-04    1.354634E-04    1.270860E-04    1.355373E-04    1.237024E-04    1.271517E-04    1.363490E-04    1.307663E-04    1.394498E-04    1.300377E-04    1.266175E-04    1.128010E-04    1.134889E-04    1.190283E-04    1.168766E-04    1.104825E-04
   1.253353E-04    1.229410E-04    1.220259E-04    1.198276E-04    1.300606E-04    1.292871E-04    1.279247E-04    1.265198E-04    1.212712E-04    1.315790E-04    1.274154E-04    1.441194E-04    1.246200E-04    1.360803E-04    1.208002E-04    1.117961E-04    1.124803E-04    1.108059E-04    1.138177E-04    1.112679E-04
   1.114471E-04    1.185944E-04    1.154464E-04    1.314622E-04    1.281332E-04    1.280567E-04    1.230087E-04    1.249562E-04    1.218533E-04    1.294940E-04    1.350328E-04    1.278340E-04    1.232503E-04    1.325687E-04    1.198642E-04    1.148891E-04    1.225416E-04    1.143694E-04    1.110644E-04    1.168752E-04
   1.042507E-04    1.133338E-04    1.155149E-04    1.192657E-04    1.321856E-04    1.314943E-04    1.217381E-04    1.206951E-04    1.182022E-04    1.116722E-04    1.232206E-04    1.268753E-04    1.235577E-04    1.179137E-04    1.168632E-04    1.145550E-04    1.215075E-04    1.225936E-04    1.087199E-04    1.099604E-04
   1.093239E-04    1.169921E-04    1.140489E-04    1.161102E-04    1.167978E-04    1.165556E-04    1.090209E-04    1.094255E-04    1.025983E-04    1.106161E-04    1.194421E-04    1.266455E-04    1.142649E-04    1.151065E-04    1.219247E-04    1.181323E-04    1.138710E-04    1.128866E-04    1.145009E-04    1.116330E-04
   1.268819E-04    1.296745E-04    1.275578E-04    1.270201E-04    1.236780E-04    1.151579E-04    1.084947E-04    9.679719E-05    9.750771E-05    9.990709E-05    1.115508E-04    1.256421E-04    1.103982E-04    1.107103E-04    1.104556E-04    1.098428E-04    1.144272E-04    1.246344E-04    1.203660E-04    1.194638E-04
   1.284149E-04    1.345121E-04    1.254584E-04    1.172643E-04    1.244249E-04    1.172181E-04    1.057652E-04    1.030375E-04    9.605052E-05    1.006653E-04    1.090618E-04    1.151192E-04    1.146165E-04    1.070381E-04    1.127097E-04    1.152438E-04    1.098437E-04    1.182589E-04    1.171061E-04    1.177198E-04
   1.276362E-04    1.291201E-04    1.233327E-04    1.219948E-04    1.177862E-04    1.102102E-04    1.084762E-04    1.047204E-04    1.023329E-04    1.070436E-04    1.063339E-04    1.179099E-04    1.043744E-04    1.094410E-04    1.267846E-04    1.254441E-04    1.286925E-04    1.166939E-04    1.136878E-04    1.154645E-04
   1.289380E-04    1.287657E-04    1.202727E-04    1.145809E-04    1.100073E-04    1.148450E-04    1.166019E-04    1.115497E-04    1.086654E-04    1.081314E-04    1.140387E-04    1.274245E-04    1.222509E-04    1.283073E-04    1.336524E-04    1.297351E-04    1.371244E-04    1.338463E-04    1.297734E-04    1.171453E-04
   1.289380E-04    1.289380E-04    1.203678E-04    1.165210E-04    1.150194E-04    1.207158E-04    1.200926E-04    1.118414E-04    1.078324E-04    1.184031E-04    1.336401E-04    1.231359E-04    1.167928E-04    1.179452E-04    1.247129E-04    1.232754E-04    1.291769E-04    1.322413E-04    1.239265E-04    1.240644E-04
   1.289380E-04    1.289380E-04    1.289380E-04    1.270408E-04    1.221385E-04    1.163830E-04    1.210539E-04    1.193573E-04    1.153034E-04    1.172783E-04    1.281994E-04    1.159296E-04    1.229485E-04    1.083126E-04    1.098375E-04    1.229943E-04    1.280588E-04    1.357733E-04    1.316843E-04    1.272187E-04
   1.289380E-04    1.289380E-04    1.289380E-04    1.289380E-04    1.249665E-04    1.154876E-04    1.083012E-04    1.148710E-04    1.134949E-04    1.079155E-04    1.130077E-04    1.121071E-04    1.092155E-04    1.172948E-04    1.269912E-04    1.279161E-04    1.326130E-04    1.441811E-04    1.362320E-04    1.289380E-04
   1.289380E-04    1.289380E-04    1.289380E-04    1.289380E-04    1.244279E-04    1.188033E-04    1.113846E-04    1.070488E-04    1.197932E-04    1.096434E-04    1.073054E-04    1.078977E-04    1.101275E-04    1.244512E-04    1.373344E-04    1.375154E-04    1.297734E-04    1.361607E-04    1.294863E-04    1.289380E-04
   1.289380E-04    1.289380E-04    1.289380E-04    1.289380E-04    1.289380E-04    1.208243E-04    1.171908E-04    1.168701E-04    1.204443E-04    1.130611E-04    1.151939E-04    1.193672E-04    1.133987E-04    1.255507E-04    1.348292E-04    1.373952E-04    1.289512E-04    1.389273E-04    1.289380E-04    1.289380E-04
   1.289380E-04    1.289380E-04    1.289380E-04    1.289380E-04    1.289380E-04    1.144835E-04    1.177550E-04    1.280485E-04    1.282714E-04    1.183443E-04    1.232197E-04    1.185942E-04    1.208949E-04    1.279746E-04    1.227793E-04    1.321246E-04    1.443575E-04    1.289380E-04    1.289380E-04    1.289380E-04
   1.289380E-04    1.289380E-04    1.289380E-04    1.289380E-04    1.289380E-04    1.186476E-04    1.207790E-04    1.224779E-04    1.274241E-04    1.269809E-04    1.264999E-04    1.266191E-04    1.298466E-04    1.197725E-04    1.199649E-04    1.225035E-04    1.289380E-04    1.289380E-04    1.289380E-04    1.289380E-04
