   1.289758E-04    1.381858E-04    1.317964E-04    1.327527E-04    1.329914E-04    1.380422E-04    1.379985E-04    1.293372E-04    1.338930E-04    1.285774E-04    1.383074E-04    1.431927E-04    1.564532E-04    1.644478E-04    1.645464E-04    1.445266E-04    1.578685E-04    1.534806E-04    1.470030E-04    1.398213E-04
   1.400012E-04    1.475702E-04    1.397354E-04    1.376128E-04    1.372405E-04    1.278155E-04    1.331151E-04    1.282114E-04    1.236818E-04    1.340673E-04    1.371937E-04    1.352609E-04    1.324509E-04    1.459407E-04    1.601829E-04    1.396397E-04    1.485667E-04    1.478139E-04    1.508866E-04    1.470990E-04
   1.430801E-04    1.480707E-04    1.536400E-04    1.401853E-04    1.206924E-04    1.252384E-04    1.257919E-04    1.324302E-04    1.255186E-04    1.377223E-04    1.385662E-04    1.365506E-04    1.256843E-04    1.361641E-04    1.371572E-04    1.347777E-04    1.443834E-04    1.516045E-04    1.456893E-04    1.436084E-04
   1.395339E-04    1.475025E-04    1.390712E-04    1.218681E-04    1.123616E-04    1.168217E-04    1.188705E-04    1.282519E-04    1.327594E-04    1.228078E-04    1.267812E-04    1.262058E-04    1.211369E-04    1.215400E-04    1.223411E-04    1.364852E-04    1.296135E-04    1.326194E-04    1.402253E-04    1.350386E-04
   1.327321E-04    1.316921E-04    1.306375E-04    1.226990E-04    1.192230E-04    1.195382E-04    1.206600E-04    1.276460E-04    1.157545E-04    1.114785E-04    1.222940E-04    1.247285E-04    1.242812E-04    1.286463E-04    1.240055E-04    1.269879E-04    1.300808E-04    1.210320E-04    1.262934E-04    1.247329E-04
   1.310002E-04    1.301920E-04    1.215626E-04    1.222023E-04    1.323239E-04    1.173174E-04    1.245828E-04    1.146636E-04    1.141535E-04    1.256487E-04    1.301892E-04    1.296086E-04    1.323450E-04    1.353976E-04    1.148739E-04    1.134326E-04    1.112184E-04    1.189918E-04    1.208889E-04    1.188166E-04
   1.278871E-04    1.197903E-04    1.237580E-04    1.133484E-04    1.130420E-04    1.177928E-04    1.149104E-04    1.130137E-04    1.196181E-04    1.300659E-04    1.280798E-04    1.281339E-04    1.262457E-04    1.277141E-04    1.141648E-04    1.087432E-04    1.101596E-04    1.130037E-04    1.129887E-04    1.071813E-04
   1.220977E-04    1.145061E-04    1.196376E-04    1.158625E-04    1.169279E-04    1.221993E-04    1.195002E-04    1.151333E-04    1.216084E-04    1.313391E-04    1.289080E-04    1.347255E-04    1.290995E-04    1.214062E-04    1.181058E-04    1.177118E-04    1.155855E-04    1.134668E-04    1.129422E-04    1.123427E-04
   1.049466E-04    1.033478E-04    1.102888E-04    1.178701E-04    1.209585E-04    1.209585E-04    1.209585E-04    1.272185E-04    1.317099E-04    1.365111E-04    1.329372E-04    1.396449E-04    1.255257E-04    1.201872E-04    1.130886E-04    1.013180E-04    1.012378E-04    1.155881E-04    1.074672E-04    1.045870E-04
   1.055416E-04    1.127637E-04    1.165963E-04    1.251176E-04    1.209585E-04    1.209585E-04    1.209585E-04    1.209585E-04    1.358109E-04    1.405405E-04    1.343726E-04    1.286447E-04    1.140993E-04    1.166819E-04    1.085280E-04    1.089810E-04    1.056000E-04    1.094914E-04    1.074089E-04    1.164437E-04
   9.647461E-05    1.096951E-04    1.207516E-04    1.362428E-04    1.209585E-04    1.209585E-04    1.209585E-04    1.209585E-04    1.279485E-04    1.302014E-04    1.426424E-04    1.295464E-04    1.217447E-04    1.213157E-04    1.209199E-04    1.154860E-04    1.068091E-04    1.015900E-04    1.003238E-04    1.024351E-04
   1.070804E-04    1.180537E-04    1.286709E-04    1.460374E-04    1.209585E-04    1.209585E-04    1.209585E-04    1.209585E-04    1.299550E-04    1.286747E-04    1.342669E-04    1.213314E-04    1.138570E-04    1.164392E-04    1.242432E-04    1.190617E-04    1.050680E-04    1.069765E-04    9.648079E-05    1.004219E-04
   1.166711E-04    1.163323E-04    1.274839E-04    1.331738E-04    1.209585E-04    1.209585E-04    1.209585E-04    1.209585E-04    1.241459E-04    1.235309E-04    1.217283E-04    1.284758E-04    1.255312E-04    1.274345E-04    1.262717E-04    1.056289E-04    1.058141E-04    1.051325E-04    1.076869E-04    1.041222E-04
   1.316583E-04    1.175620E-04    1.259930E-04    1.323100E-04    1.209585E-04    1.209585E-04    1.209585E-04    1.209585E-04    1.402333E-04    1.334669E-04    1.266666E-04    1.323531E-04    1.330153E-04    1.264358E-04    1.314688E-04    1.143535E-04    1.092834E-04    1.146406E-04    1.108917E-04    1.168288E-04
   1.387841E-04    1.207260E-04    1.228607E-04    1.238912E-04    1.209585E-04    1.209585E-04    1.209585E-04    1.209585E-04    1.387031E-04    1.390852E-04    1.300647E-04    1.282603E-04    1.406350E-04    1.397376E-04    1.360471E-04    1.276092E-04    1.155250E-04    1.195948E-04    1.169364E-04    1.236424E-04
   1.332429E-04    1.326391E-04    1.327989E-04    1.426568E-04    1.209585E-04    1.209585E-04    1.209585E-04    1.209585E-04    1.453762E-04    1.297329E-04    1.322763E-04    1.361894E-04    1.528849E-04    1.350616E-04    1.321547E-04    1.330195E-04    1.277018E-04    1.284263E-04    1.292734E-04    1.257281E-04
   1.358760E-04    1.380284E-04    1.318863E-04    1.411098E-04    1.209585E-04    1.209585E-04    1.209585E-04    1.209585E-04    1.342240E-04    1.371395E-04    1.537285E-04    1.481685E-04    1.474184E-04    1.276209E-04    1.247482E-04    1.232457E-04    1.291915E-04    1.268550E-04    1.280436E-04    1.274720E-04
   1.430517E-04    1.305390E-04    1.309849E-04    1.263589E-04    1.209585E-04    1.209585E-04    1.209585E-04    1.209585E-04    1.310630E-04    1.349796E-04    1.425180E-04    1.476507E-04    1.405812E-04    1.339216E-04    1.282514E-04    1.246075E-04    1.287508E-04    1.260630E-04    1.291460E-04    1.318166E-04
   1.356167E-04    1.346662E-04    1.253012E-04    1.239204E-04    1.209585E-04    1.209585E-04    1.209585E-04    1.209585E-04    1.255864E-04    1.292774E-04    1.406308E-04    1.442549E-04    1.388027E-04    1.313825E-04    1.387573E-04    1.187545E-04    1.244070E-04    1.283107E-04    1.326877E-04    1.362819E-04
   1.288015E-04    1.296660E-04    1.249957E-04    1.300935E-04    1.209585E-04    1.209585E-04    1.209585E-04    1.209585E-04    1.239738E-04    1.404042E-04    1.340300E-04    1.430550E-04    1.301737E-04    1.338858E-04    1.310651E-04    1.170188E-04    1.113098E-04    1.152718E-04    1.176301E-04    1.287014E-04
   1.258310E-04    1.312739E-04    1.298756E-04    1.423438E-04    1.209585E-04    1.209585E-04    1.209585E-04    1.209585E-04    1.326570E-04    1.402212E-04    1.461838E-04    1.468907E-04    1.397229E-04    1.459730E-04    1.270509E-04    1.085410E-04    1.097400E-04    1.203047E-04    1.144806E-04    1.122533E-04
   1.297179E-04    1.357466E-04    1.328267E-04    1.289838E-04    1.209585E-04    1.209585E-04    1.317793E-04    1.235372E-04    1.376294E-04    1.299819E-04    1.375896E-04    1.495985E-04    1.489465E-04    1.490144E-04    1.377692E-04    1.188295E-04    1.186410E-04    1.236740E-04    1.186843E-04    1.186346E-04
   1.195757E-04    1.402077E-04    1.387634E-04    1.209367E-04    1.264885E-04    1.209585E-04    1.369625E-04    1.389492E-04    1.270572E-04    1.385534E-04    1.401365E-04    1.369835E-04    1.422718E-04    1.355024E-04    1.328267E-04    1.252998E-04    1.282208E-04    1.300230E-04    1.264579E-04    1.165746E-04
   1.177254E-04    1.376539E-04    1.304782E-04    1.316365E-04    1.174606E-04    1.231006E-04    1.288210E-04    1.298889E-04    1.246363E-04    1.311476E-04    1.343605E-04    1.213605E-04    1.203188E-04    1.319493E-04    1.213687E-04    1.218140E-04    1.267693E-04    1.239141E-04    1.162956E-04    1.171752E-04
   1.224144E-04    1.229898E-04    1.177165E-04    1.267962E-04    1.203496E-04    1.306247E-04    1.225465E-04    1.306959E-04    1.192838E-04    1.226098E-04    1.314786E-04    1.260953E-04    1.344686E-04    1.253928E-04    1.220947E-04    1.087717E-04    1.094351E-04    1.147766E-04    1.127017E-04    1.065361E-04
   1.208583E-04    1.185495E-04    1.176671E-04    1.155473E-04    1.254148E-04    1.246689E-04    1.233552E-04    1.220005E-04    1.169394E-04    1.268790E-04    1.228641E-04    1.389715E-04    1.201686E-04    1.312195E-04    1.164852E-04    1.078027E-04    1.084625E-04    1.068479E-04    1.097521E-04    1.072934E-04
   1.074662E-04    1.143582E-04    1.113226E-04    1.267664E-04    1.235563E-04    1.234825E-04    1.186148E-04    1.204928E-04    1.175007E-04    1.248684E-04    1.302095E-04    1.232678E-04    1.188478E-04    1.278333E-04    1.155826E-04    1.107853E-04    1.181644E-04    1.102841E-04    1.070972E-04    1.127004E-04
   1.005269E-04    1.092855E-04    1.113887E-04    1.150056E-04    1.274639E-04    1.267973E-04    1.173896E-04    1.163839E-04    1.139800E-04    1.076832E-04    1.188191E-04    1.223433E-04    1.191442E-04    1.137019E-04    1.126888E-04    1.104630E-04    1.171673E-04    1.182145E-04    1.048364E-04    1.060326E-04
   1.054188E-04    1.128131E-04    1.099751E-04    1.119628E-04    1.126258E-04    1.123922E-04    1.051267E-04    1.055168E-04    9.893348E-05    1.066649E-04    1.151756E-04    1.221217E-04    1.101834E-04    1.109949E-04    1.175696E-04    1.139126E-04    1.098036E-04    1.088543E-04    1.104110E-04    1.076455E-04
   1.223496E-04    1.250425E-04    1.230014E-04    1.224830E-04    1.192603E-04    1.110444E-04    1.046193E-04    9.333959E-05    9.402473E-05    9.633840E-05    1.075662E-04    1.211541E-04    1.064548E-04    1.067557E-04    1.065101E-04    1.059192E-04    1.103398E-04    1.201824E-04    1.160665E-04    1.151966E-04
   1.238280E-04    1.297073E-04    1.209770E-04    1.130756E-04    1.199804E-04    1.130310E-04    1.019873E-04    9.935695E-05    9.261958E-05    9.706954E-05    1.051661E-04    1.110071E-04    1.105224E-04    1.032147E-04    1.086837E-04    1.111273E-04    1.059200E-04    1.140347E-04    1.129231E-04    1.135148E-04
   1.230771E-04    1.245079E-04    1.189272E-04    1.176371E-04    1.135789E-04    1.062734E-04    1.046014E-04    1.009798E-04    9.867752E-05    1.032200E-04    1.025356E-04    1.136981E-04    1.006462E-04    1.055318E-04    1.222558E-04    1.209632E-04    1.240956E-04    1.125256E-04    1.096269E-04    1.113401E-04
   1.209585E-04    1.241662E-04    1.159766E-04    1.104881E-04    1.060778E-04    1.107427E-04    1.124369E-04    1.075652E-04    1.047839E-04    1.042689E-04    1.099652E-04    1.228729E-04    1.178841E-04    1.237242E-04    1.288783E-04    1.251010E-04    1.322263E-04    1.290653E-04    1.251379E-04    1.129609E-04
   1.209585E-04    1.209585E-04    1.160682E-04    1.123588E-04    1.109109E-04    1.164038E-04    1.158029E-04    1.078464E-04    1.039806E-04    1.141738E-04    1.288665E-04    1.187375E-04    1.126210E-04    1.137322E-04    1.202582E-04    1.188720E-04    1.245627E-04    1.275176E-04    1.194999E-04    1.196328E-04
   1.209585E-04    1.209585E-04    1.209585E-04    1.225029E-04    1.177757E-04    1.122258E-04    1.167298E-04    1.150939E-04    1.111847E-04    1.130891E-04    1.236201E-04    1.117886E-04    1.185568E-04    1.044436E-04    1.059141E-04    1.186010E-04    1.234846E-04    1.309234E-04    1.269805E-04    1.226745E-04
   1.209585E-04    1.209585E-04    1.209585E-04    1.209585E-04    1.205026E-04    1.113624E-04    1.044327E-04    1.107678E-04    1.094409E-04    1.040608E-04    1.089710E-04    1.081026E-04    1.053143E-04    1.131050E-04    1.224551E-04    1.233469E-04    1.278760E-04    1.390310E-04    1.313658E-04    1.209585E-04
   1.209585E-04    1.209585E-04    1.209585E-04    1.209585E-04    1.199833E-04    1.145596E-04    1.074059E-04    1.032250E-04    1.155142E-04    1.057270E-04    1.034724E-04    1.040436E-04    1.061937E-04    1.200058E-04    1.324288E-04    1.326033E-04    1.251378E-04    1.312970E-04    1.248610E-04    1.209585E-04
   1.209585E-04    1.209585E-04    1.209585E-04    1.209585E-04    1.209585E-04    1.165084E-04    1.130047E-04    1.126955E-04    1.161420E-04    1.090225E-04    1.110791E-04    1.151034E-04    1.093481E-04    1.210660E-04    1.300131E-04    1.324874E-04    1.243451E-04    1.339648E-04    1.209585E-04    1.209585E-04
   1.209585E-04    1.209585E-04    1.209585E-04    1.209585E-04    1.209585E-04    1.103942E-04    1.135488E-04    1.234746E-04    1.236896E-04    1.141171E-04    1.188183E-04    1.143580E-04    1.165765E-04    1.234033E-04    1.183936E-04    1.274051E-04    1.392011E-04    1.209585E-04    1.209585E-04    1.209585E-04
   1.209585E-04    1.209585E-04    1.209585E-04    1.209585E-04    1.209585E-04    1.144095E-04    1.164648E-04    1.181030E-04    1.228725E-04    1.224452E-04    1.219813E-04    1.220963E-04    1.252084E-04    1.154942E-04    1.156797E-04    1.181277E-04    1.209585E-04    1.209585E-04    1.209585E-04    1.209585E-04
