   3.663457E+01    3.660671E+01    3.655201E+01    3.647855E+01    3.638693E+01    3.627695E+01    3.615834E+01    3.603194E+01    3.589716E+01    3.575067E+01    3.559521E+01    3.543190E+01    3.525341E+01    3.505511E+01    3.483665E+01    3.460565E+01    3.467286E+01    3.471979E+01    3.474725E+01    3.476022E+01
   3.664042E+01    3.661337E+01    3.655821E+01    3.647954E+01    3.638355E+01    3.627193E+01    3.615262E+01    3.602568E+01    3.588732E+01    3.573933E+01    3.558330E+01    3.541702E+01    3.523567E+01    3.504284E+01    3.483201E+01    3.459764E+01    3.466472E+01    3.471058E+01    3.473886E+01    3.475242E+01
   3.665038E+01    3.662260E+01    3.656612E+01    3.648240E+01    3.638043E+01    3.626634E+01    3.614317E+01    3.601180E+01    3.586974E+01    3.571968E+01    3.555984E+01    3.538636E+01    3.520618E+01    3.502208E+01    3.481863E+01    3.459367E+01    3.464992E+01    3.469242E+01    3.472038E+01    3.473390E+01
   3.666450E+01    3.663553E+01    3.657512E+01    3.648805E+01    3.638084E+01    3.626022E+01    3.612913E+01    3.598867E+01    3.584077E+01    3.568592E+01    3.552474E+01    3.535165E+01    3.517293E+01    3.498949E+01    3.478906E+01    3.456751E+01    3.462169E+01    3.466253E+01    3.468955E+01    3.470345E+01
   3.668536E+01    3.665535E+01    3.659214E+01    3.649905E+01    3.638401E+01    3.625367E+01    3.610901E+01    3.595785E+01    3.580478E+01    3.564595E+01    3.548064E+01    3.530613E+01    3.512989E+01    3.494957E+01    3.475411E+01    3.453803E+01    3.458456E+01    3.462163E+01    3.464779E+01    3.466205E+01
   3.671299E+01    3.668220E+01    3.661823E+01    3.651946E+01    3.639147E+01    3.624409E+01    3.608454E+01    3.591788E+01    3.575337E+01    3.559103E+01    3.542613E+01    3.525346E+01    3.507653E+01    3.489850E+01    3.470781E+01    3.450207E+01    3.453589E+01    3.456988E+01    3.459641E+01    3.461032E+01
   3.674884E+01    3.671883E+01    3.665672E+01    3.655330E+01    3.640171E+01    3.623327E+01    3.605267E+01    3.586165E+01    3.568520E+01    3.552118E+01    3.536067E+01    3.518890E+01    3.501076E+01    3.483549E+01    3.464756E+01    3.444331E+01    3.447300E+01    3.450768E+01    3.453684E+01    3.455207E+01
   3.679123E+01    3.676709E+01    3.671476E+01    3.661819E+01    3.641710E+01    3.622671E+01    3.602290E+01    3.577913E+01    3.559347E+01    3.543335E+01    3.527699E+01    3.510813E+01    3.493399E+01    3.475776E+01    3.457016E+01    3.436895E+01    3.438744E+01    3.443108E+01    3.447056E+01    3.449162E+01
   3.683678E+01    3.682185E+01    3.679426E+01    3.676081E+01    1.000000E+30    1.000000E+30    1.000000E+30    3.563058E+01    3.545947E+01    3.531803E+01    3.516968E+01    3.500835E+01    3.484227E+01    3.466785E+01    3.448561E+01    3.428410E+01    3.425805E+01    3.434035E+01    3.440395E+01    3.443544E+01
   3.688090E+01    3.687461E+01    3.686317E+01    3.685118E+01    1.000000E+30    1.000000E+30    1.000000E+30    1.000000E+30    3.526130E+01    3.517647E+01    3.505357E+01    3.490542E+01    3.474450E+01    3.457154E+01    3.440415E+01    3.419683E+01    3.400852E+01    3.425262E+01    3.435534E+01    3.439707E+01
   3.691918E+01    3.691850E+01    3.691595E+01    3.691384E+01    1.000000E+30    1.000000E+30    1.000000E+30    1.000000E+30    3.511658E+01    3.505824E+01    3.495455E+01    3.481315E+01    3.464331E+01    3.444513E+01    3.434093E+01    3.421647E+01    3.420233E+01    3.428630E+01    3.434911E+01    3.438191E+01
   3.694822E+01    3.694926E+01    3.695034E+01    3.695192E+01    1.000000E+30    1.000000E+30    1.000000E+30    1.000000E+30    3.501722E+01    3.496954E+01    3.487586E+01    3.473693E+01    3.454168E+01    3.419532E+01    3.428178E+01    3.423083E+01    3.427053E+01    3.432072E+01    3.436072E+01    3.438326E+01
   3.696247E+01    3.696260E+01    3.696413E+01    3.696563E+01    1.000000E+30    1.000000E+30    1.000000E+30    1.000000E+30    3.494618E+01    3.490605E+01    3.482715E+01    3.471165E+01    3.456651E+01    3.440210E+01    3.433836E+01    3.426542E+01    3.430793E+01    3.434717E+01    3.437690E+01    3.439348E+01
   3.695906E+01    3.695834E+01    3.695891E+01    3.695939E+01    1.000000E+30    1.000000E+30    1.000000E+30    1.000000E+30    3.489927E+01    3.486538E+01    3.479870E+01    3.470627E+01    3.459350E+01    3.447581E+01    3.438230E+01    3.428855E+01    3.433126E+01    3.436658E+01    3.439176E+01    3.440616E+01
   3.693443E+01    3.693314E+01    3.693279E+01    3.693219E+01    1.000000E+30    1.000000E+30    1.000000E+30    1.000000E+30    3.486576E+01    3.483650E+01    3.478026E+01    3.470211E+01    3.460779E+01    3.450485E+01    3.440454E+01    3.430419E+01    3.434492E+01    3.437861E+01    3.440251E+01    3.441582E+01
   3.688507E+01    3.688393E+01    3.688298E+01    3.688461E+01    1.000000E+30    1.000000E+30    1.000000E+30    1.000000E+30    3.484040E+01    3.481388E+01    3.476364E+01    3.469232E+01    3.460770E+01    3.451165E+01    3.441047E+01    3.430801E+01    3.434898E+01    3.438265E+01    3.440640E+01    3.441869E+01
   3.681185E+01    3.681068E+01    3.680824E+01    3.680893E+01    1.000000E+30    1.000000E+30    1.000000E+30    1.000000E+30    3.481924E+01    3.479383E+01    3.474577E+01    3.467736E+01    3.459617E+01    3.450230E+01    3.439965E+01    3.429575E+01    3.434032E+01    3.437709E+01    3.440256E+01    3.441515E+01
   3.671208E+01    3.671027E+01    3.670734E+01    3.670420E+01    1.000000E+30    1.000000E+30    1.000000E+30    1.000000E+30    3.480132E+01    3.477565E+01    3.472598E+01    3.465802E+01    3.457569E+01    3.447801E+01    3.437287E+01    3.426663E+01    3.431992E+01    3.436172E+01    3.439130E+01    3.440592E+01
   3.658691E+01    3.658600E+01    3.658210E+01    3.657711E+01    1.000000E+30    1.000000E+30    1.000000E+30    1.000000E+30    3.478831E+01    3.476108E+01    3.470908E+01    3.463843E+01    3.454811E+01    3.443871E+01    3.432285E+01    3.423064E+01    3.429104E+01    3.433983E+01    3.437389E+01    3.439071E+01
   3.645006E+01    3.644408E+01    3.643679E+01    3.642973E+01    1.000000E+30    1.000000E+30    1.000000E+30    1.000000E+30    3.478360E+01    3.475271E+01    3.469633E+01    3.461979E+01    3.451500E+01    3.437901E+01    3.422657E+01    3.417777E+01    3.425725E+01    3.431466E+01    3.435241E+01    3.437170E+01
   3.629917E+01    3.628884E+01    3.627215E+01    3.625749E+01    1.000000E+30    1.000000E+30    1.000000E+30    1.000000E+30    3.479211E+01    3.475127E+01    3.468799E+01    3.460473E+01    3.448645E+01    3.430909E+01    3.401338E+01    3.411947E+01    3.423057E+01    3.429590E+01    3.433491E+01    3.435408E+01
   3.613536E+01    3.612065E+01    3.608878E+01    3.605402E+01    1.000000E+30    1.000000E+30    3.493874E+01    3.489251E+01    3.482084E+01    3.475367E+01    3.467964E+01    3.459384E+01    3.448354E+01    3.434484E+01    3.419813E+01    3.415634E+01    3.423174E+01    3.428732E+01    3.432324E+01    3.434088E+01
   3.596957E+01    3.594452E+01    3.589271E+01    3.580412E+01    3.564074E+01    1.000000E+30    3.496550E+01    3.490545E+01    3.482646E+01    3.474684E+01    3.466678E+01    3.458047E+01    3.447959E+01    3.436753E+01    3.425998E+01    3.418075E+01    3.423767E+01    3.428422E+01    3.431540E+01    3.433056E+01
   3.581116E+01    3.578168E+01    3.572066E+01    3.562184E+01    3.545896E+01    3.521902E+01    3.503058E+01    3.491630E+01    3.481747E+01    3.472722E+01    3.464065E+01    3.455561E+01    3.446545E+01    3.437200E+01    3.427620E+01    3.418233E+01    3.423621E+01    3.427857E+01    3.430661E+01    3.432077E+01
   3.567188E+01    3.564334E+01    3.558241E+01    3.548861E+01    3.534854E+01    3.517806E+01    3.502249E+01    3.489526E+01    3.478414E+01    3.468248E+01    3.458780E+01    3.451441E+01    3.444078E+01    3.436129E+01    3.427185E+01    3.417209E+01    3.422621E+01    3.426810E+01    3.429593E+01    3.430876E+01
   3.555226E+01    3.552497E+01    3.546735E+01    3.537771E+01    3.525249E+01    3.511109E+01    3.497142E+01    3.484609E+01    3.473138E+01    3.461393E+01    3.448999E+01    3.445058E+01    3.440403E+01    3.433798E+01    3.425250E+01    3.415566E+01    3.421022E+01    3.425307E+01    3.428158E+01    3.429453E+01
   3.544644E+01    3.542030E+01    3.536491E+01    3.527576E+01    3.515982E+01    3.502907E+01    3.489870E+01    3.478573E+01    3.467170E+01    3.453048E+01    3.428294E+01    3.437405E+01    3.436363E+01    3.430845E+01    3.422606E+01    3.412336E+01    3.418780E+01    3.423451E+01    3.426394E+01    3.427804E+01
   3.535523E+01    3.532804E+01    3.527021E+01    3.518051E+01    3.506678E+01    3.493486E+01    3.480812E+01    3.471634E+01    3.462689E+01    3.452679E+01    3.441462E+01    3.438548E+01    3.434641E+01    3.428478E+01    3.420179E+01    3.409656E+01    3.416570E+01    3.421379E+01    3.424385E+01    3.425928E+01
   3.527792E+01    3.524817E+01    3.518738E+01    3.509709E+01    3.497688E+01    3.482693E+01    3.466688E+01    3.462784E+01    3.458074E+01    3.451456E+01    3.444233E+01    3.438783E+01    3.433009E+01    3.426235E+01    3.417719E+01    3.407271E+01    3.414421E+01    3.419323E+01    3.422373E+01    3.423970E+01
   3.521592E+01    3.518466E+01    3.512230E+01    3.503016E+01    3.490295E+01    3.471449E+01    3.437792E+01    3.452733E+01    3.453306E+01    3.449022E+01    3.443201E+01    3.437171E+01    3.430695E+01    3.423525E+01    3.415306E+01    3.405743E+01    3.412661E+01    3.417502E+01    3.420546E+01    3.422155E+01
   3.516750E+01    3.513100E+01    3.506614E+01    3.498110E+01    3.487030E+01    3.472738E+01    3.457343E+01    3.454788E+01    3.451565E+01    3.446613E+01    3.440600E+01    3.434198E+01    3.427426E+01    3.420437E+01    3.413035E+01    3.404285E+01    3.411134E+01    3.415877E+01    3.418844E+01    3.420503E+01
   3.513496E+01    3.508281E+01    3.501812E+01    3.494054E+01    3.484365E+01    3.473288E+01    3.462582E+01    3.455772E+01    3.449950E+01    3.443703E+01    3.436996E+01    3.429957E+01    3.422899E+01    3.416656E+01    3.410340E+01    3.403001E+01    3.409647E+01    3.414401E+01    3.417392E+01    3.418992E+01
   1.000000E+30    3.503412E+01    3.497000E+01    3.489419E+01    3.480798E+01    3.471435E+01    3.462174E+01    3.454459E+01    3.447368E+01    3.440076E+01    3.432293E+01    3.424169E+01    3.416615E+01    3.411676E+01    3.406852E+01    3.400587E+01    3.407755E+01    3.412769E+01    3.415999E+01    3.417644E+01
   1.000000E+30    1.000000E+30    3.491394E+01    3.484003E+01    3.475743E+01    3.467228E+01    3.458999E+01    3.451373E+01    3.443760E+01    3.435598E+01    3.426714E+01    3.416859E+01    3.406545E+01    3.404961E+01    3.402554E+01    3.397649E+01    3.405454E+01    3.410843E+01    3.414338E+01    3.416359E+01
   1.000000E+30    1.000000E+30    1.000000E+30    3.477415E+01    3.468623E+01    3.461173E+01    3.454122E+01    3.446924E+01    3.439156E+01    3.430715E+01    3.421204E+01    3.408841E+01    3.386378E+01    3.397499E+01    3.398678E+01    3.395634E+01    3.403105E+01    3.408635E+01    3.412327E+01    3.415286E+01
   1.000000E+30    1.000000E+30    1.000000E+30    1.000000E+30    3.458885E+01    3.453747E+01    3.447674E+01    3.441158E+01    3.434141E+01    3.426378E+01    3.417994E+01    3.408974E+01    3.399642E+01    3.398801E+01    3.397408E+01    3.394219E+01    3.400933E+01    3.406187E+01    3.409313E+01    1.000000E+30
   1.000000E+30    1.000000E+30    1.000000E+30    1.000000E+30    3.453145E+01    3.445412E+01    3.439852E+01    3.434315E+01    3.428279E+01    3.421728E+01    3.414974E+01    3.408231E+01    3.402353E+01    3.399125E+01    3.396195E+01    3.392316E+01    3.398657E+01    3.403813E+01    3.407435E+01    1.000000E+30
   1.000000E+30    1.000000E+30    1.000000E+30    1.000000E+30    1.000000E+30    3.433012E+01    3.430315E+01    3.426238E+01    3.421463E+01    3.416169E+01    3.410815E+01    3.405703E+01    3.401162E+01    3.397538E+01    3.394163E+01    3.390139E+01    3.395974E+01    3.400994E+01    1.000000E+30    1.000000E+30
   1.000000E+30    1.000000E+30    1.000000E+30    1.000000E+30    1.000000E+30    3.422087E+01    3.420199E+01    3.416992E+01    3.413336E+01    3.409389E+01    3.405312E+01    3.401366E+01    3.397546E+01    3.394239E+01    3.391050E+01    3.387344E+01    3.392677E+01    1.000000E+30    1.000000E+30    1.000000E+30
   1.000000E+30    1.000000E+30    1.000000E+30    1.000000E+30    1.000000E+30    3.410900E+01    3.408850E+01    3.405804E+01    3.403898E+01    3.401205E+01    3.398426E+01    3.395357E+01    3.391869E+01    3.389265E+01    3.386741E+01    3.383907E+01    1.000000E+30    1.000000E+30    1.000000E+30    1.000000E+30
