   3.696820E+01    3.693573E+01    3.687322E+01    3.678810E+01    3.668127E+01    3.655183E+01    3.641272E+01    3.626559E+01    3.610848E+01    3.593804E+01    3.575753E+01    3.556826E+01    3.536172E+01    3.513337E+01    3.488562E+01    3.462976E+01    3.469000E+01    3.473376E+01    3.476037E+01    3.477371E+01
   3.697271E+01    3.694145E+01    3.687846E+01    3.678826E+01    3.667676E+01    3.654634E+01    3.640674E+01    3.625877E+01    3.609773E+01    3.592525E+01    3.574421E+01    3.555199E+01    3.534324E+01    3.512147E+01    3.488207E+01    3.462240E+01    3.468256E+01    3.472500E+01    3.475194E+01    3.476533E+01
   3.698134E+01    3.694932E+01    3.688459E+01    3.678987E+01    3.667248E+01    3.653969E+01    3.639631E+01    3.624332E+01    3.607820E+01    3.590338E+01    3.571797E+01    3.551787E+01    3.531118E+01    3.510048E+01    3.487013E+01    3.461994E+01    3.466879E+01    3.470748E+01    3.473391E+01    3.474706E+01
   3.699561E+01    3.696223E+01    3.689368E+01    3.679515E+01    3.667228E+01    3.653272E+01    3.638059E+01    3.621733E+01    3.604573E+01    3.586622E+01    3.567947E+01    3.548000E+01    3.527510E+01    3.506622E+01    3.484030E+01    3.459416E+01    3.464166E+01    3.467879E+01    3.470403E+01    3.471750E+01
   3.701816E+01    3.698405E+01    3.691238E+01    3.680670E+01    3.667499E+01    3.652488E+01    3.635759E+01    3.618246E+01    3.600556E+01    3.582167E+01    3.563027E+01    3.542945E+01    3.522782E+01    3.502347E+01    3.480374E+01    3.456453E+01    3.460491E+01    3.463875E+01    3.466333E+01    3.467720E+01
   3.704951E+01    3.701468E+01    3.694225E+01    3.682964E+01    3.668279E+01    3.651369E+01    3.632957E+01    3.613724E+01    3.594695E+01    3.575879E+01    3.556841E+01    3.537050E+01    3.516899E+01    3.496792E+01    3.475511E+01    3.452808E+01    3.455625E+01    3.458724E+01    3.461255E+01    3.462642E+01
   3.709101E+01    3.705720E+01    3.698641E+01    3.686862E+01    3.669499E+01    3.650132E+01    3.629326E+01    3.607279E+01    3.586861E+01    3.567885E+01    3.549442E+01    3.529844E+01    3.509691E+01    3.490029E+01    3.469178E+01    3.446755E+01    3.449218E+01    3.452463E+01    3.455317E+01    3.456852E+01
   3.714036E+01    3.711299E+01    3.705292E+01    3.694251E+01    3.671244E+01    3.649357E+01    3.625881E+01    3.597750E+01    3.576300E+01    3.557845E+01    3.539994E+01    3.520872E+01    3.501365E+01    3.481794E+01    3.461069E+01    3.439057E+01    3.440435E+01    3.444627E+01    3.448576E+01    3.450695E+01
   3.719328E+01    3.717589E+01    3.714351E+01    3.710453E+01    1.000000E+30    1.000000E+30    1.000000E+30    3.580546E+01    3.560852E+01    3.544654E+01    3.527901E+01    3.509873E+01    3.491546E+01    3.472369E+01    3.452320E+01    3.430351E+01    3.427167E+01    3.435326E+01    3.441768E+01    3.444943E+01
   3.724323E+01    3.723507E+01    3.722062E+01    3.720567E+01    1.000000E+30    1.000000E+30    1.000000E+30    1.000000E+30    3.538066E+01    3.528504E+01    3.514878E+01    3.498651E+01    3.481211E+01    3.462449E+01    3.443958E+01    3.421382E+01    3.401438E+01    3.426325E+01    3.436766E+01    3.440933E+01
   3.728599E+01    3.728363E+01    3.727869E+01    3.727446E+01    1.000000E+30    1.000000E+30    1.000000E+30    1.000000E+30    3.521478E+01    3.515059E+01    3.503788E+01    3.488632E+01    3.470669E+01    3.449781E+01    3.437536E+01    3.423443E+01    3.421454E+01    3.429786E+01    3.436083E+01    3.439348E+01
   3.731675E+01    3.731646E+01    3.731564E+01    3.731555E+01    1.000000E+30    1.000000E+30    1.000000E+30    1.000000E+30    3.510014E+01    3.504893E+01    3.494906E+01    3.480302E+01    3.460195E+01    3.425579E+01    3.431660E+01    3.424890E+01    3.428397E+01    3.433238E+01    3.437175E+01    3.439372E+01
   3.733037E+01    3.732982E+01    3.733000E+01    3.733046E+01    1.000000E+30    1.000000E+30    1.000000E+30    1.000000E+30    3.501695E+01    3.497455E+01    3.489094E+01    3.476905E+01    3.461702E+01    3.444502E+01    3.436710E+01    3.428172E+01    3.432036E+01    3.435765E+01    3.438639E+01    3.440227E+01
   3.732399E+01    3.732344E+01    3.732316E+01    3.732274E+01    1.000000E+30    1.000000E+30    1.000000E+30    1.000000E+30    3.495940E+01    3.492375E+01    3.485313E+01    3.475478E+01    3.463473E+01    3.450852E+01    3.440438E+01    3.430126E+01    3.434097E+01    3.437440E+01    3.439884E+01    3.441233E+01
   3.729451E+01    3.729377E+01    3.729289E+01    3.729148E+01    1.000000E+30    1.000000E+30    1.000000E+30    1.000000E+30    3.491738E+01    3.488615E+01    3.482608E+01    3.474213E+01    3.464076E+01    3.452966E+01    3.442061E+01    3.431282E+01    3.435115E+01    3.438341E+01    3.440664E+01    3.441919E+01
   3.723848E+01    3.723710E+01    3.723552E+01    3.723633E+01    1.000000E+30    1.000000E+30    1.000000E+30    1.000000E+30    3.488537E+01    3.485685E+01    3.480217E+01    3.472479E+01    3.463324E+01    3.453003E+01    3.442149E+01    3.431275E+01    3.435114E+01    3.438378E+01    3.440712E+01    3.441939E+01
   3.715596E+01    3.715434E+01    3.715110E+01    3.715073E+01    1.000000E+30    1.000000E+30    1.000000E+30    1.000000E+30    3.485958E+01    3.483142E+01    3.477808E+01    3.470351E+01    3.461598E+01    3.451527E+01    3.440602E+01    3.429705E+01    3.433884E+01    3.437469E+01    3.440020E+01    3.441315E+01
   3.704312E+01    3.704126E+01    3.703783E+01    3.703336E+01    1.000000E+30    1.000000E+30    1.000000E+30    1.000000E+30    3.483863E+01    3.480980E+01    3.475446E+01    3.467994E+01    3.459075E+01    3.448544E+01    3.437390E+01    3.426400E+01    3.431485E+01    3.435613E+01    3.438602E+01    3.440100E+01
   3.690178E+01    3.690043E+01    3.689576E+01    3.688971E+01    1.000000E+30    1.000000E+30    1.000000E+30    1.000000E+30    3.482450E+01    3.479363E+01    3.473537E+01    3.465751E+01    3.455895E+01    3.444045E+01    3.431714E+01    3.422370E+01    3.428284E+01    3.433189E+01    3.436643E+01    3.438356E+01
   3.674713E+01    3.673969E+01    3.673100E+01    3.672233E+01    1.000000E+30    1.000000E+30    1.000000E+30    1.000000E+30    3.482063E+01    3.478521E+01    3.472185E+01    3.463676E+01    3.452193E+01    3.437372E+01    3.420976E+01    3.416568E+01    3.424646E+01    3.430519E+01    3.434395E+01    3.436377E+01
   3.657704E+01    3.656419E+01    3.654444E+01    3.652666E+01    1.000000E+30    1.000000E+30    1.000000E+30    1.000000E+30    3.483285E+01    3.478586E+01    3.471420E+01    3.462123E+01    3.449113E+01    3.429653E+01    3.397159E+01    3.410185E+01    3.421825E+01    3.428565E+01    3.432609E+01    3.434611E+01
   3.639211E+01    3.637414E+01    3.633678E+01    3.629649E+01    1.000000E+30    1.000000E+30    3.500887E+01    3.495509E+01    3.487022E+01    3.479269E+01    3.470836E+01    3.461200E+01    3.449018E+01    3.433882E+01    3.418127E+01    3.414423E+01    3.422103E+01    3.427766E+01    3.431492E+01    3.433365E+01
   3.620571E+01    3.617553E+01    3.611540E+01    3.601344E+01    3.582654E+01    1.000000E+30    3.504245E+01    3.497278E+01    3.488136E+01    3.478953E+01    3.469816E+01    3.460127E+01    3.448980E+01    3.436782E+01    3.425336E+01    3.417333E+01    3.422927E+01    3.427608E+01    3.430847E+01    3.432509E+01
   3.602782E+01    3.599262E+01    3.592153E+01    3.580710E+01    3.561976E+01    3.534284E+01    3.512306E+01    3.499067E+01    3.487708E+01    3.477336E+01    3.467457E+01    3.457889E+01    3.447914E+01    3.437701E+01    3.427526E+01    3.417849E+01    3.423058E+01    3.427286E+01    3.430190E+01    3.431715E+01
   3.587116E+01    3.583782E+01    3.576686E+01    3.565779E+01    3.549627E+01    3.529935E+01    3.511963E+01    3.497310E+01    3.484630E+01    3.473017E+01    3.462235E+01    3.453862E+01    3.445611E+01    3.436936E+01    3.427437E+01    3.417112E+01    3.422338E+01    3.426511E+01    3.429353E+01    3.430742E+01
   3.573793E+01    3.570615E+01    3.563895E+01    3.553511E+01    3.539079E+01    3.522838E+01    3.506831E+01    3.492486E+01    3.479428E+01    3.466140E+01    3.452234E+01    3.447404E+01    3.442036E+01    3.434757E+01    3.425688E+01    3.415641E+01    3.420940E+01    3.425220E+01    3.428116E+01    3.429485E+01
   3.562137E+01    3.559038E+01    3.552609E+01    3.542303E+01    3.529060E+01    3.514194E+01    3.499381E+01    3.486438E+01    3.473465E+01    3.457648E+01    3.430546E+01    3.439666E+01    3.438120E+01    3.431973E+01    3.423189E+01    3.412520E+01    3.418816E+01    3.423493E+01    3.426530E+01    3.427975E+01
   3.552050E+01    3.548851E+01    3.542183E+01    3.531961E+01    3.519115E+01    3.504353E+01    3.490140E+01    3.479489E+01    3.469107E+01    3.457683E+01    3.445011E+01    3.441276E+01    3.436693E+01    3.429838E+01    3.420906E+01    3.409905E+01    3.416645E+01    3.421441E+01    3.424538E+01    3.426150E+01
   3.543428E+01    3.540011E+01    3.533079E+01    3.522943E+01    3.509628E+01    3.493226E+01    3.475760E+01    3.470619E+01    3.464664E+01    3.456777E+01    3.448328E+01    3.441877E+01    3.435324E+01    3.427769E+01    3.418549E+01    3.407554E+01    3.414527E+01    3.419380E+01    3.422463E+01    3.424111E+01
   3.536438E+01    3.532908E+01    3.525875E+01    3.515643E+01    3.501751E+01    3.481584E+01    3.446232E+01    3.460412E+01    3.459917E+01    3.454467E+01    3.447498E+01    3.440416E+01    3.433082E+01    3.425118E+01    3.416171E+01    3.406046E+01    3.412740E+01    3.417502E+01    3.420560E+01    3.422187E+01
   3.530981E+01    3.526894E+01    3.519653E+01    3.510229E+01    3.498092E+01    3.482656E+01    3.466023E+01    3.462387E+01    3.458089E+01    3.452013E+01    3.444834E+01    3.437389E+01    3.429697E+01    3.421921E+01    3.413839E+01    3.404524E+01    3.411136E+01    3.415807E+01    3.418748E+01    3.420383E+01
   3.527324E+01    3.521469E+01    3.514278E+01    3.505683E+01    3.495027E+01    3.482908E+01    3.471023E+01    3.463080E+01    3.456174E+01    3.448781E+01    3.440914E+01    3.432807E+01    3.424819E+01    3.417828E+01    3.410882E+01    3.403060E+01    3.409446E+01    3.414156E+01    3.417131E+01    3.418718E+01
   1.000000E+30    3.516051E+01    3.508934E+01    3.500498E+01    3.490932E+01    3.480483E+01    3.470038E+01    3.461222E+01    3.453087E+01    3.444658E+01    3.435633E+01    3.426346E+01    3.417836E+01    3.412330E+01    3.407031E+01    3.400427E+01    3.407342E+01    3.412315E+01    3.415556E+01    3.417214E+01
   1.000000E+30    1.000000E+30    3.502698E+01    3.494406E+01    3.485087E+01    3.475431E+01    3.466094E+01    3.457463E+01    3.448821E+01    3.439477E+01    3.429310E+01    3.418195E+01    3.406605E+01    3.404937E+01    3.402360E+01    3.397274E+01    3.404844E+01    3.410182E+01    3.413739E+01    3.415806E+01
   1.000000E+30    1.000000E+30    1.000000E+30    3.486892E+01    3.476834E+01    3.468344E+01    3.460308E+01    3.452178E+01    3.443433E+01    3.433901E+01    3.423148E+01    3.409259E+01    3.383863E+01    3.396650E+01    3.398122E+01    3.395052E+01    3.402331E+01    3.407798E+01    3.411548E+01    3.414633E+01
   1.000000E+30    1.000000E+30    1.000000E+30    1.000000E+30    3.465531E+01    3.459722E+01    3.452853E+01    3.445490E+01    3.437614E+01    3.428964E+01    3.419594E+01    3.409538E+01    3.399118E+01    3.398239E+01    3.396761E+01    3.393508E+01    3.400010E+01    3.405154E+01    3.408316E+01    1.000000E+30
   1.000000E+30    1.000000E+30    1.000000E+30    1.000000E+30    3.458896E+01    3.450185E+01    3.443932E+01    3.437716E+01    3.430937E+01    3.423691E+01    3.416226E+01    3.408783E+01    3.402282E+01    3.398695E+01    3.395498E+01    3.391519E+01    3.397604E+01    3.402656E+01    3.406308E+01    1.000000E+30
   1.000000E+30    1.000000E+30    1.000000E+30    1.000000E+30    1.000000E+30    3.436256E+01    3.433228E+01    3.428663E+01    3.423326E+01    3.417492E+01    3.411605E+01    3.406016E+01    3.401030E+01    3.397031E+01    3.393381E+01    3.389252E+01    3.394814E+01    3.399732E+01    1.000000E+30    1.000000E+30
   1.000000E+30    1.000000E+30    1.000000E+30    1.000000E+30    1.000000E+30    3.424226E+01    3.422121E+01    3.418543E+01    3.414471E+01    3.410136E+01    3.405657E+01    3.401353E+01    3.397192E+01    3.393591E+01    3.390200E+01    3.386412E+01    3.391446E+01    1.000000E+30    1.000000E+30    1.000000E+30
   1.000000E+30    1.000000E+30    1.000000E+30    1.000000E+30    1.000000E+30    3.412136E+01    3.409976E+01    3.406732E+01    3.404543E+01    3.401553E+01    3.398477E+01    3.395123E+01    3.391363E+01    3.388553E+01    3.385884E+01    3.383023E+01    1.000000E+30    1.000000E+30    1.000000E+30    1.000000E+30
