   3.647899E+01    3.645423E+01    3.640513E+01    3.633939E+01    3.625754E+01    3.615943E+01    3.605316E+01    3.593932E+01    3.581759E+01    3.568466E+01    3.554284E+01    3.539286E+01    3.522764E+01    3.504208E+01    3.483473E+01    3.461205E+01    3.468857E+01    3.474212E+01    3.477348E+01    3.478831E+01
   3.648295E+01    3.645895E+01    3.640953E+01    3.633898E+01    3.625310E+01    3.615329E+01    3.604639E+01    3.593216E+01    3.580711E+01    3.567288E+01    3.553044E+01    3.537749E+01    3.520923E+01    3.502876E+01    3.482891E+01    3.460327E+01    3.467953E+01    3.473187E+01    3.476414E+01    3.477962E+01
   3.648884E+01    3.646426E+01    3.641387E+01    3.633862E+01    3.624734E+01    3.614541E+01    3.603505E+01    3.591685E+01    3.578837E+01    3.565214E+01    3.550613E+01    3.534633E+01    3.517889E+01    3.500646E+01    3.481374E+01    3.459794E+01    3.466305E+01    3.471182E+01    3.474375E+01    3.475914E+01
   3.649592E+01    3.647043E+01    3.641668E+01    3.633886E+01    3.624330E+01    3.613575E+01    3.601844E+01    3.589198E+01    3.575812E+01    3.561724E+01    3.546986E+01    3.531040E+01    3.514440E+01    3.497246E+01    3.478257E+01    3.457013E+01    3.463259E+01    3.467939E+01    3.471010E+01    3.472574E+01
   3.650600E+01    3.647957E+01    3.642400E+01    3.634187E+01    3.624030E+01    3.612460E+01    3.599527E+01    3.585916E+01    3.572037E+01    3.557580E+01    3.542469E+01    3.526398E+01    3.510038E+01    3.493141E+01    3.474638E+01    3.453934E+01    3.459351E+01    3.463585E+01    3.466513E+01    3.468085E+01
   3.651873E+01    3.649195E+01    3.643632E+01    3.635085E+01    3.623974E+01    3.610983E+01    3.596745E+01    3.581717E+01    3.566786E+01    3.552002E+01    3.536922E+01    3.521041E+01    3.504637E+01    3.487982E+01    3.469945E+01    3.450278E+01    3.454368E+01    3.458201E+01    3.461080E+01    3.462554E+01
   3.653563E+01    3.650995E+01    3.645712E+01    3.636939E+01    3.624072E+01    3.609403E+01    3.593319E+01    3.576032E+01    3.559965E+01    3.544996E+01    3.530304E+01    3.514530E+01    3.498053E+01    3.481699E+01    3.463964E+01    3.444471E+01    3.448166E+01    3.451925E+01    3.454910E+01    3.456423E+01
   3.655545E+01    3.653516E+01    3.649191E+01    3.641198E+01    3.624767E+01    3.608402E+01    3.590254E+01    3.568027E+01    3.550967E+01    3.536294E+01    3.521966E+01    3.506479E+01    3.490446E+01    3.474078E+01    3.456461E+01    3.437345E+01    3.440103E+01    3.444488E+01    3.448211E+01    3.450164E+01
   3.657565E+01    3.656375E+01    3.654155E+01    3.651439E+01    1.000000E+30    1.000000E+30    1.000000E+30    3.554090E+01    3.538001E+01    3.524954E+01    3.511384E+01    3.496668E+01    3.481514E+01    3.465475E+01    3.448466E+01    3.429532E+01    3.428601E+01    3.435993E+01    3.441574E+01    3.444361E+01
   3.659284E+01    3.658819E+01    3.657945E+01    3.657049E+01    1.000000E+30    1.000000E+30    1.000000E+30    1.000000E+30    3.518702E+01    3.510968E+01    3.499888E+01    3.486596E+01    3.472213E+01    3.456631E+01    3.440989E+01    3.421788E+01    3.407739E+01    3.427915E+01    3.436596E+01    3.440226E+01
   3.660116E+01    3.660079E+01    3.659953E+01    3.659882E+01    1.000000E+30    1.000000E+30    1.000000E+30    1.000000E+30    3.504176E+01    3.498982E+01    3.489846E+01    3.477506E+01    3.462862E+01    3.445858E+01    3.435271E+01    3.422957E+01    3.422506E+01    3.429774E+01    3.435192E+01    3.438063E+01
   3.659743E+01    3.659797E+01    3.659945E+01    3.660148E+01    1.000000E+30    1.000000E+30    1.000000E+30    1.000000E+30    3.493708E+01    3.489540E+01    3.481445E+01    3.469653E+01    3.453560E+01    3.426480E+01    3.430064E+01    3.423632E+01    3.427371E+01    3.431885E+01    3.435431E+01    3.437438E+01
   3.657623E+01    3.657615E+01    3.657710E+01    3.657870E+01    1.000000E+30    1.000000E+30    1.000000E+30    1.000000E+30    3.485676E+01    3.482217E+01    3.475466E+01    3.465742E+01    3.453663E+01    3.439949E+01    3.433272E+01    3.425779E+01    3.429775E+01    3.433435E+01    3.436191E+01    3.437723E+01
   3.653405E+01    3.653415E+01    3.653434E+01    3.653336E+01    1.000000E+30    1.000000E+30    1.000000E+30    1.000000E+30    3.479714E+01    3.476864E+01    3.471213E+01    3.463485E+01    3.454068E+01    3.444051E+01    3.435582E+01    3.426866E+01    3.431034E+01    3.434463E+01    3.436884E+01    3.438278E+01
   3.646623E+01    3.646515E+01    3.646448E+01    3.646262E+01    1.000000E+30    1.000000E+30    1.000000E+30    1.000000E+30    3.474743E+01    3.472330E+01    3.467717E+01    3.461276E+01    3.453470E+01    3.444859E+01    3.436227E+01    3.427413E+01    3.431508E+01    3.434873E+01    3.437235E+01    3.438554E+01
   3.636773E+01    3.636595E+01    3.636447E+01    3.636700E+01    1.000000E+30    1.000000E+30    1.000000E+30    1.000000E+30    3.470243E+01    3.468097E+01    3.464111E+01    3.458412E+01    3.451615E+01    3.443846E+01    3.435524E+01    3.426937E+01    3.431181E+01    3.434614E+01    3.437006E+01    3.438230E+01
   3.624081E+01    3.623900E+01    3.623541E+01    3.623631E+01    1.000000E+30    1.000000E+30    1.000000E+30    1.000000E+30    3.465655E+01    3.463766E+01    3.460139E+01    3.454910E+01    3.448688E+01    3.441402E+01    3.433325E+01    3.424989E+01    3.429676E+01    3.433481E+01    3.436085E+01    3.437358E+01
   3.608168E+01    3.607922E+01    3.607509E+01    3.607031E+01    1.000000E+30    1.000000E+30    1.000000E+30    1.000000E+30    3.460676E+01    3.459036E+01    3.455636E+01    3.450823E+01    3.444898E+01    3.437645E+01    3.429722E+01    3.421540E+01    3.427092E+01    3.431410E+01    3.434456E+01    3.435951E+01
   3.589327E+01    3.589171E+01    3.588596E+01    3.587853E+01    1.000000E+30    1.000000E+30    1.000000E+30    1.000000E+30    3.455466E+01    3.454000E+01    3.450909E+01    3.446431E+01    3.440302E+01    3.432494E+01    3.424052E+01    3.417472E+01    3.423703E+01    3.428706E+01    3.432209E+01    3.433938E+01
   3.569566E+01    3.568620E+01    3.567471E+01    3.566375E+01    1.000000E+30    1.000000E+30    1.000000E+30    1.000000E+30    3.450251E+01    3.448988E+01    3.446149E+01    3.441810E+01    3.435018E+01    3.425467E+01    3.414257E+01    3.411923E+01    3.419880E+01    3.425702E+01    3.429565E+01    3.431558E+01
   3.548543E+01    3.546883E+01    3.544243E+01    3.541940E+01    1.000000E+30    1.000000E+30    1.000000E+30    1.000000E+30    3.444887E+01    3.443951E+01    3.441480E+01    3.437287E+01    3.429988E+01    3.417481E+01    3.394293E+01    3.405885E+01    3.416738E+01    3.423352E+01    3.427362E+01    3.429356E+01
   3.526575E+01    3.524106E+01    3.519028E+01    3.513636E+01    1.000000E+30    1.000000E+30    3.435513E+01    3.436584E+01    3.439052E+01    3.438741E+01    3.436806E+01    3.433262E+01    3.427374E+01    3.418811E+01    3.409159E+01    3.408245E+01    3.416135E+01    3.421983E+01    3.425780E+01    3.427645E+01
   3.505432E+01    3.501249E+01    3.492749E+01    3.479027E+01    3.455713E+01    1.000000E+30    3.432788E+01    3.433621E+01    3.434346E+01    3.433846E+01    3.432287E+01    3.429451E+01    3.425036E+01    3.419262E+01    3.413400E+01    3.409617E+01    3.416083E+01    3.421229E+01    3.424646E+01    3.426293E+01
   3.486742E+01    3.481560E+01    3.470823E+01    3.453813E+01    3.430792E+01    3.424808E+01    3.427821E+01    3.429271E+01    3.429411E+01    3.428638E+01    3.427100E+01    3.425073E+01    3.422091E+01    3.418307E+01    3.413837E+01    3.409187E+01    3.415481E+01    3.420332E+01    3.423504E+01    3.425092E+01
   3.472414E+01    3.467109E+01    3.455326E+01    3.433491E+01    3.387812E+01    3.414223E+01    3.422371E+01    3.424605E+01    3.424185E+01    3.422552E+01    3.420490E+01    3.419782E+01    3.418600E+01    3.416293E+01    3.412675E+01    3.407827E+01    3.414218E+01    3.419093E+01    3.422304E+01    3.423779E+01
   3.462674E+01    3.458172E+01    3.448960E+01    3.434594E+01    3.417332E+01    3.418913E+01    3.420685E+01    3.420684E+01    3.418948E+01    3.415433E+01    3.410684E+01    3.413117E+01    3.414427E+01    3.413590E+01    3.410593E+01    3.406105E+01    3.412586E+01    3.417581E+01    3.420883E+01    3.422381E+01
   3.456080E+01    3.452669E+01    3.445793E+01    3.436127E+01    3.426174E+01    3.421701E+01    3.419208E+01    3.417452E+01    3.414522E+01    3.408264E+01    3.392188E+01    3.405972E+01    3.410440E+01    3.410724E+01    3.408131E+01    3.403297E+01    3.410587E+01    3.415916E+01    3.419273E+01    3.420875E+01
   3.451810E+01    3.449138E+01    3.443665E+01    3.436039E+01    3.427881E+01    3.421029E+01    3.415954E+01    3.414209E+01    3.412379E+01    3.409080E+01    3.404654E+01    3.407487E+01    3.409213E+01    3.408767E+01    3.406081E+01    3.401080E+01    3.408766E+01    3.414159E+01    3.417533E+01    3.419243E+01
   3.449058E+01    3.446696E+01    3.441955E+01    3.435191E+01    3.426858E+01    3.417394E+01    3.408111E+01    3.409662E+01    3.410584E+01    3.409862E+01    3.408572E+01    3.408849E+01    3.408661E+01    3.407348E+01    3.404319E+01    3.399232E+01    3.407041E+01    3.412471E+01    3.415859E+01    3.417617E+01
   3.447421E+01    3.445255E+01    3.440932E+01    3.434531E+01    3.425697E+01    3.412517E+01    3.387638E+01    3.404393E+01    3.409296E+01    3.410168E+01    3.409703E+01    3.409090E+01    3.407866E+01    3.405874E+01    3.402728E+01    3.398055E+01    3.405677E+01    3.411037E+01    3.414402E+01    3.416171E+01
   3.446354E+01    3.444239E+01    3.440207E+01    3.434684E+01    3.427371E+01    3.417916E+01    3.408097E+01    3.409690E+01    3.410911E+01    3.410762E+01    3.409770E+01    3.408323E+01    3.406453E+01    3.404191E+01    3.401294E+01    3.397017E+01    3.404569E+01    3.409813E+01    3.413085E+01    3.414907E+01
   3.445640E+01    3.443194E+01    3.439646E+01    3.435076E+01    3.429244E+01    3.422499E+01    3.416576E+01    3.414258E+01    3.412828E+01    3.411153E+01    3.409033E+01    3.406575E+01    3.404004E+01    3.401933E+01    3.399621E+01    3.396187E+01    3.403554E+01    3.408777E+01    3.412051E+01    3.413815E+01
   1.000000E+30    3.441696E+01    3.438660E+01    3.434768E+01    3.430116E+01    3.425030E+01    3.420286E+01    3.416805E+01    3.413841E+01    3.410804E+01    3.407374E+01    3.403529E+01    3.399991E+01    3.398611E+01    3.397197E+01    3.394416E+01    3.402212E+01    3.407634E+01    3.411116E+01    3.412890E+01
   1.000000E+30    1.000000E+30    3.436941E+01    3.433682E+01    3.429738E+01    3.425515E+01    3.421360E+01    3.417529E+01    3.413775E+01    3.409662E+01    3.404844E+01    3.398908E+01    3.392454E+01    3.393721E+01    3.394088E+01    3.392172E+01    3.400476E+01    3.406208E+01    3.409897E+01    3.411983E+01
   1.000000E+30    1.000000E+30    1.000000E+30    3.431718E+01    3.427933E+01    3.424310E+01    3.420707E+01    3.416934E+01    3.412751E+01    3.407970E+01    3.402114E+01    3.393495E+01    3.375739E+01    3.388079E+01    3.391354E+01    3.390730E+01    3.398631E+01    3.404449E+01    3.408271E+01    3.411177E+01
   1.000000E+30    1.000000E+30    1.000000E+30    1.000000E+30    3.424469E+01    3.421777E+01    3.418545E+01    3.415027E+01    3.411096E+01    3.406492E+01    3.401230E+01    3.395238E+01    3.388930E+01    3.390215E+01    3.390915E+01    3.389788E+01    3.396886E+01    3.402382E+01    3.405606E+01    1.000000E+30
   1.000000E+30    1.000000E+30    1.000000E+30    1.000000E+30    3.422192E+01    3.418017E+01    3.414997E+01    3.411928E+01    3.408496E+01    3.404561E+01    3.400357E+01    3.396095E+01    3.392562E+01    3.391393E+01    3.390397E+01    3.388332E+01    3.394959E+01    3.400280E+01    3.403931E+01    1.000000E+30
   1.000000E+30    1.000000E+30    1.000000E+30    1.000000E+30    1.000000E+30    3.411237E+01    3.409755E+01    3.407477E+01    3.404750E+01    3.401575E+01    3.398301E+01    3.395162E+01    3.392518E+01    3.390703E+01    3.388990E+01    3.386507E+01    3.392540E+01    3.397643E+01    1.000000E+30    1.000000E+30
   1.000000E+30    1.000000E+30    1.000000E+30    1.000000E+30    1.000000E+30    3.404405E+01    3.403313E+01    3.401503E+01    3.399487E+01    3.397180E+01    3.394731E+01    3.392332E+01    3.390074E+01    3.388266E+01    3.386445E+01    3.383998E+01    3.389422E+01    1.000000E+30    1.000000E+30    1.000000E+30
   1.000000E+30    1.000000E+30    1.000000E+30    1.000000E+30    1.000000E+30    3.396561E+01    3.395118E+01    3.393240E+01    3.392568E+01    3.391155E+01    3.389549E+01    3.387675E+01    3.385472E+01    3.384110E+01    3.382689E+01    3.380762E+01    1.000000E+30    1.000000E+30    1.000000E+30    1.000000E+30
