   3.574079E+01    3.571631E+01    3.566987E+01    3.560635E+01    3.552711E+01    3.543178E+01    3.533122E+01    3.522754E+01    3.511950E+01    3.500578E+01    3.488940E+01    3.477218E+01    3.464978E+01    3.452115E+01    3.438943E+01    3.426135E+01    3.425988E+01    3.425805E+01    3.425653E+01    3.425600E+01
   3.573997E+01    3.571675E+01    3.567018E+01    3.560360E+01    3.552121E+01    3.542571E+01    3.532504E+01    3.522068E+01    3.510991E+01    3.499462E+01    3.487795E+01    3.475900E+01    3.463537E+01    3.451055E+01    3.438332E+01    3.425332E+01    3.425187E+01    3.424987E+01    3.424838E+01    3.424758E+01
   3.573908E+01    3.571554E+01    3.566792E+01    3.559901E+01    3.551326E+01    3.541662E+01    3.531373E+01    3.520569E+01    3.509189E+01    3.497470E+01    3.485505E+01    3.473131E+01    3.460924E+01    3.449103E+01    3.436878E+01    3.424299E+01    3.423694E+01    3.423314E+01    3.423071E+01    3.422939E+01
   3.573978E+01    3.571550E+01    3.566598E+01    3.559498E+01    3.550627E+01    3.540558E+01    3.529672E+01    3.518119E+01    3.506261E+01    3.494217E+01    3.482136E+01    3.469788E+01    3.457706E+01    3.446044E+01    3.434151E+01    3.421956E+01    3.421169E+01    3.420572E+01    3.420204E+01    3.420119E+01
   3.574317E+01    3.571876E+01    3.566796E+01    3.559298E+01    3.549920E+01    3.539193E+01    3.527237E+01    3.514822E+01    3.502532E+01    3.490117E+01    3.477682E+01    3.465237E+01    3.453367E+01    3.442015E+01    3.430572E+01    3.418906E+01    3.417527E+01    3.416691E+01    3.416322E+01    3.416257E+01
   3.574955E+01    3.572524E+01    3.567479E+01    3.559668E+01    3.549419E+01    3.537470E+01    3.524306E+01    3.510592E+01    3.497207E+01    3.484341E+01    3.471900E+01    3.459666E+01    3.447830E+01    3.436744E+01    3.425811E+01    3.414915E+01    3.412692E+01    3.411714E+01    3.411405E+01    3.411316E+01
   3.575986E+01    3.573692E+01    3.568874E+01    3.560938E+01    3.549221E+01    3.535697E+01    3.520815E+01    3.504852E+01    3.490237E+01    3.477081E+01    3.464913E+01    3.452743E+01    3.440961E+01    3.430267E+01    3.419749E+01    3.409384E+01    3.406408E+01    3.405514E+01    3.405482E+01    3.405559E+01
   3.577213E+01    3.575386E+01    3.571419E+01    3.564201E+01    3.549542E+01    3.534521E+01    3.517670E+01    3.496878E+01    3.481132E+01    3.468132E+01    3.456190E+01    3.444108E+01    3.432726E+01    3.422205E+01    3.411996E+01    3.402238E+01    3.397610E+01    3.397494E+01    3.398540E+01    3.399255E+01
   3.578337E+01    3.577211E+01    3.575070E+01    3.572502E+01    1.000000E+30    1.000000E+30    1.000000E+30    3.483328E+01    3.468183E+01    3.456581E+01    3.445304E+01    3.433780E+01    3.423006E+01    3.412697E+01    3.403092E+01    3.393335E+01    3.383745E+01    3.387666E+01    3.391413E+01    3.393311E+01
   3.578842E+01    3.578270E+01    3.577257E+01    3.576266E+01    1.000000E+30    1.000000E+30    1.000000E+30    1.000000E+30    3.449108E+01    3.442481E+01    3.433514E+01    3.423177E+01    3.412678E+01    3.402357E+01    3.394044E+01    3.383375E+01    3.356426E+01    3.377892E+01    3.386000E+01    3.389004E+01
   3.578219E+01    3.577913E+01    3.577476E+01    3.577131E+01    1.000000E+30    1.000000E+30    1.000000E+30    1.000000E+30    3.434598E+01    3.430358E+01    3.423054E+01    3.413328E+01    3.401798E+01    3.389010E+01    3.386663E+01    3.383546E+01    3.376139E+01    3.380931E+01    3.385005E+01    3.387111E+01
   3.576021E+01    3.575783E+01    3.575571E+01    3.575450E+01    1.000000E+30    1.000000E+30    1.000000E+30    1.000000E+30    3.423947E+01    3.420703E+01    3.414352E+01    3.404902E+01    3.390962E+01    3.364014E+01    3.379615E+01    3.383636E+01    3.382318E+01    3.383798E+01    3.385644E+01    3.386763E+01
   3.571940E+01    3.571787E+01    3.571568E+01    3.571499E+01    1.000000E+30    1.000000E+30    1.000000E+30    1.000000E+30    3.415655E+01    3.413173E+01    3.408216E+01    3.400997E+01    3.391927E+01    3.382211E+01    3.383595E+01    3.385262E+01    3.385060E+01    3.385655E+01    3.386501E+01    3.387069E+01
   3.565731E+01    3.565806E+01    3.565630E+01    3.565299E+01    1.000000E+30    1.000000E+30    1.000000E+30    1.000000E+30    3.409170E+01    3.407358E+01    3.403665E+01    3.398669E+01    3.392910E+01    3.387898E+01    3.386609E+01    3.386619E+01    3.386438E+01    3.386675E+01    3.387087E+01    3.387389E+01
   3.557101E+01    3.557108E+01    3.556937E+01    3.556574E+01    1.000000E+30    1.000000E+30    1.000000E+30    1.000000E+30    3.403667E+01    3.402281E+01    3.399696E+01    3.396187E+01    3.392399E+01    3.389181E+01    3.387547E+01    3.386917E+01    3.386760E+01    3.386904E+01    3.387166E+01    3.387356E+01
   3.545626E+01    3.545409E+01    3.545155E+01    3.545259E+01    1.000000E+30    1.000000E+30    1.000000E+30    1.000000E+30    3.398622E+01    3.397528E+01    3.395566E+01    3.392969E+01    3.390327E+01    3.388116E+01    3.386738E+01    3.386131E+01    3.386108E+01    3.386336E+01    3.386607E+01    3.386784E+01
   3.531496E+01    3.531244E+01    3.530780E+01    3.530685E+01    1.000000E+30    1.000000E+30    1.000000E+30    1.000000E+30    3.393488E+01    3.392640E+01    3.391032E+01    3.389007E+01    3.387067E+01    3.385385E+01    3.384393E+01    3.384251E+01    3.384503E+01    3.384988E+01    3.385446E+01    3.385703E+01
   3.514208E+01    3.513976E+01    3.513519E+01    3.512858E+01    1.000000E+30    1.000000E+30    1.000000E+30    1.000000E+30    3.387836E+01    3.387295E+01    3.386069E+01    3.384480E+01    3.382866E+01    3.381246E+01    3.380534E+01    3.381256E+01    3.381996E+01    3.382905E+01    3.383715E+01    3.384127E+01
   3.494208E+01    3.493980E+01    3.493324E+01    3.492465E+01    1.000000E+30    1.000000E+30    1.000000E+30    1.000000E+30    3.381787E+01    3.381477E+01    3.380655E+01    3.379448E+01    3.377684E+01    3.375530E+01    3.374384E+01    3.376953E+01    3.378627E+01    3.380276E+01    3.381534E+01    3.382159E+01
   3.473543E+01    3.472411E+01    3.471093E+01    3.469803E+01    1.000000E+30    1.000000E+30    1.000000E+30    1.000000E+30    3.375406E+01    3.375427E+01    3.375008E+01    3.373994E+01    3.371677E+01    3.367742E+01    3.363459E+01    3.371134E+01    3.374797E+01    3.377502E+01    3.379242E+01    3.380146E+01
   3.451903E+01    3.449915E+01    3.446918E+01    3.444240E+01    1.000000E+30    1.000000E+30    1.000000E+30    1.000000E+30    3.368296E+01    3.369115E+01    3.369350E+01    3.368683E+01    3.365988E+01    3.358853E+01    3.340377E+01    3.364377E+01    3.371599E+01    3.375319E+01    3.377394E+01    3.378406E+01
   3.429521E+01    3.426595E+01    3.420881E+01    3.414922E+01    1.000000E+30    1.000000E+30    3.350650E+01    3.353847E+01    3.359836E+01    3.362531E+01    3.363910E+01    3.364283E+01    3.363404E+01    3.360978E+01    3.358419E+01    3.366943E+01    3.371205E+01    3.374241E+01    3.376179E+01    3.377132E+01
   3.408399E+01    3.403514E+01    3.393990E+01    3.378950E+01    3.354142E+01    1.000000E+30    3.346315E+01    3.349603E+01    3.353693E+01    3.356581E+01    3.358745E+01    3.360354E+01    3.361483E+01    3.362261E+01    3.363786E+01    3.368707E+01    3.371487E+01    3.373827E+01    3.375444E+01    3.376269E+01
   3.390164E+01    3.384100E+01    3.371837E+01    3.352649E+01    3.327911E+01    3.327986E+01    3.337958E+01    3.343765E+01    3.347698E+01    3.350518E+01    3.352954E+01    3.355939E+01    3.358967E+01    3.361871E+01    3.365084E+01    3.369346E+01    3.371586E+01    3.373520E+01    3.374879E+01    3.375594E+01
   3.376729E+01    3.370560E+01    3.356852E+01    3.331014E+01    3.275675E+01    3.315580E+01    3.331261E+01    3.338467E+01    3.341997E+01    3.343865E+01    3.345696E+01    3.350376E+01    3.355596E+01    3.360318E+01    3.364683E+01    3.369066E+01    3.371269E+01    3.373079E+01    3.374329E+01    3.374943E+01
   3.368651E+01    3.363459E+01    3.352879E+01    3.336550E+01    3.317623E+01    3.324003E+01    3.330784E+01    3.334998E+01    3.336716E+01    3.336103E+01    3.334467E+01    3.343170E+01    3.351521E+01    3.358227E+01    3.363678E+01    3.368296E+01    3.370648E+01    3.372449E+01    3.373654E+01    3.374226E+01
   3.364253E+01    3.360291E+01    3.352603E+01    3.342159E+01    3.332307E+01    3.330261E+01    3.331111E+01    3.332741E+01    3.332848E+01    3.328652E+01    3.312027E+01    3.335698E+01    3.348087E+01    3.356428E+01    3.362560E+01    3.367479E+01    3.369871E+01    3.371672E+01    3.372858E+01    3.373429E+01
   3.362148E+01    3.359149E+01    3.353251E+01    3.345396E+01    3.337533E+01    3.332086E+01    3.329253E+01    3.330795E+01    3.332312E+01    3.332025E+01    3.330814E+01    3.339876E+01    3.348660E+01    3.355914E+01    3.361762E+01    3.366627E+01    3.368996E+01    3.370717E+01    3.371862E+01    3.372481E+01
   3.361333E+01    3.358887E+01    3.354004E+01    3.347234E+01    3.339104E+01    3.330138E+01    3.321746E+01    3.327477E+01    3.332462E+01    3.335573E+01    3.338364E+01    3.344009E+01    3.350283E+01    3.356029E+01    3.361246E+01    3.365766E+01    3.368016E+01    3.369675E+01    3.370775E+01    3.371388E+01
   3.361324E+01    3.359273E+01    3.355087E+01    3.348896E+01    3.340135E+01    3.326427E+01    3.297899E+01    3.323258E+01    3.333443E+01    3.338608E+01    3.342396E+01    3.346737E+01    3.351345E+01    3.356021E+01    3.360533E+01    3.364680E+01    3.366941E+01    3.368595E+01    3.369696E+01    3.370300E+01
   3.361658E+01    3.359980E+01    3.356528E+01    3.351561E+01    3.344786E+01    3.335977E+01    3.326955E+01    3.332676E+01    3.338078E+01    3.341898E+01    3.344901E+01    3.347961E+01    3.351412E+01    3.355309E+01    3.359419E+01    3.363451E+01    3.365808E+01    3.367512E+01    3.368607E+01    3.369225E+01
   3.361941E+01    3.360493E+01    3.358002E+01    3.354478E+01    3.349895E+01    3.344568E+01    3.340475E+01    3.341159E+01    3.343044E+01    3.344752E+01    3.346115E+01    3.347657E+01    3.349916E+01    3.353451E+01    3.357695E+01    3.361949E+01    3.364517E+01    3.366391E+01    3.367567E+01    3.368181E+01
   1.000000E+30    3.360537E+01    3.359040E+01    3.356748E+01    3.353825E+01    3.350546E+01    3.347901E+01    3.346918E+01    3.346733E+01    3.346563E+01    3.346112E+01    3.345682E+01    3.346317E+01    3.350262E+01    3.355117E+01    3.360167E+01    3.363090E+01    3.365185E+01    3.366534E+01    3.367215E+01
   1.000000E+30    1.000000E+30    3.359378E+01    3.358185E+01    3.356336E+01    3.354137E+01    3.352047E+01    3.350435E+01    3.349108E+01    3.347480E+01    3.345157E+01    3.341898E+01    3.338614E+01    3.345585E+01    3.352291E+01    3.358226E+01    3.361570E+01    3.363907E+01    3.365447E+01    3.366345E+01
   1.000000E+30    1.000000E+30    1.000000E+30    3.358714E+01    3.357649E+01    3.356092E+01    3.354344E+01    3.352619E+01    3.350700E+01    3.348169E+01    3.344415E+01    3.337575E+01    3.320004E+01    3.340227E+01    3.350152E+01    3.356718E+01    3.360186E+01    3.362647E+01    3.364296E+01    3.365675E+01
   1.000000E+30    1.000000E+30    1.000000E+30    1.000000E+30    3.357953E+01    3.356972E+01    3.355557E+01    3.353908E+01    3.352003E+01    3.349556E+01    3.346380E+01    3.342502E+01    3.338674E+01    3.344792E+01    3.351093E+01    3.356246E+01    3.359241E+01    3.361471E+01    3.362808E+01    1.000000E+30
   1.000000E+30    1.000000E+30    1.000000E+30    1.000000E+30    3.358084E+01    3.357147E+01    3.356033E+01    3.354639E+01    3.352980E+01    3.351068E+01    3.348906E+01    3.346926E+01    3.346154E+01    3.348823E+01    3.352548E+01    3.356150E+01    3.358563E+01    3.360541E+01    3.361962E+01    1.000000E+30
   1.000000E+30    1.000000E+30    1.000000E+30    1.000000E+30    1.000000E+30    3.356491E+01    3.355819E+01    3.354788E+01    3.353551E+01    3.352149E+01    3.350752E+01    3.349724E+01    3.349647E+01    3.351152E+01    3.353460E+01    3.355906E+01    3.357831E+01    3.359533E+01    1.000000E+30    1.000000E+30
   1.000000E+30    1.000000E+30    1.000000E+30    1.000000E+30    1.000000E+30    3.355679E+01    3.355069E+01    3.354271E+01    3.353559E+01    3.352659E+01    3.351683E+01    3.350975E+01    3.350993E+01    3.352064E+01    3.353677E+01    3.355400E+01    3.356907E+01    1.000000E+30    1.000000E+30    1.000000E+30
   1.000000E+30    1.000000E+30    1.000000E+30    1.000000E+30    1.000000E+30    3.354670E+01    3.353586E+01    3.352797E+01    3.353043E+01    3.352662E+01    3.351792E+01    3.351032E+01    3.350710E+01    3.351915E+01    3.353360E+01    3.354687E+01    1.000000E+30    1.000000E+30    1.000000E+30    1.000000E+30
