   3.705518E+01    3.702459E+01    3.696460E+01    3.688371E+01    3.678247E+01    3.666031E+01    3.652799E+01    3.638639E+01    3.623441E+01    3.606812E+01    3.589035E+01    3.570204E+01    3.549432E+01    3.526136E+01    3.500292E+01    3.472855E+01    3.481521E+01    3.487683E+01    3.491352E+01    3.493124E+01
   3.706117E+01    3.703151E+01    3.697100E+01    3.688448E+01    3.677842E+01    3.665454E+01    3.652148E+01    3.637924E+01    3.622326E+01    3.605520E+01    3.587676E+01    3.568505E+01    3.547422E+01    3.524776E+01    3.499837E+01    3.472019E+01    3.480656E+01    3.486659E+01    3.490407E+01    3.492233E+01
   3.707140E+01    3.704093E+01    3.697892E+01    3.688697E+01    3.677440E+01    3.664784E+01    3.651061E+01    3.636345E+01    3.620337E+01    3.603296E+01    3.585012E+01    3.565010E+01    3.544068E+01    3.522474E+01    3.498443E+01    3.471762E+01    3.479070E+01    3.484648E+01    3.488360E+01    3.490176E+01
   3.708600E+01    3.705422E+01    3.698797E+01    3.689234E+01    3.677410E+01    3.664044E+01    3.649451E+01    3.633725E+01    3.617065E+01    3.599496E+01    3.581060E+01    3.561104E+01    3.540331E+01    3.518839E+01    3.495187E+01    3.468894E+01    3.475975E+01    3.481369E+01    3.484956E+01    3.486798E+01
   3.710772E+01    3.707485E+01    3.700559E+01    3.690338E+01    3.677662E+01    3.663237E+01    3.647149E+01    3.630243E+01    3.613023E+01    3.595016E+01    3.576117E+01    3.556005E+01    3.535530E+01    3.514429E+01    3.491371E+01    3.465739E+01    3.471961E+01    3.476911E+01    3.480366E+01    3.482234E+01
   3.713670E+01    3.710303E+01    3.703299E+01    3.692463E+01    3.678374E+01    3.662086E+01    3.644360E+01    3.625747E+01    3.607254E+01    3.588861E+01    3.570029E+01    3.550151E+01    3.529625E+01    3.508810E+01    3.486358E+01    3.461978E+01    3.466761E+01    3.471306E+01    3.474764E+01    3.476576E+01
   3.717463E+01    3.714187E+01    3.707391E+01    3.696062E+01    3.679407E+01    3.660808E+01    3.640759E+01    3.619440E+01    3.599623E+01    3.581065E+01    3.562770E+01    3.543034E+01    3.522414E+01    3.501959E+01    3.479866E+01    3.455662E+01    3.460123E+01    3.464695E+01    3.468368E+01    3.470268E+01
   3.721978E+01    3.719345E+01    3.713625E+01    3.703058E+01    3.681025E+01    3.660024E+01    3.637406E+01    3.610211E+01    3.589381E+01    3.571293E+01    3.553520E+01    3.534201E+01    3.514128E+01    3.493642E+01    3.471629E+01    3.447812E+01    3.451352E+01    3.456756E+01    3.461367E+01    3.463789E+01
   3.726855E+01    3.725227E+01    3.722210E+01    3.718550E+01    1.000000E+30    1.000000E+30    1.000000E+30    3.593617E+01    3.574431E+01    3.558475E+01    3.541674E+01    3.523341E+01    3.504355E+01    3.484219E+01    3.462893E+01    3.439269E+01    3.438708E+01    3.447648E+01    3.454441E+01    3.457816E+01
   3.731586E+01    3.730895E+01    3.729639E+01    3.728323E+01    1.000000E+30    1.000000E+30    1.000000E+30    1.000000E+30    3.552311E+01    3.542751E+01    3.528906E+01    3.512242E+01    3.494120E+01    3.474430E+01    3.454730E+01    3.430859E+01    3.415383E+01    3.439062E+01    3.449402E+01    3.453710E+01
   3.735699E+01    3.735613E+01    3.735322E+01    3.735081E+01    1.000000E+30    1.000000E+30    1.000000E+30    1.000000E+30    3.536186E+01    3.529643E+01    3.518068E+01    3.502409E+01    3.483804E+01    3.462096E+01    3.448492E+01    3.432842E+01    3.433016E+01    3.441897E+01    3.448477E+01    3.451937E+01
   3.738819E+01    3.738924E+01    3.739029E+01    3.739189E+01    1.000000E+30    1.000000E+30    1.000000E+30    1.000000E+30    3.525109E+01    3.519791E+01    3.509414E+01    3.494259E+01    3.473600E+01    3.438804E+01    3.442887E+01    3.434274E+01    3.439322E+01    3.445021E+01    3.449428E+01    3.451889E+01
   3.740354E+01    3.740366E+01    3.740526E+01    3.740683E+01    1.000000E+30    1.000000E+30    1.000000E+30    1.000000E+30    3.517154E+01    3.512665E+01    3.503872E+01    3.491104E+01    3.475231E+01    3.457208E+01    3.447978E+01    3.437740E+01    3.442882E+01    3.447516E+01    3.450952E+01    3.452840E+01
   3.739987E+01    3.739915E+01    3.739975E+01    3.740024E+01    1.000000E+30    1.000000E+30    1.000000E+30    1.000000E+30    3.511844E+01    3.508014E+01    3.500484E+01    3.490049E+01    3.477281E+01    3.463670E+01    3.451900E+01    3.439845E+01    3.445097E+01    3.449387E+01    3.452412E+01    3.454110E+01
   3.737332E+01    3.737203E+01    3.737165E+01    3.737099E+01    1.000000E+30    1.000000E+30    1.000000E+30    1.000000E+30    3.508020E+01    3.504666E+01    3.498214E+01    3.489213E+01    3.478264E+01    3.466088E+01    3.453803E+01    3.441325E+01    3.446399E+01    3.450566E+01    3.453502E+01    3.455111E+01
   3.732004E+01    3.731881E+01    3.731777E+01    3.731947E+01    1.000000E+30    1.000000E+30    1.000000E+30    1.000000E+30    3.505106E+01    3.502034E+01    3.496185E+01    3.487853E+01    3.477892E+01    3.466452E+01    3.454185E+01    3.441622E+01    3.446738E+01    3.450935E+01    3.453886E+01    3.455414E+01
   3.724069E+01    3.723941E+01    3.723672E+01    3.723737E+01    1.000000E+30    1.000000E+30    1.000000E+30    1.000000E+30    3.502669E+01    3.499690E+01    3.494043E+01    3.486003E+01    3.476418E+01    3.465231E+01    3.452848E+01    3.440180E+01    3.445719E+01    3.450287E+01    3.453457E+01    3.455033E+01
   3.713214E+01    3.713019E+01    3.712698E+01    3.712345E+01    1.000000E+30    1.000000E+30    1.000000E+30    1.000000E+30    3.500585E+01    3.497568E+01    3.491729E+01    3.483740E+01    3.474037E+01    3.462441E+01    3.449818E+01    3.436861E+01    3.443424E+01    3.448574E+01    3.452218E+01    3.454029E+01
   3.699553E+01    3.699448E+01    3.699014E+01    3.698462E+01    1.000000E+30    1.000000E+30    1.000000E+30    1.000000E+30    3.499041E+01    3.495851E+01    3.489759E+01    3.481497E+01    3.470928E+01    3.458081E+01    3.444323E+01    3.432932E+01    3.440259E+01    3.446184E+01    3.450323E+01    3.452373E+01
   3.684569E+01    3.683900E+01    3.683088E+01    3.682299E+01    1.000000E+30    1.000000E+30    1.000000E+30    1.000000E+30    3.498419E+01    3.494816E+01    3.488252E+01    3.479358E+01    3.467233E+01    3.451545E+01    3.433936E+01    3.427205E+01    3.436603E+01    3.443443E+01    3.447981E+01    3.450304E+01
   3.668005E+01    3.666848E+01    3.664987E+01    3.663344E+01    1.000000E+30    1.000000E+30    1.000000E+30    1.000000E+30    3.499289E+01    3.494557E+01    3.487219E+01    3.477597E+01    3.464030E+01    3.443946E+01    3.411226E+01    3.420993E+01    3.433747E+01    3.441421E+01    3.446082E+01    3.448390E+01
   3.649972E+01    3.648323E+01    3.644767E+01    3.640891E+01    1.000000E+30    1.000000E+30    3.515967E+01    3.510688E+01    3.502483E+01    3.494735E+01    3.486165E+01    3.476239E+01    3.463524E+01    3.447595E+01    3.430739E+01    3.424987E+01    3.433886E+01    3.440503E+01    3.444836E+01    3.446990E+01
   3.631691E+01    3.628885E+01    3.623104E+01    3.613227E+01    3.595042E+01    1.000000E+30    3.519020E+01    3.512148E+01    3.503071E+01    3.493861E+01    3.484579E+01    3.474575E+01    3.462885E+01    3.449872E+01    3.437283E+01    3.427622E+01    3.434544E+01    3.440208E+01    3.444040E+01    3.445941E+01
   3.614201E+01    3.610899E+01    3.604079E+01    3.593026E+01    3.574796E+01    3.547838E+01    3.526483E+01    3.513425E+01    3.502036E+01    3.491552E+01    3.481470E+01    3.471594E+01    3.461118E+01    3.450205E+01    3.438933E+01    3.427705E+01    3.434391E+01    3.439650E+01    3.443161E+01    3.444957E+01
   3.598810E+01    3.595624E+01    3.588819E+01    3.578322E+01    3.562627E+01    3.543436E+01    3.525786E+01    3.511192E+01    3.498304E+01    3.486391E+01    3.475265E+01    3.466722E+01    3.458163E+01    3.448882E+01    3.438361E+01    3.426527E+01    3.433306E+01    3.438573E+01    3.442092E+01    3.443751E+01
   3.585613E+01    3.582577E+01    3.576165E+01    3.566178E+01    3.552194E+01    3.536309E+01    3.520453E+01    3.505965E+01    3.492487E+01    3.478542E+01    3.463778E+01    3.459239E+01    3.453878E+01    3.446173E+01    3.436136E+01    3.424699E+01    3.431564E+01    3.436988E+01    3.440614E+01    3.442286E+01
   3.573965E+01    3.571072E+01    3.564958E+01    3.555117E+01    3.542311E+01    3.527778E+01    3.513042E+01    3.499768E+01    3.486103E+01    3.469080E+01    3.439217E+01    3.450362E+01    3.449287E+01    3.442854E+01    3.433162E+01    3.421018E+01    3.429096E+01    3.435012E+01    3.438776E+01    3.440568E+01
   3.563934E+01    3.560954E+01    3.554646E+01    3.544902E+01    3.532594E+01    3.518314E+01    3.504300E+01    3.493063E+01    3.481821E+01    3.469418E+01    3.455727E+01    3.452200E+01    3.447612E+01    3.440352E+01    3.430536E+01    3.418061E+01    3.426705E+01    3.432776E+01    3.436610E+01    3.438571E+01
   3.555426E+01    3.552200E+01    3.545647E+01    3.536015E+01    3.523379E+01    3.507882E+01    3.491386E+01    3.484858E+01    3.477653E+01    3.468823E+01    3.459724E+01    3.453029E+01    3.446137E+01    3.438080E+01    3.427952E+01    3.415505E+01    3.424418E+01    3.430575E+01    3.434429E+01    3.436449E+01
   3.548583E+01    3.545206E+01    3.538521E+01    3.528797E+01    3.515737E+01    3.497230E+01    3.466413E+01    3.475666E+01    3.473138E+01    3.466662E+01    3.459112E+01    3.451674E+01    3.443885E+01    3.435315E+01    3.425472E+01    3.414008E+01    3.422598E+01    3.428650E+01    3.432476E+01    3.434495E+01
   3.543218E+01    3.539249E+01    3.532258E+01    3.523216E+01    3.511652E+01    3.497024E+01    3.481376E+01    3.476414E+01    3.470968E+01    3.464131E+01    3.456505E+01    3.448682E+01    3.440532E+01    3.432129E+01    3.423181E+01    3.412597E+01    3.421060E+01    3.426966E+01    3.430663E+01    3.432721E+01
   3.539601E+01    3.533868E+01    3.526814E+01    3.518429E+01    3.508036E+01    3.496215E+01    3.484556E+01    3.476151E+01    3.468665E+01    3.460827E+01    3.452646E+01    3.444209E+01    3.435769E+01    3.428181E+01    3.420413E+01    3.411407E+01    3.419550E+01    3.425432E+01    3.429136E+01    3.431125E+01
   1.000000E+30    3.528438E+01    3.521359E+01    3.513021E+01    3.503560E+01    3.493252E+01    3.482871E+01    3.473856E+01    3.465387E+01    3.456688E+01    3.447485E+01    3.437951E+01    3.429031E+01    3.422887E+01    3.416755E+01    3.408873E+01    3.417572E+01    3.423714E+01    3.427688E+01    3.429718E+01
   1.000000E+30    1.000000E+30    3.515047E+01    3.506798E+01    3.497577E+01    3.488033E+01    3.478717E+01    3.469944E+01    3.461087E+01    3.451583E+01    3.441303E+01    3.429993E+01    3.418137E+01    3.415648E+01    3.412149E+01    3.405723E+01    3.415105E+01    3.421641E+01    3.425914E+01    3.428368E+01
   1.000000E+30    1.000000E+30    1.000000E+30    3.499305E+01    3.489363E+01    3.480933E+01    3.472908E+01    3.464656E+01    3.455714E+01    3.446006E+01    3.435136E+01    3.421185E+01    3.396210E+01    3.407532E+01    3.407940E+01    3.403630E+01    3.412545E+01    3.419199E+01    3.423668E+01    3.427206E+01
   1.000000E+30    1.000000E+30    1.000000E+30    1.000000E+30    3.478211E+01    3.472349E+01    3.465409E+01    3.457932E+01    3.449869E+01    3.440967E+01    3.431378E+01    3.421100E+01    3.410423E+01    3.408817E+01    3.406476E+01    3.402102E+01    3.410105E+01    3.416398E+01    3.420175E+01    1.000000E+30
   1.000000E+30    1.000000E+30    1.000000E+30    1.000000E+30    3.471618E+01    3.462724E+01    3.456346E+01    3.449981E+01    3.443020E+01    3.435485E+01    3.427722E+01    3.419947E+01    3.413055E+01    3.408912E+01    3.404966E+01    3.399894E+01    3.407459E+01    3.413634E+01    3.417982E+01    1.000000E+30
   1.000000E+30    1.000000E+30    1.000000E+30    1.000000E+30    1.000000E+30    3.448383E+01    3.445283E+01    3.440570E+01    3.435026E+01    3.428895E+01    3.422696E+01    3.416750E+01    3.411354E+01    3.406832E+01    3.402482E+01    3.397330E+01    3.404286E+01    3.410292E+01    1.000000E+30    1.000000E+30
   1.000000E+30    1.000000E+30    1.000000E+30    1.000000E+30    1.000000E+30    3.435685E+01    3.433519E+01    3.429777E+01    3.425463E+01    3.420842E+01    3.416097E+01    3.411490E+01    3.406935E+01    3.402819E+01    3.398751E+01    3.394030E+01    3.400352E+01    1.000000E+30    1.000000E+30    1.000000E+30
   1.000000E+30    1.000000E+30    1.000000E+30    1.000000E+30    1.000000E+30    3.422587E+01    3.420318E+01    3.416758E+01    3.414341E+01    3.411099E+01    3.407889E+01    3.404343E+01    3.400239E+01    3.396914E+01    3.393631E+01    3.389961E+01    1.000000E+30    1.000000E+30    1.000000E+30    1.000000E+30
