   3.651086E+01    3.647853E+01    3.641743E+01    3.633367E+01    3.622866E+01    3.610155E+01    3.596665E+01    3.582647E+01    3.567873E+01    3.552125E+01    3.535772E+01    3.519009E+01    3.501155E+01    3.481985E+01    3.461968E+01    3.442198E+01    3.443809E+01    3.445029E+01    3.445801E+01    3.446243E+01
   3.651381E+01    3.648288E+01    3.642129E+01    3.633323E+01    3.622394E+01    3.609650E+01    3.596127E+01    3.582001E+01    3.566860E+01    3.550894E+01    3.534505E+01    3.517517E+01    3.499539E+01    3.480940E+01    3.461577E+01    3.441495E+01    3.443116E+01    3.444266E+01    3.445027E+01    3.445428E+01
   3.652064E+01    3.648900E+01    3.642553E+01    3.633395E+01    3.621956E+01    3.609002E+01    3.595140E+01    3.580512E+01    3.564975E+01    3.548773E+01    3.531982E+01    3.514331E+01    3.496593E+01    3.478995E+01    3.460398E+01    3.440942E+01    3.441822E+01    3.442707E+01    3.443384E+01    3.443735E+01
   3.653409E+01    3.650109E+01    3.643430E+01    3.633888E+01    3.621929E+01    3.608339E+01    3.593624E+01    3.577990E+01    3.561822E+01    3.545217E+01    3.528298E+01    3.510704E+01    3.493137E+01    3.475781E+01    3.457650E+01    3.438631E+01    3.439427E+01    3.440147E+01    3.440702E+01    3.441093E+01
   3.655660E+01    3.652319E+01    3.645323E+01    3.635031E+01    3.622180E+01    3.607563E+01    3.591360E+01    3.574565E+01    3.557875E+01    3.540817E+01    3.523443E+01    3.505735E+01    3.488484E+01    3.471590E+01    3.454069E+01    3.435740E+01    3.435989E+01    3.436497E+01    3.437051E+01    3.437475E+01
   3.658901E+01    3.655494E+01    3.648413E+01    3.637372E+01    3.622962E+01    3.606475E+01    3.588590E+01    3.570099E+01    3.552030E+01    3.534467E+01    3.517168E+01    3.499763E+01    3.482585E+01    3.466061E+01    3.449277E+01    3.432035E+01    3.431413E+01    3.431774E+01    3.432421E+01    3.432854E+01
   3.663223E+01    3.659916E+01    3.652939E+01    3.641359E+01    3.624276E+01    3.605292E+01    3.585025E+01    3.563699E+01    3.544177E+01    3.526387E+01    3.509608E+01    3.492383E+01    3.475307E+01    3.459323E+01    3.443102E+01    3.426425E+01    3.425404E+01    3.425943E+01    3.426902E+01    3.427494E+01
   3.668345E+01    3.665648E+01    3.659674E+01    3.648758E+01    3.626045E+01    3.604535E+01    3.581606E+01    3.554249E+01    3.533620E+01    3.516271E+01    3.500009E+01    3.483163E+01    3.466742E+01    3.451035E+01    3.435201E+01    3.419273E+01    3.417176E+01    3.418525E+01    3.420493E+01    3.421646E+01
   3.673793E+01    3.672035E+01    3.668748E+01    3.664823E+01    1.000000E+30    1.000000E+30    1.000000E+30    3.537298E+01    3.518258E+01    3.503044E+01    3.487843E+01    3.471995E+01    3.456638E+01    3.441373E+01    3.426433E+01    3.410942E+01    3.404853E+01    3.409712E+01    3.414011E+01    3.416180E+01
   3.678799E+01    3.677905E+01    3.676350E+01    3.674762E+01    1.000000E+30    1.000000E+30    1.000000E+30    1.000000E+30    3.495747E+01    3.486949E+01    3.474775E+01    3.460615E+01    3.445923E+01    3.430914E+01    3.417660E+01    3.402060E+01    3.381621E+01    3.401219E+01    3.409188E+01    3.412276E+01
   3.683002E+01    3.682635E+01    3.681973E+01    3.681398E+01    1.000000E+30    1.000000E+30    1.000000E+30    1.000000E+30    3.479317E+01    3.473556E+01    3.463567E+01    3.450316E+01    3.434759E+01    3.417211E+01    3.410215E+01    3.402350E+01    3.398185E+01    3.403804E+01    3.408314E+01    3.410654E+01
   3.685839E+01    3.685682E+01    3.685425E+01    3.685253E+01    1.000000E+30    1.000000E+30    1.000000E+30    1.000000E+30    3.467913E+01    3.463415E+01    3.454644E+01    3.441809E+01    3.423758E+01    3.391264E+01    3.403232E+01    3.402589E+01    3.403705E+01    3.406511E+01    3.409069E+01    3.410519E+01
   3.686885E+01    3.686765E+01    3.686643E+01    3.686580E+01    1.000000E+30    1.000000E+30    1.000000E+30    1.000000E+30    3.459654E+01    3.456043E+01    3.448880E+01    3.438445E+01    3.425475E+01    3.411241E+01    3.408117E+01    3.404992E+01    3.406625E+01    3.408534E+01    3.410169E+01    3.411104E+01
   3.685894E+01    3.685859E+01    3.685743E+01    3.685610E+01    1.000000E+30    1.000000E+30    1.000000E+30    1.000000E+30    3.453872E+01    3.450956E+01    3.445143E+01    3.437090E+01    3.427493E+01    3.418082E+01    3.411976E+01    3.406838E+01    3.408385E+01    3.409888E+01    3.411118E+01    3.411804E+01
   3.682645E+01    3.682624E+01    3.682487E+01    3.682274E+01    1.000000E+30    1.000000E+30    1.000000E+30    1.000000E+30    3.449701E+01    3.447217E+01    3.442475E+01    3.435929E+01    3.428302E+01    3.420509E+01    3.413792E+01    3.407842E+01    3.409251E+01    3.410607E+01    3.411682E+01    3.412268E+01
   3.676835E+01    3.676683E+01    3.676476E+01    3.676471E+01    1.000000E+30    1.000000E+30    1.000000E+30    1.000000E+30    3.446580E+01    3.444388E+01    3.440193E+01    3.434395E+01    3.427802E+01    3.420832E+01    3.414076E+01    3.407832E+01    3.409209E+01    3.410579E+01    3.411640E+01    3.412228E+01
   3.668428E+01    3.668236E+01    3.667868E+01    3.667733E+01    1.000000E+30    1.000000E+30    1.000000E+30    1.000000E+30    3.444151E+01    3.442001E+01    3.437968E+01    3.432533E+01    3.426419E+01    3.419731E+01    3.412937E+01    3.406654E+01    3.408230E+01    3.409799E+01    3.411015E+01    3.411665E+01
   3.656986E+01    3.656814E+01    3.656461E+01    3.655935E+01    1.000000E+30    1.000000E+30    1.000000E+30    1.000000E+30    3.442226E+01    3.440039E+01    3.435912E+01    3.430533E+01    3.424344E+01    3.417330E+01    3.410390E+01    3.404187E+01    3.406349E+01    3.408307E+01    3.409829E+01    3.410610E+01
   3.642759E+01    3.642603E+01    3.642121E+01    3.641486E+01    1.000000E+30    1.000000E+30    1.000000E+30    1.000000E+30    3.440954E+01    3.438593E+01    3.434236E+01    3.428602E+01    3.421698E+01    3.413685E+01    3.405872E+01    3.400940E+01    3.403806E+01    3.406371E+01    3.408245E+01    3.409182E+01
   3.627267E+01    3.626476E+01    3.625587E+01    3.624679E+01    1.000000E+30    1.000000E+30    1.000000E+30    1.000000E+30    3.440576E+01    3.437802E+01    3.433009E+01    3.426767E+01    3.418610E+01    3.408349E+01    3.397486E+01    3.396369E+01    3.400914E+01    3.404282E+01    3.406514E+01    3.407666E+01
   3.610337E+01    3.608981E+01    3.606975E+01    3.605140E+01    1.000000E+30    1.000000E+30    1.000000E+30    1.000000E+30    3.441576E+01    3.437787E+01    3.432241E+01    3.425334E+01    3.415987E+01    3.402227E+01    3.379282E+01    3.391296E+01    3.398623E+01    3.402703E+01    3.405125E+01    3.406333E+01
   3.591991E+01    3.590129E+01    3.586375E+01    3.582371E+01    1.000000E+30    1.000000E+30    3.456979E+01    3.452206E+01    3.444792E+01    3.438319E+01    3.431641E+01    3.424414E+01    3.415697E+01    3.405256E+01    3.394918E+01    3.394190E+01    3.398687E+01    3.402019E+01    3.404245E+01    3.405385E+01
   3.573633E+01    3.570541E+01    3.564569E+01    3.554514E+01    3.536132E+01    1.000000E+30    3.460204E+01    3.453838E+01    3.445735E+01    3.437892E+01    3.430548E+01    3.423301E+01    3.415465E+01    3.407337E+01    3.400245E+01    3.396210E+01    3.399196E+01    3.401830E+01    3.403728E+01    3.404750E+01
   3.556190E+01    3.552621E+01    3.545565E+01    3.534299E+01    3.516014E+01    3.489140E+01    3.468018E+01    3.455590E+01    3.445277E+01    3.436209E+01    3.428103E+01    3.421046E+01    3.414301E+01    3.407815E+01    3.401814E+01    3.396630E+01    3.399284E+01    3.401587E+01    3.403250E+01    3.404156E+01
   3.540853E+01    3.537539E+01    3.530517E+01    3.519774E+01    3.504035E+01    3.484967E+01    3.467769E+01    3.453966E+01    3.442320E+01    3.431930E+01    3.422822E+01    3.416955E+01    3.411899E+01    3.406896E+01    3.401601E+01    3.396092E+01    3.398783E+01    3.401041E+01    3.402629E+01    3.403441E+01
   3.527951E+01    3.524804E+01    3.518152E+01    3.507960E+01    3.493916E+01    3.478274E+01    3.463026E+01    3.449515E+01    3.437368E+01    3.425098E+01    3.412608E+01    3.410428E+01    3.408346E+01    3.404845E+01    3.400170E+01    3.394932E+01    3.397752E+01    3.400088E+01    3.401693E+01    3.402477E+01
   3.516805E+01    3.513694E+01    3.507353E+01    3.497249E+01    3.484452E+01    3.470244E+01    3.456234E+01    3.444052E+01    3.431885E+01    3.416847E+01    3.390214E+01    3.402826E+01    3.404730E+01    3.402522E+01    3.398266E+01    3.392805E+01    3.396197E+01    3.398763E+01    3.400484E+01    3.401306E+01
   3.507170E+01    3.503979E+01    3.497434E+01    3.487522E+01    3.475208E+01    3.461264E+01    3.447984E+01    3.438029E+01    3.428426E+01    3.417958E+01    3.406645E+01    3.405460E+01    3.404090E+01    3.401056E+01    3.396585E+01    3.390896E+01    3.394506E+01    3.397127E+01    3.398890E+01    3.399845E+01
   3.498924E+01    3.495586E+01    3.488858E+01    3.479156E+01    3.466584E+01    3.451336E+01    3.435314E+01    3.430490E+01    3.425133E+01    3.418274E+01    3.411356E+01    3.407214E+01    3.403714E+01    3.399732E+01    3.394863E+01    3.389079E+01    3.392796E+01    3.395433E+01    3.397162E+01    3.398126E+01
   3.492233E+01    3.488854E+01    3.482128E+01    3.472460E+01    3.459515E+01    3.441075E+01    3.409336E+01    3.421862E+01    3.421607E+01    3.417182E+01    3.411782E+01    3.406899E+01    3.402404E+01    3.397861E+01    3.392979E+01    3.387642E+01    3.391196E+01    3.393783E+01    3.395505E+01    3.396442E+01
   3.487069E+01    3.483233E+01    3.476439E+01    3.467637E+01    3.456399E+01    3.442329E+01    3.427351E+01    3.424180E+01    3.420664E+01    3.415788E+01    3.410224E+01    3.404888E+01    3.399870E+01    3.395281E+01    3.390899E+01    3.386071E+01    3.389628E+01    3.392212E+01    3.393870E+01    3.394796E+01
   3.483654E+01    3.478228E+01    3.471611E+01    3.463712E+01    3.453983E+01    3.443011E+01    3.432343E+01    3.425401E+01    3.419589E+01    3.413525E+01    3.407282E+01    3.401217E+01    3.395770E+01    3.391655E+01    3.388093E+01    3.384338E+01    3.387869E+01    3.390581E+01    3.392309E+01    3.393215E+01
   1.000000E+30    3.473321E+01    3.466912E+01    3.459305E+01    3.450705E+01    3.441311E+01    3.431999E+01    3.424306E+01    3.417394E+01    3.410361E+01    3.402990E+01    3.395737E+01    3.389635E+01    3.386702E+01    3.384465E+01    3.381853E+01    3.385821E+01    3.388783E+01    3.390741E+01    3.391744E+01
   1.000000E+30    1.000000E+30    3.461438E+01    3.454109E+01    3.445848E+01    3.437258E+01    3.429010E+01    3.421511E+01    3.414133E+01    3.406233E+01    3.397766E+01    3.388754E+01    3.379727E+01    3.380188E+01    3.380323E+01    3.379045E+01    3.383553E+01    3.386815E+01    3.389060E+01    3.390406E+01
   1.000000E+30    1.000000E+30    1.000000E+30    3.447612E+01    3.438889E+01    3.431478E+01    3.424441E+01    3.417422E+01    3.409971E+01    3.401908E+01    3.392883E+01    3.381273E+01    3.359669E+01    3.373021E+01    3.376708E+01    3.376903E+01    3.381381E+01    3.384781E+01    3.387202E+01    3.389346E+01
   1.000000E+30    1.000000E+30    1.000000E+30    1.000000E+30    3.429362E+01    3.424473E+01    3.418597E+01    3.412283E+01    3.405606E+01    3.398362E+01    3.390581E+01    3.382379E+01    3.374163E+01    3.375025E+01    3.375860E+01    3.375577E+01    3.379531E+01    3.382693E+01    3.384711E+01    1.000000E+30
   1.000000E+30    1.000000E+30    1.000000E+30    1.000000E+30    3.423920E+01    3.416957E+01    3.411745E+01    3.406473E+01    3.400747E+01    3.394767E+01    3.388685E+01    3.382817E+01    3.378057E+01    3.376312E+01    3.375376E+01    3.374252E+01    3.377816E+01    3.380882E+01    3.383209E+01    1.000000E+30
   1.000000E+30    1.000000E+30    1.000000E+30    1.000000E+30    1.000000E+30    3.406329E+01    3.403740E+01    3.399866E+01    3.395396E+01    3.390634E+01    3.385920E+01    3.381639E+01    3.378146E+01    3.375896E+01    3.374327E+01    3.372795E+01    3.375965E+01    3.378905E+01    1.000000E+30    1.000000E+30
   1.000000E+30    1.000000E+30    1.000000E+30    1.000000E+30    1.000000E+30    3.397632E+01    3.395765E+01    3.392713E+01    3.389364E+01    3.385853E+01    3.382266E+01    3.378976E+01    3.376110E+01    3.374080E+01    3.372543E+01    3.371025E+01    3.373833E+01    1.000000E+30    1.000000E+30    1.000000E+30
   1.000000E+30    1.000000E+30    1.000000E+30    1.000000E+30    1.000000E+30    3.389421E+01    3.387381E+01    3.384618E+01    3.382902E+01    3.380503E+01    3.377887E+01    3.375205E+01    3.372516E+01    3.371130E+01    3.370047E+01    3.369021E+01    1.000000E+30    1.000000E+30    1.000000E+30    1.000000E+30
