   3.601003E+01    3.598413E+01    3.593398E+01    3.586656E+01    3.578297E+01    3.568340E+01    3.557777E+01    3.546759E+01    3.535249E+01    3.523043E+01    3.510438E+01    3.497594E+01    3.483999E+01    3.469407E+01    3.453883E+01    3.437980E+01    3.440478E+01    3.442076E+01    3.442928E+01    3.443308E+01
   3.601403E+01    3.598901E+01    3.593844E+01    3.586659E+01    3.577911E+01    3.567830E+01    3.557200E+01    3.546110E+01    3.534278E+01    3.521922E+01    3.509268E+01    3.496191E+01    3.482376E+01    3.468189E+01    3.453216E+01    3.437095E+01    3.439566E+01    3.441118E+01    3.442016E+01    3.442418E+01
   3.602117E+01    3.599551E+01    3.594361E+01    3.586759E+01    3.577496E+01    3.567187E+01    3.556206E+01    3.544685E+01    3.532495E+01    3.519922E+01    3.506934E+01    3.493287E+01    3.479577E+01    3.466050E+01    3.451611E+01    3.436119E+01    3.437883E+01    3.439189E+01    3.440005E+01    3.440370E+01
   3.603204E+01    3.600528E+01    3.595004E+01    3.587088E+01    3.577350E+01    3.566442E+01    3.554716E+01    3.542332E+01    3.529583E+01    3.516581E+01    3.503446E+01    3.489808E+01    3.476213E+01    3.462762E+01    3.448599E+01    3.433478E+01    3.434960E+01    3.436015E+01    3.436703E+01    3.437115E+01
   3.604874E+01    3.602118E+01    3.596341E+01    3.587860E+01    3.577392E+01    3.565581E+01    3.552576E+01    3.539172E+01    3.525889E+01    3.512463E+01    3.498934E+01    3.485162E+01    3.471758E+01    3.458562E+01    3.444826E+01    3.430203E+01    3.430904E+01    3.431600E+01    3.432236E+01    3.432669E+01
   3.607128E+01    3.604312E+01    3.598472E+01    3.589463E+01    3.577798E+01    3.564415E+01    3.549979E+01    3.535078E+01    3.520636E+01    3.506768E+01    3.493205E+01    3.479590E+01    3.466140E+01    3.453152E+01    3.439820E+01    3.425991E+01    3.425534E+01    3.425981E+01    3.426653E+01    3.427039E+01
   3.610067E+01    3.607336E+01    3.601663E+01    3.592263E+01    3.578499E+01    3.563158E+01    3.546726E+01    3.529428E+01    3.513727E+01    3.499574E+01    3.486287E+01    3.472705E+01    3.459193E+01    3.446478E+01    3.433414E+01    3.419900E+01    3.418565E+01    3.419047E+01    3.420011E+01    3.420575E+01
   3.613488E+01    3.611289E+01    3.606518E+01    3.597767E+01    3.579690E+01    3.562366E+01    3.543731E+01    3.521361E+01    3.504578E+01    3.490638E+01    3.477607E+01    3.464135E+01    3.450946E+01    3.438198E+01    3.425212E+01    3.412025E+01    3.408753E+01    3.410168E+01    3.412374E+01    3.413674E+01
   3.617036E+01    3.615670E+01    3.613127E+01    3.610062E+01    1.000000E+30    1.000000E+30    1.000000E+30    3.507246E+01    3.491418E+01    3.479043E+01    3.466715E+01    3.453831E+01    3.441244E+01    3.428590E+01    3.415938E+01    3.402277E+01    3.393023E+01    3.399243E+01    3.404570E+01    3.407222E+01
   3.620203E+01    3.619589E+01    3.618484E+01    3.617355E+01    1.000000E+30    1.000000E+30    1.000000E+30    1.000000E+30    3.472042E+01    3.464880E+01    3.454946E+01    3.443296E+01    3.431083E+01    3.418452E+01    3.406876E+01    3.391552E+01    3.361212E+01    3.388361E+01    3.398788E+01    3.402741E+01
   3.622504E+01    3.622342E+01    3.622013E+01    3.621749E+01    1.000000E+30    1.000000E+30    1.000000E+30    1.000000E+30    3.457516E+01    3.452826E+01    3.444660E+01    3.433711E+01    3.420679E+01    3.405880E+01    3.400328E+01    3.393365E+01    3.385959E+01    3.392730E+01    3.398210E+01    3.401047E+01
   3.623508E+01    3.623476E+01    3.623457E+01    3.623507E+01    1.000000E+30    1.000000E+30    1.000000E+30    1.000000E+30    3.447117E+01    3.443434E+01    3.436239E+01    3.425624E+01    3.410432E+01    3.382513E+01    3.394358E+01    3.394771E+01    3.394213E+01    3.396801E+01    3.399538E+01    3.401180E+01
   3.622698E+01    3.622638E+01    3.622636E+01    3.622698E+01    1.000000E+30    1.000000E+30    1.000000E+30    1.000000E+30    3.439281E+01    3.436334E+01    3.430534E+01    3.422144E+01    3.411681E+01    3.400229E+01    3.398843E+01    3.397393E+01    3.398116E+01    3.399608E+01    3.401140E+01    3.402111E+01
   3.619733E+01    3.619719E+01    3.619668E+01    3.619540E+01    1.000000E+30    1.000000E+30    1.000000E+30    1.000000E+30    3.433532E+01    3.431228E+01    3.426640E+01    3.420434E+01    3.413131E+01    3.406166E+01    3.402331E+01    3.399318E+01    3.400291E+01    3.401440E+01    3.402469E+01    3.403155E+01
   3.614214E+01    3.614132E+01    3.614013E+01    3.613789E+01    1.000000E+30    1.000000E+30    1.000000E+30    1.000000E+30    3.428880E+01    3.427019E+01    3.423506E+01    3.418722E+01    3.413265E+01    3.407944E+01    3.403750E+01    3.400212E+01    3.401267E+01    3.402351E+01    3.403250E+01    3.403816E+01
   3.605661E+01    3.605466E+01    3.605250E+01    3.605373E+01    1.000000E+30    1.000000E+30    1.000000E+30    1.000000E+30    3.424783E+01    3.423196E+01    3.420299E+01    3.416318E+01    3.411904E+01    3.407436E+01    3.403413E+01    3.399899E+01    3.401169E+01    3.402367E+01    3.403298E+01    3.403804E+01
   3.594134E+01    3.593900E+01    3.593457E+01    3.593404E+01    1.000000E+30    1.000000E+30    1.000000E+30    1.000000E+30    3.420702E+01    3.419331E+01    3.416740E+01    3.413185E+01    3.409272E+01    3.405174E+01    3.401365E+01    3.398198E+01    3.399873E+01    3.401429E+01    3.402581E+01    3.403163E+01
   3.579115E+01    3.578826E+01    3.578320E+01    3.577703E+01    1.000000E+30    1.000000E+30    1.000000E+30    1.000000E+30    3.416317E+01    3.415137E+01    3.412709E+01    3.409400E+01    3.405583E+01    3.401309E+01    3.397570E+01    3.395047E+01    3.397444E+01    3.399557E+01    3.401161E+01    3.401957E+01
   3.560823E+01    3.560545E+01    3.559796E+01    3.558909E+01    1.000000E+30    1.000000E+30    1.000000E+30    1.000000E+30    3.411742E+01    3.410660E+01    3.408391E+01    3.405170E+01    3.400837E+01    3.395575E+01    3.390997E+01    3.390504E+01    3.393974E+01    3.396986E+01    3.399155E+01    3.400226E+01
   3.541174E+01    3.540009E+01    3.538568E+01    3.537207E+01    1.000000E+30    1.000000E+30    1.000000E+30    1.000000E+30    3.407131E+01    3.406172E+01    3.404009E+01    3.400652E+01    3.395222E+01    3.387340E+01    3.378582E+01    3.384026E+01    3.389912E+01    3.394158E+01    3.396890E+01    3.398279E+01
   3.519914E+01    3.517859E+01    3.514664E+01    3.511826E+01    1.000000E+30    1.000000E+30    1.000000E+30    1.000000E+30    3.402330E+01    3.401661E+01    3.399766E+01    3.396404E+01    3.390074E+01    3.377782E+01    3.351189E+01    3.376493E+01    3.386628E+01    3.392050E+01    3.395117E+01    3.396589E+01
   3.497317E+01    3.494228E+01    3.488104E+01    3.481663E+01    1.000000E+30    1.000000E+30    3.393546E+01    3.394651E+01    3.397029E+01    3.397001E+01    3.395668E+01    3.393078E+01    3.388555E+01    3.381690E+01    3.374368E+01    3.380554E+01    3.386780E+01    3.391246E+01    3.394065E+01    3.395425E+01
   3.475370E+01    3.470210E+01    3.459943E+01    3.443641E+01    3.416792E+01    1.000000E+30    3.390770E+01    3.391764E+01    3.392666E+01    3.392502E+01    3.391632E+01    3.390034E+01    3.387507E+01    3.384290E+01    3.381854E+01    3.383434E+01    3.387670E+01    3.391183E+01    3.393532E+01    3.394670E+01
   3.455897E+01    3.449446E+01    3.436244E+01    3.415449E+01    3.387729E+01    3.381624E+01    3.385578E+01    3.387526E+01    3.387963E+01    3.387506E+01    3.386692E+01    3.386236E+01    3.385600E+01    3.384760E+01    3.384115E+01    3.384519E+01    3.388129E+01    3.391095E+01    3.393090E+01    3.394105E+01
   3.441029E+01    3.434407E+01    3.419744E+01    3.392500E+01    3.335386E+01    3.369492E+01    3.380097E+01    3.383127E+01    3.382938E+01    3.381366E+01    3.379809E+01    3.381056E+01    3.382679E+01    3.383713E+01    3.384183E+01    3.384378E+01    3.387921E+01    3.390725E+01    3.392613E+01    3.393495E+01
   3.431370E+01    3.425711E+01    3.414151E+01    3.396224E+01    3.374785E+01    3.377182E+01    3.379724E+01    3.379930E+01    3.377941E+01    3.373788E+01    3.368504E+01    3.373924E+01    3.378804E+01    3.381811E+01    3.383214E+01    3.383609E+01    3.387264E+01    3.390072E+01    3.391939E+01    3.392788E+01
   3.425275E+01    3.420887E+01    3.412221E+01    3.400147E+01    3.387890E+01    3.382611E+01    3.379785E+01    3.377665E+01    3.374040E+01    3.366111E+01    3.345208E+01    3.366199E+01    3.375310E+01    3.379895E+01    3.381879E+01    3.382239E+01    3.386273E+01    3.389206E+01    3.391052E+01    3.391937E+01
   3.421536E+01    3.418106E+01    3.411229E+01    3.401807E+01    3.391859E+01    3.383743E+01    3.377796E+01    3.375636E+01    3.373358E+01    3.369417E+01    3.364508E+01    3.370306E+01    3.375656E+01    3.379137E+01    3.380841E+01    3.381021E+01    3.385221E+01    3.388150E+01    3.389979E+01    3.390916E+01
   3.419207E+01    3.416264E+01    3.410388E+01    3.402186E+01    3.392276E+01    3.381257E+01    3.370532E+01    3.372220E+01    3.373248E+01    3.372642E+01    3.371924E+01    3.374166E+01    3.376875E+01    3.378944E+01    3.380030E+01    3.379894E+01    3.384085E+01    3.387009E+01    3.388842E+01    3.389804E+01
   3.417855E+01    3.415233E+01    3.409990E+01    3.402391E+01    3.392094E+01    3.377019E+01    3.348636E+01    3.367802E+01    3.373563E+01    3.374986E+01    3.375367E+01    3.376368E+01    3.377510E+01    3.378545E+01    3.379107E+01    3.378885E+01    3.383007E+01    3.385910E+01    3.387744E+01    3.388719E+01
   3.416987E+01    3.414516E+01    3.409778E+01    3.403328E+01    3.394907E+01    3.384231E+01    3.373186E+01    3.375155E+01    3.376867E+01    3.377253E+01    3.377051E+01    3.376953E+01    3.377104E+01    3.377532E+01    3.377951E+01    3.377816E+01    3.381964E+01    3.384850E+01    3.386664E+01    3.387684E+01
   3.416375E+01    3.413595E+01    3.409566E+01    3.404370E+01    3.397825E+01    3.390330E+01    3.383767E+01    3.381393E+01    3.380182E+01    3.378884E+01    3.377382E+01    3.376020E+01    3.375193E+01    3.375521E+01    3.376288E+01    3.376657E+01    3.380866E+01    3.383840E+01    3.385704E+01    3.386699E+01
   1.000000E+30    3.412121E+01    3.408823E+01    3.404543E+01    3.399458E+01    3.393873E+01    3.388708E+01    3.385087E+01    3.382220E+01    3.379420E+01    3.376415E+01    3.373382E+01    3.371259E+01    3.372193E+01    3.373769E+01    3.374900E+01    3.379519E+01    3.382720E+01    3.384766E+01    3.385801E+01
   1.000000E+30    1.000000E+30    3.407191E+01    3.403758E+01    3.399558E+01    3.395015E+01    3.390600E+01    3.386667E+01    3.382962E+01    3.378978E+01    3.374403E+01    3.368907E+01    3.363261E+01    3.367214E+01    3.370729E+01    3.372822E+01    3.377936E+01    3.381430E+01    3.383664E+01    3.384947E+01
   1.000000E+30    1.000000E+30    1.000000E+30    3.401895E+01    3.398104E+01    3.394395E+01    3.390670E+01    3.386875E+01    3.382773E+01    3.378112E+01    3.372377E+01    3.363704E+01    3.344676E+01    3.361474E+01    3.368233E+01    3.371330E+01    3.376387E+01    3.380013E+01    3.382381E+01    3.384247E+01
   1.000000E+30    1.000000E+30    1.000000E+30    1.000000E+30    3.395049E+01    3.392558E+01    3.389420E+01    3.385964E+01    3.382173E+01    3.377786E+01    3.372773E+01    3.367127E+01    3.361426E+01    3.365045E+01    3.368576E+01    3.370674E+01    3.375153E+01    3.378549E+01    3.380525E+01    1.000000E+30
   1.000000E+30    1.000000E+30    1.000000E+30    1.000000E+30    3.393220E+01    3.389883E+01    3.387155E+01    3.384234E+01    3.380974E+01    3.377360E+01    3.373539E+01    3.369868E+01    3.367299E+01    3.367873E+01    3.369207E+01    3.370033E+01    3.374016E+01    3.377207E+01    3.379409E+01    1.000000E+30
   1.000000E+30    1.000000E+30    1.000000E+30    1.000000E+30    1.000000E+30    3.385171E+01    3.383765E+01    3.381621E+01    3.379091E+01    3.376255E+01    3.373417E+01    3.370908E+01    3.369232E+01    3.368904E+01    3.369152E+01    3.369172E+01    3.372661E+01    3.375623E+01    1.000000E+30    1.000000E+30
   1.000000E+30    1.000000E+30    1.000000E+30    1.000000E+30    1.000000E+30    3.380775E+01    3.379716E+01    3.378057E+01    3.376271E+01    3.374242E+01    3.372135E+01    3.370248E+01    3.368877E+01    3.368359E+01    3.368202E+01    3.367871E+01    3.370924E+01    1.000000E+30    1.000000E+30    1.000000E+30
   1.000000E+30    1.000000E+30    1.000000E+30    1.000000E+30    1.000000E+30    3.376037E+01    3.374619E+01    3.373014E+01    3.372481E+01    3.371251E+01    3.369692E+01    3.368098E+01    3.366626E+01    3.366425E+01    3.366397E+01    3.366143E+01    1.000000E+30    1.000000E+30    1.000000E+30    1.000000E+30
