   3.661020E+01    3.658471E+01    3.653433E+01    3.646655E+01    3.638188E+01    3.627989E+01    3.616920E+01    3.605044E+01    3.592293E+01    3.578320E+01    3.563358E+01    3.547475E+01    3.529915E+01    3.510147E+01    3.488076E+01    3.464462E+01    3.472522E+01    3.478229E+01    3.481610E+01    3.483231E+01
   3.661354E+01    3.658891E+01    3.653825E+01    3.646574E+01    3.637703E+01    3.627352E+01    3.616231E+01    3.604317E+01    3.591229E+01    3.577118E+01    3.562095E+01    3.545911E+01    3.528054E+01    3.508834E+01    3.487553E+01    3.463617E+01    3.471658E+01    3.477232E+01    3.480700E+01    3.482379E+01
   3.661845E+01    3.659327E+01    3.654164E+01    3.646462E+01    3.637065E+01    3.626519E+01    3.615068E+01    3.602756E+01    3.589327E+01    3.575017E+01    3.559624E+01    3.542726E+01    3.524971E+01    3.506628E+01    3.486117E+01    3.463202E+01    3.470078E+01    3.475281E+01    3.478722E+01    3.480396E+01
   3.662440E+01    3.659834E+01    3.654349E+01    3.646399E+01    3.636592E+01    3.625504E+01    3.613362E+01    3.600218E+01    3.586249E+01    3.571478E+01    3.555952E+01    3.539094E+01    3.521491E+01    3.503218E+01    3.483021E+01    3.460448E+01    3.467090E+01    3.472120E+01    3.475446E+01    3.477147E+01
   3.663315E+01    3.660624E+01    3.654970E+01    3.646599E+01    3.636208E+01    3.624322E+01    3.610977E+01    3.596868E+01    3.582420E+01    3.567283E+01    3.551372E+01    3.534386E+01    3.517038E+01    3.499093E+01    3.479410E+01    3.457412E+01    3.463245E+01    3.467849E+01    3.471046E+01    3.472767E+01
   3.664442E+01    3.661726E+01    3.656081E+01    3.647393E+01    3.636061E+01    3.622763E+01    3.608113E+01    3.592584E+01    3.577066E+01    3.561600E+01    3.545735E+01    3.528951E+01    3.511558E+01    3.493864E+01    3.474695E+01    3.453801E+01    3.458298E+01    3.462515E+01    3.465697E+01    3.467347E+01
   3.665979E+01    3.663385E+01    3.658034E+01    3.649147E+01    3.636080E+01    3.621100E+01    3.604590E+01    3.586762E+01    3.570091E+01    3.554448E+01    3.539002E+01    3.522325E+01    3.504848E+01    3.487469E+01    3.468623E+01    3.447905E+01    3.452046E+01    3.456247E+01    3.459592E+01    3.461307E+01
   3.667800E+01    3.665753E+01    3.661381E+01    3.653303E+01    3.636710E+01    3.620037E+01    3.601432E+01    3.578544E+01    3.560872E+01    3.545546E+01    3.530477E+01    3.514090E+01    3.497061E+01    3.479659E+01    3.460924E+01    3.440584E+01    3.443796E+01    3.448725E+01    3.452901E+01    3.455086E+01
   3.669653E+01    3.668450E+01    3.666200E+01    3.663449E+01    1.000000E+30    1.000000E+30    1.000000E+30    3.564214E+01    3.547564E+01    3.533918E+01    3.519600E+01    3.503970E+01    3.487812E+01    3.470708E+01    3.452630E+01    3.432490E+01    3.431834E+01    3.440035E+01    3.446217E+01    3.449282E+01
   3.671181E+01    3.670699E+01    3.669798E+01    3.668880E+01    1.000000E+30    1.000000E+30    1.000000E+30    1.000000E+30    3.527734E+01    3.519564E+01    3.507762E+01    3.493506E+01    3.478002E+01    3.461232E+01    3.444701E+01    3.424365E+01    3.409689E+01    3.431701E+01    3.441202E+01    3.445147E+01
   3.671796E+01    3.671733E+01    3.671577E+01    3.671481E+01    1.000000E+30    1.000000E+30    1.000000E+30    1.000000E+30    3.512859E+01    3.507296E+01    3.497442E+01    3.484003E+01    3.467883E+01    3.449040E+01    3.438367E+01    3.425700E+01    3.425769E+01    3.433907E+01    3.439907E+01    3.443060E+01
   3.671173E+01    3.671201E+01    3.671319E+01    3.671496E+01    1.000000E+30    1.000000E+30    1.000000E+30    1.000000E+30    3.502194E+01    3.497693E+01    3.488880E+01    3.475850E+01    3.457637E+01    3.425712E+01    3.432366E+01    3.426464E+01    3.431113E+01    3.436307E+01    3.440296E+01    3.442521E+01
   3.668794E+01    3.668773E+01    3.668842E+01    3.668984E+01    1.000000E+30    1.000000E+30    1.000000E+30    1.000000E+30    3.494057E+01    3.490313E+01    3.482952E+01    3.472213E+01    3.458703E+01    3.443284E+01    3.436695E+01    3.429086E+01    3.433847E+01    3.438072E+01    3.441189E+01    3.442896E+01
   3.664315E+01    3.664333E+01    3.664336E+01    3.664217E+01    1.000000E+30    1.000000E+30    1.000000E+30    1.000000E+30    3.488042E+01    3.484948E+01    3.478799E+01    3.470304E+01    3.459888E+01    3.448858E+01    3.439813E+01    3.430538E+01    3.435333E+01    3.439236E+01    3.441976E+01    3.443519E+01
   3.657287E+01    3.657188E+01    3.657113E+01    3.656911E+01    1.000000E+30    1.000000E+30    1.000000E+30    1.000000E+30    3.483051E+01    3.480427E+01    3.475395E+01    3.468339E+01    3.459773E+01    3.450319E+01    3.440919E+01    3.431338E+01    3.435958E+01    3.439740E+01    3.442388E+01    3.443842E+01
   3.647205E+01    3.647022E+01    3.646864E+01    3.647108E+01    1.000000E+30    1.000000E+30    1.000000E+30    1.000000E+30    3.478541E+01    3.476213E+01    3.471857E+01    3.465620E+01    3.458168E+01    3.449631E+01    3.440476E+01    3.431017E+01    3.435710E+01    3.439518E+01    3.442170E+01    3.443532E+01
   3.634294E+01    3.634103E+01    3.633730E+01    3.633804E+01    1.000000E+30    1.000000E+30    1.000000E+30    1.000000E+30    3.473947E+01    3.471878E+01    3.467903E+01    3.462189E+01    3.455378E+01    3.447362E+01    3.438419E+01    3.429134E+01    3.434235E+01    3.438388E+01    3.441239E+01    3.442641E+01
   3.618151E+01    3.617896E+01    3.617464E+01    3.616958E+01    1.000000E+30    1.000000E+30    1.000000E+30    1.000000E+30    3.468944E+01    3.467133E+01    3.463402E+01    3.458144E+01    3.451664E+01    3.443696E+01    3.434895E+01    3.425669E+01    3.431647E+01    3.436294E+01    3.439575E+01    3.441189E+01
   3.599062E+01    3.598879E+01    3.598260E+01    3.597474E+01    1.000000E+30    1.000000E+30    1.000000E+30    1.000000E+30    3.463677E+01    3.462056E+01    3.458663E+01    3.453782E+01    3.447129E+01    3.438640E+01    3.429330E+01    3.421660E+01    3.428274E+01    3.433579E+01    3.437288E+01    3.439120E+01
   3.579027E+01    3.578010E+01    3.576763E+01    3.575577E+01    1.000000E+30    1.000000E+30    1.000000E+30    1.000000E+30    3.458351E+01    3.456953E+01    3.453850E+01    3.449149E+01    3.441883E+01    3.431726E+01    3.419773E+01    3.416195E+01    3.424480E+01    3.430552E+01    3.434593E+01    3.436681E+01
   3.557681E+01    3.555880E+01    3.553019E+01    3.550503E+01    1.000000E+30    1.000000E+30    1.000000E+30    1.000000E+30    3.452803E+01    3.451766E+01    3.449067E+01    3.444552E+01    3.436835E+01    3.423856E+01    3.400431E+01    3.410295E+01    3.421347E+01    3.428158E+01    3.432323E+01    3.434405E+01
   3.535317E+01    3.532597E+01    3.527053E+01    3.521158E+01    1.000000E+30    1.000000E+30    3.442747E+01    3.444006E+01    3.446674E+01    3.446333E+01    3.444208E+01    3.440355E+01    3.434026E+01    3.424885E+01    3.414545E+01    3.412504E+01    3.420653E+01    3.426704E+01    3.430657E+01    3.432614E+01
   3.513759E+01    3.509142E+01    3.499768E+01    3.484684E+01    3.459479E+01    1.000000E+30    3.439476E+01    3.440676E+01    3.441648E+01    3.441150E+01    3.439426E+01    3.436299E+01    3.431438E+01    3.425051E+01    3.418450E+01    3.413710E+01    3.420473E+01    3.425844E+01    3.429430E+01    3.431182E+01
   3.494718E+01    3.488919E+01    3.476857E+01    3.457644E+01    3.431899E+01    3.427857E+01    3.433272E+01    3.435772E+01    3.436327E+01    3.435584E+01    3.433866E+01    3.431583E+01    3.428203E+01    3.423847E+01    3.418645E+01    3.413065E+01    3.419716E+01    3.424829E+01    3.428185E+01    3.429876E+01
   3.480222E+01    3.474224E+01    3.460773E+01    3.435296E+01    3.380498E+01    3.415663E+01    3.427204E+01    3.430794E+01    3.430784E+01    3.429040E+01    3.426647E+01    3.425793E+01    3.424344E+01    3.421567E+01    3.417254E+01    3.411506E+01    3.418286E+01    3.423454E+01    3.426860E+01    3.428438E+01
   3.470647E+01    3.465585E+01    3.455172E+01    3.438814E+01    3.419153E+01    3.422774E+01    3.426203E+01    3.426978E+01    3.425307E+01    3.421289E+01    3.415651E+01    3.418379E+01    3.419738E+01    3.418557E+01    3.414912E+01    3.409593E+01    3.416468E+01    3.421775E+01    3.425282E+01    3.426884E+01
   3.464404E+01    3.460609E+01    3.452993E+01    3.442348E+01    3.431585E+01    3.427546E+01    3.425620E+01    3.424052E+01    3.420800E+01    3.413414E+01    3.394181E+01    3.410355E+01    3.415356E+01    3.415415E+01    3.412195E+01    3.406503E+01    3.414248E+01    3.419915E+01    3.423501E+01    3.425209E+01
   3.460489E+01    3.457586E+01    3.451679E+01    3.443536E+01    3.434978E+01    3.428116E+01    3.423092E+01    3.421234E+01    3.418987E+01    3.414917E+01    3.409434E+01    3.412451E+01    3.414161E+01    3.413320E+01    3.409954E+01    3.404071E+01    3.412213E+01    3.417939E+01    3.421546E+01    3.423382E+01
   3.458012E+01    3.455511E+01    3.450502E+01    3.443429E+01    3.434829E+01    3.425200E+01    3.415736E+01    3.417051E+01    3.417547E+01    3.416229E+01    3.414288E+01    3.414197E+01    3.413631E+01    3.411760E+01    3.407997E+01    3.402034E+01    3.410294E+01    3.416046E+01    3.419649E+01    3.421530E+01
   3.456546E+01    3.454282E+01    3.449766E+01    3.443138E+01    3.434076E+01    3.420666E+01    3.395410E+01    3.411940E+01    3.416405E+01    3.416705E+01    3.415624E+01    3.414435E+01    3.412644E+01    3.410024E+01    3.406168E+01    3.400721E+01    3.408753E+01    3.414418E+01    3.417991E+01    3.419873E+01
   3.455562E+01    3.453357E+01    3.449156E+01    3.443427E+01    3.435890E+01    3.426185E+01    3.416031E+01    3.417215E+01    3.417923E+01    3.417157E+01    3.415460E+01    3.413330E+01    3.410796E+01    3.407924E+01    3.404438E+01    3.399509E+01    3.407468E+01    3.413016E+01    3.416483E+01    3.418411E+01
   3.454864E+01    3.452291E+01    3.448568E+01    3.443787E+01    3.437707E+01    3.430668E+01    3.424343E+01    3.421523E+01    3.419500E+01    3.417103E+01    3.414168E+01    3.410885E+01    3.407576E+01    3.405016E+01    3.402311E+01    3.398455E+01    3.406234E+01    3.411786E+01    3.415265E+01    3.417135E+01
   1.000000E+30    3.450708E+01    3.447470E+01    3.443315E+01    3.438357E+01    3.432895E+01    3.427669E+01    3.423627E+01    3.420004E+01    3.416131E+01    3.411682E+01    3.406747E+01    3.402306E+01    3.400746E+01    3.399264E+01    3.396350E+01    3.404639E+01    3.410430E+01    3.414152E+01    3.416046E+01
   1.000000E+30    1.000000E+30    3.445556E+01    3.441960E+01    3.437607E+01    3.432923E+01    3.428253E+01    3.423841E+01    3.419353E+01    3.414255E+01    3.408170E+01    3.400686E+01    3.392543E+01    3.394544E+01    3.395446E+01    3.393736E+01    3.402638E+01    3.408785E+01    3.412755E+01    3.414999E+01
   1.000000E+30    1.000000E+30    1.000000E+30    3.439610E+01    3.435260E+01    3.431160E+01    3.427053E+01    3.422688E+01    3.417734E+01    3.411915E+01    3.404623E+01    3.393727E+01    3.370806E+01    3.387398E+01    3.392135E+01    3.392043E+01    3.400568E+01    3.406817E+01    3.410935E+01    3.414084E+01
   1.000000E+30    1.000000E+30    1.000000E+30    1.000000E+30    3.431043E+01    3.427990E+01    3.424298E+01    3.420214E+01    3.415582E+01    3.410079E+01    3.403662E+01    3.396260E+01    3.388420E+01    3.390481E+01    3.391845E+01    3.391066E+01    3.398680E+01    3.404553E+01    3.408014E+01    1.000000E+30
   1.000000E+30    1.000000E+30    1.000000E+30    1.000000E+30    3.428311E+01    3.423566E+01    3.420113E+01    3.416560E+01    3.412526E+01    3.407891E+01    3.402877E+01    3.397766E+01    3.393565E+01    3.392419E+01    3.391584E+01    3.389624E+01    3.396649E+01    3.402298E+01    3.406194E+01    1.000000E+30
   1.000000E+30    1.000000E+30    1.000000E+30    1.000000E+30    1.000000E+30    3.415876E+01    3.414170E+01    3.411526E+01    3.408329E+01    3.404620E+01    3.400781E+01    3.397115E+01    3.394064E+01    3.392082E+01    3.390312E+01    3.387786E+01    3.394115E+01    3.399491E+01    1.000000E+30    1.000000E+30
   1.000000E+30    1.000000E+30    1.000000E+30    1.000000E+30    1.000000E+30    3.408317E+01    3.407068E+01    3.404964E+01    3.402580E+01    3.399881E+01    3.397034E+01    3.394275E+01    3.391724E+01    3.389720E+01    3.387773E+01    3.385217E+01    3.390844E+01    1.000000E+30    1.000000E+30    1.000000E+30
   1.000000E+30    1.000000E+30    1.000000E+30    1.000000E+30    1.000000E+30    3.399800E+01    3.398235E+01    3.396107E+01    3.395161E+01    3.393453E+01    3.391578E+01    3.389448E+01    3.387013E+01    3.385469E+01    3.383914E+01    3.381877E+01    1.000000E+30    1.000000E+30    1.000000E+30    1.000000E+30
