   3.591246E+01    3.588643E+01    3.583727E+01    3.576969E+01    3.568506E+01    3.558270E+01    3.547447E+01    3.536265E+01    3.524550E+01    3.512153E+01    3.499393E+01    3.486449E+01    3.472827E+01    3.458405E+01    3.443589E+01    3.429210E+01    3.429284E+01    3.429341E+01    3.429379E+01    3.429449E+01
   3.591140E+01    3.588674E+01    3.583744E+01    3.576681E+01    3.567891E+01    3.557658E+01    3.546832E+01    3.535574E+01    3.523570E+01    3.510999E+01    3.498208E+01    3.485086E+01    3.471357E+01    3.457366E+01    3.443042E+01    3.428442E+01    3.428521E+01    3.428545E+01    3.428573E+01    3.428601E+01
   3.591040E+01    3.588540E+01    3.583492E+01    3.576209E+01    3.567082E+01    3.556739E+01    3.545692E+01    3.534048E+01    3.521729E+01    3.508958E+01    3.495843E+01    3.482201E+01    3.468654E+01    3.455423E+01    3.441674E+01    3.427523E+01    3.427086E+01    3.426907E+01    3.426843E+01    3.426816E+01
   3.591155E+01    3.588576E+01    3.583339E+01    3.575831E+01    3.566398E+01    3.555642E+01    3.543970E+01    3.531537E+01    3.518719E+01    3.505619E+01    3.492385E+01    3.478771E+01    3.465356E+01    3.452316E+01    3.438944E+01    3.425191E+01    3.424600E+01    3.424220E+01    3.424029E+01    3.424051E+01
   3.591602E+01    3.589019E+01    3.583642E+01    3.575697E+01    3.565723E+01    3.554280E+01    3.541486E+01    3.528152E+01    3.514900E+01    3.501416E+01    3.487799E+01    3.474077E+01    3.460891E+01    3.448203E+01    3.435318E+01    3.422145E+01    3.420970E+01    3.420369E+01    3.420190E+01    3.420243E+01
   3.592426E+01    3.589854E+01    3.584509E+01    3.576206E+01    3.565285E+01    3.552552E+01    3.538488E+01    3.523801E+01    3.509390E+01    3.495430E+01    3.481821E+01    3.468328E+01    3.455176E+01    3.442767E+01    3.430457E+01    3.418134E+01    3.416091E+01    3.415357E+01    3.415275E+01    3.415335E+01
   3.593718E+01    3.591288E+01    3.586162E+01    3.577709E+01    3.565197E+01    3.550767E+01    3.534889E+01    3.517834E+01    3.502134E+01    3.487886E+01    3.474595E+01    3.461171E+01    3.448068E+01    3.436076E+01    3.424207E+01    3.412427E+01    3.409633E+01    3.409043E+01    3.409309E+01    3.409567E+01
   3.595261E+01    3.593319E+01    3.589075E+01    3.581354E+01    3.565625E+01    3.549578E+01    3.531614E+01    3.509463E+01    3.492608E+01    3.478556E+01    3.465528E+01    3.452216E+01    3.439542E+01    3.427725E+01    3.416145E+01    3.404963E+01    3.400451E+01    3.400756E+01    3.402229E+01    3.403173E+01
   3.596731E+01    3.595517E+01    3.593207E+01    3.590443E+01    1.000000E+30    1.000000E+30    1.000000E+30    3.495125E+01    3.479007E+01    3.466477E+01    3.454158E+01    3.441443E+01    3.429426E+01    3.417806E+01    3.406853E+01    3.395623E+01    3.385789E+01    3.390506E+01    3.394911E+01    3.397119E+01
   3.597547E+01    3.596914E+01    3.595800E+01    3.594708E+01    1.000000E+30    1.000000E+30    1.000000E+30    1.000000E+30    3.458963E+01    3.451732E+01    3.441847E+01    3.430362E+01    3.418589E+01    3.406896E+01    3.397344E+01    3.385119E+01    3.356446E+01    3.380269E+01    3.389379E+01    3.392751E+01
   3.597217E+01    3.596863E+01    3.596352E+01    3.595941E+01    1.000000E+30    1.000000E+30    1.000000E+30    1.000000E+30    3.443822E+01    3.439127E+01    3.430987E+01    3.420077E+01    3.407073E+01    3.392513E+01    3.389545E+01    3.385645E+01    3.378219E+01    3.383865E+01    3.388565E+01    3.390977E+01
   3.595252E+01    3.594981E+01    3.594716E+01    3.594545E+01    1.000000E+30    1.000000E+30    1.000000E+30    1.000000E+30    3.432802E+01    3.429174E+01    3.422040E+01    3.411353E+01    3.395545E+01    3.364898E+01    3.382044E+01    3.386010E+01    3.385189E+01    3.387211E+01    3.389468E+01    3.390797E+01
   3.591355E+01    3.591184E+01    3.590932E+01    3.590834E+01    1.000000E+30    1.000000E+30    1.000000E+30    1.000000E+30    3.424298E+01    3.421495E+01    3.415870E+01    3.407600E+01    3.397147E+01    3.385854E+01    3.386883E+01    3.388131E+01    3.388401E+01    3.389413E+01    3.390557E+01    3.391274E+01
   3.585281E+01    3.585356E+01    3.585159E+01    3.584812E+01    1.000000E+30    1.000000E+30    1.000000E+30    1.000000E+30    3.417693E+01    3.415603E+01    3.411346E+01    3.405505E+01    3.398686E+01    3.392591E+01    3.390531E+01    3.389836E+01    3.390071E+01    3.390650E+01    3.391316E+01    3.391732E+01
   3.576754E+01    3.576775E+01    3.576591E+01    3.576211E+01    1.000000E+30    1.000000E+30    1.000000E+30    1.000000E+30    3.412158E+01    3.410517E+01    3.407430E+01    3.403202E+01    3.398542E+01    3.394368E+01    3.391841E+01    3.390366E+01    3.390572E+01    3.391025E+01    3.391512E+01    3.391806E+01
   3.565358E+01    3.565136E+01    3.564866E+01    3.564941E+01    1.000000E+30    1.000000E+30    1.000000E+30    1.000000E+30    3.407139E+01    3.405814E+01    3.403377E+01    3.400109E+01    3.396673E+01    3.393567E+01    3.391252E+01    3.389717E+01    3.390000E+01    3.390516E+01    3.390998E+01    3.391291E+01
   3.551249E+01    3.550985E+01    3.550500E+01    3.550371E+01    1.000000E+30    1.000000E+30    1.000000E+30    1.000000E+30    3.402105E+01    3.401002E+01    3.398911E+01    3.396241E+01    3.393550E+01    3.390991E+01    3.389024E+01    3.387895E+01    3.388423E+01    3.389175E+01    3.389841E+01    3.390217E+01
   3.533893E+01    3.533656E+01    3.533182E+01    3.532484E+01    1.000000E+30    1.000000E+30    1.000000E+30    1.000000E+30    3.396623E+01    3.395805E+01    3.394072E+01    3.391832E+01    3.389455E+01    3.386928E+01    3.385210E+01    3.384867E+01    3.385900E+01    3.387071E+01    3.388085E+01    3.388607E+01
   3.513736E+01    3.513486E+01    3.512797E+01    3.511903E+01    1.000000E+30    1.000000E+30    1.000000E+30    1.000000E+30    3.390819E+01    3.390211E+01    3.388852E+01    3.386968E+01    3.384396E+01    3.381301E+01    3.379115E+01    3.380596E+01    3.382541E+01    3.384439E+01    3.385883E+01    3.386604E+01
   3.492835E+01    3.491650E+01    3.490268E+01    3.488912E+01    1.000000E+30    1.000000E+30    1.000000E+30    1.000000E+30    3.384770E+01    3.384448E+01    3.383456E+01    3.381715E+01    3.378541E+01    3.373635E+01    3.368362E+01    3.374840E+01    3.378751E+01    3.381675E+01    3.383584E+01    3.384580E+01
   3.470889E+01    3.468802E+01    3.465665E+01    3.462844E+01    1.000000E+30    1.000000E+30    1.000000E+30    1.000000E+30    3.378144E+01    3.378515E+01    3.378100E+01    3.376648E+01    3.373046E+01    3.364940E+01    3.345817E+01    3.368237E+01    3.375615E+01    3.379509E+01    3.381735E+01    3.382836E+01
   3.448112E+01    3.445026E+01    3.439029E+01    3.432764E+01    1.000000E+30    1.000000E+30    3.362545E+01    3.365303E+01    3.370428E+01    3.372406E+01    3.373002E+01    3.372501E+01    3.370617E+01    3.367098E+01    3.363489E+01    3.370827E+01    3.375254E+01    3.378448E+01    3.380530E+01    3.381578E+01
   3.426561E+01    3.421410E+01    3.411378E+01    3.395506E+01    3.369432E+01    1.000000E+30    3.358441E+01    3.361328E+01    3.364743E+01    3.366861E+01    3.368173E+01    3.368833E+01    3.368872E+01    3.368485E+01    3.368872E+01    3.372636E+01    3.375564E+01    3.378060E+01    3.379824E+01    3.380756E+01
   3.407902E+01    3.401482E+01    3.388470E+01    3.367988E+01    3.341364E+01    3.340926E+01    3.350486E+01    3.355838E+01    3.359153E+01    3.361213E+01    3.362763E+01    3.364704E+01    3.366571E+01    3.368258E+01    3.370259E+01    3.373278E+01    3.375691E+01    3.377794E+01    3.379300E+01    3.380112E+01
   3.394103E+01    3.387560E+01    3.372949E+01    3.345171E+01    3.285069E+01    3.327918E+01    3.343996E+01    3.350881E+01    3.353837E+01    3.354968E+01    3.355912E+01    3.359452E+01    3.363409E+01    3.366865E+01    3.369946E+01    3.373013E+01    3.375399E+01    3.377388E+01    3.378781E+01    3.379491E+01
   3.385824E+01    3.380316E+01    3.369032E+01    3.351511E+01    3.330958E+01    3.337443E+01    3.344070E+01    3.347827E+01    3.348946E+01    3.347667E+01    3.345274E+01    3.352604E+01    3.359557E+01    3.364872E+01    3.368950E+01    3.372234E+01    3.374765E+01    3.376756E+01    3.378107E+01    3.378766E+01
   3.381320E+01    3.377100E+01    3.368912E+01    3.357714E+01    3.347034E+01    3.344545E+01    3.344927E+01    3.345949E+01    3.345399E+01    3.340641E+01    3.323961E+01    3.345510E+01    3.356290E+01    3.363117E+01    3.367792E+01    3.371270E+01    3.373909E+01    3.375930E+01    3.377289E+01    3.377938E+01
   3.379096E+01    3.375898E+01    3.369623E+01    3.361254E+01    3.352830E+01    3.346893E+01    3.343505E+01    3.344299E+01    3.344996E+01    3.343907E+01    3.341831E+01    3.349467E+01    3.356798E+01    3.362574E+01    3.366937E+01    3.370301E+01    3.372933E+01    3.374876E+01    3.376197E+01    3.376914E+01
   3.378117E+01    3.375511E+01    3.370320E+01    3.363170E+01    3.354636E+01    3.345278E+01    3.336398E+01    3.341204E+01    3.345190E+01    3.347281E+01    3.348978E+01    3.353323E+01    3.358237E+01    3.362570E+01    3.366310E+01    3.369330E+01    3.371863E+01    3.373734E+01    3.374987E+01    3.375693E+01
   3.377902E+01    3.375703E+01    3.371234E+01    3.364710E+01    3.355628E+01    3.341669E+01    3.313071E+01    3.337027E+01    3.346018E+01    3.350034E+01    3.352651E+01    3.355725E+01    3.359042E+01    3.362367E+01    3.365476E+01    3.368217E+01    3.370711E+01    3.372553E+01    3.373795E+01    3.374477E+01
   3.378020E+01    3.376156E+01    3.372394E+01    3.367077E+01    3.359939E+01    3.350750E+01    3.341221E+01    3.345915E+01    3.350216E+01    3.352906E+01    3.354728E+01    3.356594E+01    3.358804E+01    3.361431E+01    3.364251E+01    3.366945E+01    3.369504E+01    3.371380E+01    3.372590E+01    3.373267E+01
   3.378127E+01    3.376351E+01    3.373492E+01    3.369562E+01    3.364518E+01    3.358680E+01    3.353890E+01    3.353648E+01    3.354533E+01    3.355171E+01    3.355441E+01    3.355873E+01    3.356984E+01    3.359340E+01    3.362366E+01    3.365391E+01    3.368104E+01    3.370140E+01    3.371425E+01    3.372096E+01
   1.000000E+30    3.376055E+01    3.374106E+01    3.371282E+01    3.367778E+01    3.363832E+01    3.360391E+01    3.358549E+01    3.357466E+01    3.356325E+01    3.354854E+01    3.353424E+01    3.353063E+01    3.355915E+01    3.359627E+01    3.363485E+01    3.366544E+01    3.368793E+01    3.370263E+01    3.371009E+01
   1.000000E+30    1.000000E+30    3.373934E+01    3.372065E+01    3.369457E+01    3.366466E+01    3.363582E+01    3.361191E+01    3.359030E+01    3.356498E+01    3.353281E+01    3.349234E+01    3.345186E+01    3.351030E+01    3.356619E+01    3.361401E+01    3.364874E+01    3.367360E+01    3.369042E+01    3.370034E+01
   1.000000E+30    1.000000E+30    1.000000E+30    3.371792E+01    3.369710E+01    3.367365E+01    3.364887E+01    3.362431E+01    3.359737E+01    3.356414E+01    3.351922E+01    3.344524E+01    3.326828E+01    3.345487E+01    3.354256E+01    3.359772E+01    3.363335E+01    3.365933E+01    3.367730E+01    3.369274E+01
   1.000000E+30    1.000000E+30    1.000000E+30    1.000000E+30    3.368632E+01    3.367091E+01    3.365037E+01    3.362714E+01    3.360120E+01    3.356992E+01    3.353168E+01    3.348715E+01    3.344321E+01    3.349493E+01    3.354841E+01    3.359120E+01    3.362202E+01    3.364557E+01    3.366017E+01    1.000000E+30
   1.000000E+30    1.000000E+30    1.000000E+30    1.000000E+30    3.367941E+01    3.366083E+01    3.364363E+01    3.362399E+01    3.360134E+01    3.357634E+01    3.354912E+01    3.352379E+01    3.351020E+01    3.352956E+01    3.355910E+01    3.358786E+01    3.361316E+01    3.363446E+01    3.365027E+01    1.000000E+30
   1.000000E+30    1.000000E+30    1.000000E+30    1.000000E+30    1.000000E+30    3.363861E+01    3.362901E+01    3.361442E+01    3.359719E+01    3.357824E+01    3.355941E+01    3.354440E+01    3.353847E+01    3.354754E+01    3.356449E+01    3.358309E+01    3.360367E+01    3.362247E+01    1.000000E+30    1.000000E+30
   1.000000E+30    1.000000E+30    1.000000E+30    1.000000E+30    1.000000E+30    3.361807E+01    3.360997E+01    3.359845E+01    3.358732E+01    3.357450E+01    3.356087E+01    3.355000E+01    3.354582E+01    3.355177E+01    3.356318E+01    3.357581E+01    3.359223E+01    1.000000E+30    1.000000E+30    1.000000E+30
   1.000000E+30    1.000000E+30    1.000000E+30    1.000000E+30    1.000000E+30    3.359678E+01    3.358439E+01    3.357340E+01    3.357284E+01    3.356603E+01    3.355475E+01    3.354429E+01    3.353753E+01    3.354577E+01    3.355657E+01    3.356672E+01    1.000000E+30    1.000000E+30    1.000000E+30    1.000000E+30
