   3.705978E+01    3.702809E+01    3.696654E+01    3.688308E+01    3.677841E+01    3.665175E+01    3.651499E+01    3.636939E+01    3.621335E+01    3.604313E+01    3.586176E+01    3.567030E+01    3.545988E+01    3.522511E+01    3.496709E+01    3.469646E+01    3.477318E+01    3.482836E+01    3.486158E+01    3.487790E+01
   3.706505E+01    3.703445E+01    3.697239E+01    3.688356E+01    3.677412E+01    3.664611E+01    3.650876E+01    3.636242E+01    3.620239E+01    3.603026E+01    3.584829E+01    3.565363E+01    3.544055E+01    3.521245E+01    3.496330E+01    3.468878E+01    3.476532E+01    3.481897E+01    3.485275E+01    3.486937E+01
   3.707450E+01    3.704311E+01    3.697943E+01    3.688560E+01    3.676995E+01    3.663942E+01    3.649809E+01    3.634678E+01    3.618266E+01    3.600820E+01    3.582183E+01    3.561900E+01    3.540770E+01    3.519064E+01    3.495076E+01    3.468690E+01    3.475084E+01    3.480041E+01    3.483380E+01    3.485026E+01
   3.708895E+01    3.705622E+01    3.698850E+01    3.689093E+01    3.676968E+01    3.663222E+01    3.648215E+01    3.632063E+01    3.615002E+01    3.597059E+01    3.578284E+01    3.558062E+01    3.537113E+01    3.515556E+01    3.491986E+01    3.465996E+01    3.472221E+01    3.477016E+01    3.480232E+01    3.481904E+01
   3.711111E+01    3.707747E+01    3.700668E+01    3.690222E+01    3.677229E+01    3.662425E+01    3.645909E+01    3.628575E+01    3.610975E+01    3.592601E+01    3.573365E+01    3.553006E+01    3.532382E+01    3.511259E+01    3.488308E+01    3.463002E+01    3.468453E+01    3.472863E+01    3.475975E+01    3.477678E+01
   3.714130E+01    3.710690E+01    3.703535E+01    3.692435E+01    3.677976E+01    3.661287E+01    3.643111E+01    3.624065E+01    3.605163E+01    3.586394E+01    3.567260E+01    3.547178E+01    3.526548E+01    3.505745E+01    3.483460E+01    3.459412E+01    3.463543E+01    3.467600E+01    3.470741E+01    3.472412E+01
   3.718107E+01    3.714765E+01    3.707798E+01    3.696193E+01    3.679105E+01    3.660026E+01    3.639489E+01    3.617683E+01    3.597435E+01    3.578522E+01    3.559982E+01    3.540092E+01    3.519433E+01    3.499051E+01    3.477173E+01    3.453343E+01    3.457201E+01    3.461338E+01    3.464727E+01    3.466500E+01
   3.722841E+01    3.720146E+01    3.714259E+01    3.703410E+01    3.680791E+01    3.659245E+01    3.636083E+01    3.608285E+01    3.587033E+01    3.568644E+01    3.550697E+01    3.531303E+01    3.511283E+01    3.490957E+01    3.469191E+01    3.445761E+01    3.448745E+01    3.453727E+01    3.458064E+01    3.460348E+01
   3.727939E+01    3.726249E+01    3.723110E+01    3.719315E+01    1.000000E+30    1.000000E+30    1.000000E+30    3.591332E+01    3.571821E+01    3.555668E+01    3.538802E+01    3.520516E+01    3.501706E+01    3.481809E+01    3.460746E+01    3.437487E+01    3.436435E+01    3.444922E+01    3.451427E+01    3.454644E+01
   3.732816E+01    3.732060E+01    3.730705E+01    3.729294E+01    1.000000E+30    1.000000E+30    1.000000E+30    1.000000E+30    3.549344E+01    3.539758E+01    3.525994E+01    3.509526E+01    3.491707E+01    3.472346E+01    3.452852E+01    3.429271E+01    3.413394E+01    3.436555E+01    3.446566E+01    3.450678E+01
   3.737026E+01    3.736865E+01    3.736471E+01    3.736139E+01    1.000000E+30    1.000000E+30    1.000000E+30    1.000000E+30    3.532980E+01    3.526505E+01    3.515112E+01    3.499785E+01    3.481658E+01    3.460518E+01    3.446849E+01    3.431256E+01    3.430950E+01    3.439397E+01    3.445678E+01    3.448964E+01
   3.740139E+01    3.740178E+01    3.740190E+01    3.740267E+01    1.000000E+30    1.000000E+30    1.000000E+30    1.000000E+30    3.521694E+01    3.516493E+01    3.506376E+01    3.491665E+01    3.471726E+01    3.438399E+01    3.441464E+01    3.432630E+01    3.437118E+01    3.442411E+01    3.446550E+01    3.448852E+01
   3.741600E+01    3.741580E+01    3.741670E+01    3.741773E+01    1.000000E+30    1.000000E+30    1.000000E+30    1.000000E+30    3.513520E+01    3.509169E+01    3.500630E+01    3.488238E+01    3.472854E+01    3.455366E+01    3.446055E+01    3.435823E+01    3.440459E+01    3.444715E+01    3.447899E+01    3.449642E+01
   3.741107E+01    3.741043E+01    3.741061E+01    3.741066E+01    1.000000E+30    1.000000E+30    1.000000E+30    1.000000E+30    3.507938E+01    3.504239E+01    3.496939E+01    3.486796E+01    3.474372E+01    3.461084E+01    3.449469E+01    3.437626E+01    3.442405E+01    3.446331E+01    3.449125E+01    3.450674E+01
   3.738309E+01    3.738208E+01    3.738146E+01    3.738043E+01    1.000000E+30    1.000000E+30    1.000000E+30    1.000000E+30    3.503878E+01    3.500622E+01    3.494356E+01    3.485587E+01    3.474911E+01    3.463015E+01    3.450981E+01    3.438809E+01    3.443441E+01    3.447262E+01    3.449965E+01    3.451431E+01
   3.732840E+01    3.732710E+01    3.732580E+01    3.732706E+01    1.000000E+30    1.000000E+30    1.000000E+30    1.000000E+30    3.500786E+01    3.497799E+01    3.492085E+01    3.483948E+01    3.474224E+01    3.463077E+01    3.451115E+01    3.438898E+01    3.443553E+01    3.447408E+01    3.450125E+01    3.451537E+01
   3.724736E+01    3.724591E+01    3.724295E+01    3.724310E+01    1.000000E+30    1.000000E+30    1.000000E+30    1.000000E+30    3.498267E+01    3.495341E+01    3.489792E+01    3.481943E+01    3.472618E+01    3.461739E+01    3.449697E+01    3.437400E+01    3.442429E+01    3.446619E+01    3.449546E+01    3.451012E+01
   3.713648E+01    3.713458E+01    3.713126E+01    3.712726E+01    1.000000E+30    1.000000E+30    1.000000E+30    1.000000E+30    3.496194E+01    3.493219E+01    3.487483E+01    3.479688E+01    3.470259E+01    3.459000E+01    3.446750E+01    3.434174E+01    3.440150E+01    3.444868E+01    3.448228E+01    3.449902E+01
   3.699725E+01    3.699607E+01    3.699157E+01    3.698578E+01    1.000000E+30    1.000000E+30    1.000000E+30    1.000000E+30    3.494761E+01    3.491604E+01    3.485616E+01    3.477559E+01    3.467314E+01    3.454904E+01    3.441609E+01    3.430465E+01    3.437123E+01    3.442539E+01    3.446334E+01    3.448215E+01
   3.684475E+01    3.683769E+01    3.682930E+01    3.682102E+01    1.000000E+30    1.000000E+30    1.000000E+30    1.000000E+30    3.494328E+01    3.490741E+01    3.484281E+01    3.475599E+01    3.463897E+01    3.448885E+01    3.432131E+01    3.425167E+01    3.433693E+01    3.439925E+01    3.444072E+01    3.446201E+01
   3.667662E+01    3.666442E+01    3.664527E+01    3.662819E+01    1.000000E+30    1.000000E+30    1.000000E+30    1.000000E+30    3.495475E+01    3.490734E+01    3.483470E+01    3.474054E+01    3.460984E+01    3.441965E+01    3.411701E+01    3.419498E+01    3.431016E+01    3.437977E+01    3.442230E+01    3.444349E+01
   3.649377E+01    3.647657E+01    3.644017E+01    3.640070E+01    1.000000E+30    1.000000E+30    3.512930E+01    3.507548E+01    3.499090E+01    3.491274E+01    3.482721E+01    3.472917E+01    3.460521E+01    3.445181E+01    3.429077E+01    3.423016E+01    3.431046E+01    3.437039E+01    3.440995E+01    3.442980E+01
   3.630904E+01    3.627999E+01    3.622115E+01    3.612093E+01    3.593666E+01    1.000000E+30    3.516235E+01    3.509270E+01    3.500086E+01    3.490811E+01    3.481503E+01    3.471533E+01    3.459978E+01    3.447222E+01    3.434929E+01    3.425324E+01    3.431547E+01    3.436675E+01    3.440186E+01    3.441955E+01
   3.613268E+01    3.609872E+01    3.602932E+01    3.591712E+01    3.573252E+01    3.545930E+01    3.524182E+01    3.510984E+01    3.499556E+01    3.489052E+01    3.478942E+01    3.468977E+01    3.458446E+01    3.447546E+01    3.436387E+01    3.425294E+01    3.431315E+01    3.436091E+01    3.439314E+01    3.440979E+01
   3.597761E+01    3.594526E+01    3.587622E+01    3.576976E+01    3.561110E+01    3.541707E+01    3.523889E+01    3.509245E+01    3.496438E+01    3.484646E+01    3.473587E+01    3.464723E+01    3.455829E+01    3.446363E+01    3.435823E+01    3.424128E+01    3.430239E+01    3.435032E+01    3.438255E+01    3.439797E+01
   3.584535E+01    3.581467E+01    3.574979E+01    3.564901E+01    3.550821E+01    3.534867E+01    3.518995E+01    3.504580E+01    3.491322E+01    3.477813E+01    3.463636E+01    3.458154E+01    3.452020E+01    3.443865E+01    3.433694E+01    3.422347E+01    3.428535E+01    3.433479E+01    3.436800E+01    3.438348E+01
   3.572923E+01    3.569986E+01    3.563836E+01    3.553952E+01    3.541162E+01    3.526694E+01    3.512057E+01    3.498893E+01    3.485558E+01    3.469463E+01    3.442475E+01    3.450360E+01    3.447885E+01    3.440772E+01    3.430854E+01    3.418802E+01    3.426125E+01    3.431531E+01    3.435005E+01    3.436659E+01
   3.562902E+01    3.559895E+01    3.553586E+01    3.543895E+01    3.531718E+01    3.517663E+01    3.503859E+01    3.492615E+01    3.481458E+01    3.469386E+01    3.456170E+01    3.451617E+01    3.446159E+01    3.438355E+01    3.428315E+01    3.415923E+01    3.423765E+01    3.429314E+01    3.432858E+01    3.434685E+01
   3.554360E+01    3.551140E+01    3.544629E+01    3.535141E+01    3.522796E+01    3.507775E+01    3.491803E+01    3.484888E+01    3.477383E+01    3.468414E+01    3.459167E+01    3.451932E+01    3.444521E+01    3.436077E+01    3.425768E+01    3.413411E+01    3.421515E+01    3.427138E+01    3.430682E+01    3.432555E+01
   3.547437E+01    3.544088E+01    3.537473E+01    3.527945E+01    3.515297E+01    3.497625E+01    3.468670E+01    3.476147E+01    3.472870E+01    3.465989E+01    3.458113E+01    3.450273E+01    3.442143E+01    3.433300E+01    3.423315E+01    3.411918E+01    3.419702E+01    3.425216E+01    3.428727E+01    3.430586E+01
   3.541992E+01    3.538045E+01    3.531129E+01    3.522252E+01    3.510997E+01    3.496883E+01    3.481771E+01    3.476304E+01    3.470388E+01    3.463193E+01    3.455253E+01    3.447147E+01    3.438746E+01    3.430130E+01    3.421047E+01    3.410491E+01    3.418148E+01    3.423525E+01    3.426903E+01    3.428780E+01
   3.538318E+01    3.532564E+01    3.525553E+01    3.517267E+01    3.507058E+01    3.495498E+01    3.483987E+01    3.475399E+01    3.467671E+01    3.459603E+01    3.451234E+01    3.442648E+01    3.434065E+01    3.426261E+01    3.418298E+01    3.409249E+01    3.416585E+01    3.421946E+01    3.425331E+01    3.427145E+01
   1.000000E+30    3.527069E+01    3.519980E+01    3.511653E+01    3.502248E+01    3.492001E+01    3.481626E+01    3.472542E+01    3.463994E+01    3.455221E+01    3.445981E+01    3.436491E+01    3.427599E+01    3.421172E+01    3.414747E+01    3.406749E+01    3.414584E+01    3.420181E+01    3.423824E+01    3.425690E+01
   1.000000E+30    1.000000E+30    3.513557E+01    3.505216E+01    3.495911E+01    3.486300E+01    3.476949E+01    3.468175E+01    3.459335E+01    3.449886E+01    3.439774E+01    3.428855E+01    3.417493E+01    3.414353E+01    3.410331E+01    3.403679E+01    3.412132E+01    3.418086E+01    3.422029E+01    3.424310E+01
   1.000000E+30    1.000000E+30    1.000000E+30    3.497475E+01    3.487306E+01    3.478771E+01    3.470700E+01    3.462469E+01    3.453615E+01    3.444091E+01    3.433587E+01    3.420466E+01    3.397732E+01    3.406754E+01    3.406240E+01    3.401572E+01    3.409597E+01    3.415658E+01    3.419792E+01    3.423137E+01
   1.000000E+30    1.000000E+30    1.000000E+30    1.000000E+30    3.475704E+01    3.469787E+01    3.462826E+01    3.455378E+01    3.447419E+01    3.438741E+01    3.429491E+01    3.419698E+01    3.409568E+01    3.407370E+01    3.404525E+01    3.399939E+01    3.407152E+01    3.412887E+01    3.416382E+01    1.000000E+30
   1.000000E+30    1.000000E+30    1.000000E+30    1.000000E+30    3.468856E+01    3.459838E+01    3.453438E+01    3.447119E+01    3.440260E+01    3.432923E+01    3.425422E+01    3.417929E+01    3.411221E+01    3.406899E+01    3.402749E+01    3.397660E+01    3.404519E+01    3.410187E+01    3.414242E+01    1.000000E+30
   1.000000E+30    1.000000E+30    1.000000E+30    1.000000E+30    1.000000E+30    3.445219E+01    3.442127E+01    3.437466E+01    3.432032E+01    3.426081E+01    3.420077E+01    3.414317E+01    3.409030E+01    3.404486E+01    3.400112E+01    3.395071E+01    3.401415E+01    3.406971E+01    1.000000E+30    1.000000E+30
   1.000000E+30    1.000000E+30    1.000000E+30    1.000000E+30    1.000000E+30    3.432419E+01    3.430258E+01    3.426564E+01    3.422371E+01    3.417933E+01    3.413347E+01    3.408880E+01    3.404418E+01    3.400361E+01    3.396377E+01    3.391840E+01    3.397638E+01    1.000000E+30    1.000000E+30    1.000000E+30
   1.000000E+30    1.000000E+30    1.000000E+30    1.000000E+30    1.000000E+30    3.419383E+01    3.417117E+01    3.413643E+01    3.411359E+01    3.408343E+01    3.405258E+01    3.401808E+01    3.397793E+01    3.394571E+01    3.391411E+01    3.387965E+01    1.000000E+30    1.000000E+30    1.000000E+30    1.000000E+30
