   3.631865E+01    3.629419E+01    3.624564E+01    3.618090E+01    3.610061E+01    3.600489E+01    3.590168E+01    3.579160E+01    3.567472E+01    3.554803E+01    3.541393E+01    3.527337E+01    3.511995E+01    3.494913E+01    3.475919E+01    3.455537E+01    3.462132E+01    3.466649E+01    3.469239E+01    3.470434E+01
   3.632319E+01    3.629942E+01    3.625052E+01    3.618087E+01    3.609653E+01    3.599897E+01    3.589501E+01    3.578449E+01    3.566431E+01    3.553635E+01    3.540162E+01    3.525815E+01    3.510164E+01    3.493546E+01    3.475250E+01    3.454608E+01    3.461167E+01    3.465584E+01    3.468266E+01    3.469529E+01
   3.633011E+01    3.630572E+01    3.625581E+01    3.618129E+01    3.609138E+01    3.599151E+01    3.588389E+01    3.576931E+01    3.564560E+01    3.551556E+01    3.537733E+01    3.522732E+01    3.507146E+01    3.491248E+01    3.473594E+01    3.453873E+01    3.459406E+01    3.463491E+01    3.466123E+01    3.467372E+01
   3.633859E+01    3.631324E+01    3.625980E+01    3.618256E+01    3.608811E+01    3.598234E+01    3.586757E+01    3.574463E+01    3.561543E+01    3.548060E+01    3.534088E+01    3.519104E+01    3.503648E+01    3.487780E+01    3.470383E+01    3.451017E+01    3.456238E+01    3.460089E+01    3.462592E+01    3.463872E+01
   3.635056E+01    3.632418E+01    3.626871E+01    3.618691E+01    3.608611E+01    3.597182E+01    3.584480E+01    3.571196E+01    3.557748E+01    3.543871E+01    3.529517E+01    3.514396E+01    3.499151E+01    3.483542E+01    3.466608E+01    3.447764E+01    3.452118E+01    3.455509E+01    3.457876E+01    3.459158E+01
   3.636563E+01    3.633878E+01    3.628305E+01    3.619754E+01    3.608675E+01    3.595782E+01    3.581739E+01    3.567005E+01    3.552480E+01    3.538239E+01    3.523869E+01    3.508899E+01    3.493585E+01    3.478198E+01    3.461687E+01    3.443819E+01    3.446842E+01    3.449846E+01    3.452159E+01    3.453332E+01
   3.638523E+01    3.635937E+01    3.630623E+01    3.621802E+01    3.608893E+01    3.594278E+01    3.578354E+01    3.561336E+01    3.545639E+01    3.531155E+01    3.517089E+01    3.502165E+01    3.486744E+01    3.471629E+01    3.455416E+01    3.437792E+01    3.440276E+01    3.443191E+01    3.445619E+01    3.446850E+01
   3.640803E+01    3.638754E+01    3.634385E+01    3.626312E+01    3.609696E+01    3.593332E+01    3.575324E+01    3.553367E+01    3.536621E+01    3.522357E+01    3.508555E+01    3.493788E+01    3.478705E+01    3.463540E+01    3.447491E+01    3.430330E+01    3.431644E+01    3.435226E+01    3.438474E+01    3.440213E+01
   3.643136E+01    3.641928E+01    3.639683E+01    3.636938E+01    1.000000E+30    1.000000E+30    1.000000E+30    3.539533E+01    3.523659E+01    3.510916E+01    3.497755E+01    3.483573E+01    3.469160E+01    3.454207E+01    3.438803E+01    3.421862E+01    3.419071E+01    3.426012E+01    3.431378E+01    3.434074E+01
   3.645179E+01    3.644711E+01    3.643830E+01    3.642924E+01    1.000000E+30    1.000000E+30    1.000000E+30    1.000000E+30    3.504403E+01    3.496830E+01    3.485998E+01    3.473004E+01    3.459033E+01    3.444253E+01    3.430376E+01    3.413190E+01    3.395942E+01    3.417184E+01    3.426075E+01    3.429740E+01
   3.646348E+01    3.646323E+01    3.646205E+01    3.646139E+01    1.000000E+30    1.000000E+30    1.000000E+30    1.000000E+30    3.489875E+01    3.484751E+01    3.475694E+01    3.463354E+01    3.448531E+01    3.431421E+01    3.423555E+01    3.413969E+01    3.412235E+01    3.419354E+01    3.424732E+01    3.427577E+01
   3.646321E+01    3.646392E+01    3.646552E+01    3.646768E+01    1.000000E+30    1.000000E+30    1.000000E+30    1.000000E+30    3.479436E+01    3.475293E+01    3.467169E+01    3.455106E+01    3.437954E+01    3.406966E+01    3.417071E+01    3.414434E+01    3.417598E+01    3.421782E+01    3.425163E+01    3.427097E+01
   3.644529E+01    3.644525E+01    3.644635E+01    3.644802E+01    1.000000E+30    1.000000E+30    1.000000E+30    1.000000E+30    3.471505E+01    3.468083E+01    3.461370E+01    3.451610E+01    3.439338E+01    3.425532E+01    3.421560E+01    3.416857E+01    3.420372E+01    3.423640E+01    3.426150E+01    3.427573E+01
   3.640604E+01    3.640603E+01    3.640626E+01    3.640541E+01    1.000000E+30    1.000000E+30    1.000000E+30    1.000000E+30    3.465710E+01    3.462937E+01    3.457442E+01    3.449944E+01    3.440891E+01    3.431655E+01    3.425014E+01    3.418501E+01    3.422031E+01    3.424987E+01    3.427098E+01    3.428350E+01
   3.634063E+01    3.633944E+01    3.633873E+01    3.633691E+01    1.000000E+30    1.000000E+30    1.000000E+30    1.000000E+30    3.460916E+01    3.458630E+01    3.454274E+01    3.448250E+01    3.441085E+01    3.433491E+01    3.426417E+01    3.419438E+01    3.422840E+01    3.425679E+01    3.427696E+01    3.428851E+01
   3.624383E+01    3.624200E+01    3.624042E+01    3.624290E+01    1.000000E+30    1.000000E+30    1.000000E+30    1.000000E+30    3.456574E+01    3.454587E+01    3.450938E+01    3.445773E+01    3.439733E+01    3.433030E+01    3.426143E+01    3.419226E+01    3.422772E+01    3.425659E+01    3.427691E+01    3.428734E+01
   3.611767E+01    3.611575E+01    3.611197E+01    3.611278E+01    1.000000E+30    1.000000E+30    1.000000E+30    1.000000E+30    3.452088E+01    3.450394E+01    3.447158E+01    3.442512E+01    3.437069E+01    3.430849E+01    3.424179E+01    3.417488E+01    3.421468E+01    3.424719E+01    3.426950E+01    3.428036E+01
   3.595805E+01    3.595537E+01    3.595093E+01    3.594591E+01    1.000000E+30    1.000000E+30    1.000000E+30    1.000000E+30    3.447143E+01    3.445719E+01    3.442738E+01    3.438517E+01    3.433372E+01    3.427180E+01    3.420652E+01    3.414227E+01    3.419031E+01    3.422804E+01    3.425481E+01    3.426791E+01
   3.576764E+01    3.576580E+01    3.575953E+01    3.575168E+01    1.000000E+30    1.000000E+30    1.000000E+30    1.000000E+30    3.441880E+01    3.440642E+01    3.437979E+01    3.434084E+01    3.428718E+01    3.421916E+01    3.414829E+01    3.410096E+01    3.415676E+01    3.420190E+01    3.423362E+01    3.424927E+01
   3.556678E+01    3.555674E+01    3.554441E+01    3.553278E+01    1.000000E+30    1.000000E+30    1.000000E+30    1.000000E+30    3.436509E+01    3.435498E+01    3.433099E+01    3.429341E+01    3.423271E+01    3.414583E+01    3.404438E+01    3.404348E+01    3.411809E+01    3.417249E+01    3.420837E+01    3.422682E+01
   3.535221E+01    3.533463E+01    3.530667E+01    3.528235E+01    1.000000E+30    1.000000E+30    1.000000E+30    1.000000E+30    3.430843E+01    3.430233E+01    3.428250E+01    3.424664E+01    3.418062E+01    3.406160E+01    3.382775E+01    3.397942E+01    3.408623E+01    3.414968E+01    3.418754E+01    3.420618E+01
   3.512742E+01    3.510121E+01    3.504766E+01    3.499110E+01    1.000000E+30    1.000000E+30    3.420020E+01    3.421413E+01    3.424489E+01    3.424695E+01    3.423357E+01    3.420529E+01    3.415510E+01    3.407943E+01    3.399410E+01    3.400631E+01    3.408178E+01    3.413738E+01    3.417309E+01    3.419044E+01
   3.491097E+01    3.486681E+01    3.477740E+01    3.463430E+01    3.439293E+01    1.000000E+30    3.417044E+01    3.418198E+01    3.419409E+01    3.419456E+01    3.418561E+01    3.416574E+01    3.413233E+01    3.408714E+01    3.404266E+01    3.402292E+01    3.408333E+01    3.413149E+01    3.416321E+01    3.417827E+01
   3.472020E+01    3.466551E+01    3.455281E+01    3.437582E+01    3.413905E+01    3.408010E+01    3.411616E+01    3.413513E+01    3.414088E+01    3.413806E+01    3.412934E+01    3.411929E+01    3.410232E+01    3.407885E+01    3.405000E+01    3.402180E+01    3.407963E+01    3.412432E+01    3.415340E+01    3.416783E+01
   3.457521E+01    3.451916E+01    3.439570E+01    3.416954E+01    3.370381E+01    3.397263E+01    3.405934E+01    3.408582E+01    3.408473E+01    3.407138E+01    3.405592E+01    3.406155E+01    3.406554E+01    3.405891E+01    3.404016E+01    3.401070E+01    3.406931E+01    3.411390E+01    3.414319E+01    3.415648E+01
   3.447853E+01    3.443079E+01    3.433387E+01    3.418404E+01    3.400615E+01    3.402278E+01    3.404316E+01    3.404542E+01    3.402873E+01    3.399205E+01    3.394281E+01    3.398704E+01    3.402094E+01    3.403222E+01    3.402152E+01    3.399570E+01    3.405544E+01    3.410104E+01    3.413105E+01    3.414453E+01
   3.441511E+01    3.437882E+01    3.430609E+01    3.420480E+01    3.410127E+01    3.405521E+01    3.403062E+01    3.401375E+01    3.398302E+01    3.391227E+01    3.372110E+01    3.390699E+01    3.397972E+01    3.400511E+01    3.399967E+01    3.397168E+01    3.403845E+01    3.408686E+01    3.411708E+01    3.413151E+01
   3.437603E+01    3.434769E+01    3.428981E+01    3.420957E+01    3.412402E+01    3.405253E+01    3.400026E+01    3.398416E+01    3.396668E+01    3.393248E+01    3.388702E+01    3.393521E+01    3.397365E+01    3.398945E+01    3.398237E+01    3.395277E+01    3.402297E+01    3.407187E+01    3.410213E+01    3.411738E+01
   3.435254E+01    3.432770E+01    3.427776E+01    3.420653E+01    3.411869E+01    3.401880E+01    3.392103E+01    3.394175E+01    3.395570E+01    3.395264E+01    3.394582E+01    3.396196E+01    3.397645E+01    3.398052E+01    3.396858E+01    3.393708E+01    3.400801E+01    3.405718E+01    3.408769E+01    3.410342E+01
   3.434013E+01    3.431759E+01    3.427243E+01    3.420533E+01    3.411210E+01    3.397200E+01    3.370446E+01    3.389206E+01    3.395079E+01    3.396667E+01    3.397005E+01    3.397520E+01    3.397623E+01    3.397125E+01    3.395603E+01    3.392653E+01    3.399595E+01    3.404457E+01    3.407493E+01    3.409088E+01
   3.433285E+01    3.431145E+01    3.427007E+01    3.421282E+01    3.413652E+01    3.403761E+01    3.393520E+01    3.395794E+01    3.397730E+01    3.398278E+01    3.398083E+01    3.397597E+01    3.396870E+01    3.395899E+01    3.394410E+01    3.391707E+01    3.398597E+01    3.403359E+01    3.406329E+01    3.407987E+01
   3.432795E+01    3.430436E+01    3.426896E+01    3.422266E+01    3.416331E+01    3.409444E+01    3.403517E+01    3.401582E+01    3.400672E+01    3.399605E+01    3.398180E+01    3.396555E+01    3.394973E+01    3.394014E+01    3.392961E+01    3.390921E+01    3.397688E+01    3.402441E+01    3.405418E+01    3.407023E+01
   1.000000E+30    3.429196E+01    3.426295E+01    3.422503E+01    3.417925E+01    3.412915E+01    3.408330E+01    3.405146E+01    3.402586E+01    3.400059E+01    3.397256E+01    3.394144E+01    3.391450E+01    3.391033E+01    3.390742E+01    3.389290E+01    3.396470E+01    3.401422E+01    3.404591E+01    3.406202E+01
   1.000000E+30    1.000000E+30    3.424912E+01    3.421912E+01    3.418211E+01    3.414209E+01    3.410278E+01    3.406709E+01    3.403309E+01    3.399658E+01    3.395396E+01    3.390082E+01    3.384382E+01    3.386491E+01    3.387872E+01    3.387217E+01    3.394886E+01    3.400142E+01    3.403493E+01    3.405386E+01
   1.000000E+30    1.000000E+30    1.000000E+30    3.420422E+01    3.417092E+01    3.413762E+01    3.410402E+01    3.406895E+01    3.403044E+01    3.398665E+01    3.393288E+01    3.385231E+01    3.368266E+01    3.381231E+01    3.385409E+01    3.385882E+01    3.393209E+01    3.398560E+01    3.402040E+01    3.404661E+01
   1.000000E+30    1.000000E+30    1.000000E+30    1.000000E+30    3.414426E+01    3.411995E+01    3.409021E+01    3.405769E+01    3.402141E+01    3.397880E+01    3.393019E+01    3.387497E+01    3.381772E+01    3.383733E+01    3.385278E+01    3.385099E+01    3.391674E+01    3.396731E+01    3.399661E+01    1.000000E+30
   1.000000E+30    1.000000E+30    1.000000E+30    1.000000E+30    3.412656E+01    3.409044E+01    3.406320E+01    3.403493E+01    3.400331E+01    3.396697E+01    3.392826E+01    3.388964E+01    3.385924E+01    3.385375E+01    3.385133E+01    3.383914E+01    3.390012E+01    3.394873E+01    3.398176E+01    1.000000E+30
   1.000000E+30    1.000000E+30    1.000000E+30    1.000000E+30    1.000000E+30    3.403395E+01    3.402038E+01    3.399946E+01    3.397440E+01    3.394517E+01    3.391528E+01    3.388716E+01    3.386491E+01    3.385219E+01    3.384147E+01    3.382388E+01    3.387908E+01    3.392536E+01    1.000000E+30    1.000000E+30
   1.000000E+30    1.000000E+30    1.000000E+30    1.000000E+30    1.000000E+30    3.397586E+01    3.396581E+01    3.394937E+01    3.393113E+01    3.390995E+01    3.388761E+01    3.386615E+01    3.384712E+01    3.383358E+01    3.382061E+01    3.380213E+01    3.385161E+01    1.000000E+30    1.000000E+30    1.000000E+30
   1.000000E+30    1.000000E+30    1.000000E+30    1.000000E+30    1.000000E+30    3.390804E+01    3.389429E+01    3.387719E+01    3.387185E+01    3.385913E+01    3.384413E+01    3.382705E+01    3.380790E+01    3.379811E+01    3.378817E+01    3.377345E+01    1.000000E+30    1.000000E+30    1.000000E+30    1.000000E+30
