   3.570762E+01    3.568495E+01    3.564116E+01    3.558195E+01    3.550845E+01    3.542066E+01    3.532768E+01    3.523104E+01    3.513030E+01    3.502386E+01    3.491444E+01    3.480361E+01    3.468715E+01    3.456335E+01    3.443334E+01    3.430205E+01    3.431470E+01    3.432194E+01    3.432525E+01    3.432658E+01
   3.570778E+01    3.568615E+01    3.564224E+01    3.557963E+01    3.550295E+01    3.541447E+01    3.532120E+01    3.522408E+01    3.512066E+01    3.501294E+01    3.490315E+01    3.479038E+01    3.467210E+01    3.455183E+01    3.442649E+01    3.429339E+01    3.430593E+01    3.431295E+01    3.431664E+01    3.431808E+01
   3.570786E+01    3.568589E+01    3.564116E+01    3.557562E+01    3.549524E+01    3.540545E+01    3.530975E+01    3.520915E+01    3.510279E+01    3.499325E+01    3.488065E+01    3.476308E+01    3.464587E+01    3.453140E+01    3.441066E+01    3.428268E+01    3.428977E+01    3.429483E+01    3.429768E+01    3.429872E+01
   3.570845E+01    3.568582E+01    3.563894E+01    3.557150E+01    3.548813E+01    3.539419E+01    3.529273E+01    3.518499E+01    3.507402E+01    3.496095E+01    3.484718E+01    3.472980E+01    3.461379E+01    3.450026E+01    3.438220E+01    3.425784E+01    3.426247E+01    3.426518E+01    3.426680E+01    3.426829E+01
   3.571070E+01    3.568768E+01    3.563969E+01    3.556886E+01    3.548084E+01    3.538048E+01    3.526879E+01    3.515274E+01    3.503736E+01    3.492075E+01    3.480366E+01    3.468532E+01    3.457120E+01    3.446019E+01    3.434623E+01    3.422660E+01    3.422445E+01    3.422405E+01    3.422526E+01    3.422685E+01
   3.571459E+01    3.569163E+01    3.564402E+01    3.557080E+01    3.547514E+01    3.536320E+01    3.524010E+01    3.511151E+01    3.498600E+01    3.486539E+01    3.474808E+01    3.463148E+01    3.451734E+01    3.440862E+01    3.429877E+01    3.418646E+01    3.417463E+01    3.417216E+01    3.417352E+01    3.417448E+01
   3.572124E+01    3.569958E+01    3.565459E+01    3.558047E+01    3.547150E+01    3.534537E+01    3.520610E+01    3.505642E+01    3.491946E+01    3.479604E+01    3.468101E+01    3.456483E+01    3.445070E+01    3.434516E+01    3.423865E+01    3.413057E+01    3.411105E+01    3.410863E+01    3.411209E+01    3.411439E+01
   3.572912E+01    3.571203E+01    3.567548E+01    3.560867E+01    3.547339E+01    3.533370E+01    3.517602E+01    3.498082E+01    3.483293E+01    3.471072E+01    3.459751E+01    3.448192E+01    3.437106E+01    3.426631E+01    3.416219E+01    3.405924E+01    3.402334E+01    3.402817E+01    3.404164E+01    3.405008E+01
   3.573575E+01    3.572560E+01    3.570637E+01    3.568312E+01    1.000000E+30    1.000000E+30    1.000000E+30    3.485331E+01    3.471025E+01    3.460076E+01    3.449341E+01    3.438266E+01    3.427713E+01    3.417405E+01    3.407510E+01    3.397141E+01    3.388650E+01    3.393049E+01    3.396982E+01    3.398973E+01
   3.573718E+01    3.573253E+01    3.572406E+01    3.571576E+01    1.000000E+30    1.000000E+30    1.000000E+30    1.000000E+30    3.452895E+01    3.446612E+01    3.438032E+01    3.428052E+01    3.417777E+01    3.407486E+01    3.398793E+01    3.387458E+01    3.361895E+01    3.383363E+01    3.391533E+01    3.394627E+01
   3.572792E+01    3.572601E+01    3.572324E+01    3.572125E+01    1.000000E+30    1.000000E+30    1.000000E+30    1.000000E+30    3.438996E+01    3.434952E+01    3.427952E+01    3.418572E+01    3.407391E+01    3.394874E+01    3.391861E+01    3.387835E+01    3.381171E+01    3.386231E+01    3.390427E+01    3.392615E+01
   3.570429E+01    3.570288E+01    3.570217E+01    3.570224E+01    1.000000E+30    1.000000E+30    1.000000E+30    1.000000E+30    3.428724E+01    3.425598E+01    3.419483E+01    3.410383E+01    3.397014E+01    3.371412E+01    3.385257E+01    3.388043E+01    3.387206E+01    3.388971E+01    3.390969E+01    3.392185E+01
   3.566274E+01    3.566169E+01    3.566051E+01    3.566065E+01    1.000000E+30    1.000000E+30    1.000000E+30    1.000000E+30    3.420667E+01    3.418240E+01    3.413434E+01    3.406472E+01    3.397719E+01    3.388233E+01    3.388902E+01    3.389630E+01    3.389858E+01    3.390754E+01    3.391789E+01    3.392467E+01
   3.560061E+01    3.560125E+01    3.560013E+01    3.559742E+01    1.000000E+30    1.000000E+30    1.000000E+30    1.000000E+30    3.414378E+01    3.412587E+01    3.408959E+01    3.404100E+01    3.398466E+01    3.393398E+01    3.391641E+01    3.390868E+01    3.391184E+01    3.391771E+01    3.392384E+01    3.392828E+01
   3.551438E+01    3.551404E+01    3.551270E+01    3.550957E+01    1.000000E+30    1.000000E+30    1.000000E+30    1.000000E+30    3.408958E+01    3.407592E+01    3.405045E+01    3.401592E+01    3.397801E+01    3.394443E+01    3.392411E+01    3.391145E+01    3.391500E+01    3.392012E+01    3.392499E+01    3.392834E+01
   3.539955E+01    3.539749E+01    3.539536E+01    3.539713E+01    1.000000E+30    1.000000E+30    1.000000E+30    1.000000E+30    3.403907E+01    3.402816E+01    3.400900E+01    3.398324E+01    3.395633E+01    3.393229E+01    3.391490E+01    3.390342E+01    3.390888E+01    3.391494E+01    3.392001E+01    3.392282E+01
   3.525867E+01    3.525643E+01    3.525222E+01    3.525212E+01    1.000000E+30    1.000000E+30    1.000000E+30    1.000000E+30    3.398648E+01    3.397843E+01    3.396308E+01    3.394281E+01    3.392245E+01    3.390361E+01    3.389023E+01    3.388371E+01    3.389258E+01    3.390168E+01    3.390868E+01    3.391222E+01
   3.508734E+01    3.508501E+01    3.508068E+01    3.507487E+01    1.000000E+30    1.000000E+30    1.000000E+30    1.000000E+30    3.392776E+01    3.392302E+01    3.391155E+01    3.389579E+01    3.387887E+01    3.386093E+01    3.385050E+01    3.385240E+01    3.386679E+01    3.388046E+01    3.389135E+01    3.389669E+01
   3.488971E+01    3.488778E+01    3.488166E+01    3.487360E+01    1.000000E+30    1.000000E+30    1.000000E+30    1.000000E+30    3.386428E+01    3.386205E+01    3.385489E+01    3.384323E+01    3.382508E+01    3.380193E+01    3.378724E+01    3.380808E+01    3.383179E+01    3.385310E+01    3.386883E+01    3.387659E+01
   3.468618E+01    3.467565E+01    3.466322E+01    3.465118E+01    1.000000E+30    1.000000E+30    1.000000E+30    1.000000E+30    3.379698E+01    3.379845E+01    3.379556E+01    3.378633E+01    3.376272E+01    3.372152E+01    3.367477E+01    3.374785E+01    3.379174E+01    3.382382E+01    3.384444E+01    3.385511E+01
   3.447328E+01    3.445477E+01    3.442629E+01    3.440114E+01    1.000000E+30    1.000000E+30    1.000000E+30    1.000000E+30    3.372151E+01    3.373160E+01    3.373587E+01    3.373047E+01    3.370323E+01    3.362952E+01    3.343768E+01    3.367803E+01    3.375823E+01    3.380080E+01    3.382468E+01    3.383624E+01
   3.425380E+01    3.422633E+01    3.417181E+01    3.411467E+01    1.000000E+30    1.000000E+30    3.353010E+01    3.356496E+01    3.363073E+01    3.366116E+01    3.367769E+01    3.368335E+01    3.367518E+01    3.364989E+01    3.362128E+01    3.370412E+01    3.375367E+01    3.378914E+01    3.381145E+01    3.382216E+01
   3.404671E+01    3.400058E+01    3.390924E+01    3.376446E+01    3.352485E+01    1.000000E+30    3.348400E+01    3.352004E+01    3.356508E+01    3.359776E+01    3.362250E+01    3.364073E+01    3.365321E+01    3.366100E+01    3.367480E+01    3.372159E+01    3.375605E+01    3.378425E+01    3.380302E+01    3.381204E+01
   3.386835E+01    3.381086E+01    3.369332E+01    3.350872E+01    3.327119E+01    3.328466E+01    3.339457E+01    3.345804E+01    3.350142E+01    3.353329E+01    3.356079E+01    3.359302E+01    3.362488E+01    3.365486E+01    3.368625E+01    3.372673E+01    3.375591E+01    3.377986E+01    3.379590E+01    3.380397E+01
   3.373786E+01    3.367891E+01    3.354733E+01    3.329706E+01    3.275401E+01    3.316166E+01    3.332566E+01    3.340287E+01    3.344155E+01    3.346334E+01    3.348451E+01    3.353415E+01    3.358863E+01    3.363703E+01    3.368040E+01    3.372220E+01    3.375103E+01    3.377374E+01    3.378894E+01    3.379592E+01
   3.365946E+01    3.361030E+01    3.351019E+01    3.335482E+01    3.317515E+01    3.324711E+01    3.332132E+01    3.336757E+01    3.338715E+01    3.338286E+01    3.336801E+01    3.345885E+01    3.354517E+01    3.361406E+01    3.366854E+01    3.371308E+01    3.374328E+01    3.376593E+01    3.378085E+01    3.378758E+01
   3.361672E+01    3.358040E+01    3.350934E+01    3.341351E+01    3.332448E+01    3.331286E+01    3.332786E+01    3.334672E+01    3.334840E+01    3.330623E+01    3.313763E+01    3.338045E+01    3.350791E+01    3.359359E+01    3.365534E+01    3.370287E+01    3.373414E+01    3.375704E+01    3.377153E+01    3.377853E+01
   3.359720E+01    3.357066E+01    3.351808E+01    3.344861E+01    3.338087E+01    3.333760E+01    3.331758E+01    3.333236E+01    3.334503E+01    3.334032E+01    3.332769E+01    3.342095E+01    3.351126E+01    3.358599E+01    3.364550E+01    3.369302E+01    3.372461E+01    3.374690E+01    3.376101E+01    3.376837E+01
   3.359097E+01    3.356982E+01    3.352781E+01    3.346976E+01    3.340147E+01    3.332858E+01    3.326240E+01    3.330877E+01    3.334971E+01    3.337634E+01    3.340321E+01    3.346102E+01    3.352536E+01    3.358512E+01    3.363877E+01    3.368347E+01    3.371406E+01    3.373602E+01    3.375004E+01    3.375752E+01
   3.359287E+01    3.357545E+01    3.354023E+01    3.348823E+01    3.341569E+01    3.330480E+01    3.308000E+01    3.327952E+01    3.336189E+01    3.340637E+01    3.344244E+01    3.348675E+01    3.353438E+01    3.358331E+01    3.363037E+01    3.367214E+01    3.370307E+01    3.372516E+01    3.373934E+01    3.374697E+01
   3.359763E+01    3.358376E+01    3.355506E+01    3.351374E+01    3.345772E+01    3.338538E+01    3.331285E+01    3.335865E+01    3.340315E+01    3.343652E+01    3.346557E+01    3.349694E+01    3.353328E+01    3.357472E+01    3.361826E+01    3.365979E+01    3.369187E+01    3.371444E+01    3.372876E+01    3.373686E+01
   3.360137E+01    3.359030E+01    3.356998E+01    3.354093E+01    3.350298E+01    3.345875E+01    3.342563E+01    3.343128E+01    3.344699E+01    3.346225E+01    3.347568E+01    3.349168E+01    3.351585E+01    3.355447E+01    3.360053E+01    3.364531E+01    3.367980E+01    3.370404E+01    3.371919E+01    3.372720E+01
   1.000000E+30    3.359216E+01    3.358060E+01    3.356250E+01    3.353887E+01    3.351240E+01    3.349122E+01    3.348298E+01    3.348061E+01    3.347844E+01    3.347392E+01    3.346925E+01    3.347596E+01    3.351988E+01    3.357349E+01    3.362728E+01    3.366609E+01    3.369288E+01    3.370990E+01    3.371843E+01
   1.000000E+30    1.000000E+30    3.358531E+01    3.357738E+01    3.356404E+01    3.354746E+01    3.353075E+01    3.351658E+01    3.350375E+01    3.348737E+01    3.346297E+01    3.342673E+01    3.338933E+01    3.346814E+01    3.354310E+01    3.360719E+01    3.365104E+01    3.368079E+01    3.369963E+01    3.371037E+01
   1.000000E+30    1.000000E+30    1.000000E+30    3.358553E+01    3.358043E+01    3.356925E+01    3.355527E+01    3.353990E+01    3.352122E+01    3.349519E+01    3.345486E+01    3.337815E+01    3.317774E+01    3.340865E+01    3.352058E+01    3.359246E+01    3.363725E+01    3.366844E+01    3.368845E+01    3.370404E+01
   1.000000E+30    1.000000E+30    1.000000E+30    1.000000E+30    3.358964E+01    3.358223E+01    3.357051E+01    3.355581E+01    3.353742E+01    3.351212E+01    3.347818E+01    3.343538E+01    3.339238E+01    3.346238E+01    3.353330E+01    3.358924E+01    3.362823E+01    3.365685E+01    3.367320E+01    1.000000E+30
   1.000000E+30    1.000000E+30    1.000000E+30    1.000000E+30    3.359447E+01    3.358828E+01    3.357913E+01    3.356657E+01    3.355085E+01    3.353131E+01    3.350848E+01    3.348716E+01    3.347906E+01    3.350976E+01    3.355137E+01    3.358947E+01    3.362173E+01    3.364720E+01    3.366450E+01    1.000000E+30
   1.000000E+30    1.000000E+30    1.000000E+30    1.000000E+30    1.000000E+30    3.358643E+01    3.358065E+01    3.357140E+01    3.355978E+01    3.354569E+01    3.353136E+01    3.352065E+01    3.352035E+01    3.353751E+01    3.356272E+01    3.358769E+01    3.361400E+01    3.363604E+01    1.000000E+30    1.000000E+30
   1.000000E+30    1.000000E+30    1.000000E+30    1.000000E+30    1.000000E+30    3.358027E+01    3.357499E+01    3.356809E+01    3.356163E+01    3.355270E+01    3.354305E+01    3.353605E+01    3.353678E+01    3.354847E+01    3.356529E+01    3.358209E+01    3.360331E+01    1.000000E+30    1.000000E+30    1.000000E+30
   1.000000E+30    1.000000E+30    1.000000E+30    1.000000E+30    1.000000E+30    3.356958E+01    3.355943E+01    3.355219E+01    3.355530E+01    3.355180E+01    3.354358E+01    3.353644E+01    3.353370E+01    3.354596E+01    3.356048E+01    3.357283E+01    1.000000E+30    1.000000E+30    1.000000E+30    1.000000E+30
