   3.695073E+01    3.692137E+01    3.686344E+01    3.678564E+01    3.668847E+01    3.657154E+01    3.644478E+01    3.630887E+01    3.616310E+01    3.600360E+01    3.583308E+01    3.565246E+01    3.545327E+01    3.522971E+01    3.498084E+01    3.471509E+01    3.480208E+01    3.486336E+01    3.489951E+01    3.491675E+01
   3.695709E+01    3.692854E+01    3.687010E+01    3.678663E+01    3.668470E+01    3.656585E+01    3.643828E+01    3.630179E+01    3.615209E+01    3.599094E+01    3.581971E+01    3.563567E+01    3.543316E+01    3.521576E+01    3.497569E+01    3.470633E+01    3.479295E+01    3.485272E+01    3.488978E+01    3.490769E+01
   3.696769E+01    3.693833E+01    3.687849E+01    3.678943E+01    3.668094E+01    3.655936E+01    3.642754E+01    3.628625E+01    3.613249E+01    3.596901E+01    3.579348E+01    3.560127E+01    3.539988E+01    3.519228E+01    3.496078E+01    3.470273E+01    3.477621E+01    3.483179E+01    3.486851E+01    3.488636E+01
   3.698226E+01    3.695163E+01    3.688751E+01    3.679487E+01    3.668072E+01    3.655205E+01    3.641170E+01    3.626053E+01    3.610036E+01    3.593147E+01    3.575432E+01    3.556242E+01    3.536254E+01    3.515558E+01    3.492747E+01    3.467322E+01    3.474398E+01    3.479755E+01    3.483303E+01    3.485120E+01
   3.700355E+01    3.697175E+01    3.690468E+01    3.680571E+01    3.668327E+01    3.654416E+01    3.638917E+01    3.622641E+01    3.606052E+01    3.588722E+01    3.570545E+01    3.551182E+01    3.531455E+01    3.511100E+01    3.488842E+01    3.464041E+01    3.470201E+01    3.475089E+01    3.478507E+01    3.480356E+01
   3.703157E+01    3.699894E+01    3.693107E+01    3.682625E+01    3.669020E+01    3.653287E+01    3.636188E+01    3.618232E+01    3.600403E+01    3.582685E+01    3.564535E+01    3.545355E+01    3.525531E+01    3.505413E+01    3.483686E+01    3.460077E+01    3.464721E+01    3.469200E+01    3.472633E+01    3.474429E+01
   3.706803E+01    3.703625E+01    3.697051E+01    3.686087E+01    3.669992E+01    3.652030E+01    3.632668E+01    3.612078E+01    3.592950E+01    3.575035E+01    3.557345E+01    3.538239E+01    3.518249E+01    3.498411E+01    3.476972E+01    3.453497E+01    3.457663E+01    3.462175E+01    3.465872E+01    3.467793E+01
   3.711139E+01    3.708587E+01    3.703066E+01    3.692850E+01    3.671550E+01    3.651264E+01    3.629408E+01    3.603112E+01    3.582963E+01    3.565447E+01    3.548180E+01    3.529368E+01    3.509789E+01    3.489809E+01    3.468370E+01    3.445193E+01    3.448111E+01    3.453594E+01    3.458407E+01    3.460953E+01
   3.715825E+01    3.714260E+01    3.711367E+01    3.707848E+01    1.000000E+30    1.000000E+30    1.000000E+30    3.587040E+01    3.568412E+01    3.552886E+01    3.536444E+01    3.518423E+01    3.499713E+01    3.479911E+01    3.459038E+01    3.435806E+01    3.433750E+01    3.443499E+01    3.450949E+01    3.454629E+01
   3.720407E+01    3.719764E+01    3.718587E+01    3.717348E+01    1.000000E+30    1.000000E+30    1.000000E+30    1.000000E+30    3.546872E+01    3.537479E+01    3.523771E+01    3.507163E+01    3.489025E+01    3.469397E+01    3.450145E+01    3.426248E+01    3.406082E+01    3.433788E+01    3.445541E+01    3.450342E+01
   3.724405E+01    3.724364E+01    3.724136E+01    3.723952E+01    1.000000E+30    1.000000E+30    1.000000E+30    1.000000E+30    3.531155E+01    3.524634E+01    3.513011E+01    3.497131E+01    3.478051E+01    3.455727E+01    3.443391E+01    3.428717E+01    3.427794E+01    3.437601E+01    3.444880E+01    3.448681E+01
   3.727481E+01    3.727622E+01    3.727778E+01    3.727984E+01    1.000000E+30    1.000000E+30    1.000000E+30    1.000000E+30    3.520412E+01    3.515049E+01    3.504507E+01    3.488895E+01    3.467087E+01    3.428820E+01    3.437172E+01    3.430562E+01    3.435535E+01    3.441540E+01    3.446262E+01    3.448911E+01
   3.729032E+01    3.729063E+01    3.729259E+01    3.729444E+01    1.000000E+30    1.000000E+30    1.000000E+30    1.000000E+30    3.512785E+01    3.508242E+01    3.499319E+01    3.486266E+01    3.469896E+01    3.451332E+01    3.443523E+01    3.434638E+01    3.439865E+01    3.444632E+01    3.448205E+01    3.450187E+01
   3.728740E+01    3.728662E+01    3.728746E+01    3.728819E+01    1.000000E+30    1.000000E+30    1.000000E+30    1.000000E+30    3.507820E+01    3.503958E+01    3.496373E+01    3.485854E+01    3.473004E+01    3.459509E+01    3.448510E+01    3.437366E+01    3.442640E+01    3.446976E+01    3.450048E+01    3.451794E+01
   3.726203E+01    3.726059E+01    3.726035E+01    3.725990E+01    1.000000E+30    1.000000E+30    1.000000E+30    1.000000E+30    3.504309E+01    3.500963E+01    3.494529E+01    3.485583E+01    3.474756E+01    3.462862E+01    3.451132E+01    3.439301E+01    3.444357E+01    3.448524E+01    3.451469E+01    3.453100E+01
   3.721036E+01    3.720920E+01    3.720832E+01    3.721024E+01    1.000000E+30    1.000000E+30    1.000000E+30    1.000000E+30    3.501653E+01    3.498616E+01    3.492854E+01    3.484662E+01    3.474908E+01    3.463771E+01    3.451955E+01    3.439911E+01    3.445005E+01    3.449179E+01    3.452119E+01    3.453642E+01
   3.713325E+01    3.713208E+01    3.712959E+01    3.713053E+01    1.000000E+30    1.000000E+30    1.000000E+30    1.000000E+30    3.499402E+01    3.496491E+01    3.490980E+01    3.483112E+01    3.473741E+01    3.462851E+01    3.450873E+01    3.438668E+01    3.444192E+01    3.448735E+01    3.451881E+01    3.453440E+01
   3.702785E+01    3.702590E+01    3.702280E+01    3.701962E+01    1.000000E+30    1.000000E+30    1.000000E+30    1.000000E+30    3.497437E+01    3.494501E+01    3.488812E+01    3.481004E+01    3.471513E+01    3.460207E+01    3.447957E+01    3.435466E+01    3.442020E+01    3.447155E+01    3.450781E+01    3.452580E+01
   3.689511E+01    3.689417E+01    3.689000E+01    3.688473E+01    1.000000E+30    1.000000E+30    1.000000E+30    1.000000E+30    3.495931E+01    3.492835E+01    3.486900E+01    3.478815E+01    3.468443E+01    3.455836E+01    3.442399E+01    3.431516E+01    3.438881E+01    3.444825E+01    3.448971E+01    3.451023E+01
   3.674949E+01    3.674315E+01    3.673535E+01    3.672783E+01    1.000000E+30    1.000000E+30    1.000000E+30    1.000000E+30    3.495272E+01    3.491786E+01    3.485389E+01    3.476675E+01    3.464707E+01    3.449136E+01    3.431620E+01    3.425644E+01    3.435181E+01    3.442095E+01    3.446666E+01    3.449000E+01
   3.658833E+01    3.657735E+01    3.655944E+01    3.654373E+01    1.000000E+30    1.000000E+30    1.000000E+30    1.000000E+30    3.496010E+01    3.491444E+01    3.484315E+01    3.474888E+01    3.461446E+01    3.441267E+01    3.407716E+01    3.419182E+01    3.432279E+01    3.440088E+01    3.444796E+01    3.447116E+01
   3.641286E+01    3.639711E+01    3.636277E+01    3.632523E+01    1.000000E+30    1.000000E+30    3.511777E+01    3.506723E+01    3.498918E+01    3.491474E+01    3.483189E+01    3.473522E+01    3.461028E+01    3.445251E+01    3.428491E+01    3.423447E+01    3.432510E+01    3.439222E+01    3.443586E+01    3.445740E+01
   3.623464E+01    3.620773E+01    3.615171E+01    3.605586E+01    3.587921E+01    1.000000E+30    3.514601E+01    3.508007E+01    3.499304E+01    3.490470E+01    3.481536E+01    3.471851E+01    3.460468E+01    3.447751E+01    3.435466E+01    3.426281E+01    3.433279E+01    3.438990E+01    3.442825E+01    3.444704E+01
   3.606393E+01    3.603213E+01    3.596604E+01    3.585885E+01    3.568197E+01    3.542096E+01    3.521560E+01    3.509006E+01    3.498065E+01    3.488024E+01    3.478360E+01    3.468860E+01    3.458745E+01    3.448196E+01    3.437292E+01    3.426498E+01    3.433208E+01    3.438472E+01    3.441964E+01    3.443738E+01
   3.591360E+01    3.588264E+01    3.581652E+01    3.571460E+01    3.556211E+01    3.537613E+01    3.520569E+01    3.506522E+01    3.494146E+01    3.482760E+01    3.472146E+01    3.464008E+01    3.455835E+01    3.446932E+01    3.436806E+01    3.425389E+01    3.432169E+01    3.437417E+01    3.440910E+01    3.442539E+01
   3.578421E+01    3.575455E+01    3.569198E+01    3.559444E+01    3.545790E+01    3.530316E+01    3.514940E+01    3.501008E+01    3.488128E+01    3.474841E+01    3.460785E+01    3.456596E+01    3.451578E+01    3.444268E+01    3.434641E+01    3.423608E+01    3.430465E+01    3.435856E+01    3.439449E+01    3.441093E+01
   3.566958E+01    3.564126E+01    3.558109E+01    3.548418E+01    3.535777E+01    3.521463E+01    3.507078E+01    3.494415E+01    3.481482E+01    3.465337E+01    3.436852E+01    3.447802E+01    3.446980E+01    3.440951E+01    3.431696E+01    3.419985E+01    3.428038E+01    3.433908E+01    3.437620E+01    3.439390E+01
   3.557092E+01    3.554150E+01    3.547881E+01    3.538147E+01    3.525793E+01    3.511429E+01    3.497510E+01    3.487064E+01    3.476758E+01    3.465250E+01    3.452429E+01    3.449357E+01    3.445186E+01    3.438393E+01    3.429062E+01    3.417058E+01    3.425683E+01    3.431712E+01    3.435493E+01    3.437419E+01
   3.548751E+01    3.545531E+01    3.538955E+01    3.529189E+01    3.516216E+01    3.500088E+01    3.482874E+01    3.477871E+01    3.472048E+01    3.464287E+01    3.456031E+01    3.449968E+01    3.443598E+01    3.436062E+01    3.426460E+01    3.414516E+01    3.423412E+01    3.429539E+01    3.433357E+01    3.435350E+01
   3.542083E+01    3.538699E+01    3.531959E+01    3.522017E+01    3.508371E+01    3.488392E+01    3.453426E+01    3.467540E+01    3.467181E+01    3.461955E+01    3.455272E+01    3.448511E+01    3.441286E+01    3.433257E+01    3.423953E+01    3.412997E+01    3.421600E+01    3.427640E+01    3.431440E+01    3.433443E+01
   3.536879E+01    3.532928E+01    3.525909E+01    3.516718E+01    3.504780E+01    3.489440E+01    3.472955E+01    3.469492E+01    3.465382E+01    3.459550E+01    3.452702E+01    3.445502E+01    3.437910E+01    3.430045E+01    3.421630E+01    3.411572E+01    3.420068E+01    3.425971E+01    3.429661E+01    3.431718E+01
   3.533381E+01    3.527744E+01    3.520735E+01    3.512326E+01    3.501819E+01    3.489795E+01    3.478112E+01    3.470381E+01    3.463679E+01    3.456555E+01    3.448978E+01    3.441065E+01    3.433124E+01    3.426065E+01    3.418849E+01    3.410373E+01    3.418587E+01    3.424474E+01    3.428176E+01    3.430165E+01
   1.000000E+30    3.522489E+01    3.515542E+01    3.507318E+01    3.497941E+01    3.487725E+01    3.477553E+01    3.468949E+01    3.460964E+01    3.452753E+01    3.444004E+01    3.434864E+01    3.426334E+01    3.420717E+01    3.415158E+01    3.407844E+01    3.416638E+01    3.422801E+01    3.426773E+01    3.428799E+01
   1.000000E+30    1.000000E+30    3.509488E+01    3.501483E+01    3.492508E+01    3.483210E+01    3.474153E+01    3.465674E+01    3.457156E+01    3.448002E+01    3.438022E+01    3.426905E+01    3.415221E+01    3.413374E+01    3.410518E+01    3.404700E+01    3.414201E+01    3.420775E+01    3.425039E+01    3.427481E+01
   1.000000E+30    1.000000E+30    1.000000E+30    3.494394E+01    3.484865E+01    3.476718E+01    3.468943E+01    3.460941E+01    3.452255E+01    3.442780E+01    3.432072E+01    3.418099E+01    3.392617E+01    3.405155E+01    3.406335E+01    3.402633E+01    3.411682E+01    3.418385E+01    3.422846E+01    3.426347E+01
   1.000000E+30    1.000000E+30    1.000000E+30    1.000000E+30    3.474372E+01    3.468717E+01    3.461995E+01    3.454736E+01    3.446878E+01    3.438144E+01    3.428679E+01    3.418471E+01    3.407870E+01    3.406826E+01    3.405074E+01    3.401199E+01    3.409316E+01    3.415659E+01    3.419429E+01    1.000000E+30
   1.000000E+30    1.000000E+30    1.000000E+30    1.000000E+30    3.468167E+01    3.459647E+01    3.453482E+01    3.447291E+01    3.440501E+01    3.433104E+01    3.425457E+01    3.417802E+01    3.411092E+01    3.407324E+01    3.403809E+01    3.399121E+01    3.406766E+01    3.412963E+01    3.417289E+01    1.000000E+30
   1.000000E+30    1.000000E+30    1.000000E+30    1.000000E+30    1.000000E+30    3.446001E+01    3.442988E+01    3.438391E+01    3.432971E+01    3.426954E+01    3.420870E+01    3.415047E+01    3.409833E+01    3.405589E+01    3.401551E+01    3.396684E+01    3.403688E+01    3.409689E+01    1.000000E+30    1.000000E+30
   1.000000E+30    1.000000E+30    1.000000E+30    1.000000E+30    1.000000E+30    3.433858E+01    3.431742E+01    3.428075E+01    3.423841E+01    3.419303E+01    3.414656E+01    3.410156E+01    3.405760E+01    3.401850E+01    3.398002E+01    3.393487E+01    3.399839E+01    1.000000E+30    1.000000E+30    1.000000E+30
   1.000000E+30    1.000000E+30    1.000000E+30    1.000000E+30    1.000000E+30    3.421278E+01    3.419032E+01    3.415470E+01    3.413060E+01    3.409891E+01    3.406746E+01    3.403286E+01    3.399312E+01    3.396141E+01    3.393020E+01    3.389483E+01    1.000000E+30    1.000000E+30    1.000000E+30    1.000000E+30
