   3.638579E+01    3.635826E+01    3.630574E+01    3.623363E+01    3.614300E+01    3.603285E+01    3.591495E+01    3.579117E+01    3.565950E+01    3.551748E+01    3.536811E+01    3.521271E+01    3.504455E+01    3.486063E+01    3.466425E+01    3.446552E+01    3.450004E+01    3.452564E+01    3.454150E+01    3.454983E+01
   3.638579E+01    3.635961E+01    3.630690E+01    3.623120E+01    3.613692E+01    3.602652E+01    3.590856E+01    3.578410E+01    3.564924E+01    3.550541E+01    3.535564E+01    3.519796E+01    3.502826E+01    3.484973E+01    3.465992E+01    3.445818E+01    3.449274E+01    3.451744E+01    3.453339E+01    3.454149E+01
   3.638631E+01    3.635973E+01    3.630581E+01    3.622730E+01    3.612906E+01    3.601739E+01    3.589695E+01    3.576847E+01    3.563031E+01    3.548447E+01    3.533103E+01    3.516698E+01    3.499918E+01    3.482995E+01    3.464758E+01    3.445281E+01    3.447905E+01    3.450083E+01    3.451616E+01    3.452389E+01
   3.638903E+01    3.636158E+01    3.630538E+01    3.622446E+01    3.612284E+01    3.600662E+01    3.587954E+01    3.574272E+01    3.559927E+01    3.544976E+01    3.529515E+01    3.513157E+01    3.496529E+01    3.479796E+01    3.461966E+01    3.442870E+01    3.445362E+01    3.447376E+01    3.448786E+01    3.449596E+01
   3.639529E+01    3.636765E+01    3.630991E+01    3.622442E+01    3.611704E+01    3.599348E+01    3.585451E+01    3.570822E+01    3.556048E+01    3.540722E+01    3.524861E+01    3.508388E+01    3.492034E+01    3.475701E+01    3.458413E+01    3.439944E+01    3.441803E+01    3.443548E+01    3.444927E+01    3.445774E+01
   3.640546E+01    3.637786E+01    3.632044E+01    3.623124E+01    3.611386E+01    3.597651E+01    3.582432E+01    3.566395E+01    3.550451E+01    3.534704E+01    3.518910E+01    3.502700E+01    3.486374E+01    3.470335E+01    3.453679E+01    3.436238E+01    3.437058E+01    3.438582E+01    3.440046E+01    3.440901E+01
   3.642069E+01    3.639455E+01    3.633958E+01    3.624866E+01    3.611401E+01    3.595877E+01    3.578754E+01    3.560281E+01    3.543068E+01    3.527114E+01    3.511771E+01    3.495696E+01    3.479400E+01    3.463787E+01    3.447553E+01    3.430494E+01    3.430786E+01    3.432448E+01    3.434236E+01    3.435253E+01
   3.643895E+01    3.641810E+01    3.637268E+01    3.628963E+01    3.611962E+01    3.594703E+01    3.575394E+01    3.551599E+01    3.533305E+01    3.517681E+01    3.502749E+01    3.486969E+01    3.471217E+01    3.455745E+01    3.439694E+01    3.423092E+01    3.422034E+01    3.424580E+01    3.427477E+01    3.429095E+01
   3.645704E+01    3.644415E+01    3.641971E+01    3.639031E+01    1.000000E+30    1.000000E+30    1.000000E+30    3.536504E+01    3.519243E+01    3.505388E+01    3.491319E+01    3.476376E+01    3.461556E+01    3.446399E+01    3.430967E+01    3.414330E+01    3.408470E+01    3.415050E+01    3.420548E+01    3.423274E+01
   3.646932E+01    3.646292E+01    3.645156E+01    3.644031E+01    1.000000E+30    1.000000E+30    1.000000E+30    1.000000E+30    3.498422E+01    3.490310E+01    3.478943E+01    3.465513E+01    3.451319E+01    3.436406E+01    3.422372E+01    3.404910E+01    3.381759E+01    3.405659E+01    3.415340E+01    3.419088E+01
   3.647061E+01    3.646756E+01    3.646294E+01    3.645926E+01    1.000000E+30    1.000000E+30    1.000000E+30    1.000000E+30    3.482826E+01    3.477470E+01    3.468127E+01    3.455576E+01    3.440687E+01    3.423600E+01    3.415603E+01    3.406228E+01    3.401960E+01    3.408971E+01    3.414468E+01    3.417309E+01
   3.645619E+01    3.645411E+01    3.645221E+01    3.645119E+01    1.000000E+30    1.000000E+30    1.000000E+30    1.000000E+30    3.471554E+01    3.467358E+01    3.459164E+01    3.447085E+01    3.430040E+01    3.399435E+01    3.409243E+01    3.407071E+01    3.408588E+01    3.412119E+01    3.415265E+01    3.417045E+01
   3.642243E+01    3.642104E+01    3.641923E+01    3.641877E+01    1.000000E+30    1.000000E+30    1.000000E+30    1.000000E+30    3.462849E+01    3.459493E+01    3.452819E+01    3.443067E+01    3.430842E+01    3.417217E+01    3.413471E+01    3.409447E+01    3.411681E+01    3.414191E+01    3.416289E+01    3.417477E+01
   3.636654E+01    3.636715E+01    3.636561E+01    3.636267E+01    1.000000E+30    1.000000E+30    1.000000E+30    1.000000E+30    3.456114E+01    3.453445E+01    3.448066E+01    3.440613E+01    3.431636E+01    3.422622E+01    3.416405E+01    3.410826E+01    3.413152E+01    3.415293E+01    3.416976E+01    3.417911E+01
   3.628525E+01    3.628521E+01    3.628358E+01    3.628014E+01    1.000000E+30    1.000000E+30    1.000000E+30    1.000000E+30    3.450453E+01    3.448210E+01    3.443936E+01    3.437964E+01    3.430948E+01    3.423654E+01    3.417160E+01    3.411192E+01    3.413475E+01    3.415534E+01    3.417092E+01    3.417935E+01
   3.617403E+01    3.617186E+01    3.616931E+01    3.617036E+01    1.000000E+30    1.000000E+30    1.000000E+30    1.000000E+30    3.445319E+01    3.443361E+01    3.439674E+01    3.434522E+01    3.428628E+01    3.422352E+01    3.416177E+01    3.410353E+01    3.412709E+01    3.414858E+01    3.416444E+01    3.417297E+01
   3.603432E+01    3.603173E+01    3.602693E+01    3.602594E+01    1.000000E+30    1.000000E+30    1.000000E+30    1.000000E+30    3.440188E+01    3.438402E+01    3.434982E+01    3.430326E+01    3.425101E+01    3.419324E+01    3.413473E+01    3.408084E+01    3.410774E+01    3.413253E+01    3.415090E+01    3.416044E+01
   3.586066E+01    3.585810E+01    3.585317E+01    3.584627E+01    1.000000E+30    1.000000E+30    1.000000E+30    1.000000E+30    3.434653E+01    3.433098E+01    3.429916E+01    3.425613E+01    3.420584E+01    3.414679E+01    3.408995E+01    3.404254E+01    3.407717E+01    3.410742E+01    3.413035E+01    3.414192E+01
   3.565700E+01    3.565437E+01    3.564712E+01    3.563792E+01    1.000000E+30    1.000000E+30    1.000000E+30    1.000000E+30    3.428876E+01    3.427485E+01    3.424592E+01    3.420543E+01    3.415082E+01    3.408293E+01    3.401849E+01    3.399280E+01    3.403766E+01    3.407662E+01    3.410469E+01    3.411862E+01
   3.544413E+01    3.543194E+01    3.541746E+01    3.540342E+01    1.000000E+30    1.000000E+30    1.000000E+30    1.000000E+30    3.423004E+01    3.421833E+01    3.419220E+01    3.415170E+01    3.408743E+01    3.399479E+01    3.389064E+01    3.392474E+01    3.399356E+01    3.404414E+01    3.407739E+01    3.409451E+01
   3.521895E+01    3.519742E+01    3.516469E+01    3.513537E+01    1.000000E+30    1.000000E+30    1.000000E+30    1.000000E+30    3.416823E+01    3.416173E+01    3.414026E+01    3.410127E+01    3.402944E+01    3.389456E+01    3.361737E+01    3.384789E+01    3.395804E+01    3.401947E+01    3.405569E+01    3.407365E+01
   3.498383E+01    3.495177E+01    3.488904E+01    3.482337E+01    1.000000E+30    1.000000E+30    3.404197E+01    3.406211E+01    3.409954E+01    3.410464E+01    3.409148E+01    3.406137E+01    3.400798E+01    3.392746E+01    3.384071E+01    3.388597E+01    3.395669E+01    3.400814E+01    3.404190E+01    3.405891E+01
   3.475987E+01    3.470627E+01    3.460115E+01    3.443471E+01    3.416144E+01    1.000000E+30    3.400380E+01    3.402523E+01    3.404690E+01    3.405251E+01    3.404584E+01    3.402684E+01    3.399375E+01    3.394982E+01    3.391199E+01    3.391245E+01    3.396290E+01    3.400489E+01    3.403414E+01    3.404940E+01
   3.456488E+01    3.449795E+01    3.436181E+01    3.414745E+01    3.386715E+01    3.384742E+01    3.393022E+01    3.397342E+01    3.399404E+01    3.399921E+01    3.399479E+01    3.398763E+01    3.397334E+01    3.395288E+01    3.393251E+01    3.392039E+01    3.396513E+01    3.400214E+01    3.402795E+01    3.404168E+01
   3.441984E+01    3.435143E+01    3.419899E+01    3.391089E+01    3.329302E+01    3.371581E+01    3.386753E+01    3.392590E+01    3.394292E+01    3.393918E+01    3.392909E+01    3.393736E+01    3.394377E+01    3.394148E+01    3.393141E+01    3.391671E+01    3.396096E+01    3.399672E+01    3.402132E+01    3.403365E+01
   3.433134E+01    3.427362E+01    3.415550E+01    3.397211E+01    3.375604E+01    3.381291E+01    3.387003E+01    3.389667E+01    3.389550E+01    3.386887E+01    3.382735E+01    3.387107E+01    3.390612E+01    3.392095E+01    3.391900E+01    3.390649E+01    3.395165E+01    3.398766E+01    3.401206E+01    3.402379E+01
   3.428137E+01    3.423723E+01    3.415118E+01    3.403310E+01    3.391870E+01    3.388601E+01    3.388039E+01    3.387875E+01    3.386006E+01    3.379971E+01    3.362423E+01    3.380060E+01    3.387158E+01    3.389963E+01    3.390218E+01    3.388808E+01    3.393786E+01    3.397554E+01    3.400045E+01    3.401227E+01
   3.425497E+01    3.422147E+01    3.415540E+01    3.406696E+01    3.397728E+01    3.391174E+01    3.386937E+01    3.386260E+01    3.385294E+01    3.382513E+01    3.378477E+01    3.383100E+01    3.386957E+01    3.388809E+01    3.388791E+01    3.387172E+01    3.392308E+01    3.396039E+01    3.398507E+01    3.399806E+01
   3.424142E+01    3.421379E+01    3.415890E+01    3.408363E+01    3.399471E+01    3.389845E+01    3.380637E+01    3.383238E+01    3.385022E+01    3.384960E+01    3.384328E+01    3.385807E+01    3.387380E+01    3.388009E+01    3.387480E+01    3.385640E+01    3.390777E+01    3.394458E+01    3.396850E+01    3.398152E+01
   3.423565E+01    3.421175E+01    3.416373E+01    3.409471E+01    3.400157E+01    3.386481E+01    3.360123E+01    3.379080E+01    3.385042E+01    3.386540E+01    3.386643E+01    3.386882E+01    3.387035E+01    3.386831E+01    3.385990E+01    3.384331E+01    3.389314E+01    3.392925E+01    3.395288E+01    3.396558E+01
   3.423307E+01    3.421139E+01    3.416896E+01    3.411068E+01    3.403452E+01    3.393821E+01    3.383786E+01    3.385986E+01    3.387752E+01    3.387962E+01    3.387211E+01    3.386326E+01    3.385510E+01    3.384892E+01    3.384219E+01    3.382892E+01    3.387887E+01    3.391478E+01    3.393757E+01    3.395022E+01
   3.423093E+01    3.420753E+01    3.417226E+01    3.412572E+01    3.406687E+01    3.399907E+01    3.393858E+01    3.391629E+01    3.390295E+01    3.388543E+01    3.386284E+01    3.383985E+01    3.382192E+01    3.381707E+01    3.381694E+01    3.381262E+01    3.386277E+01    3.390000E+01    3.392344E+01    3.393588E+01
   1.000000E+30    3.419785E+01    3.416957E+01    3.413122E+01    3.408485E+01    3.403265E+01    3.398274E+01    3.394596E+01    3.391435E+01    3.387954E+01    3.383860E+01    3.379578E+01    3.376363E+01    3.376902E+01    3.378132E+01    3.378887E+01    3.384388E+01    3.388373E+01    3.390967E+01    3.392289E+01
   1.000000E+30    1.000000E+30    3.415756E+01    3.412599E+01    3.408558E+01    3.404064E+01    3.399577E+01    3.395432E+01    3.391231E+01    3.386296E+01    3.380312E+01    3.373111E+01    3.365592E+01    3.370165E+01    3.374044E+01    3.376176E+01    3.382261E+01    3.386568E+01    3.389445E+01    3.391103E+01
   1.000000E+30    1.000000E+30    1.000000E+30    3.410832E+01    3.406848E+01    3.402963E+01    3.398977E+01    3.394821E+01    3.390097E+01    3.384394E+01    3.377078E+01    3.365944E+01    3.341498E+01    3.362535E+01    3.370676E+01    3.374218E+01    3.380233E+01    3.384658E+01    3.387677E+01    3.390138E+01
   1.000000E+30    1.000000E+30    1.000000E+30    1.000000E+30    3.403217E+01    3.400460E+01    3.396988E+01    3.393071E+01    3.388641E+01    3.383368E+01    3.377106E+01    3.369912E+01    3.362525E+01    3.366818E+01    3.370912E+01    3.373327E+01    3.378596E+01    3.382662E+01    3.385154E+01    1.000000E+30
   1.000000E+30    1.000000E+30    1.000000E+30    1.000000E+30    3.400934E+01    3.396973E+01    3.393851E+01    3.390494E+01    3.386630E+01    3.382320E+01    3.377648E+01    3.373051E+01    3.369713E+01    3.370188E+01    3.371569E+01    3.372495E+01    3.377090E+01    3.380896E+01    3.383644E+01    1.000000E+30
   1.000000E+30    1.000000E+30    1.000000E+30    1.000000E+30    1.000000E+30    3.391069E+01    3.389444E+01    3.386935E+01    3.383916E+01    3.380541E+01    3.377113E+01    3.374052E+01    3.371904E+01    3.371309E+01    3.371416E+01    3.371404E+01    3.375348E+01    3.378849E+01    1.000000E+30    1.000000E+30
   1.000000E+30    1.000000E+30    1.000000E+30    1.000000E+30    1.000000E+30    3.385657E+01    3.384411E+01    3.382405E+01    3.380220E+01    3.377806E+01    3.375288E+01    3.373031E+01    3.371331E+01    3.370565E+01    3.370257E+01    3.369849E+01    3.373177E+01    1.000000E+30    1.000000E+30    1.000000E+30
   1.000000E+30    1.000000E+30    1.000000E+30    1.000000E+30    1.000000E+30    3.379954E+01    3.378382E+01    3.376476E+01    3.375636E+01    3.374109E+01    3.372289E+01    3.370442E+01    3.368720E+01    3.368330E+01    3.368172E+01    3.367872E+01    1.000000E+30    1.000000E+30    1.000000E+30    1.000000E+30
