   3.599431E+01    3.596683E+01    3.591430E+01    3.584321E+01    3.575490E+01    3.564938E+01    3.553800E+01    3.542273E+01    3.530270E+01    3.517623E+01    3.504654E+01    3.491553E+01    3.477821E+01    3.463283E+01    3.448152E+01    3.433075E+01    3.434134E+01    3.434755E+01    3.435050E+01    3.435183E+01
   3.599792E+01    3.597148E+01    3.591850E+01    3.584319E+01    3.575098E+01    3.564459E+01    3.553265E+01    3.541651E+01    3.529325E+01    3.516511E+01    3.503503E+01    3.490194E+01    3.476294E+01    3.462177E+01    3.447567E+01    3.432269E+01    3.433327E+01    3.433922E+01    3.434244E+01    3.434378E+01
   3.600500E+01    3.597791E+01    3.592343E+01    3.584431E+01    3.574713E+01    3.563853E+01    3.552317E+01    3.540256E+01    3.527568E+01    3.514536E+01    3.501196E+01    3.487341E+01    3.473592E+01    3.460183E+01    3.446120E+01    3.431359E+01    3.431840E+01    3.432235E+01    3.432477E+01    3.432572E+01
   3.601701E+01    3.598875E+01    3.593099E+01    3.584851E+01    3.574646E+01    3.563182E+01    3.550877E+01    3.537926E+01    3.524670E+01    3.511236E+01    3.497763E+01    3.483935E+01    3.470324E+01    3.457052E+01    3.443321E+01    3.428958E+01    3.429260E+01    3.429454E+01    3.429589E+01    3.429734E+01
   3.603613E+01    3.600723E+01    3.594670E+01    3.585791E+01    3.574802E+01    3.562402E+01    3.548772E+01    3.534771E+01    3.520987E+01    3.507123E+01    3.493253E+01    3.479313E+01    3.465931E+01    3.452980E+01    3.439732E+01    3.425921E+01    3.425615E+01    3.425556E+01    3.425683E+01    3.425853E+01
   3.606269E+01    3.603313E+01    3.597182E+01    3.587690E+01    3.575383E+01    3.561331E+01    3.546202E+01    3.530662E+01    3.515660E+01    3.501323E+01    3.487441E+01    3.473702E+01    3.460334E+01    3.447666E+01    3.434943E+01    3.421990E+01    3.420787E+01    3.420583E+01    3.420776E+01    3.420922E+01
   3.609752E+01    3.606879E+01    3.600875E+01    3.590930E+01    3.576344E+01    3.560170E+01    3.542948E+01    3.524905E+01    3.508584E+01    3.493957E+01    3.480383E+01    3.466709E+01    3.453359E+01    3.441084E+01    3.428795E+01    3.416359E+01    3.414523E+01    3.414431E+01    3.414912E+01    3.415226E+01
   3.613824E+01    3.611495E+01    3.606395E+01    3.597069E+01    3.577757E+01    3.559436E+01    3.539897E+01    3.516581E+01    3.499157E+01    3.484766E+01    3.471470E+01    3.457919E+01    3.444962E+01    3.432822E+01    3.420870E+01    3.409099E+01    3.405792E+01    3.406550E+01    3.408120E+01    3.409074E+01
   3.618084E+01    3.616601E+01    3.613838E+01    3.610526E+01    1.000000E+30    1.000000E+30    1.000000E+30    3.501907E+01    3.485551E+01    3.472804E+01    3.460237E+01    3.447266E+01    3.434915E+01    3.422971E+01    3.411746E+01    3.400156E+01    3.392086E+01    3.396917E+01    3.401159E+01    3.403281E+01
   3.621926E+01    3.621217E+01    3.619963E+01    3.618684E+01    1.000000E+30    1.000000E+30    1.000000E+30    1.000000E+30    3.465579E+01    3.458216E+01    3.448070E+01    3.436252E+01    3.424066E+01    3.411995E+01    3.402354E+01    3.390218E+01    3.365093E+01    3.387328E+01    3.395890E+01    3.399127E+01
   3.624921E+01    3.624679E+01    3.624223E+01    3.623841E+01    1.000000E+30    1.000000E+30    1.000000E+30    1.000000E+30    3.450709E+01    3.445872E+01    3.437434E+01    3.426071E+01    3.412450E+01    3.397158E+01    3.394338E+01    3.390415E+01    3.384649E+01    3.390375E+01    3.394963E+01    3.397327E+01
   3.626582E+01    3.626494E+01    3.626375E+01    3.626332E+01    1.000000E+30    1.000000E+30    1.000000E+30    1.000000E+30    3.440178E+01    3.436370E+01    3.428857E+01    3.417563E+01    3.400774E+01    3.367987E+01    3.386495E+01    3.390518E+01    3.390870E+01    3.393330E+01    3.395713E+01    3.397100E+01
   3.626428E+01    3.626339E+01    3.626280E+01    3.626285E+01    1.000000E+30    1.000000E+30    1.000000E+30    1.000000E+30    3.432390E+01    3.429366E+01    3.423347E+01    3.414503E+01    3.403304E+01    3.391123E+01    3.391989E+01    3.392820E+01    3.393932E+01    3.395415E+01    3.396786E+01    3.397614E+01
   3.624142E+01    3.624119E+01    3.624032E+01    3.623889E+01    1.000000E+30    1.000000E+30    1.000000E+30    1.000000E+30    3.426795E+01    3.424455E+01    3.419778E+01    3.413384E+01    3.405886E+01    3.399056E+01    3.396365E+01    3.394846E+01    3.395764E+01    3.396791E+01    3.397686E+01    3.398251E+01
   3.619383E+01    3.619323E+01    3.619182E+01    3.618946E+01    1.000000E+30    1.000000E+30    1.000000E+30    1.000000E+30    3.422446E+01    3.420575E+01    3.417039E+01    3.412235E+01    3.406846E+01    3.401830E+01    3.398390E+01    3.395855E+01    3.396613E+01    3.397451E+01    3.398163E+01    3.398601E+01
   3.611713E+01    3.611519E+01    3.611281E+01    3.611337E+01    1.000000E+30    1.000000E+30    1.000000E+30    1.000000E+30    3.418775E+01    3.417210E+01    3.414323E+01    3.410401E+01    3.406139E+01    3.401992E+01    3.398512E+01    3.395708E+01    3.396502E+01    3.397349E+01    3.398037E+01    3.398420E+01
   3.601116E+01    3.600869E+01    3.600408E+01    3.600288E+01    1.000000E+30    1.000000E+30    1.000000E+30    1.000000E+30    3.415278E+01    3.413903E+01    3.411324E+01    3.407863E+01    3.404131E+01    3.400329E+01    3.396940E+01    3.394295E+01    3.395346E+01    3.396436E+01    3.397285E+01    3.397726E+01
   3.587033E+01    3.586742E+01    3.586219E+01    3.585559E+01    1.000000E+30    1.000000E+30    1.000000E+30    1.000000E+30    3.411635E+01    3.410414E+01    3.407977E+01    3.404742E+01    3.401090E+01    3.397090E+01    3.393696E+01    3.391558E+01    3.393186E+01    3.394726E+01    3.395940E+01    3.396548E+01
   3.569641E+01    3.569321E+01    3.568527E+01    3.567608E+01    1.000000E+30    1.000000E+30    1.000000E+30    1.000000E+30    3.407917E+01    3.406756E+01    3.404419E+01    3.401223E+01    3.397061E+01    3.392123E+01    3.387911E+01    3.387522E+01    3.390102E+01    3.392419E+01    3.394109E+01    3.394944E+01
   3.550725E+01    3.549504E+01    3.547985E+01    3.546550E+01    1.000000E+30    1.000000E+30    1.000000E+30    1.000000E+30    3.404228E+01    3.403110E+01    3.400805E+01    3.397415E+01    3.392216E+01    3.384873E+01    3.376868E+01    3.381744E+01    3.386485E+01    3.389903E+01    3.392090E+01    3.393203E+01
   3.530058E+01    3.527891E+01    3.524550E+01    3.521550E+01    1.000000E+30    1.000000E+30    1.000000E+30    1.000000E+30    3.400465E+01    3.399459E+01    3.397273E+01    3.393804E+01    3.387741E+01    3.376391E+01    3.352363E+01    3.374991E+01    3.383541E+01    3.388002E+01    3.390497E+01    3.391694E+01
   3.507833E+01    3.504560E+01    3.498142E+01    3.491395E+01    1.000000E+30    1.000000E+30    3.394965E+01    3.395364E+01    3.396448E+01    3.395644E+01    3.393780E+01    3.390913E+01    3.386408E+01    3.379893E+01    3.373110E+01    3.378565E+01    3.383636E+01    3.387248E+01    3.389528E+01    3.390635E+01
   3.486034E+01    3.480579E+01    3.469799E+01    3.452703E+01    3.424793E+01    1.000000E+30    3.392665E+01    3.392908E+01    3.392759E+01    3.391663E+01    3.390094E+01    3.388084E+01    3.385376E+01    3.382152E+01    3.379760E+01    3.381067E+01    3.384359E+01    3.387128E+01    3.389004E+01    3.389933E+01
   3.466465E+01    3.459620E+01    3.445654E+01    3.423617E+01    3.394083E+01    3.386170E+01    3.388429E+01    3.389182E+01    3.388454E+01    3.386904E+01    3.385214E+01    3.384269E+01    3.383385E+01    3.382400E+01    3.381678E+01    3.381954E+01    3.384692E+01    3.386986E+01    3.388557E+01    3.389368E+01
   3.451270E+01    3.444251E+01    3.428691E+01    3.399810E+01    3.339540E+01    3.373717E+01    3.383276E+01    3.385029E+01    3.383509E+01    3.380577E+01    3.377857E+01    3.378713E+01    3.380196E+01    3.381154E+01    3.381555E+01    3.381719E+01    3.384421E+01    3.386582E+01    3.388045E+01    3.388740E+01
   3.441246E+01    3.435216E+01    3.422837E+01    3.403624E+01    3.380445E+01    3.381801E+01    3.383121E+01    3.381903E+01    3.378335E+01    3.372322E+01    3.365021E+01    3.370725E+01    3.375930E+01    3.379031E+01    3.380452E+01    3.380876E+01    3.383713E+01    3.385884E+01    3.387322E+01    3.387983E+01
   3.434737E+01    3.429979E+01    3.420611E+01    3.407448E+01    3.393908E+01    3.387422E+01    3.383284E+01    3.379672E+01    3.374239E+01    3.363662E+01    3.337289E+01    3.361913E+01    3.372124E+01    3.377009E+01    3.379069E+01    3.379539E+01    3.382683E+01    3.384952E+01    3.386391E+01    3.387081E+01
   3.430444E+01    3.426669E+01    3.419141E+01    3.408800E+01    3.397776E+01    3.388535E+01    3.381382E+01    3.377806E+01    3.373902E+01    3.368098E+01    3.361154E+01    3.367202E+01    3.372843E+01    3.376377E+01    3.378059E+01    3.378325E+01    3.381565E+01    3.383817E+01    3.385245E+01    3.385994E+01
   3.427455E+01    3.424196E+01    3.417704E+01    3.408715E+01    3.397906E+01    3.385937E+01    3.374193E+01    3.374562E+01    3.374204E+01    3.372191E+01    3.370237E+01    3.371971E+01    3.374472E+01    3.376329E+01    3.377276E+01    3.377180E+01    3.380374E+01    3.382602E+01    3.384015E+01    3.384775E+01
   3.425411E+01    3.422486E+01    3.416657E+01    3.408334E+01    3.397262E+01    3.381436E+01    3.352515E+01    3.370148E+01    3.374639E+01    3.374891E+01    3.374274E+01    3.374582E+01    3.375276E+01    3.375977E+01    3.376326E+01    3.376099E+01    3.379205E+01    3.381402E+01    3.382813E+01    3.383573E+01
   3.423928E+01    3.421090E+01    3.415754E+01    3.408621E+01    3.399461E+01    3.388025E+01    3.376176E+01    3.377056E+01    3.377723E+01    3.377119E+01    3.376010E+01    3.375211E+01    3.374832E+01    3.374879E+01    3.375070E+01    3.374907E+01    3.378032E+01    3.380228E+01    3.381620E+01    3.382405E+01
   3.422878E+01    3.419499E+01    3.414841E+01    3.408970E+01    3.401678E+01    3.393412E+01    3.385974E+01    3.382660E+01    3.380556E+01    3.378383E+01    3.376090E+01    3.374077E+01    3.372743E+01    3.372683E+01    3.373208E+01    3.373546E+01    3.376749E+01    3.379056E+01    3.380508E+01    3.381272E+01
   1.000000E+30    3.417402E+01    3.413423E+01    3.408392E+01    3.402528E+01    3.396104E+01    3.390051E+01    3.385604E+01    3.381975E+01    3.378424E+01    3.374708E+01    3.371115E+01    3.368587E+01    3.369157E+01    3.370503E+01    3.371654E+01    3.375239E+01    3.377769E+01    3.379398E+01    3.380221E+01
   1.000000E+30    1.000000E+30    3.411058E+01    3.406791E+01    3.401710E+01    3.396291E+01    3.391070E+01    3.386435E+01    3.382057E+01    3.377402E+01    3.372249E+01    3.366394E+01    3.360556E+01    3.364072E+01    3.367343E+01    3.369488E+01    3.373542E+01    3.376346E+01    3.378174E+01    3.379249E+01
   1.000000E+30    1.000000E+30    1.000000E+30    3.403986E+01    3.399162E+01    3.394686E+01    3.390285E+01    3.385879E+01    3.381193E+01    3.375999E+01    3.369851E+01    3.361046E+01    3.342512E+01    3.358311E+01    3.364732E+01    3.367850E+01    3.371924E+01    3.374867E+01    3.376836E+01    3.378483E+01
   1.000000E+30    1.000000E+30    1.000000E+30    1.000000E+30    3.394811E+01    3.391885E+01    3.388236E+01    3.384259E+01    3.379988E+01    3.375191E+01    3.369855E+01    3.364028E+01    3.358258E+01    3.361527E+01    3.364884E+01    3.367073E+01    3.370662E+01    3.373404E+01    3.375039E+01    1.000000E+30
   1.000000E+30    1.000000E+30    1.000000E+30    1.000000E+30    3.392307E+01    3.388418E+01    3.385270E+01    3.381944E+01    3.378285E+01    3.374355E+01    3.370283E+01    3.366430E+01    3.363722E+01    3.364127E+01    3.365412E+01    3.366428E+01    3.369569E+01    3.372140E+01    3.373974E+01    1.000000E+30
   1.000000E+30    1.000000E+30    1.000000E+30    1.000000E+30    1.000000E+30    3.382942E+01    3.381326E+01    3.378892E+01    3.376062E+01    3.372980E+01    3.369936E+01    3.367281E+01    3.365493E+01    3.365088E+01    3.365374E+01    3.365632E+01    3.368355E+01    3.370734E+01    1.000000E+30    1.000000E+30
   1.000000E+30    1.000000E+30    1.000000E+30    1.000000E+30    1.000000E+30    3.378232E+01    3.377025E+01    3.375140E+01    3.373127E+01    3.370911E+01    3.368630E+01    3.366618E+01    3.365169E+01    3.364641E+01    3.364582E+01    3.364505E+01    3.366873E+01    1.000000E+30    1.000000E+30    1.000000E+30
   1.000000E+30    1.000000E+30    1.000000E+30    1.000000E+30    1.000000E+30    3.373545E+01    3.372013E+01    3.370257E+01    3.369544E+01    3.368153E+01    3.366422E+01    3.364697E+01    3.363164E+01    3.363003E+01    3.363091E+01    3.363090E+01    1.000000E+30    1.000000E+30    1.000000E+30    1.000000E+30
