   3.665119E+01    3.662474E+01    3.657297E+01    3.650284E+01    3.641493E+01    3.630856E+01    3.619331E+01    3.607014E+01    3.593784E+01    3.579307E+01    3.563830E+01    3.547434E+01    3.529344E+01    3.509061E+01    3.486613E+01    3.462881E+01    3.470254E+01    3.475538E+01    3.478707E+01    3.480256E+01
   3.665355E+01    3.662812E+01    3.657611E+01    3.650149E+01    3.640959E+01    3.630205E+01    3.618642E+01    3.606278E+01    3.592709E+01    3.578075E+01    3.562540E+01    3.545849E+01    3.527494E+01    3.507782E+01    3.486121E+01    3.462059E+01    3.469415E+01    3.474563E+01    3.477797E+01    3.479382E+01
   3.665713E+01    3.663119E+01    3.657813E+01    3.649944E+01    3.640258E+01    3.629327E+01    3.617455E+01    3.604686E+01    3.590772E+01    3.575933E+01    3.560011E+01    3.542596E+01    3.524367E+01    3.505587E+01    3.484730E+01    3.461650E+01    3.467861E+01    3.472636E+01    3.475835E+01    3.477408E+01
   3.666200E+01    3.663518E+01    3.657914E+01    3.649797E+01    3.639720E+01    3.628268E+01    3.615703E+01    3.602087E+01    3.587624E+01    3.572337E+01    3.556278E+01    3.538899E+01    3.520816E+01    3.502139E+01    3.481633E+01    3.458910E+01    3.464902E+01    3.469503E+01    3.472582E+01    3.474186E+01
   3.666980E+01    3.664232E+01    3.658464E+01    3.649915E+01    3.639254E+01    3.627016E+01    3.613236E+01    3.598643E+01    3.583710E+01    3.568043E+01    3.551575E+01    3.534054E+01    3.516227E+01    3.497900E+01    3.477924E+01    3.455811E+01    3.460996E+01    3.465197E+01    3.468174E+01    3.469811E+01
   3.668045E+01    3.665282E+01    3.659533E+01    3.650656E+01    3.639031E+01    3.625376E+01    3.610270E+01    3.594237E+01    3.578182E+01    3.562149E+01    3.545723E+01    3.528409E+01    3.510532E+01    3.492450E+01    3.473027E+01    3.452036E+01    3.455875E+01    3.459719E+01    3.462729E+01    3.464335E+01
   3.669549E+01    3.666917E+01    3.661457E+01    3.652393E+01    3.639023E+01    3.623635E+01    3.606628E+01    3.588218E+01    3.570952E+01    3.554722E+01    3.538724E+01    3.521498E+01    3.503525E+01    3.485763E+01    3.466663E+01    3.445872E+01    3.449232E+01    3.453130E+01    3.456410E+01    3.458138E+01
   3.671346E+01    3.669264E+01    3.664793E+01    3.656549E+01    3.639620E+01    3.622510E+01    3.603347E+01    3.579701E+01    3.561391E+01    3.545478E+01    3.529851E+01    3.512885E+01    3.495350E+01    3.477548E+01    3.458506E+01    3.438041E+01    3.440158E+01    3.444961E+01    3.449309E+01    3.451620E+01
   3.673168E+01    3.671928E+01    3.669599E+01    3.666763E+01    1.000000E+30    1.000000E+30    1.000000E+30    3.564855E+01    3.547597E+01    3.533412E+01    3.518535E+01    3.502306E+01    3.485616E+01    3.468038E+01    3.449575E+01    3.429066E+01    3.426401E+01    3.435254E+01    3.442120E+01    3.445507E+01
   3.674599E+01    3.674070E+01    3.673094E+01    3.672110E+01    1.000000E+30    1.000000E+30    1.000000E+30    1.000000E+30    3.527072E+01    3.518550E+01    3.506244E+01    3.491380E+01    3.475247E+01    3.457872E+01    3.440935E+01    3.419752E+01    3.399712E+01    3.425794E+01    3.436774E+01    3.441203E+01
   3.675068E+01    3.674938E+01    3.674697E+01    3.674526E+01    1.000000E+30    1.000000E+30    1.000000E+30    1.000000E+30    3.511734E+01    3.505908E+01    3.495575E+01    3.481459E+01    3.464487E+01    3.444670E+01    3.434217E+01    3.421696E+01    3.420196E+01    3.429145E+01    3.435841E+01    3.439327E+01
   3.674208E+01    3.674173E+01    3.674208E+01    3.674312E+01    1.000000E+30    1.000000E+30    1.000000E+30    1.000000E+30    3.500793E+01    3.496079E+01    3.486817E+01    3.473049E+01    3.453623E+01    3.419029E+01    3.427890E+01    3.422993E+01    3.427152E+01    3.432493E+01    3.436752E+01    3.439130E+01
   3.671542E+01    3.671490E+01    3.671494E+01    3.671586E+01    1.000000E+30    1.000000E+30    1.000000E+30    1.000000E+30    3.492496E+01    3.488596E+01    3.480888E+01    3.469578E+01    3.455310E+01    3.439125E+01    3.433098E+01    3.426183E+01    3.430704E+01    3.434903E+01    3.438085E+01    3.439838E+01
   3.666743E+01    3.666773E+01    3.666735E+01    3.666569E+01    1.000000E+30    1.000000E+30    1.000000E+30    1.000000E+30    3.486363E+01    3.483156E+01    3.476771E+01    3.467902E+01    3.457056E+01    3.445747E+01    3.436915E+01    3.428111E+01    3.432679E+01    3.436478E+01    3.439208E+01    3.440732E+01
   3.659389E+01    3.659316E+01    3.659217E+01    3.658977E+01    1.000000E+30    1.000000E+30    1.000000E+30    1.000000E+30    3.481307E+01    3.478595E+01    3.473392E+01    3.466098E+01    3.457304E+01    3.447724E+01    3.438446E+01    3.429177E+01    3.433586E+01    3.437249E+01    3.439853E+01    3.441273E+01
   3.648985E+01    3.648792E+01    3.648606E+01    3.648813E+01    1.000000E+30    1.000000E+30    1.000000E+30    1.000000E+30    3.476753E+01    3.474364E+01    3.469867E+01    3.463461E+01    3.455870E+01    3.447282E+01    3.438219E+01    3.428995E+01    3.433458E+01    3.437153E+01    3.439755E+01    3.441105E+01
   3.635729E+01    3.635517E+01    3.635109E+01    3.635134E+01    1.000000E+30    1.000000E+30    1.000000E+30    1.000000E+30    3.472131E+01    3.469987E+01    3.465872E+01    3.460026E+01    3.453128E+01    3.445082E+01    3.436226E+01    3.427175E+01    3.432033E+01    3.436065E+01    3.438876E+01    3.440278E+01
   3.619167E+01    3.618904E+01    3.618445E+01    3.617878E+01    1.000000E+30    1.000000E+30    1.000000E+30    1.000000E+30    3.467079E+01    3.465193E+01    3.461332E+01    3.455943E+01    3.449360E+01    3.441318E+01    3.432589E+01    3.423671E+01    3.429418E+01    3.433967E+01    3.437215E+01    3.438826E+01
   3.599601E+01    3.599383E+01    3.598712E+01    3.597870E+01    1.000000E+30    1.000000E+30    1.000000E+30    1.000000E+30    3.461729E+01    3.460037E+01    3.456517E+01    3.451495E+01    3.444680E+01    3.436019E+01    3.426696E+01    3.419478E+01    3.425962E+01    3.431228E+01    3.434924E+01    3.436752E+01
   3.579056E+01    3.577952E+01    3.576604E+01    3.575318E+01    1.000000E+30    1.000000E+30    1.000000E+30    1.000000E+30    3.456267E+01    3.454806E+01    3.451593E+01    3.446721E+01    3.439208E+01    3.428664E+01    3.416341E+01    3.413690E+01    3.422047E+01    3.428170E+01    3.432240E+01    3.434339E+01
   3.557174E+01    3.555215E+01    3.552143E+01    3.549423E+01    1.000000E+30    1.000000E+30    1.000000E+30    1.000000E+30    3.450520E+01    3.449468E+01    3.446690E+01    3.442013E+01    3.433981E+01    3.420241E+01    3.394905E+01    3.407352E+01    3.418823E+01    3.425763E+01    3.429988E+01    3.432100E+01
   3.534230E+01    3.531272E+01    3.525330E+01    3.519044E+01    1.000000E+30    1.000000E+30    3.439707E+01    3.441185E+01    3.444124E+01    3.443891E+01    3.441760E+01    3.437809E+01    3.431283E+01    3.421809E+01    3.411162E+01    3.410017E+01    3.418271E+01    3.424371E+01    3.428371E+01    3.430368E+01
   3.512160E+01    3.507163E+01    3.497124E+01    3.481083E+01    3.454544E+01    1.000000E+30    3.436113E+01    3.437632E+01    3.438918E+01    3.438588E+01    3.436929E+01    3.433805E+01    3.428893E+01    3.422428E+01    3.415869E+01    3.411583E+01    3.418268E+01    3.423616E+01    3.427227E+01    3.429028E+01
   3.492744E+01    3.486460E+01    3.473478E+01    3.452882E+01    3.425581E+01    3.422441E+01    3.429227E+01    3.432456E+01    3.433454E+01    3.432943E+01    3.431344E+01    3.429152E+01    3.425839E+01    3.421521E+01    3.416463E+01    3.411205E+01    3.417694E+01    3.422738E+01    3.426092E+01    3.427806E+01
   3.478090E+01    3.471597E+01    3.457066E+01    3.429528E+01    3.370282E+01    3.409522E+01    3.422894E+01    3.427404E+01    3.427889E+01    3.426372E+01    3.424095E+01    3.423379E+01    3.422064E+01    3.419421E+01    3.415296E+01    3.409839E+01    3.416429E+01    3.421500E+01    3.424869E+01    3.426462E+01
   3.468695E+01    3.463215E+01    3.451966E+01    3.434362E+01    3.413362E+01    3.417964E+01    3.422380E+01    3.423807E+01    3.422499E+01    3.418625E+01    3.413030E+01    3.415951E+01    3.417518E+01    3.416517E+01    3.413092E+01    3.408040E+01    3.414723E+01    3.419918E+01    3.423366E+01    3.424962E+01
   3.462859E+01    3.458729E+01    3.450524E+01    3.439142E+01    3.427810E+01    3.423953E+01    3.422438E+01    3.421222E+01    3.418189E+01    3.410829E+01    3.391346E+01    3.407970E+01    3.413240E+01    3.413501E+01    3.410492E+01    3.405068E+01    3.412577E+01    3.418109E+01    3.421644E+01    3.423324E+01
   3.459383E+01    3.456241E+01    3.449916E+01    3.441288E+01    3.432332E+01    3.425368E+01    3.420415E+01    3.418772E+01    3.416692E+01    3.412683E+01    3.407189E+01    3.410366E+01    3.412264E+01    3.411574E+01    3.408361E+01    3.402706E+01    3.410568E+01    3.416132E+01    3.419675E+01    3.421492E+01
   3.457292E+01    3.454630E+01    3.449309E+01    3.441870E+01    3.432914E+01    3.422992E+01    3.413286E+01    3.414889E+01    3.415596E+01    3.414376E+01    3.412462E+01    3.412432E+01    3.411980E+01    3.410174E+01    3.406504E+01    3.400713E+01    3.408662E+01    3.414222E+01    3.417729E+01    3.419576E+01
   3.456123E+01    3.453744E+01    3.448989E+01    3.442063E+01    3.432642E+01    3.418749E+01    3.392428E+01    3.409949E+01    3.414775E+01    3.415191E+01    3.414127E+01    3.412936E+01    3.411174E+01    3.408571E+01    3.404744E+01    3.399409E+01    3.407099E+01    3.412550E+01    3.416014E+01    3.417843E+01
   3.455358E+01    3.453081E+01    3.448712E+01    3.442748E+01    3.434932E+01    3.424924E+01    3.414440E+01    3.415801E+01    3.416656E+01    3.415938E+01    3.414204E+01    3.412035E+01    3.409466E+01    3.406555E+01    3.403048E+01    3.398175E+01    3.405769E+01    3.411097E+01    3.414434E+01    3.416287E+01
   3.454787E+01    3.452167E+01    3.448342E+01    3.443401E+01    3.437138E+01    3.429902E+01    3.423376E+01    3.420515E+01    3.418493E+01    3.416060E+01    3.413063E+01    3.409737E+01    3.406382E+01    3.403715E+01    3.400911E+01    3.397053E+01    3.404442E+01    3.409772E+01    3.413119E+01    3.414915E+01
   1.000000E+30    3.450678E+01    3.447388E+01    3.443114E+01    3.438010E+01    3.432359E+01    3.426940E+01    3.422782E+01    3.419101E+01    3.415168E+01    3.410665E+01    3.405749E+01    3.401335E+01    3.399568E+01    3.397889E+01    3.394920E+01    3.402768E+01    3.408315E+01    3.411899E+01    3.413728E+01
   1.000000E+30    1.000000E+30    3.445532E+01    3.441824E+01    3.437291E+01    3.432394E+01    3.427533E+01    3.422996E+01    3.418427E+01    3.413272E+01    3.407222E+01    3.399980E+01    3.392220E+01    3.393660E+01    3.394164E+01    3.392309E+01    3.400711E+01    3.406580E+01    3.410420E+01    3.412605E+01
   1.000000E+30    1.000000E+30    1.000000E+30    3.439398E+01    3.434804E+01    3.430501E+01    3.426209E+01    3.421718E+01    3.416688E+01    3.410859E+01    3.403719E+01    3.393413E+01    3.372436E+01    3.386933E+01    3.390915E+01    3.390570E+01    3.398597E+01    3.404550E+01    3.408533E+01    3.411638E+01
   1.000000E+30    1.000000E+30    1.000000E+30    1.000000E+30    3.430285E+01    3.427107E+01    3.423273E+01    3.419059E+01    3.414346E+01    3.408844E+01    3.402530E+01    3.395394E+01    3.387931E+01    3.389445E+01    3.390406E+01    3.389487E+01    3.396651E+01    3.402231E+01    3.405570E+01    1.000000E+30
   1.000000E+30    1.000000E+30    1.000000E+30    1.000000E+30    3.427372E+01    3.422453E+01    3.418876E+01    3.415216E+01    3.411090E+01    3.406437E+01    3.401462E+01    3.396439E+01    3.392291E+01    3.390947E+01    3.389937E+01    3.387969E+01    3.394583E+01    3.399962E+01    3.403729E+01    1.000000E+30
   1.000000E+30    1.000000E+30    1.000000E+30    1.000000E+30    1.000000E+30    3.414515E+01    3.412741E+01    3.410009E+01    3.406731E+01    3.402988E+01    3.399143E+01    3.395494E+01    3.392434E+01    3.390373E+01    3.388552E+01    3.386093E+01    3.392053E+01    3.397183E+01    1.000000E+30    1.000000E+30
   1.000000E+30    1.000000E+30    1.000000E+30    1.000000E+30    1.000000E+30    3.406861E+01    3.405553E+01    3.403363E+01    3.400908E+01    3.398173E+01    3.395296E+01    3.392525E+01    3.389957E+01    3.387935E+01    3.386008E+01    3.383554E+01    3.388846E+01    1.000000E+30    1.000000E+30    1.000000E+30
   1.000000E+30    1.000000E+30    1.000000E+30    1.000000E+30    1.000000E+30    3.398392E+01    3.396778E+01    3.394592E+01    3.393581E+01    3.391831E+01    3.389907E+01    3.387743E+01    3.385293E+01    3.383769E+01    3.382260E+01    3.380337E+01    1.000000E+30    1.000000E+30    1.000000E+30    1.000000E+30
