   3.608201E+01    3.605270E+01    3.599716E+01    3.592153E+01    3.582729E+01    3.571419E+01    3.559499E+01    3.547201E+01    3.534385E+01    3.520888E+01    3.507060E+01    3.493107E+01    3.478503E+01    3.463110E+01    3.447278E+01    3.431801E+01    3.432068E+01    3.432189E+01    3.432224E+01    3.432259E+01
   3.608520E+01    3.605709E+01    3.600109E+01    3.592136E+01    3.582318E+01    3.570955E+01    3.558992E+01    3.546598E+01    3.533452E+01    3.519772E+01    3.505915E+01    3.491768E+01    3.477038E+01    3.462101E+01    3.446794E+01    3.431070E+01    3.431353E+01    3.431453E+01    3.431494E+01    3.431507E+01
   3.609209E+01    3.606333E+01    3.600566E+01    3.592243E+01    3.581940E+01    3.570368E+01    3.558075E+01    3.545220E+01    3.531710E+01    3.517815E+01    3.503618E+01    3.488920E+01    3.474388E+01    3.460241E+01    3.445522E+01    3.430287E+01    3.430036E+01    3.429949E+01    3.429908E+01    3.429878E+01
   3.610491E+01    3.607490E+01    3.601403E+01    3.592725E+01    3.581928E+01    3.569752E+01    3.556669E+01    3.542896E+01    3.528810E+01    3.514540E+01    3.500229E+01    3.485582E+01    3.471207E+01    3.457250E+01    3.442911E+01    3.428078E+01    3.427725E+01    3.427468E+01    3.427327E+01    3.427345E+01
   3.612594E+01    3.609543E+01    3.603159E+01    3.593797E+01    3.582172E+01    3.569033E+01    3.554580E+01    3.539736E+01    3.525143E+01    3.510452E+01    3.495744E+01    3.481007E+01    3.466905E+01    3.453327E+01    3.439510E+01    3.425259E+01    3.424405E+01    3.423959E+01    3.423832E+01    3.423878E+01
   3.615577E+01    3.612460E+01    3.605991E+01    3.595946E+01    3.582896E+01    3.568032E+01    3.552026E+01    3.535612E+01    3.519763E+01    3.504601E+01    3.489935E+01    3.475460E+01    3.461428E+01    3.448184E+01    3.434970E+01    3.421606E+01    3.419999E+01    3.419460E+01    3.419417E+01    3.419456E+01
   3.619517E+01    3.616486E+01    3.610119E+01    3.599573E+01    3.584078E+01    3.566944E+01    3.548757E+01    3.529754E+01    3.512564E+01    3.497158E+01    3.482898E+01    3.468567E+01    3.454635E+01    3.441867E+01    3.429154E+01    3.416346E+01    3.414256E+01    3.413874E+01    3.414120E+01    3.414320E+01
   3.624149E+01    3.621680E+01    3.616236E+01    3.606301E+01    3.585688E+01    3.566254E+01    3.545646E+01    3.521174E+01    3.502920E+01    3.487851E+01    3.473993E+01    3.459925E+01    3.446527E+01    3.434006E+01    3.421689E+01    3.409595E+01    3.406289E+01    3.406700E+01    3.407942E+01    3.408718E+01
   3.629031E+01    3.627431E+01    3.624447E+01    3.620884E+01    1.000000E+30    1.000000E+30    1.000000E+30    3.505897E+01    3.488938E+01    3.475707E+01    3.462754E+01    3.449474E+01    3.436893E+01    3.424711E+01    3.413195E+01    3.401406E+01    3.393937E+01    3.397976E+01    3.401613E+01    3.403434E+01
   3.633475E+01    3.632675E+01    3.631280E+01    3.629856E+01    1.000000E+30    1.000000E+30    1.000000E+30    1.000000E+30    3.468467E+01    3.460917E+01    3.450619E+01    3.438736E+01    3.426560E+01    3.414445E+01    3.404487E+01    3.392361E+01    3.369860E+01    3.389323E+01    3.396797E+01    3.399595E+01
   3.637098E+01    3.636785E+01    3.636215E+01    3.635726E+01    1.000000E+30    1.000000E+30    1.000000E+30    1.000000E+30    3.453349E+01    3.448479E+01    3.440060E+01    3.428858E+01    3.415580E+01    3.400688E+01    3.396965E+01    3.392341E+01    3.386986E+01    3.391881E+01    3.395844E+01    3.397878E+01
   3.639373E+01    3.639240E+01    3.639035E+01    3.638912E+01    1.000000E+30    1.000000E+30    1.000000E+30    1.000000E+30    3.442697E+01    3.438928E+01    3.431544E+01    3.420587E+01    3.404585E+01    3.373991E+01    3.389637E+01    3.392236E+01    3.392341E+01    3.394368E+01    3.396384E+01    3.397551E+01
   3.639860E+01    3.639749E+01    3.639645E+01    3.639603E+01    1.000000E+30    1.000000E+30    1.000000E+30    1.000000E+30    3.434854E+01    3.431881E+01    3.425967E+01    3.417317E+01    3.406432E+01    3.394545E+01    3.394347E+01    3.394155E+01    3.394919E+01    3.396080E+01    3.397197E+01    3.397871E+01
   3.638282E+01    3.638251E+01    3.638139E+01    3.637994E+01    1.000000E+30    1.000000E+30    1.000000E+30    1.000000E+30    3.429235E+01    3.426919E+01    3.422276E+01    3.415901E+01    3.408390E+01    3.401379E+01    3.398025E+01    3.395773E+01    3.396382E+01    3.397138E+01    3.397841E+01    3.398273E+01
   3.634366E+01    3.634327E+01    3.634180E+01    3.633948E+01    1.000000E+30    1.000000E+30    1.000000E+30    1.000000E+30    3.424995E+01    3.423098E+01    3.419499E+01    3.414577E+01    3.408989E+01    3.403626E+01    3.399630E+01    3.396503E+01    3.396975E+01    3.397568E+01    3.398104E+01    3.398427E+01
   3.627743E+01    3.627564E+01    3.627328E+01    3.627334E+01    1.000000E+30    1.000000E+30    1.000000E+30    1.000000E+30    3.421606E+01    3.419984E+01    3.416941E+01    3.412791E+01    3.408217E+01    3.403656E+01    3.399632E+01    3.396246E+01    3.396725E+01    3.397326E+01    3.397840E+01    3.398136E+01
   3.618360E+01    3.618124E+01    3.617684E+01    3.617529E+01    1.000000E+30    1.000000E+30    1.000000E+30    1.000000E+30    3.418648E+01    3.417143E+01    3.414323E+01    3.410564E+01    3.406465E+01    3.402198E+01    3.398216E+01    3.394921E+01    3.395600E+01    3.396400E+01    3.397056E+01    3.397409E+01
   3.605678E+01    3.605417E+01    3.604932E+01    3.604291E+01    1.000000E+30    1.000000E+30    1.000000E+30    1.000000E+30    3.415864E+01    3.414429E+01    3.411656E+01    3.408034E+01    3.403943E+01    3.399435E+01    3.395392E+01    3.392447E+01    3.393631E+01    3.394814E+01    3.395777E+01    3.396264E+01
   3.589857E+01    3.589551E+01    3.588805E+01    3.587939E+01    1.000000E+30    1.000000E+30    1.000000E+30    1.000000E+30    3.413329E+01    3.411863E+01    3.409058E+01    3.405352E+01    3.400698E+01    3.395274E+01    3.390429E+01    3.388929E+01    3.390919E+01    3.392757E+01    3.394109E+01    3.394778E+01
   3.572496E+01    3.571342E+01    3.569907E+01    3.568532E+01    1.000000E+30    1.000000E+30    1.000000E+30    1.000000E+30    3.411141E+01    3.409562E+01    3.406620E+01    3.402572E+01    3.396858E+01    3.389215E+01    3.381036E+01    3.383947E+01    3.387785E+01    3.390553E+01    3.392321E+01    3.393223E+01
   3.553369E+01    3.551296E+01    3.548109E+01    3.545194E+01    1.000000E+30    1.000000E+30    1.000000E+30    1.000000E+30    3.409348E+01    3.407522E+01    3.404404E+01    3.400074E+01    3.393419E+01    3.382161E+01    3.360205E+01    3.378186E+01    3.385246E+01    3.388876E+01    3.390900E+01    3.391877E+01
   3.532539E+01    3.529382E+01    3.523173E+01    3.516556E+01    1.000000E+30    1.000000E+30    3.410633E+01    3.409587E+01    3.408026E+01    3.405543E+01    3.402279E+01    3.398198E+01    3.392653E+01    3.385367E+01    3.377997E+01    3.381263E+01    3.385301E+01    3.388175E+01    3.390008E+01    3.390910E+01
   3.511789E+01    3.506472E+01    3.495908E+01    3.478861E+01    3.450963E+01    1.000000E+30    3.409481E+01    3.408256E+01    3.406053E+01    3.403108E+01    3.399867E+01    3.396303E+01    3.392098E+01    3.387504E+01    3.383802E+01    3.383410E+01    3.385865E+01    3.387997E+01    3.389482E+01    3.390244E+01
   3.492708E+01    3.485956E+01    3.471993E+01    3.449418E+01    3.418152E+01    3.408120E+01    3.407328E+01    3.405902E+01    3.403178E+01    3.399791E+01    3.396326E+01    3.393465E+01    3.390670E+01    3.387897E+01    3.385511E+01    3.384085E+01    3.386060E+01    3.387786E+01    3.389008E+01    3.389655E+01
   3.477289E+01    3.470326E+01    3.454540E+01    3.424322E+01    3.358651E+01    3.394923E+01    3.402882E+01    3.402608E+01    3.399292E+01    3.394781E+01    3.390444E+01    3.389006E+01    3.388102E+01    3.386920E+01    3.385391E+01    3.383760E+01    3.385701E+01    3.387312E+01    3.388429E+01    3.388974E+01
   3.466492E+01    3.460496E+01    3.447896E+01    3.427896E+01    3.402826E+01    3.403169E+01    3.402754E+01    3.399756E+01    3.394796E+01    3.387858E+01    3.379815E+01    3.382319E+01    3.384492E+01    3.385006E+01    3.384249E+01    3.382833E+01    3.384884E+01    3.386510E+01    3.387604E+01    3.388120E+01
   3.458776E+01    3.453961E+01    3.444379E+01    3.430521E+01    3.415789E+01    3.407924E+01    3.402166E+01    3.397137E+01    3.390748E+01    3.380196E+01    3.356634E+01    3.374736E+01    3.381048E+01    3.382994E+01    3.382747E+01    3.381319E+01    3.383686E+01    3.385421E+01    3.386555E+01    3.387102E+01
   3.452943E+01    3.449012E+01    3.441141E+01    3.430118E+01    3.418056E+01    3.407472E+01    3.398886E+01    3.394140E+01    3.389316E+01    3.382920E+01    3.375397E+01    3.378402E+01    3.381047E+01    3.381971E+01    3.381460E+01    3.379872E+01    3.382343E+01    3.384091E+01    3.385241E+01    3.385871E+01
   3.448283E+01    3.444793E+01    3.437822E+01    3.428118E+01    3.416291E+01    3.402956E+01    3.389605E+01    3.389215E+01    3.388040E+01    3.385043E+01    3.381772E+01    3.381349E+01    3.381530E+01    3.381219E+01    3.380202E+01    3.378434E+01    3.380925E+01    3.382678E+01    3.383819E+01    3.384457E+01
   3.444641E+01    3.441426E+01    3.435023E+01    3.425901E+01    3.413761E+01    3.396309E+01    3.364312E+01    3.382734E+01    3.386660E+01    3.385829E+01    3.383783E+01    3.382268E+01    3.381108E+01    3.380002E+01    3.378714E+01    3.377091E+01    3.379520E+01    3.381266E+01    3.382422E+01    3.383055E+01
   3.441820E+01    3.438527E+01    3.432492E+01    3.424542E+01    3.414375E+01    3.401649E+01    3.388259E+01    3.388378E+01    3.388109E+01    3.386318E+01    3.383763E+01    3.381395E+01    3.379431E+01    3.378007E+01    3.376905E+01    3.375593E+01    3.378091E+01    3.379879E+01    3.381028E+01    3.381678E+01
   3.439880E+01    3.435643E+01    3.430148E+01    3.423406E+01    3.415090E+01    3.405704E+01    3.397003E+01    3.392583E+01    3.389364E+01    3.385918E+01    3.382238E+01    3.378771E+01    3.376055E+01    3.374843E+01    3.374377E+01    3.373867E+01    3.376496E+01    3.378453E+01    3.379690E+01    3.380330E+01
   1.000000E+30    3.432446E+01    3.427482E+01    3.421411E+01    3.414466E+01    3.406885E+01    3.399606E+01    3.394030E+01    3.389273E+01    3.384448E+01    3.379300E+01    3.374240E+01    3.370421E+01    3.370237E+01    3.370965E+01    3.371589E+01    3.374671E+01    3.376896E+01    3.378339E+01    3.379066E+01
   1.000000E+30    1.000000E+30    3.423899E+01    3.418425E+01    3.412109E+01    3.405476E+01    3.399124E+01    3.393449E+01    3.387954E+01    3.381995E+01    3.375358E+01    3.367905E+01    3.360383E+01    3.363915E+01    3.367100E+01    3.369053E+01    3.372689E+01    3.375225E+01    3.376911E+01    3.377921E+01
   1.000000E+30    1.000000E+30    1.000000E+30    3.414169E+01    3.407859E+01    3.402286E+01    3.396908E+01    3.391536E+01    3.385787E+01    3.379374E+01    3.371769E+01    3.360978E+01    3.338397E+01    3.356815E+01    3.363884E+01    3.367100E+01    3.370853E+01    3.373556E+01    3.375407E+01    3.377037E+01
   1.000000E+30    1.000000E+30    1.000000E+30    1.000000E+30    3.401553E+01    3.397945E+01    3.393501E+01    3.388665E+01    3.383478E+01    3.377677E+01    3.371197E+01    3.364087E+01    3.356940E+01    3.360421E+01    3.363932E+01    3.366178E+01    3.369453E+01    3.371955E+01    3.373487E+01    1.000000E+30
   1.000000E+30    1.000000E+30    1.000000E+30    1.000000E+30    3.397986E+01    3.393114E+01    3.389262E+01    3.385240E+01    3.380818E+01    3.376112E+01    3.371226E+01    3.366551E+01    3.363142E+01    3.363305E+01    3.364484E+01    3.365493E+01    3.368295E+01    3.370634E+01    3.372363E+01    1.000000E+30
   1.000000E+30    1.000000E+30    1.000000E+30    1.000000E+30    1.000000E+30    3.386093E+01    3.384135E+01    3.381197E+01    3.377787E+01    3.374117E+01    3.370482E+01    3.367288E+01    3.365043E+01    3.364343E+01    3.364463E+01    3.364688E+01    3.367074E+01    3.369229E+01    1.000000E+30    1.000000E+30
   1.000000E+30    1.000000E+30    1.000000E+30    1.000000E+30    1.000000E+30    3.380383E+01    3.378942E+01    3.376661E+01    3.374202E+01    3.371555E+01    3.368842E+01    3.366445E+01    3.364664E+01    3.363893E+01    3.363697E+01    3.363597E+01    3.365643E+01    1.000000E+30    1.000000E+30    1.000000E+30
   1.000000E+30    1.000000E+30    1.000000E+30    1.000000E+30    1.000000E+30    3.375035E+01    3.373324E+01    3.371261E+01    3.370212E+01    3.368487E+01    3.366435E+01    3.364413E+01    3.362619E+01    3.362278E+01    3.362267E+01    3.362286E+01    1.000000E+30    1.000000E+30    1.000000E+30    1.000000E+30
