   3.679357E+01    3.676516E+01    3.670912E+01    3.663395E+01    3.654016E+01    3.642752E+01    3.630563E+01    3.617519E+01    3.603565E+01    3.588336E+01    3.572102E+01    3.554962E+01    3.536123E+01    3.515054E+01    3.491663E+01    3.466733E+01    3.474659E+01    3.480212E+01    3.483471E+01    3.485013E+01
   3.679982E+01    3.677219E+01    3.671566E+01    3.663499E+01    3.653663E+01    3.642213E+01    3.629945E+01    3.616846E+01    3.602516E+01    3.587132E+01    3.570833E+01    3.553368E+01    3.534213E+01    3.513723E+01    3.491160E+01    3.465883E+01    3.473783E+01    3.479205E+01    3.482554E+01    3.484165E+01
   3.681027E+01    3.678186E+01    3.672398E+01    3.663790E+01    3.653320E+01    3.641606E+01    3.628928E+01    3.615368E+01    3.600648E+01    3.585043E+01    3.568338E+01    3.550103E+01    3.531056E+01    3.511487E+01    3.489720E+01    3.465496E+01    3.472184E+01    3.477226E+01    3.480543E+01    3.482149E+01
   3.682465E+01    3.679501E+01    3.673299E+01    3.664345E+01    3.653327E+01    3.640927E+01    3.627424E+01    3.612916E+01    3.597582E+01    3.581461E+01    3.564605E+01    3.546404E+01    3.527506E+01    3.507996E+01    3.486547E+01    3.462687E+01    3.469129E+01    3.473985E+01    3.477192E+01    3.478831E+01
   3.684565E+01    3.681487E+01    3.674997E+01    3.665430E+01    3.653607E+01    3.640197E+01    3.625285E+01    3.609660E+01    3.593776E+01    3.577233E+01    3.559940E+01    3.541580E+01    3.522936E+01    3.503751E+01    3.482831E+01    3.459559E+01    3.465155E+01    3.469578E+01    3.472668E+01    3.474337E+01
   3.687325E+01    3.684165E+01    3.677597E+01    3.667459E+01    3.654317E+01    3.639144E+01    3.622689E+01    3.605447E+01    3.588372E+01    3.571461E+01    3.554197E+01    3.536017E+01    3.517288E+01    3.498340E+01    3.477927E+01    3.455784E+01    3.459984E+01    3.464038E+01    3.467140E+01    3.468754E+01
   3.690906E+01    3.687827E+01    3.681462E+01    3.670853E+01    3.655294E+01    3.637965E+01    3.619329E+01    3.599556E+01    3.581237E+01    3.564136E+01    3.547312E+01    3.529210E+01    3.510336E+01    3.491672E+01    3.471557E+01    3.449575E+01    3.453366E+01    3.457451E+01    3.460787E+01    3.462512E+01
   3.695154E+01    3.692681E+01    3.687332E+01    3.677441E+01    3.656829E+01    3.637250E+01    3.616212E+01    3.590960E+01    3.571663E+01    3.554947E+01    3.538529E+01    3.520708E+01    3.502236E+01    3.483462E+01    3.463403E+01    3.441778E+01    3.444486E+01    3.449454E+01    3.453798E+01    3.456094E+01
   3.699736E+01    3.698218E+01    3.695413E+01    3.692003E+01    1.000000E+30    1.000000E+30    1.000000E+30    3.575539E+01    3.557706E+01    3.542899E+01    3.527276E+01    3.510207E+01    3.492561E+01    3.473982E+01    3.454541E+01    3.433014E+01    3.431305E+01    3.440110E+01    3.446829E+01    3.450160E+01
   3.704209E+01    3.703585E+01    3.702443E+01    3.701241E+01    1.000000E+30    1.000000E+30    1.000000E+30    1.000000E+30    3.537050E+01    3.528114E+01    3.515105E+01    3.499375E+01    3.482250E+01    3.463831E+01    3.446024E+01    3.424122E+01    3.406326E+01    3.431157E+01    3.441751E+01    3.446108E+01
   3.708108E+01    3.708068E+01    3.707846E+01    3.707666E+01    1.000000E+30    1.000000E+30    1.000000E+30    1.000000E+30    3.521962E+01    3.515772E+01    3.504744E+01    3.489684E+01    3.471588E+01    3.450477E+01    3.439313E+01    3.426018E+01    3.425435E+01    3.434360E+01    3.440975E+01    3.444439E+01
   3.711104E+01    3.711240E+01    3.711389E+01    3.711588E+01    1.000000E+30    1.000000E+30    1.000000E+30    1.000000E+30    3.511633E+01    3.506544E+01    3.496539E+01    3.481703E+01    3.460895E+01    3.424109E+01    3.433039E+01    3.427409E+01    3.432196E+01    3.437757E+01    3.442092E+01    3.444522E+01
   3.712610E+01    3.712638E+01    3.712827E+01    3.713005E+01    1.000000E+30    1.000000E+30    1.000000E+30    1.000000E+30    3.504287E+01    3.499982E+01    3.491526E+01    3.479154E+01    3.463625E+01    3.446040E+01    3.439067E+01    3.431081E+01    3.436021E+01    3.440459E+01    3.443764E+01    3.445594E+01
   3.712319E+01    3.712243E+01    3.712323E+01    3.712391E+01    1.000000E+30    1.000000E+30    1.000000E+30    1.000000E+30    3.499494E+01    3.495842E+01    3.488672E+01    3.478739E+01    3.466623E+01    3.453956E+01    3.443810E+01    3.433577E+01    3.438494E+01    3.442523E+01    3.445366E+01    3.446984E+01
   3.709846E+01    3.709705E+01    3.709680E+01    3.709635E+01    1.000000E+30    1.000000E+30    1.000000E+30    1.000000E+30    3.496092E+01    3.492938E+01    3.486874E+01    3.478455E+01    3.468286E+01    3.457165E+01    3.446277E+01    3.435335E+01    3.440012E+01    3.443866E+01    3.446585E+01    3.448095E+01
   3.704817E+01    3.704703E+01    3.704617E+01    3.704803E+01    1.000000E+30    1.000000E+30    1.000000E+30    1.000000E+30    3.493513E+01    3.490652E+01    3.485235E+01    3.477540E+01    3.468399E+01    3.457996E+01    3.447005E+01    3.435837E+01    3.440537E+01    3.444387E+01    3.447097E+01    3.448497E+01
   3.697323E+01    3.697210E+01    3.696968E+01    3.697059E+01    1.000000E+30    1.000000E+30    1.000000E+30    1.000000E+30    3.491320E+01    3.488583E+01    3.483407E+01    3.476020E+01    3.467236E+01    3.457058E+01    3.445906E+01    3.434584E+01    3.439683E+01    3.443878E+01    3.446780E+01    3.448215E+01
   3.687095E+01    3.686906E+01    3.686606E+01    3.686298E+01    1.000000E+30    1.000000E+30    1.000000E+30    1.000000E+30    3.489401E+01    3.486641E+01    3.481293E+01    3.473957E+01    3.465051E+01    3.454463E+01    3.443042E+01    3.431472E+01    3.437539E+01    3.442295E+01    3.445655E+01    3.447318E+01
   3.674228E+01    3.674138E+01    3.673736E+01    3.673227E+01    1.000000E+30    1.000000E+30    1.000000E+30    1.000000E+30    3.487921E+01    3.485004E+01    3.479417E+01    3.471804E+01    3.462041E+01    3.450184E+01    3.437606E+01    3.427599E+01    3.434457E+01    3.439993E+01    3.443855E+01    3.445764E+01
   3.660131E+01    3.659519E+01    3.658767E+01    3.658043E+01    1.000000E+30    1.000000E+30    1.000000E+30    1.000000E+30    3.487247E+01    3.483953E+01    3.477913E+01    3.469689E+01    3.458374E+01    3.443627E+01    3.427041E+01    3.421850E+01    3.430825E+01    3.437316E+01    3.441592E+01    3.443774E+01
   3.644545E+01    3.643487E+01    3.641761E+01    3.640248E+01    1.000000E+30    1.000000E+30    1.000000E+30    1.000000E+30    3.487892E+01    3.483563E+01    3.476814E+01    3.467900E+01    3.455157E+01    3.435904E+01    3.403536E+01    3.415487E+01    3.427964E+01    3.435338E+01    3.439756E+01    3.441927E+01
   3.627594E+01    3.626078E+01    3.622769E+01    3.619152E+01    1.000000E+30    1.000000E+30    3.502871E+01    3.498030E+01    3.490587E+01    3.483495E+01    3.475638E+01    3.466510E+01    3.454714E+01    3.439793E+01    3.423942E+01    3.419613E+01    3.428165E+01    3.434475E+01    3.438560E+01    3.440568E+01
   3.610394E+01    3.607803E+01    3.602408E+01    3.593173E+01    3.576148E+01    1.000000E+30    3.505556E+01    3.499208E+01    3.490847E+01    3.482385E+01    3.473897E+01    3.464779E+01    3.454109E+01    3.442201E+01    3.430740E+01    3.422346E+01    3.428888E+01    3.434221E+01    3.437792E+01    3.439531E+01
   3.593934E+01    3.590874E+01    3.584511E+01    3.574188E+01    3.557147E+01    3.531999E+01    3.512208E+01    3.500080E+01    3.489492E+01    3.479794E+01    3.470554E+01    3.461675E+01    3.452312E+01    3.442562E+01    3.432489E+01    3.422563E+01    3.428801E+01    3.433691E+01    3.436925E+01    3.438561E+01
   3.579452E+01    3.576474E+01    3.570111E+01    3.560300E+01    3.545611E+01    3.527679E+01    3.511213E+01    3.497575E+01    3.485485E+01    3.474320E+01    3.464009E+01    3.456593E+01    3.449275E+01    3.441226E+01    3.431970E+01    3.421483E+01    3.427781E+01    3.432642E+01    3.435869E+01    3.437364E+01
   3.566996E+01    3.564145E+01    3.558129E+01    3.548747E+01    3.535600E+01    3.520670E+01    3.505772E+01    3.492155E+01    3.479401E+01    3.466038E+01    3.451814E+01    3.448756E+01    3.444849E+01    3.438526E+01    3.429844E+01    3.419746E+01    3.426121E+01    3.431110E+01    3.434424E+01    3.435933E+01
   3.555966E+01    3.553247E+01    3.547470E+01    3.538163E+01    3.526009E+01    3.512211E+01    3.498259E+01    3.485797E+01    3.472813E+01    3.456115E+01    3.425493E+01    3.439434E+01    3.440154E+01    3.435252E+01    3.426994E+01    3.416298E+01    3.423783E+01    3.429211E+01    3.432628E+01    3.434260E+01
   3.546476E+01    3.543657E+01    3.537649E+01    3.528321E+01    3.516481E+01    3.502694E+01    3.489256E+01    3.478927E+01    3.468562E+01    3.456853E+01    3.443794E+01    3.441774E+01    3.438676E+01    3.432860E+01    3.424479E+01    3.413500E+01    3.421507E+01    3.427080E+01    3.430562E+01    3.432337E+01
   3.538455E+01    3.535372E+01    3.529082E+01    3.519748E+01    3.507369E+01    3.492012E+01    3.475619E+01    3.470429E+01    3.464440E+01    3.456636E+01    3.448523E+01    3.443059E+01    3.437460E+01    3.430728E+01    3.422009E+01    3.411056E+01    3.419302E+01    3.424966E+01    3.428489E+01    3.430327E+01
   3.532040E+01    3.528802E+01    3.522359E+01    3.512875E+01    3.499905E+01    3.481044E+01    3.448424E+01    3.460883E+01    3.460074E+01    3.454820E+01    3.448346E+01    3.442038E+01    3.435413E+01    3.428088E+01    3.419587E+01    3.409540E+01    3.417517E+01    3.423105E+01    3.426617E+01    3.428469E+01
   3.527031E+01    3.523245E+01    3.516530E+01    3.507756E+01    3.496389E+01    3.481825E+01    3.466206E+01    3.462597E+01    3.458417E+01    3.452678E+01    3.446068E+01    3.439251E+01    3.432177E+01    3.424950E+01    3.417276E+01    3.408088E+01    3.415981E+01    3.421454E+01    3.424874E+01    3.426783E+01
   3.523663E+01    3.518252E+01    3.511535E+01    3.503490E+01    3.493452E+01    3.481976E+01    3.470805E+01    3.463288E+01    3.456734E+01    3.449794E+01    3.442455E+01    3.434865E+01    3.427374E+01    3.420927E+01    3.414448E+01    3.406809E+01    3.414481E+01    3.419963E+01    3.423407E+01    3.425254E+01
   1.000000E+30    3.513192E+01    3.506523E+01    3.498637E+01    3.489654E+01    3.479871E+01    3.470109E+01    3.461798E+01    3.454043E+01    3.446040E+01    3.437488E+01    3.428562E+01    3.420359E+01    3.415417E+01    3.410652E+01    3.404255E+01    3.412528E+01    3.418302E+01    3.422013E+01    3.423901E+01
   1.000000E+30    1.000000E+30    3.500690E+01    3.493001E+01    3.484391E+01    3.475471E+01    3.466767E+01    3.458583E+01    3.450309E+01    3.441346E+01    3.431465E+01    3.420327E+01    3.408572E+01    3.407771E+01    3.405908E+01    3.401107E+01    3.410116E+01    3.416312E+01    3.420312E+01    3.422602E+01
   1.000000E+30    1.000000E+30    1.000000E+30    3.486175E+01    3.477030E+01    3.469213E+01    3.461740E+01    3.454015E+01    3.445572E+01    3.436261E+01    3.425551E+01    3.411184E+01    3.383957E+01    3.399140E+01    3.401676E+01    3.399012E+01    3.407655E+01    3.413999E+01    3.418199E+01    3.421498E+01
   1.000000E+30    1.000000E+30    1.000000E+30    1.000000E+30    3.466960E+01    3.461544E+01    3.455087E+01    3.448089E+01    3.440467E+01    3.431919E+01    3.422537E+01    3.412281E+01    3.401581E+01    3.401498E+01    3.400690E+01    3.397674E+01    3.405408E+01    3.411409E+01    3.414957E+01    1.000000E+30
   1.000000E+30    1.000000E+30    1.000000E+30    1.000000E+30    3.461020E+01    3.452887E+01    3.446980E+01    3.441026E+01    3.434471E+01    3.427288E+01    3.419808E+01    3.412306E+01    3.405828E+01    3.402626E+01    3.399783E+01    3.395804E+01    3.403035E+01    3.408873E+01    3.412936E+01    1.000000E+30
   1.000000E+30    1.000000E+30    1.000000E+30    1.000000E+30    1.000000E+30    3.439900E+01    3.437012E+01    3.432612E+01    3.427415E+01    3.421621E+01    3.415745E+01    3.410138E+01    3.405209E+01    3.401397E+01    3.397873E+01    3.393589E+01    3.400179E+01    3.405809E+01    1.000000E+30    1.000000E+30
   1.000000E+30    1.000000E+30    1.000000E+30    1.000000E+30    1.000000E+30    3.428376E+01    3.426346E+01    3.422866E+01    3.418861E+01    3.414531E+01    3.410077E+01    3.405782E+01    3.401660E+01    3.398105E+01    3.394672E+01    3.390640E+01    3.396599E+01    1.000000E+30    1.000000E+30    1.000000E+30
   1.000000E+30    1.000000E+30    1.000000E+30    1.000000E+30    1.000000E+30    3.416476E+01    3.414271E+01    3.410935E+01    3.408757E+01    3.405775E+01    3.402758E+01    3.399452E+01    3.395714E+01    3.392850E+01    3.390071E+01    3.386914E+01    1.000000E+30    1.000000E+30    1.000000E+30    1.000000E+30
