   3.676194E+01    3.672915E+01    3.666676E+01    3.658136E+01    3.647415E+01    3.634416E+01    3.620533E+01    3.605986E+01    3.590545E+01    3.573936E+01    3.556511E+01    3.538437E+01    3.518939E+01    3.497686E+01    3.475072E+01    3.452258E+01    3.455877E+01    3.458560E+01    3.460223E+01    3.461099E+01
   3.676547E+01    3.673403E+01    3.667115E+01    3.658112E+01    3.646942E+01    3.633886E+01    3.619965E+01    3.605316E+01    3.589490E+01    3.572660E+01    3.555187E+01    3.536851E+01    3.517186E+01    3.496553E+01    3.474686E+01    3.451524E+01    3.455136E+01    3.457712E+01    3.459377E+01    3.460225E+01
   3.677297E+01    3.674080E+01    3.667606E+01    3.658211E+01    3.646497E+01    3.633218E+01    3.618940E+01    3.603781E+01    3.587545E+01    3.570470E+01    3.552563E+01    3.533487E+01    3.514045E+01    3.494483E+01    3.473462E+01    3.451080E+01    3.453741E+01    3.455984E+01    3.457575E+01    3.458381E+01
   3.678678E+01    3.675324E+01    3.668497E+01    3.658714E+01    3.646465E+01    3.632528E+01    3.617377E+01    3.601186E+01    3.584298E+01    3.566779E+01    3.548728E+01    3.529697E+01    3.510415E+01    3.491064E+01    3.470505E+01    3.448551E+01    3.451074E+01    3.453137E+01    3.454598E+01    3.455446E+01
   3.680943E+01    3.677536E+01    3.670391E+01    3.659864E+01    3.646716E+01    3.631731E+01    3.615059E+01    3.597677E+01    3.580252E+01    3.562269E+01    3.543731E+01    3.524549E+01    3.505566E+01    3.486661E+01    3.466706E+01    3.445453E+01    3.447283E+01    3.449065E+01    3.450507E+01    3.451406E+01
   3.684165E+01    3.680690E+01    3.673464E+01    3.662203E+01    3.647495E+01    3.630606E+01    3.612228E+01    3.593112E+01    3.574289E+01    3.555804E+01    3.537328E+01    3.518416E+01    3.499436E+01    3.480841E+01    3.461585E+01    3.441473E+01    3.442150E+01    3.443716E+01    3.445287E+01    3.446223E+01
   3.688456E+01    3.685083E+01    3.677986E+01    3.666190E+01    3.648778E+01    3.629374E+01    3.608572E+01    3.586576E+01    3.566286E+01    3.547573E+01    3.529624E+01    3.510842E+01    3.491851E+01    3.473694E+01    3.454876E+01    3.435152E+01    3.435222E+01    3.437008E+01    3.439019E+01    3.440182E+01
   3.693551E+01    3.690809E+01    3.684754E+01    3.673659E+01    3.650549E+01    3.628589E+01    3.605078E+01    3.576916E+01    3.555513E+01    3.537249E+01    3.519801E+01    3.501359E+01    3.482929E+01    3.464855E+01    3.446164E+01    3.426875E+01    3.425332E+01    3.428256E+01    3.431662E+01    3.433571E+01
   3.698992E+01    3.697222E+01    3.693916E+01    3.689954E+01    1.000000E+30    1.000000E+30    1.000000E+30    3.559549E+01    3.539805E+01    3.523724E+01    3.507284E+01    3.489771E+01    3.472324E+01    3.454487E+01    3.436405E+01    3.416913E+01    3.409565E+01    3.417487E+01    3.424104E+01    3.427358E+01
   3.704045E+01    3.703170E+01    3.701638E+01    3.700066E+01    1.000000E+30    1.000000E+30    1.000000E+30    1.000000E+30    3.516714E+01    3.507231E+01    3.493817E+01    3.477909E+01    3.460993E+01    3.443216E+01    3.426719E+01    3.406072E+01    3.377568E+01    3.406829E+01    3.418572E+01    3.423066E+01
   3.708326E+01    3.708003E+01    3.707395E+01    3.706869E+01    1.000000E+30    1.000000E+30    1.000000E+30    1.000000E+30    3.499904E+01    3.493533E+01    3.482331E+01    3.467205E+01    3.449127E+01    3.428253E+01    3.419165E+01    3.408310E+01    3.403106E+01    3.411648E+01    3.418295E+01    3.421699E+01
   3.711297E+01    3.711186E+01    3.710990E+01    3.710876E+01    1.000000E+30    1.000000E+30    1.000000E+30    1.000000E+30    3.488317E+01    3.483243E+01    3.473263E+01    3.458436E+01    3.437279E+01    3.398551E+01    3.412072E+01    3.410021E+01    3.411934E+01    3.416205E+01    3.419992E+01    3.422127E+01
   3.712498E+01    3.712401E+01    3.712331E+01    3.712307E+01    1.000000E+30    1.000000E+30    1.000000E+30    1.000000E+30    3.479987E+01    3.475845E+01    3.467604E+01    3.455464E+01    3.440171E+01    3.423096E+01    3.418677E+01    3.413838E+01    3.416522E+01    3.419492E+01    3.421958E+01    3.423359E+01
   3.711667E+01    3.711624E+01    3.711541E+01    3.711442E+01    1.000000E+30    1.000000E+30    1.000000E+30    1.000000E+30    3.474242E+01    3.470837E+01    3.464065E+01    3.454601E+01    3.443163E+01    3.431684E+01    3.423731E+01    3.416544E+01    3.419236E+01    3.421686E+01    3.423605E+01    3.424672E+01
   3.708548E+01    3.708509E+01    3.708391E+01    3.708204E+01    1.000000E+30    1.000000E+30    1.000000E+30    1.000000E+30    3.470117E+01    3.467194E+01    3.461584E+01    3.453792E+01    3.444581E+01    3.434916E+01    3.426209E+01    3.418118E+01    3.420672E+01    3.422954E+01    3.424683E+01    3.425623E+01
   3.702823E+01    3.702676E+01    3.702486E+01    3.702511E+01    1.000000E+30    1.000000E+30    1.000000E+30    1.000000E+30    3.467022E+01    3.464413E+01    3.459406E+01    3.452415E+01    3.444336E+01    3.435562E+01    3.426786E+01    3.418385E+01    3.420915E+01    3.423221E+01    3.424936E+01    3.425865E+01
   3.694465E+01    3.694282E+01    3.693928E+01    3.693827E+01    1.000000E+30    1.000000E+30    1.000000E+30    1.000000E+30    3.464580E+01    3.462010E+01    3.457168E+01    3.450535E+01    3.442932E+01    3.434434E+01    3.425574E+01    3.417124E+01    3.419928E+01    3.422499E+01    3.424409E+01    3.425408E+01
   3.683049E+01    3.682871E+01    3.682519E+01    3.682017E+01    1.000000E+30    1.000000E+30    1.000000E+30    1.000000E+30    3.462619E+01    3.459990E+01    3.454992E+01    3.448374E+01    3.440616E+01    3.431666E+01    3.422583E+01    3.414185E+01    3.417772E+01    3.420849E+01    3.423154E+01    3.424327E+01
   3.668800E+01    3.668649E+01    3.668167E+01    3.667537E+01    1.000000E+30    1.000000E+30    1.000000E+30    1.000000E+30    3.461316E+01    3.458486E+01    3.453200E+01    3.446242E+01    3.437560E+01    3.427301E+01    3.417067E+01    3.410303E+01    3.414776E+01    3.418629E+01    3.421385E+01    3.422758E+01
   3.653239E+01    3.652457E+01    3.651564E+01    3.650660E+01    1.000000E+30    1.000000E+30    1.000000E+30    1.000000E+30    3.460974E+01    3.457689E+01    3.451900E+01    3.444206E+01    3.433929E+01    3.420738E+01    3.406454E+01    3.404670E+01    3.411321E+01    3.416181E+01    3.419384E+01    3.421022E+01
   3.636179E+01    3.634833E+01    3.632813E+01    3.630975E+01    1.000000E+30    1.000000E+30    1.000000E+30    1.000000E+30    3.462154E+01    3.457754E+01    3.451145E+01    3.442682E+01    3.430909E+01    3.413123E+01    3.382736E+01    3.398360E+01    3.408631E+01    3.414390E+01    3.417808E+01    3.419498E+01
   3.617649E+01    3.615785E+01    3.611988E+01    3.607921E+01    1.000000E+30    1.000000E+30    3.479172E+01    3.473965E+01    3.465770E+01    3.458429E+01    3.450607E+01    3.441846E+01    3.430938E+01    3.417513E+01    3.403847E+01    3.402558E+01    3.409005E+01    3.413744E+01    3.416876E+01    3.418464E+01
   3.599040E+01    3.595932E+01    3.589860E+01    3.579611E+01    3.560875E+01    1.000000E+30    3.482525E+01    3.475700E+01    3.466849E+01    3.458083E+01    3.449589E+01    3.440864E+01    3.431081E+01    3.420614E+01    3.411188E+01    3.405527E+01    3.409938E+01    3.413729E+01    3.416406E+01    3.417819E+01
   3.581312E+01    3.577706E+01    3.570517E+01    3.559000E+01    3.540239E+01    3.512548E+01    3.490615E+01    3.477508E+01    3.466399E+01    3.456400E+01    3.447155E+01    3.438668E+01    3.430166E+01    3.421690E+01    3.413586E+01    3.406341E+01    3.410293E+01    3.413621E+01    3.415971E+01    3.417234E+01
   3.565697E+01    3.562319E+01    3.555145E+01    3.544144E+01    3.527951E+01    3.508249E+01    3.490336E+01    3.475786E+01    3.463294E+01    3.451939E+01    3.441686E+01    3.434515E+01    3.427874E+01    3.421052E+01    3.413712E+01    3.405929E+01    3.409878E+01    3.413120E+01    3.415371E+01    3.416507E+01
   3.552496E+01    3.549277E+01    3.542470E+01    3.532003E+01    3.517518E+01    3.501288E+01    3.485343E+01    3.471065E+01    3.458057E+01    3.444755E+01    3.430965E+01    3.427728E+01    3.424261E+01    3.419026E+01    3.412271E+01    3.404748E+01    3.408799E+01    3.412122E+01    3.414392E+01    3.415488E+01
   3.541027E+01    3.537853E+01    3.531344E+01    3.520944E+01    3.507686E+01    3.492876E+01    3.478158E+01    3.465241E+01    3.452198E+01    3.435970E+01    3.407234E+01    3.419663E+01    3.420438E+01    3.416531E+01    3.410159E+01    3.402213E+01    3.407049E+01    3.410678E+01    3.413077E+01    3.414218E+01
   3.531094E+01    3.527827E+01    3.521085E+01    3.510826E+01    3.498012E+01    3.483402E+01    3.469385E+01    3.458768E+01    3.448392E+01    3.436958E+01    3.424410E+01    3.422256E+01    3.419585E+01    3.414829E+01    3.408244E+01    3.400001E+01    3.405160E+01    3.408870E+01    3.411316E+01    3.412611E+01
   3.522585E+01    3.519138E+01    3.512169E+01    3.502066E+01    3.488903E+01    3.472844E+01    3.455874E+01    3.450617E+01    3.444679E+01    3.437007E+01    3.429075E+01    3.423797E+01    3.418883E+01    3.413202E+01    3.406237E+01    3.397932E+01    3.403258E+01    3.407000E+01    3.409414E+01    3.410730E+01
   3.515674E+01    3.512154E+01    3.505141E+01    3.495014E+01    3.481391E+01    3.461890E+01    3.428262E+01    3.441258E+01    3.440641E+01    3.435481E+01    3.429114E+01    3.423049E+01    3.417134E+01    3.410920E+01    3.404071E+01    3.396434E+01    3.401540E+01    3.405215E+01    3.407615E+01    3.408905E+01
   3.510309E+01    3.506281E+01    3.499138E+01    3.489863E+01    3.477984E+01    3.463029E+01    3.447030E+01    3.443398E+01    3.439280E+01    3.433588E+01    3.426999E+01    3.420455E+01    3.414029E+01    3.407877E+01    3.401748E+01    3.394814E+01    3.399900E+01    3.403542E+01    3.405855E+01    3.407140E+01
   3.506738E+01    3.501009E+01    3.493993E+01    3.485604E+01    3.475238E+01    3.463497E+01    3.452001E+01    3.444330E+01    3.437733E+01    3.430727E+01    3.423368E+01    3.416014E+01    3.409148E+01    3.403675E+01    3.398624E+01    3.393078E+01    3.398076E+01    3.401833E+01    3.404212E+01    3.405471E+01
   1.000000E+30    3.495791E+01    3.488930E+01    3.480775E+01    3.471532E+01    3.461409E+01    3.451293E+01    3.442786E+01    3.434977E+01    3.426876E+01    3.418210E+01    3.409454E+01    3.401834E+01    3.397881E+01    3.394515E+01    3.390344E+01    3.395885E+01    3.399932E+01    3.402580E+01    3.403934E+01
   1.000000E+30    1.000000E+30    3.483012E+01    3.475074E+01    3.466115E+01    3.456784E+01    3.447754E+01    3.439422E+01    3.431068E+01    3.421957E+01    3.411965E+01    3.401032E+01    3.389780E+01    3.390101E+01    3.389697E+01    3.387178E+01    3.393390E+01    3.397802E+01    3.400777E+01    3.402521E+01
   1.000000E+30    1.000000E+30    1.000000E+30    3.467965E+01    3.458387E+01    3.450248E+01    3.442487E+01    3.434640E+01    3.426166E+01    3.416818E+01    3.406097E+01    3.391897E+01    3.364796E+01    3.381406E+01    3.385466E+01    3.384868E+01    3.390972E+01    3.395533E+01    3.398699E+01    3.401375E+01
   1.000000E+30    1.000000E+30    1.000000E+30    1.000000E+30    3.447782E+01    3.442310E+01    3.435747E+01    3.428649E+01    3.421031E+01    3.412614E+01    3.403388E+01    3.393430E+01    3.383219E+01    3.384093E+01    3.384613E+01    3.383484E+01    3.388880E+01    3.393130E+01    3.395780E+01    1.000000E+30
   1.000000E+30    1.000000E+30    1.000000E+30    1.000000E+30    3.441646E+01    3.433671E+01    3.427780E+01    3.421818E+01    3.415273E+01    3.408312E+01    3.401117E+01    3.394028E+01    3.388122E+01    3.385736E+01    3.384089E+01    3.381955E+01    3.386854E+01    3.390970E+01    3.394001E+01    1.000000E+30
   1.000000E+30    1.000000E+30    1.000000E+30    1.000000E+30    1.000000E+30    3.421265E+01    3.418355E+01    3.413963E+01    3.408830E+01    3.403276E+01    3.397708E+01    3.392549E+01    3.388197E+01    3.385175E+01    3.382777E+01    3.380204E+01    3.384576E+01    3.388517E+01    1.000000E+30    1.000000E+30
   1.000000E+30    1.000000E+30    1.000000E+30    1.000000E+30    1.000000E+30    3.410865E+01    3.408793E+01    3.405323E+01    3.401429E+01    3.397318E+01    3.393104E+01    3.389166E+01    3.385598E+01    3.382827E+01    3.380482E+01    3.377988E+01    3.381859E+01    1.000000E+30    1.000000E+30    1.000000E+30
   1.000000E+30    1.000000E+30    1.000000E+30    1.000000E+30    1.000000E+30    3.400762E+01    3.398567E+01    3.395402E+01    3.393291E+01    3.390448E+01    3.387463E+01    3.384342E+01    3.381076E+01    3.379008E+01    3.377207E+01    3.375364E+01    1.000000E+30    1.000000E+30    1.000000E+30    1.000000E+30
