   3.656856E+01    3.654129E+01    3.648864E+01    3.641676E+01    3.632646E+01    3.621679E+01    3.609862E+01    3.597338E+01    3.583932E+01    3.569349E+01    3.553861E+01    3.537573E+01    3.519740E+01    3.499950E+01    3.478398E+01    3.456068E+01    3.461689E+01    3.465783E+01    3.468277E+01    3.469532E+01
   3.656965E+01    3.654359E+01    3.649073E+01    3.641482E+01    3.632067E+01    3.621033E+01    3.609196E+01    3.596613E+01    3.582876E+01    3.568120E+01    3.552583E+01    3.536031E+01    3.517991E+01    3.498770E+01    3.477955E+01    3.455301E+01    3.460917E+01    3.464892E+01    3.467421E+01    3.468679E+01
   3.657159E+01    3.654508E+01    3.649107E+01    3.641174E+01    3.631313E+01    3.620129E+01    3.608016E+01    3.595027E+01    3.580950E+01    3.565990E+01    3.550071E+01    3.532827E+01    3.514952E+01    3.496690E+01    3.476672E+01    3.454874E+01    3.459479E+01    3.463113E+01    3.465595E+01    3.466828E+01
   3.657532E+01    3.654793E+01    3.649130E+01    3.640951E+01    3.630726E+01    3.619055E+01    3.606260E+01    3.592423E+01    3.577805E+01    3.562438E+01    3.546392E+01    3.529194E+01    3.511472E+01    3.493366E+01    3.473739E+01    3.452311E+01    3.456753E+01    3.460225E+01    3.462583E+01    3.463849E+01
   3.658234E+01    3.655454E+01    3.649632E+01    3.641004E+01    3.630196E+01    3.617763E+01    3.603758E+01    3.588956E+01    3.573890E+01    3.558147E+01    3.541695E+01    3.524369E+01    3.506922E+01    3.489206E+01    3.470130E+01    3.449335E+01    3.453069E+01    3.456209E+01    3.458496E+01    3.459794E+01
   3.659281E+01    3.656496E+01    3.650701E+01    3.641720E+01    3.629922E+01    3.616083E+01    3.600746E+01    3.584514E+01    3.568296E+01    3.552160E+01    3.535773E+01    3.518694E+01    3.501245E+01    3.483813E+01    3.465355E+01    3.445667E+01    3.448220E+01    3.451064E+01    3.453402E+01    3.454685E+01
   3.660808E+01    3.658164E+01    3.652637E+01    3.643477E+01    3.629929E+01    3.614313E+01    3.597061E+01    3.578405E+01    3.560943E+01    3.544615E+01    3.528690E+01    3.511739E+01    3.494273E+01    3.477236E+01    3.459174E+01    3.439790E+01    3.441907E+01    3.444837E+01    3.447448E+01    3.448855E+01
   3.662641E+01    3.660541E+01    3.655992E+01    3.647641E+01    3.630514E+01    3.613154E+01    3.593714E+01    3.569735E+01    3.551216E+01    3.535232E+01    3.519725E+01    3.503089E+01    3.486151E+01    3.469195E+01    3.451284E+01    3.432333E+01    3.433306E+01    3.437065E+01    3.440682E+01    3.442636E+01
   3.664482E+01    3.663206E+01    3.660795E+01    3.657878E+01    1.000000E+30    1.000000E+30    1.000000E+30    3.554622E+01    3.537185E+01    3.522992E+01    3.508329E+01    3.492535E+01    3.476557E+01    3.459928E+01    3.442671E+01    3.423813E+01    3.420412E+01    3.427868E+01    3.433834E+01    3.436797E+01
   3.665834E+01    3.665240E+01    3.664170E+01    3.663100E+01    1.000000E+30    1.000000E+30    1.000000E+30    1.000000E+30    3.516362E+01    3.507949E+01    3.495984E+01    3.481705E+01    3.466415E+01    3.450106E+01    3.434334E+01    3.414963E+01    3.395798E+01    3.418965E+01    3.428720E+01    3.432632E+01
   3.666152E+01    3.665927E+01    3.665564E+01    3.665285E+01    1.000000E+30    1.000000E+30    1.000000E+30    1.000000E+30    3.500808E+01    3.495164E+01    3.485251E+01    3.471870E+01    3.455968E+01    3.437586E+01    3.427770E+01    3.416363E+01    3.414176E+01    3.421853E+01    3.427716E+01    3.430775E+01
   3.665011E+01    3.664884E+01    3.664798E+01    3.664791E+01    1.000000E+30    1.000000E+30    1.000000E+30    1.000000E+30    3.489650E+01    3.485161E+01    3.476393E+01    3.463494E+01    3.445522E+01    3.414053E+01    3.421670E+01    3.417273E+01    3.420342E+01    3.424776E+01    3.428425E+01    3.430469E+01
   3.661994E+01    3.661897E+01    3.661802E+01    3.661821E+01    1.000000E+30    1.000000E+30    1.000000E+30    1.000000E+30    3.481110E+01    3.477450E+01    3.470208E+01    3.459641E+01    3.446419E+01    3.431552E+01    3.425994E+01    3.419886E+01    3.423398E+01    3.426824E+01    3.429490E+01    3.430965E+01
   3.656797E+01    3.656844E+01    3.656745E+01    3.656511E+01    1.000000E+30    1.000000E+30    1.000000E+30    1.000000E+30    3.474640E+01    3.471664E+01    3.465708E+01    3.457447E+01    3.447412E+01    3.437046E+01    3.429074E+01    3.421374E+01    3.424971E+01    3.428046E+01    3.430315E+01    3.431570E+01
   3.649049E+01    3.649013E+01    3.648880E+01    3.648585E+01    1.000000E+30    1.000000E+30    1.000000E+30    1.000000E+30    3.469257E+01    3.466731E+01    3.461897E+01    3.455124E+01    3.447028E+01    3.438319E+01    3.430048E+01    3.421999E+01    3.425503E+01    3.428486E+01    3.430646E+01    3.431814E+01
   3.638273E+01    3.638066E+01    3.637843E+01    3.637994E+01    1.000000E+30    1.000000E+30    1.000000E+30    1.000000E+30    3.464397E+01    3.462169E+01    3.457965E+01    3.452019E+01    3.445058E+01    3.437340E+01    3.429361E+01    3.421437E+01    3.425006E+01    3.428058E+01    3.430241E+01    3.431389E+01
   3.624634E+01    3.624395E+01    3.623946E+01    3.623903E+01    1.000000E+30    1.000000E+30    1.000000E+30    1.000000E+30    3.459514E+01    3.457484E+01    3.453592E+01    3.448163E+01    3.441877E+01    3.434675E+01    3.426964E+01    3.419351E+01    3.423290E+01    3.426684E+01    3.429105E+01    3.430334E+01
   3.607622E+01    3.607361E+01    3.606880E+01    3.606243E+01    1.000000E+30    1.000000E+30    1.000000E+30    1.000000E+30    3.454217E+01    3.452427E+01    3.448771E+01    3.443742E+01    3.437705E+01    3.430432E+01    3.422865E+01    3.415628E+01    3.420419E+01    3.424353E+01    3.427229E+01    3.428665E+01
   3.587587E+01    3.587341E+01    3.586633E+01    3.585742E+01    1.000000E+30    1.000000E+30    1.000000E+30    1.000000E+30    3.448648E+01    3.447035E+01    3.443692E+01    3.438973E+01    3.432594E+01    3.424556E+01    3.416300E+01    3.411015E+01    3.416691E+01    3.421427E+01    3.424784E+01    3.426447E+01
   3.566582E+01    3.565407E+01    3.563991E+01    3.562629E+01    1.000000E+30    1.000000E+30    1.000000E+30    1.000000E+30    3.442972E+01    3.441582E+01    3.438532E+01    3.433883E+01    3.426662E+01    3.416424E+01    3.404658E+01    3.404680E+01    3.412509E+01    3.418256E+01    3.422059E+01    3.424019E+01
   3.544276E+01    3.542194E+01    3.538984E+01    3.536122E+01    1.000000E+30    1.000000E+30    1.000000E+30    1.000000E+30    3.437002E+01    3.436066E+01    3.433462E+01    3.428985E+01    3.421120E+01    3.407143E+01    3.380121E+01    3.397635E+01    3.409107E+01    3.415803E+01    3.419830E+01    3.421839E+01
   3.520923E+01    3.517800E+01    3.511622E+01    3.505123E+01    1.000000E+30    1.000000E+30    3.425429E+01    3.427128E+01    3.430378E+01    3.430401E+01    3.428523E+01    3.424850E+01    3.418663E+01    3.409571E+01    3.399537E+01    3.400912E+01    3.408763E+01    3.414526E+01    3.418316E+01    3.420221E+01
   3.498565E+01    3.493322E+01    3.482928E+01    3.466409E+01    3.439213E+01    1.000000E+30    3.421710E+01    3.423488E+01    3.425116E+01    3.425095E+01    3.423769E+01    3.421065E+01    3.416711E+01    3.410982E+01    3.405486E+01    3.403032E+01    3.409066E+01    3.413976E+01    3.417343E+01    3.419065E+01
   3.478999E+01    3.472429E+01    3.458972E+01    3.437714E+01    3.409738E+01    3.407078E+01    3.414577E+01    3.418282E+01    3.419692E+01    3.419536E+01    3.418332E+01    3.416690E+01    3.414098E+01    3.410648E+01    3.406794E+01    3.403209E+01    3.408871E+01    3.413385E+01    3.416452E+01    3.418052E+01
   3.464345E+01    3.457596E+01    3.442531E+01    3.414036E+01    3.352885E+01    3.393954E+01    3.408264E+01    3.413355E+01    3.414291E+01    3.413129E+01    3.411252E+01    3.411150E+01    3.410636E+01    3.408973E+01    3.406117E+01    3.402302E+01    3.407999E+01    3.412472E+01    3.415488E+01    3.416956E+01
   3.455200E+01    3.449503E+01    3.437828E+01    3.419639E+01    3.398074E+01    3.403194E+01    3.408199E+01    3.410101E+01    3.409159E+01    3.405567E+01    3.400299E+01    3.403911E+01    3.406363E+01    3.406417E+01    3.404330E+01    3.400846E+01    3.406638E+01    3.411191E+01    3.414242E+01    3.415679E+01
   3.449796E+01    3.445466E+01    3.436954E+01    3.425213E+01    3.413679E+01    3.410024E+01    3.408867E+01    3.407969E+01    3.405210E+01    3.398022E+01    3.378494E+01    3.396164E+01    3.402400E+01    3.403777E+01    3.402123E+01    3.398354E+01    3.404817E+01    3.409635E+01    3.412763E+01    3.414246E+01
   3.446760E+01    3.443471E+01    3.436927E+01    3.428094E+01    3.419038E+01    3.412203E+01    3.407494E+01    3.406078E+01    3.404222E+01    3.400437E+01    3.395232E+01    3.399069E+01    3.401847E+01    3.402222E+01    3.400308E+01    3.396298E+01    3.403020E+01    3.407835E+01    3.410954E+01    3.412571E+01
   3.445053E+01    3.442309E+01    3.436846E+01    3.429303E+01    3.420338E+01    3.410563E+01    3.401104E+01    3.402833E+01    3.403700E+01    3.402699E+01    3.401101E+01    3.401610E+01    3.401967E+01    3.401121E+01    3.398695E+01    3.394495E+01    3.401261E+01    3.406042E+01    3.409097E+01    3.410729E+01
   3.444184E+01    3.441772E+01    3.436946E+01    3.429989E+01    3.420622E+01    3.406966E+01    3.381165E+01    3.398502E+01    3.403405E+01    3.403996E+01    3.403205E+01    3.402460E+01    3.401396E+01    3.399706E+01    3.397043E+01    3.393180E+01    3.399719E+01    3.404400E+01    3.407414E+01    3.409016E+01
   3.443665E+01    3.441411E+01    3.437052E+01    3.431105E+01    3.423358E+01    3.413544E+01    3.403295E+01    3.404704E+01    3.405654E+01    3.405072E+01    3.403518E+01    3.401702E+01    3.399723E+01    3.397670E+01    3.395276E+01    3.391829E+01    3.398318E+01    3.402919E+01    3.405818E+01    3.407425E+01
   3.443259E+01    3.440725E+01    3.436985E+01    3.432117E+01    3.425970E+01    3.418884E+01    3.412472E+01    3.409676E+01    3.407714E+01    3.405320E+01    3.402380E+01    3.399256E+01    3.396378E+01    3.394542E+01    3.392871E+01    3.390433E+01    3.396814E+01    3.401482E+01    3.404417E+01    3.405984E+01
   1.000000E+30    3.439448E+01    3.436307E+01    3.432154E+01    3.427173E+01    3.421605E+01    3.416228E+01    3.412092E+01    3.408421E+01    3.404419E+01    3.399776E+01    3.394806E+01    3.390648E+01    3.389862E+01    3.389458E+01    3.388115E+01    3.394986E+01    3.399899E+01    3.403084E+01    3.404709E+01
   1.000000E+30    1.000000E+30    3.434691E+01    3.431127E+01    3.426686E+01    3.421823E+01    3.416967E+01    3.412424E+01    3.407794E+01    3.402435E+01    3.396023E+01    3.388316E+01    3.380110E+01    3.383211E+01    3.385387E+01    3.385371E+01    3.392837E+01    3.398081E+01    3.401547E+01    3.403527E+01
   1.000000E+30    1.000000E+30    1.000000E+30    3.428875E+01    3.424372E+01    3.420103E+01    3.415789E+01    3.411271E+01    3.406151E+01    3.400070E+01    3.392411E+01    3.380999E+01    3.356681E+01    3.375607E+01    3.381923E+01    3.383469E+01    3.390711E+01    3.396058E+01    3.399667E+01    3.402536E+01
   1.000000E+30    1.000000E+30    1.000000E+30    1.000000E+30    3.420002E+01    3.416900E+01    3.413088E+01    3.408839E+01    3.404050E+01    3.398394E+01    3.391760E+01    3.384163E+01    3.376233E+01    3.379252E+01    3.381807E+01    3.382467E+01    3.388872E+01    3.393836E+01    3.396842E+01    1.000000E+30
   1.000000E+30    1.000000E+30    1.000000E+30    1.000000E+30    3.417222E+01    3.412552E+01    3.409049E+01    3.405384E+01    3.401202E+01    3.396508E+01    3.391439E+01    3.386355E+01    3.382364E+01    3.381832E+01    3.381920E+01    3.381264E+01    3.387031E+01    3.391758E+01    3.395115E+01    1.000000E+30
   1.000000E+30    1.000000E+30    1.000000E+30    1.000000E+30    1.000000E+30    3.405234E+01    3.403461E+01    3.400723E+01    3.397428E+01    3.393703E+01    3.389888E+01    3.386354E+01    3.383579E+01    3.382113E+01    3.381121E+01    3.379736E+01    3.384827E+01    3.389270E+01    1.000000E+30    1.000000E+30
   1.000000E+30    1.000000E+30    1.000000E+30    1.000000E+30    1.000000E+30    3.398359E+01    3.397030E+01    3.394835E+01    3.392398E+01    3.389701E+01    3.386876E+01    3.384234E+01    3.381968E+01    3.380443E+01    3.379196E+01    3.377625E+01    3.382051E+01    1.000000E+30    1.000000E+30    1.000000E+30
   1.000000E+30    1.000000E+30    1.000000E+30    1.000000E+30    1.000000E+30    3.390930E+01    3.389296E+01    3.387164E+01    3.386151E+01    3.384421E+01    3.382470E+01    3.380377E+01    3.378184E+01    3.377113E+01    3.376168E+01    3.374947E+01    1.000000E+30    1.000000E+30    1.000000E+30    1.000000E+30
