   3.612984E+01    3.610500E+01    3.605614E+01    3.599090E+01    3.591011E+01    3.581406E+01    3.571134E+01    3.560295E+01    3.548892E+01    3.536676E+01    3.523910E+01    3.510725E+01    3.496560E+01    3.481065E+01    3.464150E+01    3.446300E+01    3.450843E+01    3.453861E+01    3.455537E+01    3.456289E+01
   3.613437E+01    3.611026E+01    3.606101E+01    3.599102E+01    3.590626E+01    3.580855E+01    3.570508E+01    3.559613E+01    3.547885E+01    3.535537E+01    3.522713E+01    3.509263E+01    3.494821E+01    3.479748E+01    3.463451E+01    3.445370E+01    3.449875E+01    3.452822E+01    3.454572E+01    3.455376E+01
   3.614170E+01    3.611696E+01    3.606659E+01    3.599193E+01    3.590173E+01    3.580168E+01    3.569455E+01    3.558143E+01    3.546061E+01    3.533500E+01    3.520339E+01    3.506282E+01    3.491912E+01    3.477499E+01    3.461767E+01    3.444462E+01    3.448101E+01    3.450758E+01    3.452437E+01    3.453215E+01
   3.615155E+01    3.612578E+01    3.607190E+01    3.599434E+01    3.589944E+01    3.579339E+01    3.567897E+01    3.555741E+01    3.543106E+01    3.530083E+01    3.516772E+01    3.502724E+01    3.488474E+01    3.474096E+01    3.458613E+01    3.441670E+01    3.444985E+01    3.447383E+01    3.448928E+01    3.449743E+01
   3.616593E+01    3.613920E+01    3.608304E+01    3.600044E+01    3.589875E+01    3.578390E+01    3.565701E+01    3.552542E+01    3.539369E+01    3.525937E+01    3.512241E+01    3.498055E+01    3.483997E+01    3.469858E+01    3.454806E+01    3.438354E+01    3.440815E+01    3.442779E+01    3.444219E+01    3.445039E+01
   3.618461E+01    3.615731E+01    3.610068E+01    3.601368E+01    3.590114E+01    3.577115E+01    3.563048E+01    3.548419E+01    3.534140E+01    3.520311E+01    3.506581E+01    3.492538E+01    3.478413E+01    3.464477E+01    3.449809E+01    3.434218E+01    3.435407E+01    3.437034E+01    3.438445E+01    3.439170E+01
   3.620879E+01    3.618237E+01    3.612793E+01    3.603763E+01    3.590559E+01    3.575743E+01    3.559750E+01    3.542802E+01    3.527320E+01    3.513223E+01    3.499768E+01    3.485756E+01    3.471534E+01    3.457853E+01    3.443451E+01    3.428129E+01    3.428584E+01    3.430147E+01    3.431728E+01    3.432558E+01
   3.623684E+01    3.621576E+01    3.617053E+01    3.608721E+01    3.591547E+01    3.574883E+01    3.556767E+01    3.534864E+01    3.518319E+01    3.504426E+01    3.491217E+01    3.477325E+01    3.463413E+01    3.449673E+01    3.435389E+01    3.420470E+01    3.419372E+01    3.421680E+01    3.424245E+01    3.425686E+01
   3.626571E+01    3.625301E+01    3.622941E+01    3.620074E+01    1.000000E+30    1.000000E+30    1.000000E+30    3.521047E+01    3.505385E+01    3.493006E+01    3.480453E+01    3.467128E+01    3.453826E+01    3.440229E+01    3.426433E+01    3.411424E+01    3.405404E+01    3.411644E+01    3.416751E+01    3.419329E+01
   3.629135E+01    3.628612E+01    3.627647E+01    3.626656E+01    1.000000E+30    1.000000E+30    1.000000E+30    1.000000E+30    3.486249E+01    3.478995E+01    3.468772E+01    3.456635E+01    3.443731E+01    3.430227E+01    3.417739E+01    3.401867E+01    3.378732E+01    3.401912E+01    3.411205E+01    3.414903E+01
   3.630828E+01    3.630756E+01    3.630561E+01    3.630423E+01    1.000000E+30    1.000000E+30    1.000000E+30    1.000000E+30    3.471826E+01    3.467001E+01    3.458530E+01    3.447063E+01    3.433325E+01    3.417574E+01    3.411059E+01    3.402994E+01    3.398385E+01    3.404995E+01    3.410208E+01    3.412956E+01
   3.631285E+01    3.631321E+01    3.631418E+01    3.631575E+01    1.000000E+30    1.000000E+30    1.000000E+30    1.000000E+30    3.461455E+01    3.457606E+01    3.450074E+01    3.438908E+01    3.422932E+01    3.393671E+01    3.404818E+01    3.403841E+01    3.404965E+01    3.408150E+01    3.411070E+01    3.412796E+01
   3.629946E+01    3.629921E+01    3.629992E+01    3.630121E+01    1.000000E+30    1.000000E+30    1.000000E+30    1.000000E+30    3.453580E+01    3.450449E+01    3.444305E+01    3.435399E+01    3.424225E+01    3.411786E+01    3.409260E+01    3.406304E+01    3.408245E+01    3.410467E+01    3.412382E+01    3.413531E+01
   3.626445E+01    3.626434E+01    3.626429E+01    3.626330E+01    1.000000E+30    1.000000E+30    1.000000E+30    1.000000E+30    3.447797E+01    3.445308E+01    3.440368E+01    3.433670E+01    3.425678E+01    3.417763E+01    3.412694E+01    3.408075E+01    3.410168E+01    3.412090E+01    3.413564E+01    3.414496E+01
   3.620321E+01    3.620210E+01    3.620116E+01    3.619916E+01    1.000000E+30    1.000000E+30    1.000000E+30    1.000000E+30    3.443028E+01    3.441007E+01    3.437176E+01    3.431920E+01    3.425786E+01    3.419524E+01    3.414078E+01    3.408992E+01    3.411086E+01    3.412932E+01    3.414308E+01    3.415134E+01
   3.611053E+01    3.610858E+01    3.610669E+01    3.610865E+01    1.000000E+30    1.000000E+30    1.000000E+30    1.000000E+30    3.438730E+01    3.436995E+01    3.433836E+01    3.429421E+01    3.424379E+01    3.418997E+01    3.413753E+01    3.408737E+01    3.411041E+01    3.412982E+01    3.414389E+01    3.415122E+01
   3.598772E+01    3.598552E+01    3.598130E+01    3.598148E+01    1.000000E+30    1.000000E+30    1.000000E+30    1.000000E+30    3.434321E+01    3.432860E+01    3.430082E+01    3.426157E+01    3.421678E+01    3.416749E+01    3.411749E+01    3.407038E+01    3.409780E+01    3.412092E+01    3.413709E+01    3.414501E+01
   3.582999E+01    3.582701E+01    3.582198E+01    3.581621E+01    1.000000E+30    1.000000E+30    1.000000E+30    1.000000E+30    3.429472E+01    3.428267E+01    3.425731E+01    3.422177E+01    3.417944E+01    3.413000E+01    3.408147E+01    3.403898E+01    3.407403E+01    3.410249E+01    3.412312E+01    3.413324E+01
   3.563953E+01    3.563694E+01    3.562952E+01    3.562068E+01    1.000000E+30    1.000000E+30    1.000000E+30    1.000000E+30    3.424304E+01    3.423271E+01    3.421023E+01    3.417736E+01    3.413215E+01    3.407576E+01    3.402123E+01    3.399669E+01    3.404058E+01    3.407698E+01    3.410287E+01    3.411565E+01
   3.543634E+01    3.542476E+01    3.541026E+01    3.539668E+01    1.000000E+30    1.000000E+30    1.000000E+30    1.000000E+30    3.418976E+01    3.418176E+01    3.416177E+01    3.412974E+01    3.407672E+01    3.399987E+01    3.391217E+01    3.393761E+01    3.400176E+01    3.404854E+01    3.407916E+01    3.409489E+01
   3.521733E+01    3.519681E+01    3.516436E+01    3.513574E+01    1.000000E+30    1.000000E+30    1.000000E+30    1.000000E+30    3.413242E+01    3.412913E+01    3.411361E+01    3.408330E+01    3.402437E+01    3.391276E+01    3.368177E+01    3.387077E+01    3.397000E+01    3.402681E+01    3.406003E+01    3.407622E+01
   3.498574E+01    3.495449E+01    3.489181E+01    3.482558E+01    1.000000E+30    1.000000E+30    3.401030E+01    3.402902E+01    3.406606E+01    3.407334E+01    3.406543E+01    3.404356E+01    3.400167E+01    3.393651E+01    3.386459E+01    3.390087E+01    3.396756E+01    3.401639E+01    3.404749E+01    3.406250E+01
   3.476149E+01    3.470889E+01    3.460282E+01    3.443407E+01    3.415712E+01    1.000000E+30    3.397327E+01    3.399287E+01    3.401319E+01    3.402044E+01    3.401810E+01    3.400601E+01    3.398256E+01    3.394976E+01    3.392042E+01    3.392103E+01    3.397174E+01    3.401270E+01    3.403971E+01    3.405248E+01
   3.456382E+01    3.449737E+01    3.435984E+01    3.414195E+01    3.385414E+01    3.382553E+01    3.390118E+01    3.394010E+01    3.395790E+01    3.396326E+01    3.396200E+01    3.396129E+01    3.395579E+01    3.394554E+01    3.393275E+01    3.392458E+01    3.397142E+01    3.400827E+01    3.403239E+01    3.404439E+01
   3.441522E+01    3.434613E+01    3.419175E+01    3.389913E+01    3.326843E+01    3.369053E+01    3.383638E+01    3.388942E+01    3.390180E+01    3.389625E+01    3.388769E+01    3.390407E+01    3.392102E+01    3.392876E+01    3.392686E+01    3.391765E+01    3.396479E+01    3.400096E+01    3.402483E+01    3.403566E+01
   3.432127E+01    3.426278E+01    3.414312E+01    3.395608E+01    3.373342E+01    3.378455E+01    3.383489E+01    3.385521E+01    3.384819E+01    3.381611E+01    3.376981E+01    3.382838E+01    3.387778E+01    3.390508E+01    3.391231E+01    3.390615E+01    3.395454E+01    3.399131E+01    3.401552E+01    3.402636E+01
   3.426441E+01    3.422039E+01    3.413292E+01    3.401216E+01    3.389220E+01    3.385275E+01    3.383986E+01    3.383229E+01    3.380702E+01    3.373598E+01    3.353131E+01    3.374682E+01    3.383874E+01    3.388171E+01    3.389480E+01    3.388773E+01    3.394141E+01    3.398019E+01    3.400432E+01    3.401587E+01
   3.423240E+01    3.419905E+01    3.413177E+01    3.404013E+01    3.394519E+01    3.387219E+01    3.382236E+01    3.381166E+01    3.379864E+01    3.376683E+01    3.372334E+01    3.378503E+01    3.383871E+01    3.387061E+01    3.388134E+01    3.387267E+01    3.392890E+01    3.396790E+01    3.399197E+01    3.400411E+01
   3.421500E+01    3.418691E+01    3.413067E+01    3.405174E+01    3.395646E+01    3.385089E+01    3.374887E+01    3.377615E+01    3.379576E+01    3.379724E+01    3.379558E+01    3.382117E+01    3.384805E+01    3.386612E+01    3.387102E+01    3.385968E+01    3.391613E+01    3.395529E+01    3.397959E+01    3.399214E+01
   3.420722E+01    3.418246E+01    3.413281E+01    3.405995E+01    3.395980E+01    3.381037E+01    3.352239E+01    3.373064E+01    3.379832E+01    3.381976E+01    3.382865E+01    3.384151E+01    3.385275E+01    3.386044E+01    3.386062E+01    3.384951E+01    3.390502E+01    3.394388E+01    3.396816E+01    3.398096E+01
   3.420321E+01    3.418044E+01    3.413603E+01    3.407467E+01    3.399345E+01    3.388902E+01    3.378099E+01    3.380881E+01    3.383318E+01    3.384291E+01    3.384541E+01    3.384672E+01    3.384811E+01    3.384986E+01    3.384909E+01    3.383953E+01    3.389503E+01    3.393338E+01    3.395733E+01    3.397077E+01
   3.420016E+01    3.417578E+01    3.413871E+01    3.408997E+01    3.402784E+01    3.395600E+01    3.389449E+01    3.387635E+01    3.386951E+01    3.386125E+01    3.384982E+01    3.383803E+01    3.382941E+01    3.383042E+01    3.383359E+01    3.382981E+01    3.388528E+01    3.392409E+01    3.394839E+01    3.396144E+01
   1.000000E+30    3.416479E+01    3.413530E+01    3.409626E+01    3.404912E+01    3.399733E+01    3.395018E+01    3.391831E+01    3.389347E+01    3.386908E+01    3.384207E+01    3.381313E+01    3.379125E+01    3.379815E+01    3.380949E+01    3.381287E+01    3.387269E+01    3.391378E+01    3.393996E+01    3.395323E+01
   1.000000E+30    1.000000E+30    3.412301E+01    3.409296E+01    3.405542E+01    3.401449E+01    3.397437E+01    3.393834E+01    3.390429E+01    3.386742E+01    3.382393E+01    3.376951E+01    3.371213E+01    3.374877E+01    3.377933E+01    3.379206E+01    3.385707E+01    3.390129E+01    3.392931E+01    3.394518E+01
   1.000000E+30    1.000000E+30    1.000000E+30    3.407952E+01    3.404680E+01    3.401343E+01    3.397941E+01    3.394409E+01    3.390531E+01    3.386060E+01    3.380453E+01    3.371787E+01    3.352702E+01    3.369150E+01    3.375439E+01    3.377803E+01    3.384123E+01    3.388668E+01    3.391602E+01    3.393829E+01
   1.000000E+30    1.000000E+30    1.000000E+30    1.000000E+30    3.402275E+01    3.399937E+01    3.396998E+01    3.393745E+01    3.390110E+01    3.385811E+01    3.380837E+01    3.375141E+01    3.369302E+01    3.372652E+01    3.375750E+01    3.377167E+01    3.382798E+01    3.387075E+01    3.389534E+01    1.000000E+30
   1.000000E+30    1.000000E+30    1.000000E+30    1.000000E+30    3.400735E+01    3.397484E+01    3.394875E+01    3.392082E+01    3.388937E+01    3.385345E+01    3.381499E+01    3.377734E+01    3.375001E+01    3.375319E+01    3.376234E+01    3.376371E+01    3.381474E+01    3.385524E+01    3.388268E+01    1.000000E+30
   1.000000E+30    1.000000E+30    1.000000E+30    1.000000E+30    1.000000E+30    3.392729E+01    3.391395E+01    3.389337E+01    3.386871E+01    3.384027E+01    3.381144E+01    3.378525E+01    3.376676E+01    3.376081E+01    3.375916E+01    3.375284E+01    3.379819E+01    3.383611E+01    1.000000E+30    1.000000E+30
   1.000000E+30    1.000000E+30    1.000000E+30    1.000000E+30    1.000000E+30    3.387944E+01    3.386946E+01    3.385349E+01    3.383590E+01    3.381548E+01    3.379413E+01    3.377443E+01    3.375902E+01    3.375111E+01    3.374551E+01    3.373631E+01    3.377640E+01    1.000000E+30    1.000000E+30    1.000000E+30
   1.000000E+30    1.000000E+30    1.000000E+30    1.000000E+30    1.000000E+30    3.382444E+01    3.381074E+01    3.379464E+01    3.378967E+01    3.377743E+01    3.376236E+01    3.374625E+01    3.373010E+01    3.372527E+01    3.372137E+01    3.371388E+01    1.000000E+30    1.000000E+30    1.000000E+30    1.000000E+30
