   3.615166E+01    3.612452E+01    3.607317E+01    3.600250E+01    3.591375E+01    3.580601E+01    3.569146E+01    3.557229E+01    3.544647E+01    3.531209E+01    3.517231E+01    3.502873E+01    3.487551E+01    3.471071E+01    3.453844E+01    3.436830E+01    3.438260E+01    3.439351E+01    3.440045E+01    3.440449E+01
   3.615088E+01    3.612516E+01    3.607365E+01    3.599973E+01    3.590754E+01    3.579981E+01    3.568525E+01    3.556533E+01    3.543646E+01    3.530025E+01    3.516013E+01    3.501455E+01    3.486016E+01    3.470026E+01    3.453369E+01    3.436091E+01    3.437527E+01    3.438559E+01    3.439245E+01    3.439608E+01
   3.615036E+01    3.612428E+01    3.607154E+01    3.599525E+01    3.589948E+01    3.579061E+01    3.567376E+01    3.554987E+01    3.541777E+01    3.527953E+01    3.513592E+01    3.498457E+01    3.483213E+01    3.468083E+01    3.452092E+01    3.435366E+01    3.436147E+01    3.436935E+01    3.437542E+01    3.437857E+01
   3.615221E+01    3.612529E+01    3.607052E+01    3.599188E+01    3.589292E+01    3.577975E+01    3.565644E+01    3.552437E+01    3.538710E+01    3.524544E+01    3.510064E+01    3.494967E+01    3.479865E+01    3.464938E+01    3.449350E+01    3.433019E+01    3.433667E+01    3.434275E+01    3.434757E+01    3.435117E+01
   3.615766E+01    3.613068E+01    3.607443E+01    3.599122E+01    3.588662E+01    3.576634E+01    3.563140E+01    3.549004E+01    3.534847E+01    3.520297E+01    3.505419E+01    3.490209E+01    3.475359E+01    3.460817E+01    3.445750E+01    3.430033E+01    3.430085E+01    3.430463E+01    3.430947E+01    3.431346E+01
   3.616718E+01    3.614029E+01    3.608437E+01    3.599740E+01    3.588288E+01    3.574917E+01    3.560116E+01    3.544591E+01    3.529252E+01    3.514240E+01    3.499399E+01    3.484437E+01    3.469619E+01    3.455366E+01    3.440919E+01    3.426146E+01    3.425260E+01    3.425478E+01    3.426070E+01    3.426489E+01
   3.618178E+01    3.615634E+01    3.610268E+01    3.601407E+01    3.588275E+01    3.573134E+01    3.556455E+01    3.538500E+01    3.521862E+01    3.506595E+01    3.492140E+01    3.477274E+01    3.462495E+01    3.448670E+01    3.434664E+01    3.420375E+01    3.418826E+01    3.419211E+01    3.420171E+01    3.420788E+01
   3.619925E+01    3.617892E+01    3.613445E+01    3.605341E+01    3.588787E+01    3.571947E+01    3.553107E+01    3.529885E+01    3.512114E+01    3.497109E+01    3.482985E+01    3.468308E+01    3.454011E+01    3.440346E+01    3.426580E+01    3.412827E+01    3.409673E+01    3.410999E+01    3.413182E+01    3.414472E+01
   3.621628E+01    3.620358E+01    3.617942E+01    3.615047E+01    1.000000E+30    1.000000E+30    1.000000E+30    3.515004E+01    3.498127E+01    3.484779E+01    3.471434E+01    3.457453E+01    3.443926E+01    3.430493E+01    3.417358E+01    3.403539E+01    3.395110E+01    3.400866E+01    3.405951E+01    3.408478E+01
   3.622693E+01    3.622036E+01    3.620879E+01    3.619741E+01    1.000000E+30    1.000000E+30    1.000000E+30    1.000000E+30    3.477468E+01    3.469693E+01    3.458919E+01    3.446276E+01    3.433105E+01    3.419675E+01    3.407996E+01    3.393217E+01    3.365903E+01    3.390759E+01    3.400498E+01    3.404160E+01
   3.622621E+01    3.622268E+01    3.621749E+01    3.621330E+01    1.000000E+30    1.000000E+30    1.000000E+30    1.000000E+30    3.461938E+01    3.456830E+01    3.447926E+01    3.435937E+01    3.421617E+01    3.405350E+01    3.400363E+01    3.394172E+01    3.387949E+01    3.394470E+01    3.399725E+01    3.402421E+01
   3.620917E+01    3.620657E+01    3.620400E+01    3.620236E+01    1.000000E+30    1.000000E+30    1.000000E+30    1.000000E+30    3.450685E+01    3.446702E+01    3.438870E+01    3.427157E+01    3.410047E+01    3.377550E+01    3.393005E+01    3.394798E+01    3.395095E+01    3.397915E+01    3.400672E+01    3.402253E+01
   3.617264E+01    3.617100E+01    3.616862E+01    3.616772E+01    1.000000E+30    1.000000E+30    1.000000E+30    1.000000E+30    3.442008E+01    3.438878E+01    3.432605E+01    3.423362E+01    3.411665E+01    3.398809E+01    3.398021E+01    3.397202E+01    3.398425E+01    3.400174E+01    3.401797E+01    3.402748E+01
   3.611408E+01    3.611480E+01    3.611292E+01    3.610958E+01    1.000000E+30    1.000000E+30    1.000000E+30    1.000000E+30    3.435276E+01    3.432864E+01    3.427974E+01    3.421202E+01    3.413156E+01    3.405539E+01    3.401661E+01    3.398901E+01    3.400096E+01    3.401400E+01    3.402551E+01    3.403206E+01
   3.603064E+01    3.603083E+01    3.602903E+01    3.602532E+01    1.000000E+30    1.000000E+30    1.000000E+30    1.000000E+30    3.429635E+01    3.427670E+01    3.423946E+01    3.418787E+01    3.412908E+01    3.407203E+01    3.402868E+01    3.399414E+01    3.400545E+01    3.401725E+01    3.402704E+01    3.403244E+01
   3.591808E+01    3.591590E+01    3.591324E+01    3.591402E+01    1.000000E+30    1.000000E+30    1.000000E+30    1.000000E+30    3.424529E+01    3.422873E+01    3.419775E+01    3.415532E+01    3.410864E+01    3.406232E+01    3.402135E+01    3.398680E+01    3.399858E+01    3.401104E+01    3.402087E+01    3.402639E+01
   3.577791E+01    3.577530E+01    3.577050E+01    3.576926E+01    1.000000E+30    1.000000E+30    1.000000E+30    1.000000E+30    3.419440E+01    3.417970E+01    3.415171E+01    3.411479E+01    3.407528E+01    3.403418E+01    3.399649E+01    3.396615E+01    3.398064E+01    3.399583E+01    3.400784E+01    3.401430E+01
   3.560476E+01    3.560243E+01    3.559775E+01    3.559084E+01    1.000000E+30    1.000000E+30    1.000000E+30    1.000000E+30    3.413952E+01    3.412726E+01    3.410210E+01    3.406892E+01    3.403174E+01    3.398989E+01    3.395418E+01    3.393140E+01    3.395215E+01    3.397217E+01    3.398822E+01    3.399641E+01
   3.540313E+01    3.540075E+01    3.539403E+01    3.538523E+01    1.000000E+30    1.000000E+30    1.000000E+30    1.000000E+30    3.408225E+01    3.407165E+01    3.404950E+01    3.401902E+01    3.397822E+01    3.392856E+01    3.388632E+01    3.388411E+01    3.391485E+01    3.394305E+01    3.396388E+01    3.397427E+01
   3.519376E+01    3.518218E+01    3.516878E+01    3.515559E+01    1.000000E+30    1.000000E+30    1.000000E+30    1.000000E+30    3.402390E+01    3.401543E+01    3.399608E+01    3.396576E+01    3.391644E+01    3.384431E+01    3.376545E+01    3.381986E+01    3.387309E+01    3.391259E+01    3.393850E+01    3.395191E+01
   3.497377E+01    3.495350E+01    3.492312E+01    3.489589E+01    1.000000E+30    1.000000E+30    1.000000E+30    1.000000E+30    3.396228E+01    3.395901E+01    3.394414E+01    3.391547E+01    3.385956E+01    3.374872E+01    3.350882E+01    3.374673E+01    3.383919E+01    3.388926E+01    3.391838E+01    3.393281E+01
   3.474544E+01    3.471581E+01    3.465813E+01    3.459801E+01    1.000000E+30    1.000000E+30    3.383666E+01    3.385614E+01    3.389393E+01    3.390217E+01    3.389545E+01    3.387556E+01    3.383759E+01    3.377828E+01    3.371644E+01    3.378036E+01    3.383729E+01    3.387860E+01    3.390572E+01    3.391943E+01
   3.452934E+01    3.448005E+01    3.438447E+01    3.423315E+01    3.398178E+01    1.000000E+30    3.380320E+01    3.382165E+01    3.384232E+01    3.385005E+01    3.384932E+01    3.384064E+01    3.382285E+01    3.379845E+01    3.378223E+01    3.380419E+01    3.384285E+01    3.387565E+01    3.389880E+01    3.391108E+01
   3.434174E+01    3.428107E+01    3.415898E+01    3.396805E+01    3.371752E+01    3.368110E+01    3.374115E+01    3.377407E+01    3.379059E+01    3.379604E+01    3.379656E+01    3.380028E+01    3.380172E+01    3.380013E+01    3.380124E+01    3.381279E+01    3.384566E+01    3.387378E+01    3.389380E+01    3.390461E+01
   3.420173E+01    3.414063E+01    3.400567E+01    3.375513E+01    3.323074E+01    3.356676E+01    3.368479E+01    3.372840E+01    3.373911E+01    3.373358E+01    3.372666E+01    3.374709E+01    3.377064E+01    3.378803E+01    3.380022E+01    3.381075E+01    3.384317E+01    3.386997E+01    3.388867E+01    3.389824E+01
   3.411489E+01    3.406316E+01    3.395770E+01    3.379531E+01    3.360460E+01    3.364180E+01    3.368175E+01    3.369765E+01    3.368988E+01    3.365823E+01    3.361413E+01    3.367544E+01    3.373125E+01    3.376793E+01    3.378981E+01    3.380256E+01    3.383625E+01    3.386313E+01    3.388143E+01    3.389036E+01
   3.406468E+01    3.402453E+01    3.394659E+01    3.383937E+01    3.373461E+01    3.369860E+01    3.368655E+01    3.367857E+01    3.365362E+01    3.358354E+01    3.338162E+01    3.359930E+01    3.369678E+01    3.374900E+01    3.377646E+01    3.378957E+01    3.382590E+01    3.385364E+01    3.387223E+01    3.388106E+01
   3.403725E+01    3.400628E+01    3.394548E+01    3.386391E+01    3.378044E+01    3.371730E+01    3.367496E+01    3.366487E+01    3.365148E+01    3.362010E+01    3.357801E+01    3.364191E+01    3.370141E+01    3.374219E+01    3.376614E+01    3.377736E+01    3.381423E+01    3.384131E+01    3.385953E+01    3.386929E+01
   3.402265E+01    3.399698E+01    3.394610E+01    3.387639E+01    3.379387E+01    3.370430E+01    3.361871E+01    3.364103E+01    3.365632E+01    3.365585E+01    3.365386E+01    3.368120E+01    3.371426E+01    3.374013E+01    3.375763E+01    3.376551E+01    3.380171E+01    3.382805E+01    3.384546E+01    3.385513E+01
   3.401615E+01    3.399408E+01    3.394970E+01    3.388606E+01    3.380032E+01    3.367510E+01    3.343535E+01    3.360828E+01    3.366432E+01    3.368138E+01    3.368878E+01    3.370252E+01    3.371907E+01    3.373484E+01    3.374693E+01    3.375375E+01    3.378888E+01    3.381465E+01    3.383182E+01    3.384114E+01
   3.401350E+01    3.399381E+01    3.395515E+01    3.390194E+01    3.383243E+01    3.374508E+01    3.365481E+01    3.367701E+01    3.369653E+01    3.370340E+01    3.370383E+01    3.370606E+01    3.371181E+01    3.372152E+01    3.373253E+01    3.374033E+01    3.377577E+01    3.380159E+01    3.381814E+01    3.382735E+01
   3.401176E+01    3.399104E+01    3.395968E+01    3.391803E+01    3.386539E+01    3.380492E+01    3.375182E+01    3.373461E+01    3.372666E+01    3.371630E+01    3.370301E+01    3.369166E+01    3.368721E+01    3.369589E+01    3.371077E+01    3.372430E+01    3.376055E+01    3.378785E+01    3.380509E+01    3.381418E+01
   1.000000E+30    3.398351E+01    3.395938E+01    3.392620E+01    3.388590E+01    3.384043E+01    3.379764E+01    3.376761E+01    3.374334E+01    3.371744E+01    3.368761E+01    3.365807E+01    3.363983E+01    3.365568E+01    3.367970E+01    3.370300E+01    3.374318E+01    3.377277E+01    3.379215E+01    3.380203E+01
   1.000000E+30    1.000000E+30    3.395096E+01    3.392497E+01    3.389101E+01    3.385286E+01    3.381502E+01    3.378090E+01    3.374733E+01    3.370841E+01    3.366169E+01    3.360616E+01    3.355010E+01    3.359930E+01    3.364492E+01    3.367925E+01    3.372417E+01    3.375641E+01    3.377828E+01    3.379106E+01
   1.000000E+30    1.000000E+30    1.000000E+30    3.391260E+01    3.388065E+01    3.384852E+01    3.381526E+01    3.378113E+01    3.374294E+01    3.369713E+01    3.363848E+01    3.354870E+01    3.334822E+01    3.353582E+01    3.361679E+01    3.366125E+01    3.370633E+01    3.373967E+01    3.376280E+01    3.378234E+01
   1.000000E+30    1.000000E+30    1.000000E+30    1.000000E+30    3.385419E+01    3.383208E+01    3.380369E+01    3.377166E+01    3.373581E+01    3.369348E+01    3.364342E+01    3.358654E+01    3.352971E+01    3.357444E+01    3.361996E+01    3.365315E+01    3.369242E+01    3.372282E+01    3.374176E+01    1.000000E+30
   1.000000E+30    1.000000E+30    1.000000E+30    1.000000E+30    3.383781E+01    3.380778E+01    3.378291E+01    3.375569E+01    3.372448E+01    3.369022E+01    3.365339E+01    3.361825E+01    3.359520E+01    3.360655E+01    3.362775E+01    3.364714E+01    3.368050E+01    3.370860E+01    3.372937E+01    1.000000E+30
   1.000000E+30    1.000000E+30    1.000000E+30    1.000000E+30    1.000000E+30    3.376570E+01    3.375244E+01    3.373214E+01    3.370803E+01    3.368150E+01    3.365495E+01    3.363229E+01    3.361873E+01    3.362021E+01    3.362935E+01    3.363931E+01    3.366731E+01    3.369276E+01    1.000000E+30    1.000000E+30
   1.000000E+30    1.000000E+30    1.000000E+30    1.000000E+30    1.000000E+30    3.372799E+01    3.371744E+01    3.370128E+01    3.368448E+01    3.366585E+01    3.364637E+01    3.362970E+01    3.361921E+01    3.361854E+01    3.362311E+01    3.362824E+01    3.365131E+01    1.000000E+30    1.000000E+30    1.000000E+30
   1.000000E+30    1.000000E+30    1.000000E+30    1.000000E+30    1.000000E+30    3.368935E+01    3.367508E+01    3.365985E+01    3.365511E+01    3.364390E+01    3.362897E+01    3.361444E+01    3.360254E+01    3.360503E+01    3.361013E+01    3.361458E+01    1.000000E+30    1.000000E+30    1.000000E+30    1.000000E+30
