   3.625872E+01    3.622767E+01    3.616913E+01    3.608901E+01    3.598884E+01    3.586804E+01    3.574048E+01    3.560871E+01    3.547079E+01    3.532493E+01    3.517480E+01    3.502249E+01    3.486211E+01    3.469213E+01    3.451706E+01    3.434652E+01    3.435027E+01    3.435304E+01    3.435478E+01    3.435611E+01
   3.626157E+01    3.623187E+01    3.617285E+01    3.608864E+01    3.598440E+01    3.586331E+01    3.573542E+01    3.560261E+01    3.546124E+01    3.531337E+01    3.516296E+01    3.500868E+01    3.484723E+01    3.468235E+01    3.451297E+01    3.433964E+01    3.434360E+01    3.434600E+01    3.434764E+01    3.434858E+01
   3.626822E+01    3.623785E+01    3.617702E+01    3.608947E+01    3.598038E+01    3.585725E+01    3.572610E+01    3.558850E+01    3.544339E+01    3.529331E+01    3.513928E+01    3.497912E+01    3.482001E+01    3.466408E+01    3.450136E+01    3.433313E+01    3.433126E+01    3.433157E+01    3.433236E+01    3.433282E+01
   3.628141E+01    3.624972E+01    3.618571E+01    3.609444E+01    3.598033E+01    3.585107E+01    3.571175E+01    3.556459E+01    3.541353E+01    3.525975E+01    3.510464E+01    3.494512E+01    3.478773E+01    3.463412E+01    3.447569E+01    3.431160E+01    3.430908E+01    3.430784E+01    3.430756E+01    3.430844E+01
   3.630347E+01    3.627140E+01    3.620429E+01    3.610576E+01    3.598300E+01    3.584384E+01    3.569029E+01    3.553206E+01    3.537601E+01    3.521799E+01    3.505876E+01    3.489841E+01    3.474412E+01    3.459485E+01    3.444208E+01    3.428425E+01    3.427704E+01    3.427407E+01    3.427394E+01    3.427510E+01
   3.633522E+01    3.630249E+01    3.623452E+01    3.612868E+01    3.599084E+01    3.583371E+01    3.566403E+01    3.548962E+01    3.532049E+01    3.515773E+01    3.499934E+01    3.484210E+01    3.468884E+01    3.454329E+01    3.439733E+01    3.424907E+01    3.423458E+01    3.423064E+01    3.423137E+01    3.423254E+01
   3.637744E+01    3.634564E+01    3.627860E+01    3.616748E+01    3.600385E+01    3.582272E+01    3.563026E+01    3.542886E+01    3.524595E+01    3.508111E+01    3.492774E+01    3.477259E+01    3.462088E+01    3.448072E+01    3.434018E+01    3.419750E+01    3.417912E+01    3.417690E+01    3.418044E+01    3.418310E+01
   3.642732E+01    3.640135E+01    3.634387E+01    3.623902E+01    3.602113E+01    3.581571E+01    3.559787E+01    3.533924E+01    3.514583E+01    3.498531E+01    3.483716E+01    3.468603E+01    3.454103E+01    3.440410E+01    3.426755E+01    3.413193E+01    3.410306E+01    3.410826E+01    3.412109E+01    3.412899E+01
   3.648018E+01    3.646321E+01    3.643152E+01    3.639373E+01    1.000000E+30    1.000000E+30    1.000000E+30    3.517871E+01    3.500030E+01    3.486019E+01    3.472285E+01    3.458196E+01    3.444765E+01    3.431554E+01    3.418706E+01    3.405470E+01    3.398772E+01    3.402595E+01    3.406070E+01    3.407818E+01
   3.652852E+01    3.651985E+01    3.650479E+01    3.648943E+01    1.000000E+30    1.000000E+30    1.000000E+30    1.000000E+30    3.478747E+01    3.470802E+01    3.460013E+01    3.447642E+01    3.434979E+01    3.422134E+01    3.410709E+01    3.397136E+01    3.376682E+01    3.394542E+01    3.401501E+01    3.404122E+01
   3.656883E+01    3.656520E+01    3.655871E+01    3.655308E+01    1.000000E+30    1.000000E+30    1.000000E+30    1.000000E+30    3.463145E+01    3.458085E+01    3.449421E+01    3.438085E+01    3.424923E+01    3.410209E+01    3.404098E+01    3.397315E+01    3.392329E+01    3.396845E+01    3.400553E+01    3.402465E+01
   3.659556E+01    3.659393E+01    3.659133E+01    3.658957E+01    1.000000E+30    1.000000E+30    1.000000E+30    1.000000E+30    3.452206E+01    3.448342E+01    3.440871E+01    3.430082E+01    3.415087E+01    3.388480E+01    3.397962E+01    3.397382E+01    3.397279E+01    3.399130E+01    3.401029E+01    3.402128E+01
   3.660460E+01    3.660337E+01    3.660207E+01    3.660138E+01    1.000000E+30    1.000000E+30    1.000000E+30    1.000000E+30    3.444178E+01    3.441127E+01    3.435096E+01    3.426406E+01    3.415697E+01    3.404014E+01    3.401459E+01    3.399043E+01    3.399617E+01    3.400692E+01    3.401762E+01    3.402405E+01
   3.659359E+01    3.659326E+01    3.659205E+01    3.659064E+01    1.000000E+30    1.000000E+30    1.000000E+30    1.000000E+30    3.438445E+01    3.436022E+01    3.431175E+01    3.424525E+01    3.416662E+01    3.409015E+01    3.404170E+01    3.400259E+01    3.400858E+01    3.401615E+01    3.402331E+01    3.402753E+01
   3.656040E+01    3.656022E+01    3.655884E+01    3.655666E+01    1.000000E+30    1.000000E+30    1.000000E+30    1.000000E+30    3.434230E+01    3.432179E+01    3.428278E+01    3.422912E+01    3.416712E+01    3.410478E+01    3.405236E+01    3.400751E+01    3.401304E+01    3.401960E+01    3.402544E+01    3.402876E+01
   3.650213E+01    3.650062E+01    3.649856E+01    3.649848E+01    1.000000E+30    1.000000E+30    1.000000E+30    1.000000E+30    3.431037E+01    3.429231E+01    3.425794E+01    3.421073E+01    3.415762E+01    3.410263E+01    3.405065E+01    3.400408E+01    3.400983E+01    3.401676E+01    3.402255E+01    3.402589E+01
   3.641852E+01    3.641662E+01    3.641299E+01    3.641165E+01    1.000000E+30    1.000000E+30    1.000000E+30    1.000000E+30    3.428529E+01    3.426764E+01    3.423461E+01    3.419052E+01    3.414160E+01    3.408913E+01    3.403733E+01    3.399124E+01    3.399889E+01    3.400770E+01    3.401492E+01    3.401888E+01
   3.630532E+01    3.630366E+01    3.630025E+01    3.629509E+01    1.000000E+30    1.000000E+30    1.000000E+30    1.000000E+30    3.426534E+01    3.424742E+01    3.421365E+01    3.416998E+01    3.412037E+01    3.406503E+01    3.401219E+01    3.396792E+01    3.398047E+01    3.399276E+01    3.400273E+01    3.400785E+01
   3.616520E+01    3.616372E+01    3.615911E+01    3.615296E+01    1.000000E+30    1.000000E+30    1.000000E+30    1.000000E+30    3.425202E+01    3.423249E+01    3.419661E+01    3.415055E+01    3.409444E+01    3.403000E+01    3.396929E+01    3.393687E+01    3.395611E+01    3.397396E+01    3.398719E+01    3.399378E+01
   3.601319E+01    3.600556E+01    3.599706E+01    3.598833E+01    1.000000E+30    1.000000E+30    1.000000E+30    1.000000E+30    3.424742E+01    3.422413E+01    3.418420E+01    3.413246E+01    3.406486E+01    3.397966E+01    3.389019E+01    3.389377E+01    3.392856E+01    3.395410E+01    3.397072E+01    3.397931E+01
   3.584766E+01    3.583463E+01    3.581542E+01    3.579787E+01    1.000000E+30    1.000000E+30    1.000000E+30    1.000000E+30    3.425568E+01    3.422334E+01    3.417654E+01    3.411859E+01    3.403990E+01    3.392194E+01    3.371763E+01    3.384528E+01    3.390649E+01    3.393889E+01    3.395750E+01    3.396669E+01
   3.566891E+01    3.565114E+01    3.561534E+01    3.557721E+01    1.000000E+30    1.000000E+30    3.439197E+01    3.434952E+01    3.428421E+01    3.422814E+01    3.417123E+01    3.411037E+01    3.403750E+01    3.395052E+01    3.386536E+01    3.387121E+01    3.390639E+01    3.393204E+01    3.394891E+01    3.395746E+01
   3.549068E+01    3.546123E+01    3.540450E+01    3.530895E+01    3.513351E+01    1.000000E+30    3.442239E+01    3.436518E+01    3.429347E+01    3.422521E+01    3.416234E+01    3.410124E+01    3.403629E+01    3.397032E+01    3.391496E+01    3.388925E+01    3.391047E+01    3.392963E+01    3.394351E+01    3.395097E+01
   3.532189E+01    3.528810E+01    3.522148E+01    3.511524E+01    3.494302E+01    3.469138E+01    3.449564E+01    3.438264E+01    3.429095E+01    3.421193E+01    3.414247E+01    3.408278E+01    3.402708E+01    3.397533E+01    3.392968E+01    3.389347E+01    3.391094E+01    3.392681E+01    3.393847E+01    3.394485E+01
   3.517399E+01    3.514289E+01    3.507700E+01    3.497641E+01    3.482936E+01    3.465216E+01    3.449401E+01    3.436930E+01    3.426643E+01    3.417676E+01    3.409942E+01    3.404920E+01    3.400728E+01    3.396782E+01    3.392810E+01    3.388885E+01    3.390622E+01    3.392133E+01    3.393212E+01    3.393763E+01
   3.504993E+01    3.502062E+01    3.495866E+01    3.486390E+01    3.473379E+01    3.458985E+01    3.445107E+01    3.433027E+01    3.422438E+01    3.412050E+01    3.401716E+01    3.399581E+01    3.397759E+01    3.395033E+01    3.391579E+01    3.387841E+01    3.389678E+01    3.391229E+01    3.392304E+01    3.392830E+01
   3.494311E+01    3.491432E+01    3.485574E+01    3.476251E+01    3.464507E+01    3.451568E+01    3.438944E+01    3.428149E+01    3.417675E+01    3.405225E+01    3.384038E+01    3.393370E+01    3.394676E+01    3.392996E+01    3.389913E+01    3.386049E+01    3.388290E+01    3.389999E+01    3.391158E+01    3.391721E+01
   3.485106E+01    3.482167E+01    3.476161E+01    3.467096E+01    3.455911E+01    3.443345E+01    3.431483E+01    3.422657E+01    3.414365E+01    3.405590E+01    3.396297E+01    3.395050E+01    3.393854E+01    3.391573E+01    3.388357E+01    3.384347E+01    3.386745E+01    3.388501E+01    3.389701E+01    3.390371E+01
   3.477249E+01    3.474191E+01    3.468054E+01    3.459255E+01    3.447945E+01    3.434362E+01    3.420224E+01    3.415813E+01    3.411123E+01    3.405290E+01    3.399495E+01    3.396007E+01    3.393193E+01    3.390207E+01    3.386712E+01    3.382664E+01    3.385157E+01    3.386939E+01    3.388125E+01    3.388803E+01
   3.470886E+01    3.467803E+01    3.461694E+01    3.452971E+01    3.441410E+01    3.425155E+01    3.397644E+01    3.408058E+01    3.407700E+01    3.403897E+01    3.399348E+01    3.395313E+01    3.391761E+01    3.388361E+01    3.384890E+01    3.381216E+01    3.383628E+01    3.385397E+01    3.386595E+01    3.387256E+01
   3.465990E+01    3.462486E+01    3.456321E+01    3.448391E+01    3.438342E+01    3.425864E+01    3.412683E+01    3.409712E+01    3.406555E+01    3.402337E+01    3.397636E+01    3.393242E+01    3.389286E+01    3.385889E+01    3.382858E+01    3.379634E+01    3.382102E+01    3.383907E+01    3.385078E+01    3.385739E+01
   3.462768E+01    3.457795E+01    3.451786E+01    3.444663E+01    3.435936E+01    3.426155E+01    3.416686E+01    3.410499E+01    3.405372E+01    3.400117E+01    3.394808E+01    3.389760E+01    3.385427E+01    3.382465E+01    3.380175E+01    3.377872E+01    3.380403E+01    3.382362E+01    3.383615E+01    3.384265E+01
   1.000000E+30    3.453245E+01    3.447424E+01    3.440561E+01    3.432845E+01    3.424458E+01    3.416184E+01    3.409378E+01    3.403307E+01    3.397195E+01    3.390862E+01    3.384713E+01    3.379735E+01    3.377852E+01    3.376758E+01    3.375531E+01    3.378472E+01    3.380677E+01    3.382137E+01    3.382882E+01
   1.000000E+30    1.000000E+30    3.442407E+01    3.435814E+01    3.428430E+01    3.420787E+01    3.413480E+01    3.406871E+01    3.400401E+01    3.393514E+01    3.386150E+01    3.378305E+01    3.370511E+01    3.371831E+01    3.372935E+01    3.372937E+01    3.376380E+01    3.378868E+01    3.380585E+01    3.381633E+01
   1.000000E+30    1.000000E+30    1.000000E+30    3.429959E+01    3.422231E+01    3.415684E+01    3.409486E+01    3.403322E+01    3.396803E+01    3.389762E+01    3.381845E+01    3.371485E+01    3.351620E+01    3.365213E+01    3.369644E+01    3.370906E+01    3.374408E+01    3.377046E+01    3.378934E+01    3.380666E+01
   1.000000E+30    1.000000E+30    1.000000E+30    1.000000E+30    3.413857E+01    3.409601E+01    3.404467E+01    3.398954E+01    3.393140E+01    3.386840E+01    3.380065E+01    3.372903E+01    3.365770E+01    3.367359E+01    3.369017E+01    3.369703E+01    3.372789E+01    3.375244E+01    3.376816E+01    1.000000E+30
   1.000000E+30    1.000000E+30    1.000000E+30    1.000000E+30    3.409137E+01    3.403186E+01    3.398676E+01    3.394099E+01    3.389145E+01    3.383990E+01    3.378760E+01    3.373761E+01    3.369857E+01    3.368896E+01    3.368801E+01    3.368628E+01    3.371363E+01    3.373732E+01    3.375555E+01    1.000000E+30
   1.000000E+30    1.000000E+30    1.000000E+30    1.000000E+30    1.000000E+30    3.394250E+01    3.392000E+01    3.388654E+01    3.384821E+01    3.380756E+01    3.376752E+01    3.373174E+01    3.370400E+01    3.368897E+01    3.368116E+01    3.367466E+01    3.369875E+01    3.372136E+01    1.000000E+30    1.000000E+30
   1.000000E+30    1.000000E+30    1.000000E+30    1.000000E+30    1.000000E+30    3.387080E+01    3.385442E+01    3.382825E+01    3.380010E+01    3.377047E+01    3.374012E+01    3.371274E+01    3.369018E+01    3.367648E+01    3.366808E+01    3.366068E+01    3.368198E+01    1.000000E+30    1.000000E+30    1.000000E+30
   1.000000E+30    1.000000E+30    1.000000E+30    1.000000E+30    1.000000E+30    3.380474E+01    3.378611E+01    3.376253E+01    3.374936E+01    3.372957E+01    3.370693E+01    3.368406E+01    3.366223E+01    3.365416E+01    3.364924E+01    3.364518E+01    1.000000E+30    1.000000E+30    1.000000E+30    1.000000E+30
