   3.652182E+01    3.649396E+01    3.643989E+01    3.636688E+01    3.627572E+01    3.616603E+01    3.604821E+01    3.592346E+01    3.579074E+01    3.564705E+01    3.549520E+01    3.533639E+01    3.516362E+01    3.497292E+01    3.476518E+01    3.454872E+01    3.460376E+01    3.464274E+01    3.466587E+01    3.467703E+01
   3.652683E+01    3.649990E+01    3.644539E+01    3.636762E+01    3.627232E+01    3.616142E+01    3.604309E+01    3.591774E+01    3.578161E+01    3.563637E+01    3.548407E+01    3.532263E+01    3.514757E+01    3.496222E+01    3.476151E+01    3.454165E+01    3.459681E+01    3.463489E+01    3.465863E+01    3.467016E+01
   3.653583E+01    3.650822E+01    3.645232E+01    3.637013E+01    3.626937E+01    3.615627E+01    3.603443E+01    3.590482E+01    3.576521E+01    3.561804E+01    3.546213E+01    3.529397E+01    3.512039E+01    3.494379E+01    3.475022E+01    3.453852E+01    3.458418E+01    3.461935E+01    3.464282E+01    3.465430E+01
   3.654952E+01    3.652073E+01    3.646125E+01    3.637579E+01    3.627009E+01    3.615088E+01    3.602145E+01    3.588309E+01    3.573795E+01    3.558657E+01    3.542955E+01    3.526195E+01    3.508986E+01    3.491429E+01    3.472388E+01    3.451531E+01    3.455975E+01    3.459372E+01    3.461645E+01    3.462831E+01
   3.657030E+01    3.654070E+01    3.647847E+01    3.638693E+01    3.627357E+01    3.614508E+01    3.600259E+01    3.585402E+01    3.570423E+01    3.554917E+01    3.538831E+01    3.521955E+01    3.505009E+01    3.487788E+01    3.469231E+01    3.448897E+01    3.452717E+01    3.455828E+01    3.458055E+01    3.459287E+01
   3.659838E+01    3.656807E+01    3.650513E+01    3.640775E+01    3.628145E+01    3.613645E+01    3.597958E+01    3.581624E+01    3.565537E+01    3.549700E+01    3.533694E+01    3.517039E+01    3.500071E+01    3.483095E+01    3.465035E+01    3.445671E+01    3.448406E+01    3.451290E+01    3.453595E+01    3.454828E+01
   3.663501E+01    3.660550E+01    3.654414E+01    3.644215E+01    3.629255E+01    3.612666E+01    3.594937E+01    3.576241E+01    3.559010E+01    3.543048E+01    3.527528E+01    3.511017E+01    3.493997E+01    3.477330E+01    3.459555E+01    3.440332E+01    3.442728E+01    3.445756E+01    3.448368E+01    3.449751E+01
   3.667826E+01    3.665443E+01    3.660248E+01    3.650696E+01    3.630824E+01    3.612066E+01    3.592075E+01    3.568260E+01    3.550180E+01    3.534659E+01    3.519620E+01    3.503480E+01    3.486932E+01    3.470244E+01    3.452490E+01    3.433494E+01    3.434831E+01    3.438782E+01    3.442437E+01    3.444383E+01
   3.672453E+01    3.670956E+01    3.668182E+01    3.664836E+01    1.000000E+30    1.000000E+30    1.000000E+30    3.553799E+01    3.537229E+01    3.523604E+01    3.509452E+01    3.494164E+01    3.478509E+01    3.462054E+01    3.444764E+01    3.425586E+01    3.422531E+01    3.430333E+01    3.436374E+01    3.439328E+01
   3.676866E+01    3.676196E+01    3.674998E+01    3.673754E+01    1.000000E+30    1.000000E+30    1.000000E+30    1.000000E+30    3.518094E+01    3.510023E+01    3.498444E+01    3.484565E+01    3.469534E+01    3.453301E+01    3.437309E+01    3.417291E+01    3.397920E+01    3.421978E+01    3.431884E+01    3.435809E+01
   3.680663E+01    3.680523E+01    3.680177E+01    3.679885E+01    1.000000E+30    1.000000E+30    1.000000E+30    1.000000E+30    3.504129E+01    3.498671E+01    3.489029E+01    3.475936E+01    3.460243E+01    3.441850E+01    3.431638E+01    3.419448E+01    3.417521E+01    3.425447E+01    3.431365E+01    3.434420E+01
   3.683461E+01    3.683496E+01    3.683509E+01    3.683579E+01    1.000000E+30    1.000000E+30    1.000000E+30    1.000000E+30    3.494469E+01    3.490076E+01    3.481464E+01    3.468726E+01    3.450851E+01    3.419169E+01    3.426282E+01    3.420893E+01    3.424208E+01    3.428742E+01    3.432402E+01    3.434451E+01
   3.684763E+01    3.684741E+01    3.684820E+01    3.684912E+01    1.000000E+30    1.000000E+30    1.000000E+30    1.000000E+30    3.487461E+01    3.483800E+01    3.476581E+01    3.466000E+01    3.452669E+01    3.437468E+01    3.431148E+01    3.423931E+01    3.427596E+01    3.431069E+01    3.433726E+01    3.435202E+01
   3.684303E+01    3.684241E+01    3.684253E+01    3.684256E+01    1.000000E+30    1.000000E+30    1.000000E+30    1.000000E+30    3.482666E+01    3.479586E+01    3.473489E+01    3.465000E+01    3.454592E+01    3.443625E+01    3.434706E+01    3.425740E+01    3.429474E+01    3.432579E+01    3.434816E+01    3.436074E+01
   3.681778E+01    3.681681E+01    3.681621E+01    3.681528E+01    1.000000E+30    1.000000E+30    1.000000E+30    1.000000E+30    3.479161E+01    3.476479E+01    3.471316E+01    3.464100E+01    3.455355E+01    3.445741E+01    3.436279E+01    3.426813E+01    3.430387E+01    3.433354E+01    3.435463E+01    3.436621E+01
   3.676872E+01    3.676752E+01    3.676633E+01    3.676747E+01    1.000000E+30    1.000000E+30    1.000000E+30    1.000000E+30    3.476482E+01    3.474036E+01    3.469372E+01    3.462746E+01    3.454865E+01    3.445910E+01    3.436430E+01    3.426831E+01    3.430409E+01    3.433376E+01    3.435469E+01    3.436556E+01
   3.669640E+01    3.669507E+01    3.669243E+01    3.669259E+01    1.000000E+30    1.000000E+30    1.000000E+30    1.000000E+30    3.474291E+01    3.471911E+01    3.467400E+01    3.461022E+01    3.453467E+01    3.444718E+01    3.435133E+01    3.425444E+01    3.429322E+01    3.432557E+01    3.434812E+01    3.435937E+01
   3.659791E+01    3.659618E+01    3.659324E+01    3.658974E+01    1.000000E+30    1.000000E+30    1.000000E+30    1.000000E+30    3.472499E+01    3.470077E+01    3.465402E+01    3.459045E+01    3.451368E+01    3.442245E+01    3.432436E+01    3.422558E+01    3.427216E+01    3.430895E+01    3.433515E+01    3.434813E+01
   3.647473E+01    3.647371E+01    3.646979E+01    3.646473E+01    1.000000E+30    1.000000E+30    1.000000E+30    1.000000E+30    3.471278E+01    3.468691E+01    3.463778E+01    3.457152E+01    3.448708E+01    3.438484E+01    3.427668E+01    3.419096E+01    3.424400E+01    3.428703E+01    3.431709E+01    3.433192E+01
   3.634038E+01    3.633427E+01    3.632705E+01    3.631992E+01    1.000000E+30    1.000000E+30    1.000000E+30    1.000000E+30    3.470931E+01    3.467968E+01    3.462620E+01    3.455406E+01    3.445600E+01    3.432891E+01    3.418655E+01    3.414117E+01    3.421180E+01    3.426265E+01    3.429598E+01    3.431302E+01
   3.619286E+01    3.618240E+01    3.616594E+01    3.615133E+01    1.000000E+30    1.000000E+30    1.000000E+30    1.000000E+30    3.471930E+01    3.467981E+01    3.461931E+01    3.454048E+01    3.442955E+01    3.426366E+01    3.398696E+01    3.408634E+01    3.418627E+01    3.424423E+01    3.427870E+01    3.429569E+01
   3.603311E+01    3.601843E+01    3.598725E+01    3.595342E+01    1.000000E+30    1.000000E+30    3.486649E+01    3.482107E+01    3.474989E+01    3.468442E+01    3.461303E+01    3.453116E+01    3.442696E+01    3.429663E+01    3.415914E+01    3.411977E+01    3.418640E+01    3.423520E+01    3.426683E+01    3.428248E+01
   3.587225E+01    3.584745E+01    3.579710E+01    3.571121E+01    3.555280E+01    1.000000E+30    3.489413E+01    3.483533E+01    3.475795E+01    3.468014E+01    3.460246E+01    3.451965E+01    3.442368E+01    3.431761E+01    3.421623E+01    3.414154E+01    3.419077E+01    3.423119E+01    3.425853E+01    3.427207E+01
   3.571902E+01    3.569008E+01    3.563090E+01    3.553518E+01    3.537755E+01    3.514479E+01    3.496053E+01    3.484890E+01    3.475234E+01    3.466387E+01    3.457932E+01    3.449727E+01    3.441098E+01    3.432175E+01    3.423092E+01    3.414227E+01    3.418846E+01    3.422503E+01    3.424949E+01    3.426198E+01
   3.558450E+01    3.555697E+01    3.549820E+01    3.540762E+01    3.527252E+01    3.510754E+01    3.495643E+01    3.483236E+01    3.472364E+01    3.462335E+01    3.452991E+01    3.445868E+01    3.438777E+01    3.431162E+01    3.422644E+01    3.413218E+01    3.417842E+01    3.421449E+01    3.423856E+01    3.424979E+01
   3.546970E+01    3.544362E+01    3.538841E+01    3.530261E+01    3.518268E+01    3.504694E+01    3.491211E+01    3.478975E+01    3.467649E+01    3.455934E+01    3.443508E+01    3.439742E+01    3.435296E+01    3.428941E+01    3.420783E+01    3.411615E+01    3.416270E+01    3.419952E+01    3.422406E+01    3.423533E+01
   3.536873E+01    3.534377E+01    3.529132E+01    3.520685E+01    3.509737E+01    3.497357E+01    3.484875E+01    3.473746E+01    3.462325E+01    3.448026E+01    3.422690E+01    3.432328E+01    3.431487E+01    3.426169E+01    3.418276E+01    3.408559E+01    3.414086E+01    3.418105E+01    3.420658E+01    3.421884E+01
   3.528149E+01    3.525577E+01    3.520164E+01    3.511815E+01    3.501278E+01    3.489071E+01    3.477160E+01    3.467888E+01    3.458628E+01    3.448314E+01    3.436816E+01    3.433877E+01    3.430029E+01    3.423992E+01    3.415976E+01    3.405987E+01    3.411906E+01    3.416039E+01    3.418653E+01    3.420013E+01
   3.520705E+01    3.517929E+01    3.512300E+01    3.504039E+01    3.493166E+01    3.479742E+01    3.465363E+01    3.460481E+01    3.454854E+01    3.447633E+01    3.440024E+01    3.434375E+01    3.428583E+01    3.421872E+01    3.413602E+01    3.403662E+01    3.409791E+01    3.414000E+01    3.416637E+01    3.418035E+01
   3.514669E+01    3.511770E+01    3.506022E+01    3.497661E+01    3.486345E+01    3.469989E+01    3.441684E+01    3.451931E+01    3.450644E+01    3.445466E+01    3.439153E+01    3.432849E+01    3.426307E+01    3.419205E+01    3.411213E+01    3.402110E+01    3.408019E+01    3.412170E+01    3.414803E+01    3.416200E+01
   3.509923E+01    3.506501E+01    3.500491E+01    3.492726E+01    3.482762E+01    3.470075E+01    3.456372E+01    3.452743E+01    3.448528E+01    3.442907E+01    3.436444E+01    3.429797E+01    3.422950E+01    3.416047E+01    3.408885E+01    3.400576E+01    3.406440E+01    3.410523E+01    3.413085E+01    3.414516E+01
   3.506723E+01    3.501735E+01    3.495655E+01    3.488455E+01    3.479548E+01    3.469428E+01    3.459434E+01    3.452438E+01    3.446207E+01    3.439557E+01    3.432524E+01    3.425278E+01    3.418166E+01    3.412054E+01    3.406015E+01    3.399124E+01    3.404842E+01    3.408978E+01    3.411580E+01    3.412964E+01
   1.000000E+30    3.496963E+01    3.490824E+01    3.483623E+01    3.475496E+01    3.466663E+01    3.457782E+01    3.450130E+01    3.442933E+01    3.435429E+01    3.427367E+01    3.419000E+01    3.411351E+01    3.406713E+01    3.402293E+01    3.396609E+01    3.402865E+01    3.407275E+01    3.410120E+01    3.411566E+01
   1.000000E+30    1.000000E+30    3.485259E+01    3.478064E+01    3.470063E+01    3.461830E+01    3.453844E+01    3.446361E+01    3.438757E+01    3.430453E+01    3.421281E+01    3.411032E+01    3.400221E+01    3.399478E+01    3.397773E+01    3.393600E+01    3.400525E+01    3.405312E+01    3.408438E+01    3.410257E+01
   1.000000E+30    1.000000E+30    1.000000E+30    3.471385E+01    3.462665E+01    3.455374E+01    3.448487E+01    3.441429E+01    3.433730E+01    3.425223E+01    3.415415E+01    3.402277E+01    3.377245E+01    3.391313E+01    3.393697E+01    3.391465E+01    3.398182E+01    3.403129E+01    3.406459E+01    3.409182E+01
   1.000000E+30    1.000000E+30    1.000000E+30    1.000000E+30    3.452727E+01    3.447703E+01    3.441773E+01    3.435385E+01    3.428469E+01    3.420756E+01    3.412273E+01    3.402980E+01    3.393251E+01    3.393234E+01    3.392569E+01    3.390054E+01    3.396068E+01    3.400760E+01    3.403584E+01    1.000000E+30
   1.000000E+30    1.000000E+30    1.000000E+30    1.000000E+30    3.446892E+01    3.439293E+01    3.433859E+01    3.428455E+01    3.422536E+01    3.416110E+01    3.409424E+01    3.402704E+01    3.396892E+01    3.394042E+01    3.391576E+01    3.388280E+01    3.393909E+01    3.398517E+01    3.401800E+01    1.000000E+30
   1.000000E+30    1.000000E+30    1.000000E+30    1.000000E+30    1.000000E+30    3.427064E+01    3.424430E+01    3.420460E+01    3.415816E+01    3.410680E+01    3.405463E+01    3.400492E+01    3.396123E+01    3.392776E+01    3.389767E+01    3.386254E+01    3.391411E+01    3.395902E+01    1.000000E+30    1.000000E+30
   1.000000E+30    1.000000E+30    1.000000E+30    1.000000E+30    1.000000E+30    3.416495E+01    3.414637E+01    3.411514E+01    3.407991E+01    3.404199E+01    3.400259E+01    3.396461E+01    3.392833E+01    3.389783E+01    3.386930E+01    3.383680E+01    3.388382E+01    1.000000E+30    1.000000E+30    1.000000E+30
   1.000000E+30    1.000000E+30    1.000000E+30    1.000000E+30    1.000000E+30    3.405905E+01    3.403878E+01    3.400940E+01    3.399135E+01    3.396563E+01    3.393859E+01    3.390892E+01    3.387576E+01    3.385229E+01    3.383007E+01    3.380570E+01    1.000000E+30    1.000000E+30    1.000000E+30    1.000000E+30
