   3.650105E+01    3.647279E+01    3.641858E+01    3.634530E+01    3.625394E+01    3.614390E+01    3.602526E+01    3.590024E+01    3.576794E+01    3.562428E+01    3.547280E+01    3.531420E+01    3.514193E+01    3.495300E+01    3.474718E+01    3.453426E+01    3.458652E+01    3.462333E+01    3.464574E+01    3.465678E+01
   3.650558E+01    3.647853E+01    3.642363E+01    3.634590E+01    3.625029E+01    3.613909E+01    3.602061E+01    3.589499E+01    3.575897E+01    3.561403E+01    3.546191E+01    3.530130E+01    3.512733E+01    3.494327E+01    3.474468E+01    3.452818E+01    3.458045E+01    3.461662E+01    3.463980E+01    3.465112E+01
   3.651435E+01    3.648652E+01    3.643014E+01    3.634825E+01    3.624723E+01    3.613425E+01    3.601240E+01    3.588265E+01    3.574331E+01    3.559615E+01    3.544081E+01    3.527363E+01    3.510153E+01    3.492633E+01    3.473520E+01    3.452618E+01    3.457012E+01    3.460379E+01    3.462676E+01    3.463801E+01
   3.652814E+01    3.649889E+01    3.643926E+01    3.635399E+01    3.624819E+01    3.612924E+01    3.599969E+01    3.586149E+01    3.571672E+01    3.556599E+01    3.541005E+01    3.524361E+01    3.507308E+01    3.489928E+01    3.471135E+01    3.450561E+01    3.454920E+01    3.458246E+01    3.460449E+01    3.461575E+01
   3.654881E+01    3.651909E+01    3.645686E+01    3.636551E+01    3.625217E+01    3.612424E+01    3.598201E+01    3.583368E+01    3.568476E+01    3.553077E+01    3.537115E+01    3.520384E+01    3.503679E+01    3.486716E+01    3.468392E+01    3.448323E+01    3.452192E+01    3.455301E+01    3.457487E+01    3.458684E+01
   3.657694E+01    3.654659E+01    3.648343E+01    3.638623E+01    3.626036E+01    3.611615E+01    3.596018E+01    3.579760E+01    3.563805E+01    3.548146E+01    3.532309E+01    3.515875E+01    3.499224E+01    3.482589E+01    3.464851E+01    3.445759E+01    3.448771E+01    3.451699E+01    3.453895E+01    3.455085E+01
   3.661426E+01    3.658474E+01    3.652289E+01    3.642115E+01    3.627180E+01    3.610686E+01    3.593114E+01    3.574586E+01    3.557557E+01    3.541855E+01    3.526592E+01    3.510436E+01    3.493843E+01    3.477626E+01    3.460292E+01    3.441376E+01    3.444448E+01    3.447476E+01    3.449865E+01    3.451037E+01
   3.665847E+01    3.663443E+01    3.658198E+01    3.648624E+01    3.628730E+01    3.610091E+01    3.590301E+01    3.566847E+01    3.549085E+01    3.533897E+01    3.519280E+01    3.503674E+01    3.487785E+01    3.471706E+01    3.454562E+01    3.436054E+01    3.438887E+01    3.442468E+01    3.445401E+01    3.446883E+01
   3.670526E+01    3.669008E+01    3.666205E+01    3.662828E+01    1.000000E+30    1.000000E+30    1.000000E+30    3.552681E+01    3.536510E+01    3.523337E+01    3.509807E+01    3.495364E+01    3.480684E+01    3.465176E+01    3.448695E+01    3.430572E+01    3.431268E+01    3.436824E+01    3.440939E+01    3.443021E+01
   3.674980E+01    3.674262E+01    3.673033E+01    3.671775E+01    1.000000E+30    1.000000E+30    1.000000E+30    1.000000E+30    3.517968E+01    3.510322E+01    3.499561E+01    3.486904E+01    3.473340E+01    3.458578E+01    3.443314E+01    3.425336E+01    3.417831E+01    3.431504E+01    3.437570E+01    3.440144E+01
   3.678797E+01    3.678592E+01    3.678159E+01    3.677830E+01    1.000000E+30    1.000000E+30    1.000000E+30    1.000000E+30    3.504394E+01    3.499416E+01    3.490794E+01    3.479390E+01    3.466090E+01    3.450622E+01    3.439068E+01    3.426169E+01    3.427032E+01    3.432435E+01    3.436395E+01    3.438526E+01
   3.681515E+01    3.681496E+01    3.681486E+01    3.681493E+01    1.000000E+30    1.000000E+30    1.000000E+30    1.000000E+30    3.494850E+01    3.490988E+01    3.483535E+01    3.472879E+01    3.458860E+01    3.436787E+01    3.435191E+01    3.426451E+01    3.429954E+01    3.433584E+01    3.436324E+01    3.437831E+01
   3.682764E+01    3.682706E+01    3.682749E+01    3.682826E+01    1.000000E+30    1.000000E+30    1.000000E+30    1.000000E+30    3.487820E+01    3.484634E+01    3.478363E+01    3.469328E+01    3.458234E+01    3.445505E+01    3.437073E+01    3.427840E+01    3.431229E+01    3.434309E+01    3.436529E+01    3.437753E+01
   3.682223E+01    3.682145E+01    3.682127E+01    3.682136E+01    1.000000E+30    1.000000E+30    1.000000E+30    1.000000E+30    3.482826E+01    3.480106E+01    3.474711E+01    3.467198E+01    3.457947E+01    3.447778E+01    3.438170E+01    3.428194E+01    3.431760E+01    3.434656E+01    3.436635E+01    3.437751E+01
   3.679631E+01    3.679527E+01    3.679430E+01    3.679365E+01    1.000000E+30    1.000000E+30    1.000000E+30    1.000000E+30    3.479071E+01    3.476646E+01    3.471943E+01    3.465310E+01    3.457137E+01    3.447895E+01    3.438206E+01    3.428244E+01    3.431661E+01    3.434546E+01    3.436502E+01    3.437591E+01
   3.674700E+01    3.674573E+01    3.674410E+01    3.674526E+01    1.000000E+30    1.000000E+30    1.000000E+30    1.000000E+30    3.476181E+01    3.473920E+01    3.469520E+01    3.463304E+01    3.455778E+01    3.447061E+01    3.437521E+01    3.427675E+01    3.431149E+01    3.434000E+01    3.435950E+01    3.436993E+01
   3.667530E+01    3.667317E+01    3.667040E+01    3.667031E+01    1.000000E+30    1.000000E+30    1.000000E+30    1.000000E+30    3.473898E+01    3.471641E+01    3.467326E+01    3.461272E+01    3.454015E+01    3.445529E+01    3.435964E+01    3.426059E+01    3.429757E+01    3.432816E+01    3.434950E+01    3.436041E+01
   3.657721E+01    3.657505E+01    3.657182E+01    3.656802E+01    1.000000E+30    1.000000E+30    1.000000E+30    1.000000E+30    3.472082E+01    3.469804E+01    3.465330E+01    3.459276E+01    3.451976E+01    3.443199E+01    3.433471E+01    3.423265E+01    3.427672E+01    3.431086E+01    3.433491E+01    3.434698E+01
   3.645412E+01    3.645255E+01    3.644817E+01    3.644256E+01    1.000000E+30    1.000000E+30    1.000000E+30    1.000000E+30    3.471017E+01    3.468569E+01    3.463882E+01    3.457626E+01    3.449740E+01    3.440153E+01    3.429736E+01    3.420419E+01    3.425198E+01    3.429011E+01    3.431684E+01    3.433030E+01
   3.631966E+01    3.631333E+01    3.630575E+01    3.629807E+01    1.000000E+30    1.000000E+30    1.000000E+30    1.000000E+30    3.470916E+01    3.468102E+01    3.463042E+01    3.456297E+01    3.447378E+01    3.436075E+01    3.423460E+01    3.416659E+01    3.422545E+01    3.426818E+01    3.429657E+01    3.431150E+01
   3.617273E+01    3.616200E+01    3.614563E+01    3.613155E+01    1.000000E+30    1.000000E+30    1.000000E+30    1.000000E+30    3.472266E+01    3.468450E+01    3.462700E+01    3.455348E+01    3.445404E+01    3.431488E+01    3.410545E+01    3.412766E+01    3.420424E+01    3.425091E+01    3.427977E+01    3.429421E+01
   3.601434E+01    3.599972E+01    3.596925E+01    3.593638E+01    1.000000E+30    1.000000E+30    3.487281E+01    3.482811E+01    3.475717E+01    3.469344E+01    3.462463E+01    3.454674E+01    3.444990E+01    3.433204E+01    3.420858E+01    3.414609E+01    3.420016E+01    3.424025E+01    3.426682E+01    3.428007E+01
   3.585611E+01    3.583154E+01    3.578237E+01    3.569886E+01    3.554419E+01    1.000000E+30    3.490192E+01    3.484485E+01    3.477004E+01    3.469500E+01    3.461976E+01    3.453848E+01    3.444477E+01    3.434180E+01    3.424164E+01    3.415675E+01    3.419884E+01    3.423323E+01    3.425656E+01    3.426839E+01
   3.570502E+01    3.567635E+01    3.561916E+01    3.552676E+01    3.537414E+01    3.514848E+01    3.496983E+01    3.486318E+01    3.477157E+01    3.468800E+01    3.460628E+01    3.452290E+01    3.443366E+01    3.434143E+01    3.424653E+01    3.415080E+01    3.419171E+01    3.422404E+01    3.424579E+01    3.425689E+01
   3.557216E+01    3.554531E+01    3.548891E+01    3.540218E+01    3.527258E+01    3.511415E+01    3.497037E+01    3.485363E+01    3.475339E+01    3.466184E+01    3.457422E+01    3.449654E+01    3.441601E+01    3.433152E+01    3.423921E+01    3.413761E+01    3.417852E+01    3.421110E+01    3.423286E+01    3.424303E+01
   3.545954E+01    3.543445E+01    3.538215E+01    3.530087E+01    3.518701E+01    3.505901E+01    3.493311E+01    3.482041E+01    3.471908E+01    3.461920E+01    3.451458E+01    3.445529E+01    3.439029E+01    3.431204E+01    3.422009E+01    3.412062E+01    3.416141E+01    3.419430E+01    3.421666E+01    3.422658E+01
   3.536034E+01    3.533696E+01    3.528781E+01    3.520906E+01    3.510673E+01    3.499277E+01    3.487853E+01    3.477682E+01    3.467706E+01    3.456380E+01    3.439007E+01    3.440484E+01    3.436049E+01    3.428693E+01    3.419540E+01    3.408937E+01    3.413845E+01    3.417462E+01    3.419774E+01    3.420891E+01
   3.527447E+01    3.525036E+01    3.520062E+01    3.512423E+01    3.502838E+01    3.491954E+01    3.481300E+01    3.472566E+01    3.464063E+01    3.455102E+01    3.445341E+01    3.440073E+01    3.434031E+01    3.426339E+01    3.417150E+01    3.406273E+01    3.411572E+01    3.415311E+01    3.417688E+01    3.418930E+01
   3.520109E+01    3.517513E+01    3.512374E+01    3.504969E+01    3.495400E+01    3.483938E+01    3.471795E+01    3.466126E+01    3.460113E+01    3.453016E+01    3.445537E+01    3.438846E+01    3.431765E+01    3.423876E+01    3.414583E+01    3.403857E+01    3.409413E+01    3.413227E+01    3.415618E+01    3.416890E+01
   3.514131E+01    3.511424E+01    3.506172E+01    3.498743E+01    3.489001E+01    3.475676E+01    3.454248E+01    3.458784E+01    3.455631E+01    3.449876E+01    3.443210E+01    3.436282E+01    3.428956E+01    3.421003E+01    3.412172E+01    3.402303E+01    3.407641E+01    3.411398E+01    3.413813E+01    3.415062E+01
   3.509401E+01    3.506152E+01    3.500575E+01    3.493596E+01    3.484833E+01    3.473991E+01    3.462393E+01    3.457639E+01    3.452543E+01    3.446523E+01    3.439843E+01    3.432918E+01    3.425588E+01    3.417995E+01    3.410052E+01    3.400931E+01    3.406142E+01    3.409807E+01    3.412147E+01    3.413409E+01
   3.506244E+01    3.501375E+01    3.495579E+01    3.488940E+01    3.480815E+01    3.471772E+01    3.462701E+01    3.455672E+01    3.449286E+01    3.442653E+01    3.435762E+01    3.428698E+01    3.421475E+01    3.414616E+01    3.407605E+01    3.399685E+01    3.404702E+01    3.408376E+01    3.410726E+01    3.411939E+01
   1.000000E+30    3.496559E+01    3.490588E+01    3.483731E+01    3.476051E+01    3.467884E+01    3.459573E+01    3.452262E+01    3.445367E+01    3.438324E+01    3.430964E+01    3.423448E+01    3.416243E+01    3.410508E+01    3.404654E+01    3.397525E+01    3.402911E+01    3.406799E+01    3.409341E+01    3.410608E+01
   1.000000E+30    1.000000E+30    3.484894E+01    3.477867E+01    3.470154E+01    3.462294E+01    3.454773E+01    3.447766E+01    3.440755E+01    3.433348E+01    3.425564E+01    3.417369E+01    3.408802E+01    3.405263E+01    3.401024E+01    3.394907E+01    3.400768E+01    3.404940E+01    3.407720E+01    3.409329E+01
   1.000000E+30    1.000000E+30    1.000000E+30    3.471083E+01    3.462433E+01    3.455367E+01    3.448818E+01    3.442294E+01    3.435351E+01    3.428049E+01    3.420167E+01    3.410736E+01    3.395262E+01    3.399434E+01    3.397557E+01    3.392942E+01    3.398551E+01    3.402840E+01    3.405838E+01    3.408326E+01
   1.000000E+30    1.000000E+30    1.000000E+30    1.000000E+30    3.452212E+01    3.447311E+01    3.441662E+01    3.435770E+01    3.429563E+01    3.422944E+01    3.416018E+01    3.408798E+01    3.401312E+01    3.398700E+01    3.395541E+01    3.391246E+01    3.396375E+01    3.400511E+01    3.403077E+01    1.000000E+30
   1.000000E+30    1.000000E+30    1.000000E+30    1.000000E+30    3.446161E+01    3.438599E+01    3.433383E+01    3.428425E+01    3.423102E+01    3.417475E+01    3.411775E+01    3.406109E+01    3.400922E+01    3.397143E+01    3.393394E+01    3.389018E+01    3.394020E+01    3.398242E+01    3.401347E+01    1.000000E+30
   1.000000E+30    1.000000E+30    1.000000E+30    1.000000E+30    1.000000E+30    3.426146E+01    3.423675E+01    3.420047E+01    3.415893E+01    3.411333E+01    3.406726E+01    3.402271E+01    3.398126E+01    3.394367E+01    3.390736E+01    3.386609E+01    3.391386E+01    3.395606E+01    1.000000E+30    1.000000E+30
   1.000000E+30    1.000000E+30    1.000000E+30    1.000000E+30    1.000000E+30    3.415482E+01    3.413731E+01    3.410865E+01    3.407708E+01    3.404322E+01    3.400783E+01    3.397283E+01    3.393722E+01    3.390505E+01    3.387351E+01    3.383796E+01    3.388278E+01    1.000000E+30    1.000000E+30    1.000000E+30
   1.000000E+30    1.000000E+30    1.000000E+30    1.000000E+30    1.000000E+30    3.404876E+01    3.402962E+01    3.400214E+01    3.398695E+01    3.396424E+01    3.394021E+01    3.391248E+01    3.387951E+01    3.385513E+01    3.383146E+01    3.380616E+01    1.000000E+30    1.000000E+30    1.000000E+30    1.000000E+30
