 39.76966691381811358496634056791663169860839843750000000000000000000000000000000000000 39.01212858714865916454073158092796802520751953125000000000000000000000000000000000000 39.26708842676028865525950095616281032562255859375000000000000000000000000000000000000 38.78230999973866488517160178162157535552978515625000000000000000000000000000000000000 39.081974087125054495572840096428990364074707031250000000000000000000000000000000000000 40.237996199889416004680242622271180152893066406250000000000000000000000000000000000000 37.563978323907257106384349754080176353454589843750000000000000000000000000000000000000 36.591069169845091835213679587468504905700683593750000000000000000000000000000000000000 39.252562677036927141216438030824065208435058593750000000000000000000000000000000000000 37.205069312280130588987958617508411407470703125000000000000000000000000000000000000000 38.2299259793153254349817871116101741790771484375000000000000000000000000000000000000000 36.4375042689773991355650650802999734878540039062500000000000000000000000000000000000000 34.6088995338600184936694859061390161514282226562500000000000000000000000000000000000000 37.2616947908681765966321108862757682800292968750000000000000000000000000000000000000000 34.7951873912916980202680861111730337142944335937500000000000000000000000000000000000000 34.7332281293093103613500716164708137512207031250000000000000000000000000000000000000000 38.1845467983384097010457480791956186294555664062500000000000000000000000000000000000000 34.6318657088767380969329678919166326522827148437500000000000000000000000000000000000000 35.0414290616093850871948234271258115768432617187500000000000000000000000000000000000000 35.6450819645424132886546431109309196472167968750000000000000000000000000000000000000000
 39.03830780496704733195656444877386093139648437500000000000000000000000000000000000000 39.70341944508788145640210132114589214324951171875000000000000000000000000000000000000 38.41539016476206569450368988327682018280029296875000000000000000000000000000000000000 39.08382487115101611152567784301936626434326171875000000000000000000000000000000000000 38.531251352048762726099084829911589622497558593750000000000000000000000000000000000000 37.627943462016325781860359711572527885437011718750000000000000000000000000000000000000 39.141571824682507951820298330858349800109863281250000000000000000000000000000000000000 37.868303071781248547722498187795281410217285156250000000000000000000000000000000000000 37.045331969221784618184756254777312278747558593750000000000000000000000000000000000000 38.932158343812879763845558045431971549987792968750000000000000000000000000000000000000 36.3425667847686781897209584712982177734375000000000000000000000000000000000000000000000 37.6997817983822827159201551694422960281372070312500000000000000000000000000000000000000 37.3554045847788032119751733262091875076293945312500000000000000000000000000000000000000 36.2572058614073213789197325240820646286010742187500000000000000000000000000000000000000 36.4290119035644082146063738036900758743286132812500000000000000000000000000000000000000 36.5604372423454435647727223113179206848144531250000000000000000000000000000000000000000 35.0486336273842127297939441632479429244995117187500000000000000000000000000000000000000 33.8095790219729650516455876640975475311279296875000000000000000000000000000000000000000 36.0281909266389774870731343980878591537475585937500000000000000000000000000000000000000 35.9459761853432056000201555434614419937133789062500000000000000000000000000000000000000
 39.38727877578947556003186036832630634307861328125000000000000000000000000000000000000 39.73765180872226920882894773967564105987548828125000000000000000000000000000000000000 38.08910623638912795740907313302159309387207031250000000000000000000000000000000000000 39.22638220709963974286438315175473690032958984375000000000000000000000000000000000000 37.435449905668036763017880730330944061279296875000000000000000000000000000000000000000 39.098549030049888131088664522394537925720214843750000000000000000000000000000000000000 39.345502890025990438971348339691758155822753906250000000000000000000000000000000000000 38.140002926027484875248774187639355659484863281250000000000000000000000000000000000000 39.123762155202015833310724701732397079467773437500000000000000000000000000000000000000 36.315617821141316312605340499430894851684570312500000000000000000000000000000000000000 36.4664558567758376739220693707466125488281250000000000000000000000000000000000000000000 35.7843081570479100150805606972426176071166992187500000000000000000000000000000000000000 36.5873762325633506975464115384966135025024414062500000000000000000000000000000000000000 34.8720633049514034951243957038968801498413085937500000000000000000000000000000000000000 37.4565485723748494706342171411961317062377929687500000000000000000000000000000000000000 33.6939175902203444934457365889102220535278320312500000000000000000000000000000000000000 37.1165867717254869262433203402906656265258789062500000000000000000000000000000000000000 35.1592332294189802155415236484259366989135742187500000000000000000000000000000000000000 36.7573189039977776815248944330960512161254882812500000000000000000000000000000000000000 37.1733461940565703685024345759302377700805664062500000000000000000000000000000000000000
 40.51427830063666135629318887367844581604003906250000000000000000000000000000000000000 38.93130200623361503176056430675089359283447265625000000000000000000000000000000000000 38.88656807725568143041527946479618549346923828125000000000000000000000000000000000000 38.89764143038920707340366789139807224273681640625000000000000000000000000000000000000 37.562053365035886542955267941579222679138183593750000000000000000000000000000000000000 38.610791226984396473653760040178894996643066406250000000000000000000000000000000000000 36.575352177201708059328666422516107559204101562500000000000000000000000000000000000000 37.205153554977805185899342177435755729675292968750000000000000000000000000000000000000 36.313878018246455781081749591976404190063476562500000000000000000000000000000000000000 35.934374178373658992313721682876348495483398437500000000000000000000000000000000000000 37.5221119567876471023737394716590642929077148437500000000000000000000000000000000000000 36.4111065635857187317014904692769050598144531250000000000000000000000000000000000000000 35.1483538348327471112497732974588871002197265625000000000000000000000000000000000000000 33.5989333767655580231803469359874725341796875000000000000000000000000000000000000000000 34.9009147413018894212655141018331050872802734375000000000000000000000000000000000000000 34.4961044836260555257467785850167274475097656250000000000000000000000000000000000000000 35.9547571303482556004382786341011524200439453125000000000000000000000000000000000000000 36.5910576769786999307143560145050287246704101562500000000000000000000000000000000000000 35.2900641913878487798683636356145143508911132812500000000000000000000000000000000000000 33.7406257682894690219654876273125410079956054687500000000000000000000000000000000000000
 39.77576352184049568450063816271722316741943359375000000000000000000000000000000000000 39.76816103904356936027397750876843929290771484375000000000000000000000000000000000000 40.00213464962939013958020950667560100555419921875000000000000000000000000000000000000 40.15913689803073793882504105567932128906250000000000000000000000000000000000000000000 38.384688335183362539737572660669684410095214843750000000000000000000000000000000000000 39.887334658883432325637841131538152694702148437500000000000000000000000000000000000000 38.883132099668380021739721996709704399108886718750000000000000000000000000000000000000 37.124550622879162631306826369836926460266113281250000000000000000000000000000000000000 37.474343935915257475244288798421621322631835937500000000000000000000000000000000000000 36.934365386675054310217092279344797134399414062500000000000000000000000000000000000000 36.8646016164411349791407701559364795684814453125000000000000000000000000000000000000000 34.3736697916497249138956249225884675979614257812500000000000000000000000000000000000000 36.0230371332427736774661752860993146896362304687500000000000000000000000000000000000000 36.7727819964895843440899625420570373535156250000000000000000000000000000000000000000000 34.5278055624646142973688256461173295974731445312500000000000000000000000000000000000000 33.8031653986309805759447044692933559417724609375000000000000000000000000000000000000000 34.0143760175075442475645104423165321350097656250000000000000000000000000000000000000000 34.0157492176729334687479422427713871002197265625000000000000000000000000000000000000000 35.1925942351254050777242809999734163284301757812500000000000000000000000000000000000000 36.0328546968776990411242877598851919174194335937500000000000000000000000000000000000000
 38.88264215376622701114683877676725387573242187500000000000000000000000000000000000000 39.03158333363376186753157526254653930664062500000000000000000000000000000000000000000 37.88921768210408913546416442841291427612304687500000000000000000000000000000000000000 37.80552348096536263710731873288750648498535156250000000000000000000000000000000000000 38.925873930109553100464836461469531059265136718750000000000000000000000000000000000000 38.663492343073151857879565795883536338806152343750000000000000000000000000000000000000 39.278673482031912556067254627123475074768066406250000000000000000000000000000000000000 37.020475359335414111683348892256617546081542968750000000000000000000000000000000000000 36.665167126415738607647654134780168533325195312500000000000000000000000000000000000000 37.852034280309183600365940947085618972778320312500000000000000000000000000000000000000 36.2438370927614883498790732119232416152954101562500000000000000000000000000000000000000 34.9027494026500662016587739344686269760131835937500000000000000000000000000000000000000 35.3172345590650138547061942517757415771484375000000000000000000000000000000000000000000 36.0387098524664324372679402586072683334350585937500000000000000000000000000000000000000 35.8477120687001402643545588944107294082641601562500000000000000000000000000000000000000 35.4862291614646920834275078959763050079345703125000000000000000000000000000000000000000 34.0153294156368559697511955164372920989990234375000000000000000000000000000000000000000 35.7703538149955448943728697486221790313720703125000000000000000000000000000000000000000 33.5823051358703352775592065881937742233276367187500000000000000000000000000000000000000 36.3317906649294144472150946967303752899169921875000000000000000000000000000000000000000
 39.32545581801299050539455492980778217315673828125000000000000000000000000000000000000 40.04659097538809220395705779083073139190673828125000000000000000000000000000000000000 37.73979840498613214094802970066666603088378906250000000000000000000000000000000000000 39.24224608305198103153088595718145370483398437500000000000000000000000000000000000000 38.451487945465380846599146025255322456359863281250000000000000000000000000000000000000 38.501644473397391266189515590667724609375000000000000000000000000000000000000000000000 39.691166203887057406518579227849841117858886718750000000000000000000000000000000000000 37.281098483816712985117192147299647331237792968750000000000000000000000000000000000000 36.418149097581576256743574049323797225952148437500000000000000000000000000000000000000 38.156674400634742028159962501376867294311523437500000000000000000000000000000000000000 35.5628459641266871926745807286351919174194335937500000000000000000000000000000000000000 36.0955531814057124506689433474093675613403320312500000000000000000000000000000000000000 34.2093788519363499744940781965851783752441406250000000000000000000000000000000000000000 35.4020162644521079187143186572939157485961914062500000000000000000000000000000000000000 36.4690053248427403786990907974541187286376953125000000000000000000000000000000000000000 34.2248011431354655087488936260342597961425781250000000000000000000000000000000000000000 34.6995651645409282082255231216549873352050781250000000000000000000000000000000000000000 35.0357582259594124707291484810411930084228515625000000000000000000000000000000000000000 37.8158238038412122250520042143762111663818359375000000000000000000000000000000000000000 34.0646122592841678056174714583903551101684570312500000000000000000000000000000000000000
 40.64901494346403154622748843394219875335693359375000000000000000000000000000000000000 40.10257927672076760927666327916085720062255859375000000000000000000000000000000000000 38.92155602104242717587112565524876117706298828125000000000000000000000000000000000000 38.44137260311557469094623229466378688812255859375000000000000000000000000000000000000 36.353954681584127683890983462333679199218750000000000000000000000000000000000000000000 37.611635958762100528929295251145958900451660156250000000000000000000000000000000000000 36.968950980134586359326931415125727653503417968750000000000000000000000000000000000000 38.692199893195997617567627457901835441589355468750000000000000000000000000000000000000 38.933769313025031522101926384493708610534667968750000000000000000000000000000000000000 37.757372140141768568355473689734935760498046875000000000000000000000000000000000000000 37.6051172332490111216429795604199171066284179687500000000000000000000000000000000000000 34.8015018985315904842536838259547948837280273437500000000000000000000000000000000000000 36.6899436269219521022932894993573427200317382812500000000000000000000000000000000000000 34.1626749752890361833124188706278800964355468750000000000000000000000000000000000000000 35.1820411531202950072838575579226016998291015625000000000000000000000000000000000000000 34.0902563314558264551124011632055044174194335937500000000000000000000000000000000000000 34.6491176913167038264873553998768329620361328125000000000000000000000000000000000000000 35.1187542710560904879457666538655757904052734375000000000000000000000000000000000000000 35.8918040212206221895030466839671134948730468750000000000000000000000000000000000000000 34.1194821338815117428566736634820699691772460937500000000000000000000000000000000000000
 39.57946538013667492350577958859503269195556640625000000000000000000000000000000000000 39.71920823285163493210347951389849185943603515625000000000000000000000000000000000000 40.20452565761665653099043993279337882995605468750000000000000000000000000000000000000 39.49789404535572145960031775757670402526855468750000000000000000000000000000000000000 1.0  1.0  1.0  38.077344627246340280635195085778832435607910156250000000000000000000000000000000000000 36.232381619611949474801804171875119209289550781250000000000000000000000000000000000000 37.520782535703268933957588160410523414611816406250000000000000000000000000000000000000 36.3704207701183577228221110999584197998046875000000000000000000000000000000000000000000 35.1976983166363481814187252894043922424316406250000000000000000000000000000000000000000 35.8572585395021619092403852846473455429077148437500000000000000000000000000000000000000 35.2361746422309849435805517714470624923706054687500000000000000000000000000000000000000 35.0526194251797917900148604530841112136840820312500000000000000000000000000000000000000 34.9287932554280047270367504097521305084228515625000000000000000000000000000000000000000 35.9566350148874462888670677784830331802368164062500000000000000000000000000000000000000 34.9647437517096193460020003840327262878417968750000000000000000000000000000000000000000 33.5029338675390420121402712538838386535644531250000000000000000000000000000000000000000 36.4163409357994893866816710215061902999877929687500000000000000000000000000000000000000
 40.47266662088231470306709525175392627716064453125000000000000000000000000000000000000 39.20728660287851852217499981634318828582763671875000000000000000000000000000000000000 40.30675562031792935613339068368077278137207031250000000000000000000000000000000000000 41.29535366918491234855537186376750469207763671875000000000000000000000000000000000000 1.0  1.0  1.0  1.0  37.667912137542522543753875652328133583068847656250000000000000000000000000000000000000 36.342851692221479709132836433127522468566894531250000000000000000000000000000000000000 35.1873080772213171485418570227921009063720703125000000000000000000000000000000000000000 35.5725736482545826788737031165510416030883789062500000000000000000000000000000000000000 34.9239597558410110877957777120172977447509765625000000000000000000000000000000000000000 36.1983443268926876612567866686731576919555664062500000000000000000000000000000000000000 34.6500513384059090071787068154662847518920898437500000000000000000000000000000000000000 34.3958015202469766791182337328791618347167968750000000000000000000000000000000000000000 33.6591790503076779828006692696362733840942382812500000000000000000000000000000000000000 36.1382156891628412154204852413386106491088867187500000000000000000000000000000000000000 35.1903516667709226339866290800273418426513671875000000000000000000000000000000000000000 35.0036261583841863398447458166629076004028320312500000000000000000000000000000000000000
 41.516325397115771522749128052964806556701660156250000000000000000000000000000000000000 40.882688474459840222152706701308488845825195312500000000000000000000000000000000000000 38.076436049458877164397563319653272628784179687500000000000000000000000000000000000000 39.077408435926948016003734664991497993469238281250000000000000000000000000000000000000 1.0  1.0  1.0  1.0  36.8637069580463858642360719386488199234008789062500000000000000000000000000000000000000 36.3385365737790166917875467333942651748657226562500000000000000000000000000000000000000 36.05742454398880170174379600211977958679199218750000000000000000000000000000000000000000 36.96013005645890814321319339796900749206542968750000000000000000000000000000000000000000 36.54504836143630086553457658737897872924804687500000000000000000000000000000000000000000 33.84525323360185922183518414385616779327392578125000000000000000000000000000000000000000 36.44731404066929059126778156496584415435791015625000000000000000000000000000000000000000 35.21792083163560960201721172779798507690429687500000000000000000000000000000000000000000 34.94956854990837058494435041211545467376708984375000000000000000000000000000000000000000 33.78678574992269290078183985315263271331787109375000000000000000000000000000000000000000 33.28075394292362432224763324484229087829589843750000000000000000000000000000000000000000 36.20935262870075632690713973715901374816894531250000000000000000000000000000000000000000
 39.618322107953311217443115310743451118469238281250000000000000000000000000000000000000 38.539487467064859060883463826030492782592773437500000000000000000000000000000000000000 41.408638540179893539061595220118761062622070312500000000000000000000000000000000000000 39.310415872381412327740690670907497406005859375000000000000000000000000000000000000000 1.0  1.0  1.0  1.0  34.0992450472720349807786988094449043273925781250000000000000000000000000000000000000000 35.1051986966885039009866886772215366363525390625000000000000000000000000000000000000000 35.89659144475069041391179780475795269012451171875000000000000000000000000000000000000000 35.81512808354528232257507625035941600799560546875000000000000000000000000000000000000000 33.10936877875872141885338351130485534667968750000000000000000000000000000000000000000000 35.99929226851480024151896941475570201873779296875000000000000000000000000000000000000000 34.33794862635671307771190186031162738800048828125000000000000000000000000000000000000000 34.71670169026774743770147324539721012115478515625000000000000000000000000000000000000000 38.04875215611436800600131391547620296478271484375000000000000000000000000000000000000000 35.04302018331863877165233134292066097259521484375000000000000000000000000000000000000000 36.01034808941929554748639930039644241333007812500000000000000000000000000000000000000000 34.49652513369983353186398744583129882812500000000000000000000000000000000000000000000000
 40.582179346439502864996029529720544815063476562500000000000000000000000000000000000000 40.002089221081206460439716465771198272705078125000000000000000000000000000000000000000 39.717985067011809974246716592460870742797851562500000000000000000000000000000000000000 40.520461710545312428166653262451291084289550781250000000000000000000000000000000000000 1.0  1.0  1.0  1.0  35.0877435827551806823976221494376659393310546875000000000000000000000000000000000000000 36.5212895490870650405668129678815603256225585937500000000000000000000000000000000000000 36.45838829375255585318882367573678493499755859375000000000000000000000000000000000000000 34.77536009438253472580981906503438949584960937500000000000000000000000000000000000000000 35.77915715913266581083007622510194778442382812500000000000000000000000000000000000000000 35.12860407884747360185428988188505172729492187500000000000000000000000000000000000000000 35.71931612130173050445591798052191734313964843750000000000000000000000000000000000000000 33.63716410852289584454410942271351814270019531250000000000000000000000000000000000000000 31.42364562512216252798680216073989868164062500000000000000000000000000000000000000000000 34.86154115952854226634372025728225708007812500000000000000000000000000000000000000000000 34.30307477018317996453333762474358081817626953125000000000000000000000000000000000000000 36.93748405588890193484985502436757087707519531250000000000000000000000000000000000000000
 40.194119720038074206058809068053960800170898437500000000000000000000000000000000000000 39.584531959192986505513545125722885131835937500000000000000000000000000000000000000000 39.311696715967478610309626674279570579528808593750000000000000000000000000000000000000 40.356526040652887843407370382919907569885253906250000000000000000000000000000000000000 1.0  1.0  1.0  1.0  35.4528681124757767406663333531469106674194335937500000000000000000000000000000000000000 35.1786894650764168090972816571593284606933593750000000000000000000000000000000000000000 36.72140617792690164833402377553284168243408203125000000000000000000000000000000000000000 36.23491670801909236843130202032625675201416015625000000000000000000000000000000000000000 36.43014868859879129558976273983716964721679687500000000000000000000000000000000000000000 35.52416525188365881149366032332181930541992187500000000000000000000000000000000000000000 33.62697432952465703692723764106631278991699218750000000000000000000000000000000000000000 35.71447218520056310353538719937205314636230468750000000000000000000000000000000000000000 36.12968285414466151905799051746726036071777343750000000000000000000000000000000000000000 38.00402539999861772912481683306396007537841796875000000000000000000000000000000000000000 33.88502916322475755350751569494605064392089843750000000000000000000000000000000000000000 34.27977053839570942272985121235251426696777343750000000000000000000000000000000000000000
 39.801439658714684810547623783349990844726562500000000000000000000000000000000000000000 39.373458928901996500826498959213495254516601562500000000000000000000000000000000000000 38.070349696927721083739015739411115646362304687500000000000000000000000000000000000000 40.344331945111726156483200611546635627746582031250000000000000000000000000000000000000 1.0  1.0  1.0  1.0  35.3279903077786485710021224804222583770751953125000000000000000000000000000000000000000 35.9030089027402752321904699783772230148315429687500000000000000000000000000000000000000 36.08433990079132058781397063285112380981445312500000000000000000000000000000000000000000 35.20280943284888053312897682189941406250000000000000000000000000000000000000000000000000 33.42620692002680726773178321309387683868408203125000000000000000000000000000000000000000 34.58948180273085171165803330950438976287841796875000000000000000000000000000000000000000 35.23487653186791135340172331780195236206054687500000000000000000000000000000000000000000 34.99215616329823319574643392115831375122070312500000000000000000000000000000000000000000 30.94626264056008935199315601494163274765014648437500000000000000000000000000000000000000 35.80074465864225174982493626885116100311279296875000000000000000000000000000000000000000 34.73249523431584862009913194924592971801757812500000000000000000000000000000000000000000 36.41939305179946018142800312489271163940429687500000000000000000000000000000000000000000
 38.722688204121048727301968028768897056579589843750000000000000000000000000000000000000 40.177306495658832830031315097585320472717285156250000000000000000000000000000000000000 38.502312306395715779672173084691166877746582031250000000000000000000000000000000000000 39.638529416977902997132332529872655868530273437500000000000000000000000000000000000000 1.0  1.0  1.0  1.0  34.7815013960201753207002184353768825531005859375000000000000000000000000000000000000000 36.5783932265414435391903680283576250076293945312500000000000000000000000000000000000000 33.33783244389009325914230430498719215393066406250000000000000000000000000000000000000000 35.45702611643337576197154703550040721893310546875000000000000000000000000000000000000000 35.40015647401877174615947296842932701110839843750000000000000000000000000000000000000000 34.97398373507385116454315721057355403900146484375000000000000000000000000000000000000000 34.14949203698548529928302741609513759613037109375000000000000000000000000000000000000000 35.42926064610360015194601146504282951354980468750000000000000000000000000000000000000000 36.30232691533078792645028443075716495513916015625000000000000000000000000000000000000000 36.95995037640193459083093330264091491699218750000000000000000000000000000000000000000000 34.54365492288426509048804291523993015289306640625000000000000000000000000000000000000000 35.92272359998236908040780690498650074005126953125000000000000000000000000000000000000000
 40.869338526962295077282760757952928543090820312500000000000000000000000000000000000000 37.690331799035931226171669550240039825439453125000000000000000000000000000000000000000 39.256812161539265559895284241065382957458496093750000000000000000000000000000000000000 39.001556594502730490603426005691289901733398437500000000000000000000000000000000000000 1.0  1.0  1.0  1.0  36.6149684681289855348040873650461435317993164062500000000000000000000000000000000000000 35.9571785125943819139138213358819484710693359375000000000000000000000000000000000000000 34.58836994817097831855789991095662117004394531250000000000000000000000000000000000000000 36.01968938047794210888241650536656379699707031250000000000000000000000000000000000000000 33.79939948332354049398418283089995384216308593750000000000000000000000000000000000000000 36.40833794026832492818357422947883605957031250000000000000000000000000000000000000000000 36.24921632048418729254990466870367527008056640625000000000000000000000000000000000000000 36.22493756638430539851469802670180797576904296875000000000000000000000000000000000000000 33.77849080100921241864853072911500930786132812500000000000000000000000000000000000000000 33.26079922159511426116296206600964069366455078125000000000000000000000000000000000000000 34.66497675508955467194027733057737350463867187500000000000000000000000000000000000000000 36.58463137959324740222655236721038818359375000000000000000000000000000000000000000000000
 40.640695251419764133515855064615607261657714843750000000000000000000000000000000000000 40.174614713938744614551978884264826774597167968750000000000000000000000000000000000000 40.080431350021292757901392178609967231750488281250000000000000000000000000000000000000 40.568852967194224845570715842768549919128417968750000000000000000000000000000000000000 1.0  1.0  1.0  1.0  34.1428863720957309624282061122357845306396484375000000000000000000000000000000000000000 36.3878094775877585220769105944782495498657226562500000000000000000000000000000000000000 34.86747022519330840850670938380062580108642578125000000000000000000000000000000000000000 33.31593365383653093658722355030477046966552734375000000000000000000000000000000000000000 34.59410975923223929839878110215067863464355468750000000000000000000000000000000000000000 35.17405395894372333032151800580322742462158203125000000000000000000000000000000000000000 33.41276628444278884444429422728717327117919921875000000000000000000000000000000000000000 32.74003711375078751188993919640779495239257812500000000000000000000000000000000000000000 34.36323979484823354368927539326250553131103515625000000000000000000000000000000000000000 35.39589483598763308691559359431266784667968750000000000000000000000000000000000000000000 34.34994161883358287923329044133424758911132812500000000000000000000000000000000000000000 34.65150468579506792821121052838861942291259765625000000000000000000000000000000000000000
 40.428415144875238240729231620207428932189941406250000000000000000000000000000000000000 39.114622645516959664746536873281002044677734375000000000000000000000000000000000000000 38.830775086229735393317241687327623367309570312500000000000000000000000000000000000000 37.364184062351732507067936239764094352722167968750000000000000000000000000000000000000 1.0  1.0  1.0  1.0  35.3730332256725787942741590086370706558227539062500000000000000000000000000000000000000 36.2883547368918399911308370064944028854370117187500000000000000000000000000000000000000 34.41253321660995823094708612188696861267089843750000000000000000000000000000000000000000 33.66128038634995789379900088533759117126464843750000000000000000000000000000000000000000 34.60150338121515289913077140226960182189941406250000000000000000000000000000000000000000 31.78305881845803426699603733140975236892700195312500000000000000000000000000000000000000 33.46238064437356740654649911448359489440917968750000000000000000000000000000000000000000 32.62780060576150020779095939360558986663818359375000000000000000000000000000000000000000 34.84430738266900817734494921751320362091064453125000000000000000000000000000000000000000 34.22219363337587338946832460351288318634033203125000000000000000000000000000000000000000 34.81153083392973002219150657765567302703857421875000000000000000000000000000000000000000 36.24304908310753603473131079226732254028320312500000000000000000000000000000000000000000
 38.637865404351579456942999968305230140686035156250000000000000000000000000000000000000 39.213112822037103910588484723120927810668945312500000000000000000000000000000000000000 38.663330025524736299757933011278510093688964843750000000000000000000000000000000000000 35.990116913481614346892456524074077606201171875000000000000000000000000000000000000000 1.0  1.0  1.0  1.0  34.7445855366933855634670180734246969223022460937500000000000000000000000000000000000000 36.1730027013855135464837076142430305480957031250000000000000000000000000000000000000000 35.80550732639097333276367862708866596221923828125000000000000000000000000000000000000000 34.03115353976941293012714595533907413482666015625000000000000000000000000000000000000000 35.14945452259713931653095642104744911193847656250000000000000000000000000000000000000000 34.12397141933136168745477334596216678619384765625000000000000000000000000000000000000000 34.19164377297087042961720726452767848968505859375000000000000000000000000000000000000000 34.77955101970451323722954839468002319335937500000000000000000000000000000000000000000000 35.40276052172446696886254358105361461639404296875000000000000000000000000000000000000000 35.12144840747973972838735789991915225982666015625000000000000000000000000000000000000000 34.10767107547742682527314173057675361633300781250000000000000000000000000000000000000000 35.38460715435741832379790139384567737579345703125000000000000000000000000000000000000000
 38.255915857428888671165623236447572708129882812500000000000000000000000000000000000000 37.227999440406740916387207107618451118469238281250000000000000000000000000000000000000 36.668029268864408720673964126035571098327636718750000000000000000000000000000000000000 39.560045640945510569963516900315880775451660156250000000000000000000000000000000000000 1.0  1.0  1.0  1.0  36.9222225935959755815929383970797061920166015625000000000000000000000000000000000000000 35.5866727971668126428994582965970039367675781250000000000000000000000000000000000000000 35.69765923461993395449098898097872734069824218750000000000000000000000000000000000000000 34.46795954494125169276230735704302787780761718750000000000000000000000000000000000000000 33.40851504483457290461956290528178215026855468750000000000000000000000000000000000000000 33.37373425939411220042529748752713203430175781250000000000000000000000000000000000000000 36.23768717651357462727901292964816093444824218750000000000000000000000000000000000000000 35.32602798782525610477023292332887649536132812500000000000000000000000000000000000000000 35.28080069400128593315457692369818687438964843750000000000000000000000000000000000000000 33.89834940901683779657105333171784877777099609375000000000000000000000000000000000000000 36.11417803794053327237634221091866493225097656250000000000000000000000000000000000000000 35.56890467241903763806476490572094917297363281250000000000000000000000000000000000000000
 37.195495320955942020191287156194448471069335937500000000000000000000000000000000000000 36.883122642269064783704379806295037269592285156250000000000000000000000000000000000000 37.703019635325397018732473952695727348327636718750000000000000000000000000000000000000 37.762257168295867870710935676470398902893066406250000000000000000000000000000000000000 1.0  1.0  36.9572721925464833248042850755155086517333984375000000000000000000000000000000000000000 36.7206395239241061290158540941774845123291015625000000000000000000000000000000000000000 36.2476656042395930512611812446266412734985351562500000000000000000000000000000000000000 35.6956782711676154917768144514411687850952148437500000000000000000000000000000000000000 34.17132818596028442925671697594225406646728515625000000000000000000000000000000000000000 34.49694183096274002764403121545910835266113281250000000000000000000000000000000000000000 35.19020872442965242044010665267705917358398437500000000000000000000000000000000000000000 34.84192204489422550750532536767423152923583984375000000000000000000000000000000000000000 35.33654369597959998827718663960695266723632812500000000000000000000000000000000000000000 33.70375725186895010665466543287038803100585937500000000000000000000000000000000000000000 35.45792419547784390942979371175169944763183593750000000000000000000000000000000000000000 34.25065227906418385828146710991859436035156250000000000000000000000000000000000000000000 35.12726757439942559813061961904168128967285156250000000000000000000000000000000000000000 34.48099881283196310732819256372749805450439453125000000000000000000000000000000000000000
 39.135212699273118630571843823418021202087402343750000000000000000000000000000000000000 39.034799990087726939691492589190602302551269531250000000000000000000000000000000000000 37.899582376719472165405022678896784782409667968750000000000000000000000000000000000000 38.061611839173671967273548943921923637390136718750000000000000000000000000000000000000 37.5718363043848029292348655872046947479248046875000000000000000000000000000000000000000 1.0  37.8926246712857661691487010102719068527221679687500000000000000000000000000000000000000 34.8256000626532369324195315130054950714111328125000000000000000000000000000000000000000 35.8933881250371413784705509897321462631225585937500000000000000000000000000000000000000 34.2974256129765464606862224172800779342651367187500000000000000000000000000000000000000 36.42420700775233655122065101750195026397705078125000000000000000000000000000000000000000 34.15166620760840743287189980037510395050048828125000000000000000000000000000000000000000 34.39890456031071153120137751102447509765625000000000000000000000000000000000000000000000 33.72188458885207040793829946778714656829833984375000000000000000000000000000000000000000 36.03298157054700112666978384368121623992919921875000000000000000000000000000000000000000 34.01273635227683200810133712366223335266113281250000000000000000000000000000000000000000 35.16906502909750997787341475486755371093750000000000000000000000000000000000000000000000 35.41853171860917370850074803456664085388183593750000000000000000000000000000000000000000 33.62221186294265606875342200510203838348388671875000000000000000000000000000000000000000 34.93301947710019561554872780106961727142333984375000000000000000000000000000000000000000
 38.790361921029713698771956842392683029174804687500000000000000000000000000000000000000 36.630642733827258439305296633392572402954101562500000000000000000000000000000000000000 37.744186554804279865038552088662981986999511718750000000000000000000000000000000000000 38.712279636631848234173958189785480499267578125000000000000000000000000000000000000000 39.5068377511387609501980477944016456604003906250000000000000000000000000000000000000000 36.7661296004400099945996771566569805145263671875000000000000000000000000000000000000000 35.1843084779645138837622653227299451828002929687500000000000000000000000000000000000000 37.6011949171285024817734665703028440475463867187500000000000000000000000000000000000000 34.3551971605992250147210143040865659713745117187500000000000000000000000000000000000000 37.1486495327578722935868427157402038574218750000000000000000000000000000000000000000000 36.38314605790599642887173104099929332733154296875000000000000000000000000000000000000000 35.67546422015287532758520683273673057556152343750000000000000000000000000000000000000000 34.69513391999906559703958919271826744079589843750000000000000000000000000000000000000000 34.63475503237566499592503532767295837402343750000000000000000000000000000000000000000000 32.22537675239495769119457690976560115814208984375000000000000000000000000000000000000000 33.77222638682811606258837855421006679534912109375000000000000000000000000000000000000000 34.03636779431798942141540464945137500762939453125000000000000000000000000000000000000000 34.42453168020912812608003150671720504760742187500000000000000000000000000000000000000000 35.85771459714978703914312063716351985931396484375000000000000000000000000000000000000000 35.83027390640075537930897553451359272003173828125000000000000000000000000000000000000000
 37.018265339565409988153987796977162361145019531250000000000000000000000000000000000000 35.427083546822402126963424962013959884643554687500000000000000000000000000000000000000 35.457161292838144106553954770788550376892089843750000000000000000000000000000000000000 36.339634861395246900883648777380585670471191406250000000000000000000000000000000000000 37.0877604852107936039828928187489509582519531250000000000000000000000000000000000000000 34.6162531631720185032463632524013519287109375000000000000000000000000000000000000000000 37.5733439245953775298403343185782432556152343750000000000000000000000000000000000000000 35.2940617237622973334509879350662231445312500000000000000000000000000000000000000000000 36.7674400200540318905950698535889387130737304687500000000000000000000000000000000000000 35.7969136637083451546459400560706853866577148437500000000000000000000000000000000000000 34.64626441713571125546877738088369369506835937500000000000000000000000000000000000000000 36.14918091884346296183139202184975147247314453125000000000000000000000000000000000000000 34.78529349685683058623908436857163906097412109375000000000000000000000000000000000000000 34.53917574251935462825713329948484897613525390625000000000000000000000000000000000000000 35.76653846033020300865246099419891834259033203125000000000000000000000000000000000000000 33.78534165610383155353702022694051265716552734375000000000000000000000000000000000000000 31.74435747279405717335976078175008296966552734375000000000000000000000000000000000000000 34.81639452071412677014450309798121452331542968750000000000000000000000000000000000000000 35.06931360377013362494835746474564075469970703125000000000000000000000000000000000000000 36.18305164360015169222606346011161804199218750000000000000000000000000000000000000000000
 38.217293672560437300944613525643944740295410156250000000000000000000000000000000000000 36.060773756292974212556146085262298583984375000000000000000000000000000000000000000000 37.498124151126752678919729078188538551330566406250000000000000000000000000000000000000 37.539060318080629485848476178944110870361328125000000000000000000000000000000000000000 36.1003600473970607254159403964877128601074218750000000000000000000000000000000000000000 35.9791379701310987115903117228299379348754882812500000000000000000000000000000000000000 36.3251102703931252335678436793386936187744140625000000000000000000000000000000000000000 36.6883269757110426212420861702412366867065429687500000000000000000000000000000000000000 34.4091955483845310936885653063654899597167968750000000000000000000000000000000000000000 36.8462400198703861065041564870625734329223632812500000000000000000000000000000000000000 34.42744264433564893579386989586055278778076171875000000000000000000000000000000000000000 35.07158285451371426688638166524469852447509765625000000000000000000000000000000000000000 34.46683148154881592972742510028183460235595703125000000000000000000000000000000000000000 34.76259140921560231163311982527375221252441406250000000000000000000000000000000000000000 34.63916931332450133140810066834092140197753906250000000000000000000000000000000000000000 36.40117452742645554053524392656981945037841796875000000000000000000000000000000000000000 34.55049083914432372921510250307619571685791015625000000000000000000000000000000000000000 33.72464625964803275337544619105756282806396484375000000000000000000000000000000000000000 36.09501199844530816562837571837007999420166015625000000000000000000000000000000000000000 33.63388705650206134123436640948057174682617187500000000000000000000000000000000000000000
 36.535784062650222381307685282081365585327148437500000000000000000000000000000000000000 37.968092358663554364284209441393613815307617187500000000000000000000000000000000000000 36.268501705838225745992531301453709602355957031250000000000000000000000000000000000000 38.459721164836835782807611394673585891723632812500000000000000000000000000000000000000 33.9675491273718037632534105796366930007934570312500000000000000000000000000000000000000 35.3495559460002084506413666531443595886230468750000000000000000000000000000000000000000 36.6710117805297812765275011770427227020263671875000000000000000000000000000000000000000 35.0802255460804701669985661283135414123535156250000000000000000000000000000000000000000 33.9223818239987835454485320951789617538452148437500000000000000000000000000000000000000 32.6045286293175564651392051018774509429931640625000000000000000000000000000000000000000 35.54597389662857409575735800899565219879150390625000000000000000000000000000000000000000 35.07665897717468794780870666727423667907714843750000000000000000000000000000000000000000 36.91266512724197212946819490753114223480224609375000000000000000000000000000000000000000 36.35337142100173224434911389835178852081298828125000000000000000000000000000000000000000 36.24042205465244848028305568732321262359619140625000000000000000000000000000000000000000 35.52671080029308825487532885745167732238769531250000000000000000000000000000000000000000 34.21273709170461074791091959923505783081054687500000000000000000000000000000000000000000 34.72799719883492741701047634705901145935058593750000000000000000000000000000000000000000 34.22185762911194473190334974788129329681396484375000000000000000000000000000000000000000 34.88057378126880792024167021736502647399902343750000000000000000000000000000000000000000
 36.218521087148317860737734008580446243286132812500000000000000000000000000000000000000 35.074303835408436214038374600932002067565917968750000000000000000000000000000000000000 36.754401725170055215130560100078582763671875000000000000000000000000000000000000000000 36.895501517158642457161477068439126014709472656250000000000000000000000000000000000000 33.6798300291244601112339296378195285797119140625000000000000000000000000000000000000000 36.1209567821122661257504660170525312423706054687500000000000000000000000000000000000000 36.3403849803454690459147968795150518417358398437500000000000000000000000000000000000000 36.0967278347019018269747903104871511459350585937500000000000000000000000000000000000000 36.0147449969381483469987870194017887115478515625000000000000000000000000000000000000000 33.8584216998021574340782535728067159652709960937500000000000000000000000000000000000000 35.06809100700736081535069388337433338165283203125000000000000000000000000000000000000000 34.33337091455290135399991413578391075134277343750000000000000000000000000000000000000000 37.40495693726300885373348137363791465759277343750000000000000000000000000000000000000000 35.51742808721240152181053417734801769256591796875000000000000000000000000000000000000000 36.33143875337235328970564296469092369079589843750000000000000000000000000000000000000000 34.67814813287970565625073504634201526641845703125000000000000000000000000000000000000000 34.07261693481748210388104780577123165130615234375000000000000000000000000000000000000000 34.87760206461072698402858804911375045776367187500000000000000000000000000000000000000000 34.78682008988806018123796093277633190155029296875000000000000000000000000000000000000000 34.31264372242205240581824909895658493041992187500000000000000000000000000000000000000000
 36.416756200548412891748739639297127723693847656250000000000000000000000000000000000000 34.777905290927478176854492630809545516967773437500000000000000000000000000000000000000 34.791628083014799699412833433598279953002929687500000000000000000000000000000000000000 35.250589885155889646739524323493242263793945312500000000000000000000000000000000000000 33.8747087764685446131807111669331789016723632812500000000000000000000000000000000000000 35.2215618715539662275659793522208929061889648437500000000000000000000000000000000000000 35.3345102977260481225130206439644098281860351562500000000000000000000000000000000000000 34.6115218505035286966631247196346521377563476562500000000000000000000000000000000000000 35.8917415907681061071343719959259033203125000000000000000000000000000000000000000000000 34.8551229233448793820571154356002807617187500000000000000000000000000000000000000000000 36.10488869882191664828496868722140789031982421875000000000000000000000000000000000000000 35.04923810712868004202391603030264377593994140625000000000000000000000000000000000000000 35.90254814886542789054146851412951946258544921875000000000000000000000000000000000000000 35.29039399311447766649507684633135795593261718750000000000000000000000000000000000000000 33.55767767089494668653060216456651687622070312500000000000000000000000000000000000000000 34.00243612533212456128239864483475685119628906250000000000000000000000000000000000000000 34.50272366087953912483499152585864067077636718750000000000000000000000000000000000000000 34.31783390004440548182174097746610641479492187500000000000000000000000000000000000000000 33.32525088162351067921918001957237720489501953125000000000000000000000000000000000000000 33.56165781205143616716668475419282913208007812500000000000000000000000000000000000000000
 36.599652567403808234303141944110393524169921875000000000000000000000000000000000000000 35.760162492672790790493309032171964645385742187500000000000000000000000000000000000000 35.136315126053645485626475419849157333374023437500000000000000000000000000000000000000 36.094350119666160026099532842636108398437500000000000000000000000000000000000000000000 34.2211328854788732201086531858891248703002929687500000000000000000000000000000000000000 36.1968611319911630630485888104885816574096679687500000000000000000000000000000000000000 34.1451074262815836846129968762397766113281250000000000000000000000000000000000000000000 34.8114755497822301322230487130582332611083984375000000000000000000000000000000000000000 33.8396644008040397011427558027207851409912109375000000000000000000000000000000000000000 35.5461911634905547430207661818712949752807617187500000000000000000000000000000000000000 33.38215831853230497472395654767751693725585937500000000000000000000000000000000000000000 34.22054741232116725768719334155321121215820312500000000000000000000000000000000000000000 33.71531569202438305410396424122154712677001953125000000000000000000000000000000000000000 34.36980857866353744611842557787895202636718750000000000000000000000000000000000000000000 34.19710227150097381354498793371021747589111328125000000000000000000000000000000000000000 31.95889447808744066037434095051139593124389648437500000000000000000000000000000000000000 33.57921843238472803250260767526924610137939453125000000000000000000000000000000000000000 33.44783337229411301905201980844140052795410156250000000000000000000000000000000000000000 35.33333652116987622093802201561629772186279296875000000000000000000000000000000000000000 33.91021314130214392434936598874628543853759765625000000000000000000000000000000000000000
 36.007630962660627460536488797515630722045898437500000000000000000000000000000000000000 35.737787472795389476232230663299560546875000000000000000000000000000000000000000000000 34.907659941731360220273927552625536918640136718750000000000000000000000000000000000000 36.472272297261973506010690471157431602478027343750000000000000000000000000000000000000 35.0368811190363373953005066141486167907714843750000000000000000000000000000000000000000 35.0752572284398453916764992754906415939331054687500000000000000000000000000000000000000 33.9656187875484363303257850930094718933105468750000000000000000000000000000000000000000 34.4493138397083669133280636742711067199707031250000000000000000000000000000000000000000 33.9450852212112010874989209696650505065917968750000000000000000000000000000000000000000 34.9707632702826813897445390466600656509399414062500000000000000000000000000000000000000 35.24360297095301319814097951166331768035888671875000000000000000000000000000000000000000 35.66861378119094894145746366120874881744384765625000000000000000000000000000000000000000 34.20128348762709435959550319239497184753417968750000000000000000000000000000000000000000 34.23126068207808714305429020896553993225097656250000000000000000000000000000000000000000 35.92750558166329000187033670954406261444091796875000000000000000000000000000000000000000 35.96392454558198181757688871584832668304443359375000000000000000000000000000000000000000 32.86386533872654780452648992650210857391357421875000000000000000000000000000000000000000 32.74272753572046923409288865514099597930908203125000000000000000000000000000000000000000 34.98923356740287715638260124251246452331542968750000000000000000000000000000000000000000 33.06025640326733139318093890324234962463378906250000000000000000000000000000000000000000
 38.435470009303131178057810757309198379516601562500000000000000000000000000000000000000 37.152518222779526979593356372788548469543457031250000000000000000000000000000000000000 34.604597700823838124506437452509999275207519531250000000000000000000000000000000000000 36.908118543047173432114504976198077201843261718750000000000000000000000000000000000000 35.4860675715688103082356974482536315917968750000000000000000000000000000000000000000000 36.2883478946391093700185592751950025558471679687500000000000000000000000000000000000000 36.7176820505062124766482156701385974884033203125000000000000000000000000000000000000000 35.4435742501896910994219069834798574447631835937500000000000000000000000000000000000000 34.7737165798791920678922906517982482910156250000000000000000000000000000000000000000000 34.9846977328183044164688908495008945465087890625000000000000000000000000000000000000000 32.20685824204166181061737006530165672302246093750000000000000000000000000000000000000000 34.86001757227712261055785347707569599151611328125000000000000000000000000000000000000000 37.46455135383624224232335109263658523559570312500000000000000000000000000000000000000000 33.37093472396088600362418219447135925292968750000000000000000000000000000000000000000000 35.69470790889372580068084062077105045318603515625000000000000000000000000000000000000000 33.80274798173925177025012089870870113372802734375000000000000000000000000000000000000000 34.54519788882686981423830729909241199493408203125000000000000000000000000000000000000000 34.11187019224239946879606577567756175994873046875000000000000000000000000000000000000000 35.74138913009551288268994539976119995117187500000000000000000000000000000000000000000000 34.27456815474182150182969053275883197784423828125000000000000000000000000000000000000000
 1.0  35.526935072627466638550686184316873550415039062500000000000000000000000000000000000000 35.420678651842841588859300827607512474060058593750000000000000000000000000000000000000 36.378282208972017031101131578907370567321777343750000000000000000000000000000000000000 32.6646596238049440330541983712464570999145507812500000000000000000000000000000000000000 36.6211159052296508775725669693201780319213867187500000000000000000000000000000000000000 35.3484597023140949545449984725564718246459960937500000000000000000000000000000000000000 36.0025066405737206309822795446962118148803710937500000000000000000000000000000000000000 35.0764990363559903130408201832324266433715820312500000000000000000000000000000000000000 34.4056623664277552165913220960646867752075195312500000000000000000000000000000000000000 33.51402478664189032997455797158181667327880859375000000000000000000000000000000000000000 33.67547353329364767660081270150840282440185546875000000000000000000000000000000000000000 33.49547083953196846550781629048287868499755859375000000000000000000000000000000000000000 34.35006578589155168401703122071921825408935546875000000000000000000000000000000000000000 36.49826959775275980746300774626433849334716796875000000000000000000000000000000000000000 35.04531425130192445749344187788665294647216796875000000000000000000000000000000000000000 33.76367941657268545441183960065245628356933593750000000000000000000000000000000000000000 35.14087468967495908600540133193135261535644531250000000000000000000000000000000000000000 35.96475589015279439308869768865406513214111328125000000000000000000000000000000000000000 34.88818140265941991629006224684417247772216796875000000000000000000000000000000000000000
 1.0  1.0  33.814577179390241212786349933594465255737304687500000000000000000000000000000000000000 33.630945264137402261894749244675040245056152343750000000000000000000000000000000000000 35.3755408130730799598495650570839643478393554687500000000000000000000000000000000000000 33.9949982453779426805340335704386234283447265625000000000000000000000000000000000000000 35.7173336438433182138396659865975379943847656250000000000000000000000000000000000000000 34.3563135854196843865793198347091674804687500000000000000000000000000000000000000000000 34.4284824201872510229804902337491512298583984375000000000000000000000000000000000000000 33.4833784263873539543965307530015707015991210937500000000000000000000000000000000000000 33.39973444629659837801227695308625698089599609375000000000000000000000000000000000000000 36.01653521178163686045081703923642635345458984375000000000000000000000000000000000000000 34.33964997046377476408451911993324756622314453125000000000000000000000000000000000000000 35.87353863571832590650956262834370136260986328125000000000000000000000000000000000000000 33.12432012306928186262666713446378707885742187500000000000000000000000000000000000000000 35.63832391535675014893058687448501586914062500000000000000000000000000000000000000000000 33.67749392932702789948962163180112838745117187500000000000000000000000000000000000000000 34.68079638179339951875590486451983451843261718750000000000000000000000000000000000000000 34.88341161611366914030440966598689556121826171875000000000000000000000000000000000000000 33.22865397576853752070746850222349166870117187500000000000000000000000000000000000000000
 1.0  1.0  1.0  35.990673681034280662061064504086971282958984375000000000000000000000000000000000000000 35.9213598949283223760176042560487985610961914062500000000000000000000000000000000000000 35.6772069052997338189925358165055513381958007812500000000000000000000000000000000000000 32.9518016916231815116589132230728864669799804687500000000000000000000000000000000000000 34.9736301303889050018369744066148996353149414062500000000000000000000000000000000000000 34.2065497542601804070727666839957237243652343750000000000000000000000000000000000000000 35.2928875753496598122183058876544237136840820312500000000000000000000000000000000000000 33.48985844212464968450149171985685825347900390625000000000000000000000000000000000000000 34.50800266321944320679904194548726081848144531250000000000000000000000000000000000000000 33.72410334133103049225610448047518730163574218750000000000000000000000000000000000000000 33.12488514350057755564193939790129661560058593750000000000000000000000000000000000000000 32.75971716286373691673361463472247123718261718750000000000000000000000000000000000000000 33.79071404631307018462393898516893386840820312500000000000000000000000000000000000000000 34.35084662781352449201222043484449386596679687500000000000000000000000000000000000000000 33.82980098419347569915771600790321826934814453125000000000000000000000000000000000000000 35.90774614244842410926139564253389835357666015625000000000000000000000000000000000000000 35.08948265108060837746961624361574649810791015625000000000000000000000000000000000000000
 1.0  1.0  1.0  1.0  35.5094078056801478737725119572132825851440429687500000000000000000000000000000000000000 34.4532301145329427072283579036593437194824218750000000000000000000000000000000000000000 33.0821032890569028950267238542437553405761718750000000000000000000000000000000000000000 33.2558085402805119201730121858417987823486328125000000000000000000000000000000000000000 32.5038591685882209958435851149260997772216796875000000000000000000000000000000000000000 33.6810110893888676741880772169679403305053710937500000000000000000000000000000000000000 33.81791906908247824503632728010416030883789062500000000000000000000000000000000000000000 34.25929374211584388376650167629122734069824218750000000000000000000000000000000000000000 33.57793814130044296462074271403253078460693359375000000000000000000000000000000000000000 36.26132002767861450820419122464954853057861328125000000000000000000000000000000000000000 34.01895776122405123942371574230492115020751953125000000000000000000000000000000000000000 33.44705524243396155270602321252226829528808593750000000000000000000000000000000000000000 35.11574947808092872492125025019049644470214843750000000000000000000000000000000000000000 35.02779237021983504973832168616354465484619140625000000000000000000000000000000000000000 35.02070713589002082244405755773186683654785156250000000000000000000000000000000000000000 1.0 
 1.0  1.0  1.0  1.0  33.749117982926001957366679562255740165710449218750000000000000000000000000000000000000 33.701795100010002670387621037662029266357421875000000000000000000000000000000000000000 32.866286818326670982060022652149200439453125000000000000000000000000000000000000000000 34.959784328044889889497426338493824005126953125000000000000000000000000000000000000000 33.623061664919006830132275354117155075073242187500000000000000000000000000000000000000 33.614421551253734321562660625204443931579589843750000000000000000000000000000000000000 31.6443941884067889702691900311037898063659667968750000000000000000000000000000000000000 32.5452589019370890355276060290634632110595703125000000000000000000000000000000000000000 33.3335016500630914038083574268966913223266601562500000000000000000000000000000000000000 33.4082274634599372120646876282989978790283203125000000000000000000000000000000000000000 32.5999328254644566982278774958103895187377929687500000000000000000000000000000000000000 33.3442636178428557514052954502403736114501953125000000000000000000000000000000000000000 32.8794235088812811795833113137632608413696289062500000000000000000000000000000000000000 34.7097828235677070551901124417781829833984375000000000000000000000000000000000000000000 37.4610083327037770573042507749050855636596679687500000000000000000000000000000000000000 1.0 
 1.0  1.0  1.0  1.0  1.0  32.623611075657038327335612848401069641113281250000000000000000000000000000000000000000 32.619067397088706172780803171917796134948730468750000000000000000000000000000000000000 33.188292233584270718438347103074193000793457031250000000000000000000000000000000000000 34.417056470416063973516429541632533073425292968750000000000000000000000000000000000000 33.906554262766867680056748213246464729309082031250000000000000000000000000000000000000 33.6996005348716920480001135729253292083740234375000000000000000000000000000000000000000 32.8754505200265185749231022782623767852783203125000000000000000000000000000000000000000 35.0367573600667299160704715177416801452636718750000000000000000000000000000000000000000 32.6601037423680509164114482700824737548828125000000000000000000000000000000000000000000 34.0244010747491074653225950896739959716796875000000000000000000000000000000000000000000 31.9643361155380034688278101384639739990234375000000000000000000000000000000000000000000 34.9019931051707175129195093177258968353271484375000000000000000000000000000000000000000 33.8842176336459104390996799338608980178833007812500000000000000000000000000000000000000 1.0  1.0 
 1.0  1.0  1.0  1.0  1.0  33.997333322145770750921656144782900810241699218750000000000000000000000000000000000000 32.811518920283496925094368634745478630065917968750000000000000000000000000000000000000 33.846791001259767028841451974585652351379394531250000000000000000000000000000000000000 34.098303701544004695733747212216258049011230468750000000000000000000000000000000000000 32.846289624199023648998263524845242500305175781250000000000000000000000000000000000000 33.3927022045857739840357680805027484893798828125000000000000000000000000000000000000000 32.7942228263946162769570946693420410156250000000000000000000000000000000000000000000000 32.3650260587476807927487243432551622390747070312500000000000000000000000000000000000000 33.4934184254853377638028177898377180099487304687500000000000000000000000000000000000000 33.3710790236895817884033021982759237289428710937500000000000000000000000000000000000000 32.0654093382960141411786025855690240859985351562500000000000000000000000000000000000000 33.8829884350620176292068208567798137664794921875000000000000000000000000000000000000000 1.0  1.0  1.0 
 1.0  1.0  1.0  1.0  1.0  31.856344026107155542604232323355972766876220703125000000000000000000000000000000000000 33.703087065973576841315662022680044174194335937500000000000000000000000000000000000000 32.311456156743062706482305657118558883666992187500000000000000000000000000000000000000 33.650641633126191720748465741053223609924316406250000000000000000000000000000000000000 32.803374398873494044437393313273787498474121093750000000000000000000000000000000000000 34.1416525251309153077272640075534582138061523437500000000000000000000000000000000000000 34.0805605385975454169056320097297430038452148437500000000000000000000000000000000000000 32.0872431257758137235214235261082649230957031250000000000000000000000000000000000000000 31.4595321676735828475557354977354407310485839843750000000000000000000000000000000000000 32.0538765802439371555010438896715641021728515625000000000000000000000000000000000000000 33.4173024091849200090109661687165498733520507812500000000000000000000000000000000000000 1.0  1.0  1.0  1.0 
