1.790024000000000060e-01 2.165030000000000010e-01 2.071174000000000071e-01 1.691840000000000011e-01 2.027183999999999930e-01 1.718381999999999965e-01 1.686592000000000091e-01 8.533515999999999324e-02 1.260386000000000006e-01 2.126280000000000114e-01 1.541191000000000089e-01 1.071938999999999947e-01 1.577764000000000111e-01 2.479970999999999981e-01 2.125652000000000097e-01 3.088897999999999922e-01 3.925679999999999725e-01 2.269964999999999899e-01 1.055833999999999939e-01 1.561816000000000038e-01
1.843882000000000021e-01 1.696066999999999991e-01 2.054005999999999887e-01 2.130654999999999910e-01 2.070077999999999918e-01 1.757647999999999988e-01 1.431716000000000100e-01 8.545635000000000037e-02 1.192080999999999974e-01 1.022585000000000022e-01 1.363814000000000137e-01 2.055511999999999895e-01 2.247733000000000092e-01 1.813273999999999997e-01 1.852023999999999893e-01 2.572888999999999871e-01 2.955246999999999735e-01 2.466409999999999991e-01 2.581098000000000003e-01 2.236316999999999888e-01
1.334734999999999949e-01 1.423339999999999883e-01 2.253123999999999960e-01 2.262969999999999982e-01 1.744712999999999958e-01 1.699977000000000016e-01 1.603759999999999908e-01 8.820822999999999858e-02 6.004820000000000296e-02 8.201851999999999754e-02 1.309903000000000040e-01 1.361506000000000105e-01 2.150307999999999942e-01 2.113648999999999945e-01 1.916030999999999984e-01 2.249955999999999900e-01 2.587966999999999906e-01 2.655402000000000040e-01 2.017675999999999914e-01 1.693110999999999922e-01
1.638976000000000044e-01 1.515894999999999881e-01 1.484105000000000008e-01 1.489559000000000022e-01 2.607880000000000198e-01 1.934844000000000008e-01 1.455711000000000088e-01 7.753135999999999362e-02 9.733466000000000340e-02 1.320794000000000135e-01 1.346465000000000023e-01 1.412269999999999914e-01 1.302333999999999992e-01 1.199051000000000006e-01 1.347798000000000052e-01 1.103307000000000038e-01 2.304203999999999974e-01 2.851306000000000118e-01 1.284412000000000054e-01 1.020683000000000007e-01
1.110812000000000049e-01 1.160372999999999960e-01 1.480000999999999955e-01 8.291046000000000527e-02 1.672032999999999991e-01 2.196888999999999925e-01 1.250255000000000116e-01 8.145476999999999579e-02 8.323816000000000548e-02 1.144623000000000029e-01 1.265506000000000131e-01 1.316159000000000079e-01 1.892967000000000122e-01 2.278445000000000054e-01 1.406121999999999927e-01 1.266228000000000076e-01 2.494192000000000076e-01 1.893969000000000069e-01 1.094365000000000060e-01 6.958277999999999686e-02
1.585927000000000031e-01 1.133002000000000037e-01 1.212384999999999990e-01 1.046186999999999950e-01 1.576692000000000093e-01 9.304062999999999917e-02 1.496880999999999906e-01 1.272687999999999875e-01 6.368669999999999887e-02 9.933665999999999330e-02 1.167109999999999953e-01 1.034753000000000062e-01 1.447711999999999888e-01 1.635062999999999933e-01 1.523545000000000038e-01 1.497852000000000072e-01 1.295757999999999910e-01 1.404576999999999909e-01 1.889956999999999887e-01 2.113600999999999952e-01
2.827374000000000276e-01 1.592053999999999969e-01 1.359506000000000048e-01 1.411936000000000024e-01 1.766119999999999912e-01 1.034811000000000064e-01 9.940206999999999515e-02 1.047084999999999960e-01 7.741070999999999369e-02 9.836615999999999416e-02 9.802268999999999566e-02 9.401202000000000170e-02 1.179179999999999950e-01 1.544754000000000127e-01 1.969790999999999903e-01 2.218404999999999960e-01 2.167863999999999902e-01 3.225719000000000225e-01 3.233978000000000130e-01 3.398149999999999782e-01
2.325232000000000132e-01 1.292555999999999983e-01 1.560190999999999939e-01 1.446860000000000090e-01 1.437637999999999971e-01 1.209052000000000043e-01 7.120092999999999561e-02 8.229641999999999513e-02 7.142276000000000180e-02 6.839952000000000532e-02 1.013494999999999951e-01 7.701452999999999771e-02 1.500891000000000031e-01 1.999740999999999880e-01 2.193623000000000101e-01 2.000745999999999913e-01 2.399576999999999960e-01 2.631140000000000145e-01 3.046612000000000209e-01 4.000000000000000222e-01
1.732473999999999958e-01 2.061183000000000043e-01 1.452916999999999959e-01 1.935117000000000087e-01 1.000000000000000056e-01 1.000000000000000056e-01 1.000000000000000056e-01 6.799371999999999361e-02 6.072505000000000264e-02 8.513874000000000442e-02 9.611901000000000472e-02 1.160082999999999948e-01 1.303978000000000081e-01 1.103671999999999986e-01 1.981061000000000072e-01 1.918952999999999909e-01 1.806899999999999895e-01 1.870727000000000084e-01 2.745883000000000074e-01 4.000000000000000222e-01
2.901577000000000184e-01 1.716216999999999882e-01 1.948682999999999943e-01 1.716826999999999936e-01 1.000000000000000056e-01 1.000000000000000056e-01 1.000000000000000056e-01 1.000000000000000056e-01 7.104834999999999623e-02 5.891517999999999755e-02 1.660262000000000127e-01 1.461911999999999934e-01 1.671528999999999932e-01 2.166125000000000134e-01 1.942029999999999867e-01 1.710618000000000138e-01 1.233516000000000057e-01 2.141114000000000073e-01 2.386588000000000043e-01 2.806019000000000152e-01
1.719093999999999900e-01 1.884346000000000076e-01 2.082441999999999904e-01 3.037051000000000056e-01 1.000000000000000056e-01 1.000000000000000056e-01 1.000000000000000056e-01 1.000000000000000056e-01 8.380532000000000259e-02 1.376329000000000025e-01 1.330072999999999950e-01 1.456417000000000128e-01 1.754979000000000122e-01 3.574113999999999902e-01 1.575311000000000072e-01 1.998752000000000029e-01 2.338187999999999933e-01 3.486684999999999923e-01 2.927675000000000138e-01 2.966968999999999856e-01
2.146332999999999991e-01 3.117448999999999915e-01 2.447611000000000092e-01 1.967098999999999931e-01 1.000000000000000056e-01 1.000000000000000056e-01 1.000000000000000056e-01 1.000000000000000056e-01 1.424205000000000054e-01 1.923269999999999980e-01 1.426627000000000034e-01 1.703850000000000087e-01 2.080607999999999902e-01 2.465147000000000033e-01 3.983933000000000058e-01 2.703269999999999840e-01 2.339587999999999945e-01 4.000000000000000222e-01 4.000000000000000222e-01 2.161267000000000049e-01
4.000000000000000222e-01 4.000000000000000222e-01 4.000000000000000222e-01 3.453071999999999808e-01 1.000000000000000056e-01 1.000000000000000056e-01 1.000000000000000056e-01 1.000000000000000056e-01 1.195118000000000014e-01 1.661992999999999943e-01 1.912715000000000110e-01 2.596956999999999738e-01 1.906291999999999986e-01 1.864090999999999942e-01 2.782536999999999927e-01 4.000000000000000222e-01 4.000000000000000222e-01 4.000000000000000222e-01 4.000000000000000222e-01 2.330862999999999963e-01
3.377595999999999932e-01 4.000000000000000222e-01 4.000000000000000222e-01 4.000000000000000222e-01 1.000000000000000056e-01 1.000000000000000056e-01 1.000000000000000056e-01 1.000000000000000056e-01 1.038098999999999966e-01 2.154818000000000011e-01 1.080490000000000061e-01 2.130724999999999980e-01 1.775827000000000100e-01 2.080713999999999897e-01 2.038839000000000068e-01 3.676882000000000206e-01 4.000000000000000222e-01 4.000000000000000222e-01 4.000000000000000222e-01 2.270051999999999903e-01
2.174703000000000053e-01 2.741013999999999950e-01 4.000000000000000222e-01 3.682721999999999940e-01 1.000000000000000056e-01 1.000000000000000056e-01 1.000000000000000056e-01 1.000000000000000056e-01 1.388729999999999964e-01 1.455935999999999897e-01 1.292635000000000034e-01 1.031581000000000026e-01 1.148597999999999980e-01 1.533532999999999979e-01 2.739617999999999776e-01 3.358098999999999945e-01 4.000000000000000222e-01 4.000000000000000222e-01 4.000000000000000222e-01 4.000000000000000222e-01
2.256077999999999972e-01 2.598597999999999741e-01 3.094192000000000053e-01 3.094343999999999983e-01 1.000000000000000056e-01 1.000000000000000056e-01 1.000000000000000056e-01 1.000000000000000056e-01 2.279044000000000070e-01 2.332159000000000038e-01 1.824028000000000038e-01 1.575080000000000091e-01 1.297310999999999881e-01 1.207155000000000034e-01 3.107660999999999896e-01 2.250756999999999897e-01 3.552340999999999971e-01 4.000000000000000222e-01 3.262637999999999927e-01 4.000000000000000222e-01
2.218260999999999983e-01 2.272241000000000122e-01 2.555194000000000076e-01 2.636650999999999856e-01 1.000000000000000056e-01 1.000000000000000056e-01 1.000000000000000056e-01 1.000000000000000056e-01 2.316615999999999953e-01 1.485149000000000052e-01 1.977939999999999976e-01 1.508430000000000049e-01 2.106117000000000128e-01 2.229322999999999999e-01 2.967123999999999873e-01 3.549282000000000270e-01 3.689277999999999724e-01 3.170995999999999815e-01 2.594755999999999729e-01 3.625176999999999983e-01
1.886606000000000116e-01 2.006960000000000133e-01 1.121898000000000062e-01 1.343976000000000059e-01 1.000000000000000056e-01 1.000000000000000056e-01 1.000000000000000056e-01 1.000000000000000056e-01 1.072079999999999977e-01 1.741711999999999982e-01 3.312019999999999964e-01 2.776107999999999909e-01 2.676065999999999723e-01 3.720230999999999955e-01 2.287483999999999906e-01 2.817297000000000273e-01 3.262427999999999995e-01 3.193973999999999980e-01 2.019129000000000063e-01 2.960537999999999781e-01
9.754538000000000098e-02 1.258045000000000135e-01 1.298893000000000131e-01 1.871715999999999935e-01 1.000000000000000056e-01 1.000000000000000056e-01 1.000000000000000056e-01 1.000000000000000056e-01 1.862958000000000114e-01 1.740435999999999928e-01 1.890670000000000128e-01 3.484844000000000275e-01 3.525750999999999746e-01 2.763429000000000024e-01 2.877921999999999980e-01 2.505745999999999807e-01 2.265968999999999900e-01 3.440783000000000036e-01 2.640402000000000027e-01 3.098561000000000232e-01
1.136741000000000001e-01 7.902259999999999840e-02 1.721303000000000138e-01 1.402364999999999862e-01 1.000000000000000056e-01 1.000000000000000056e-01 1.000000000000000056e-01 1.000000000000000056e-01 9.731810000000000460e-02 1.101479999999999959e-01 1.108441000000000010e-01 1.390823999999999949e-01 2.561841999999999731e-01 4.000000000000000222e-01 2.741723999999999828e-01 2.581269999999999953e-01 3.306701000000000223e-01 1.521576000000000040e-01 3.182904999999999762e-01 2.671839999999999771e-01
1.948274000000000117e-01 1.018402999999999947e-01 1.483454999999999913e-01 1.581173999999999913e-01 1.000000000000000056e-01 1.000000000000000056e-01 1.000000000000000056e-01 1.000000000000000056e-01 7.415038000000000185e-02 7.059558000000000499e-02 9.762576000000000587e-02 1.431804999999999883e-01 2.855289999999999773e-01 3.928317000000000059e-01 3.946760999999999742e-01 3.263551000000000091e-01 2.981017000000000250e-01 4.000000000000000222e-01 4.000000000000000222e-01 2.794654999999999778e-01
1.664181000000000132e-01 1.508075000000000110e-01 2.004636999999999947e-01 2.152554999999999885e-01 1.000000000000000056e-01 1.000000000000000056e-01 2.692808999999999897e-01 1.839085000000000025e-01 1.042364999999999958e-01 7.836973999999999330e-02 8.065601999999999494e-02 1.610380999999999896e-01 2.339890000000000025e-01 2.925326999999999789e-01 4.000000000000000222e-01 4.000000000000000222e-01 3.573514999999999886e-01 4.000000000000000222e-01 3.413265999999999800e-01 3.684779000000000249e-01
3.773099999999999787e-01 3.388721000000000094e-01 3.986010999999999860e-01 3.180167999999999884e-01 3.029496999999999884e-01 1.000000000000000056e-01 1.925021000000000093e-01 1.680576000000000014e-01 9.672775000000000123e-02 6.973065999999999987e-02 1.040792999999999996e-01 1.445922000000000041e-01 2.585951000000000222e-01 4.000000000000000222e-01 4.000000000000000222e-01 2.825737999999999861e-01 3.880398999999999932e-01 4.000000000000000222e-01 2.687140000000000084e-01 1.915080999999999867e-01
3.705081000000000069e-01 4.000000000000000222e-01 4.000000000000000222e-01 4.000000000000000222e-01 3.028088999999999920e-01 1.935988999999999904e-01 2.182525999999999911e-01 1.653817999999999955e-01 7.440584999999999560e-02 4.356813999999999826e-02 8.943568000000000351e-02 2.018370999999999915e-01 3.300695000000000157e-01 3.537101999999999746e-01 2.309401000000000093e-01 3.625082000000000026e-01 4.000000000000000222e-01 3.328277000000000041e-01 3.334172000000000247e-01 2.117532000000000025e-01
4.000000000000000222e-01 4.000000000000000222e-01 3.997489000000000181e-01 3.587334999999999829e-01 2.701926000000000050e-01 2.211471999999999882e-01 2.295404000000000055e-01 1.725560999999999900e-01 7.346158999999999328e-02 8.866137999999999797e-02 9.674222000000000377e-02 1.415401000000000020e-01 2.073032999999999959e-01 2.432355999999999963e-01 3.018418999999999963e-01 4.000000000000000222e-01 4.000000000000000222e-01 3.414251999999999843e-01 4.000000000000000222e-01 2.061321999999999877e-01
3.491674000000000166e-01 4.000000000000000222e-01 3.468229999999999924e-01 4.000000000000000222e-01 2.713293999999999984e-01 1.759965000000000002e-01 1.754522000000000026e-01 1.538152999999999881e-01 1.697062000000000015e-01 2.124207999999999930e-01 1.499426000000000092e-01 2.332625000000000115e-01 2.532958000000000154e-01 2.855446999999999846e-01 4.000000000000000222e-01 4.000000000000000222e-01 4.000000000000000222e-01 3.573752000000000040e-01 2.427373999999999921e-01 1.783200000000000063e-01
1.954894000000000076e-01 4.000000000000000222e-01 4.000000000000000222e-01 3.090555999999999859e-01 1.870985000000000009e-01 2.019897999999999971e-01 1.187967999999999941e-01 1.256192999999999893e-01 1.653642999999999919e-01 1.814052999999999916e-01 2.706940999999999931e-01 3.971925000000000039e-01 2.750572000000000017e-01 4.000000000000000222e-01 4.000000000000000222e-01 4.000000000000000222e-01 3.774224999999999941e-01 3.489772999999999903e-01 3.078668999999999989e-01 2.107105999999999979e-01
2.010851999999999917e-01 2.236796000000000062e-01 4.000000000000000222e-01 3.493531999999999749e-01 3.171627000000000196e-01 2.837477999999999945e-01 1.574033999999999989e-01 1.920715000000000061e-01 2.306694999999999995e-01 1.326140000000000096e-01 2.150991999999999904e-01 3.625480999999999843e-01 3.396940999999999988e-01 4.000000000000000222e-01 4.000000000000000222e-01 3.427150999999999947e-01 2.503697999999999757e-01 2.615908000000000122e-01 2.127505000000000090e-01 2.169982000000000022e-01
1.093642999999999976e-01 2.128339999999999954e-01 2.191953000000000096e-01 2.965458000000000260e-01 3.051714999999999844e-01 1.039487999999999940e-01 1.169372000000000050e-01 9.837015000000000342e-02 1.171949000000000046e-01 1.411467000000000138e-01 2.757175000000000042e-01 3.296642000000000183e-01 2.000608000000000108e-01 1.731824999999999892e-01 2.641333000000000153e-01 2.130125999999999964e-01 1.526782999999999890e-01 2.213372000000000117e-01 2.322942000000000062e-01 1.959874000000000061e-01
1.413495999999999919e-01 1.432251999999999970e-01 2.615986000000000145e-01 2.780468999999999857e-01 2.631574999999999886e-01 1.462434999999999985e-01 6.718538000000000288e-02 1.274885000000000046e-01 1.239644000000000024e-01 2.238564000000000109e-01 1.497590000000000032e-01 1.503691000000000055e-01 8.049348000000000614e-02 1.571645999999999876e-01 1.522429999999999894e-01 1.270737999999999868e-01 1.622678999999999927e-01 2.010471000000000064e-01 2.611029999999999740e-01 1.999506000000000061e-01
2.233053999999999872e-01 2.438069999999999959e-01 1.758016000000000023e-01 2.594601999999999742e-01 2.177648000000000084e-01 1.662068999999999908e-01 7.624951000000000645e-02 1.209421999999999997e-01 1.550031000000000048e-01 1.368601000000000123e-01 2.364371999999999863e-01 1.752196000000000031e-01 1.443502000000000118e-01 1.694760999999999906e-01 1.422576999999999869e-01 1.614661000000000013e-01 1.398600999999999872e-01 1.473671000000000009e-01 1.671523000000000037e-01 1.107112999999999986e-01
1.522866999999999971e-01 2.689184000000000019e-01 2.287518000000000051e-01 2.019631000000000065e-01 2.188135999999999970e-01 1.212504999999999972e-01 8.763720999999999317e-02 1.828909999999999980e-01 1.345233999999999874e-01 1.397657999999999956e-01 2.129459999999999964e-01 1.722902000000000045e-01 1.244841000000000003e-01 1.681076999999999988e-01 1.593595999999999901e-01 1.513327999999999895e-01 1.244593999999999978e-01 8.381083999999999756e-02 7.463305000000000633e-02 8.084080999999999906e-02
1.000000000000000056e-01 3.270756000000000219e-01 2.221045000000000103e-01 3.478257000000000154e-01 2.255595999999999990e-01 1.199063999999999963e-01 9.496179999999999899e-02 1.328098000000000056e-01 1.535047999999999968e-01 1.938292000000000070e-01 1.800387999999999988e-01 1.445992999999999862e-01 9.529830000000000245e-02 1.667544999999999999e-01 2.540045000000000219e-01 1.669468000000000063e-01 1.538683999999999885e-01 7.265928000000000664e-02 7.164536000000000515e-02 7.759918000000000371e-02
1.000000000000000056e-01 1.000000000000000056e-01 2.472341000000000122e-01 3.374960000000000182e-01 2.528585999999999889e-01 1.408353999999999995e-01 8.779032000000000502e-02 1.149783000000000055e-01 9.117727000000000470e-02 9.541273000000000115e-02 1.776301999999999881e-01 1.341064999999999896e-01 9.429079999999999406e-02 1.557149999999999923e-01 2.699873999999999885e-01 2.111667999999999878e-01 9.438673999999999675e-02 1.111323000000000033e-01 9.150932000000000510e-02 6.588810000000000500e-02
1.000000000000000056e-01 1.000000000000000056e-01 1.000000000000000056e-01 2.912746999999999975e-01 1.529434000000000071e-01 1.135348000000000052e-01 1.667528000000000066e-01 1.175274999999999931e-01 9.635104999999999364e-02 6.216682999999999931e-02 1.679257999999999862e-01 1.452807999999999877e-01 1.441867000000000010e-01 1.887736000000000136e-01 2.754060999999999870e-01 2.212633999999999990e-01 1.529468999999999967e-01 7.328581000000000678e-02 9.941569000000000100e-02 1.495724999999999971e-01
1.000000000000000056e-01 1.000000000000000056e-01 1.000000000000000056e-01 1.000000000000000056e-01 1.862615999999999994e-01 2.082936999999999983e-01 1.263467000000000062e-01 1.060091999999999979e-01 1.361866999999999939e-01 1.210560999999999998e-01 1.959809999999999885e-01 1.130969000000000002e-01 1.626421000000000117e-01 1.419880000000000031e-01 1.162992000000000054e-01 1.247276999999999969e-01 1.549081999999999959e-01 9.397822000000000120e-02 1.238062999999999941e-01 1.000000000000000056e-01
1.000000000000000056e-01 1.000000000000000056e-01 1.000000000000000056e-01 1.000000000000000056e-01 2.393193999999999877e-01 2.003978999999999899e-01 1.823069999999999968e-01 1.745556000000000052e-01 1.171578000000000064e-01 1.442969000000000057e-01 2.048254999999999937e-01 2.569974999999999898e-01 1.524643999999999999e-01 1.546687999999999952e-01 1.977667999999999926e-01 1.096364999999999978e-01 1.253462999999999938e-01 1.222581999999999974e-01 8.311585000000000500e-02 1.000000000000000056e-01
1.000000000000000056e-01 1.000000000000000056e-01 1.000000000000000056e-01 1.000000000000000056e-01 1.000000000000000056e-01 2.480751999999999957e-01 3.960519000000000123e-01 1.756802000000000086e-01 2.775226000000000082e-01 1.610109000000000123e-01 1.546142000000000072e-01 1.478575000000000028e-01 1.288536999999999877e-01 2.012564000000000020e-01 1.727093000000000100e-01 1.688304999999999945e-01 1.863287999999999889e-01 2.000802000000000136e-01 1.000000000000000056e-01 1.000000000000000056e-01
1.000000000000000056e-01 1.000000000000000056e-01 1.000000000000000056e-01 1.000000000000000056e-01 1.000000000000000056e-01 4.000000000000000222e-01 3.970909000000000244e-01 2.108649999999999969e-01 1.320985000000000076e-01 1.571404000000000134e-01 1.024279000000000023e-01 1.938950000000000118e-01 1.750074000000000074e-01 1.813604000000000049e-01 1.649619999999999975e-01 2.247955000000000092e-01 2.128975999999999924e-01 1.000000000000000056e-01 1.000000000000000056e-01 1.000000000000000056e-01
1.000000000000000056e-01 1.000000000000000056e-01 1.000000000000000056e-01 1.000000000000000056e-01 1.000000000000000056e-01 4.000000000000000222e-01 4.000000000000000222e-01 2.958156000000000119e-01 2.541585000000000094e-01 1.852939999999999865e-01 1.489614999999999967e-01 1.815756000000000037e-01 1.439751999999999976e-01 2.384242000000000028e-01 2.885077999999999809e-01 1.962712000000000068e-01 1.000000000000000056e-01 1.000000000000000056e-01 1.000000000000000056e-01 1.000000000000000056e-01
