7.326356000000000535e-02 9.657515999999999323e-02 1.032657000000000019e-01 7.968368000000000673e-02 1.152269999999999961e-01 1.479919000000000096e-01 1.398273999999999906e-01 1.336994999999999989e-01 1.740770000000000095e-01 1.314412000000000080e-01 1.937047000000000074e-01 2.955980000000000274e-01 1.655968999999999913e-01 2.014415999999999984e-01 1.660851999999999884e-01 1.269470000000000043e-01 1.354077999999999948e-01 1.351785000000000070e-01 8.016312000000000437e-02 5.493399999999999672e-02
7.777101999999999626e-02 8.080294999999999839e-02 9.920252000000000236e-02 1.004155000000000048e-01 1.183928000000000064e-01 1.199971999999999983e-01 7.772355999999999709e-02 1.032238000000000044e-01 1.588846999999999898e-01 1.126907999999999938e-01 1.444718000000000113e-01 2.453762999999999916e-01 1.779981999999999953e-01 1.557477999999999918e-01 1.536811999999999900e-01 9.914027999999999730e-02 1.288371000000000099e-01 1.581343000000000054e-01 1.145589999999999942e-01 9.579801999999999762e-02
7.601157999999999526e-02 6.435204999999999398e-02 8.606880999999999560e-02 9.067556000000000227e-02 4.878330000000000166e-02 6.788054000000000310e-02 5.761105999999999866e-02 4.895275000000000321e-02 1.028136000000000050e-01 1.088863999999999943e-01 1.660797999999999996e-01 2.937219999999999831e-01 2.101223000000000118e-01 1.678802000000000072e-01 1.230037999999999965e-01 1.683541000000000065e-01 2.267921999999999993e-01 1.568837999999999899e-01 1.114572000000000063e-01 9.723768000000000689e-02
8.138210999999999362e-02 6.376292999999999545e-02 7.815080000000000637e-02 6.323375999999999997e-02 6.144779000000000213e-02 5.777377999999999680e-02 4.920702999999999883e-02 6.850182999999999967e-02 1.022366999999999998e-01 1.169610999999999984e-01 1.193969000000000003e-01 1.819619000000000097e-01 1.520104999999999928e-01 2.258239999999999970e-01 1.510788999999999882e-01 1.310454000000000063e-01 1.741927000000000059e-01 1.103718000000000060e-01 7.347357999999999667e-02 8.994191999999999465e-02
1.186047999999999963e-01 1.373863999999999919e-01 1.901323000000000041e-01 1.012986000000000025e-01 1.378929999999999878e-01 8.766264000000000001e-02 6.821612000000000509e-02 7.213005000000000111e-02 1.354891000000000012e-01 9.071466999999999725e-02 9.906455000000000122e-02 1.426395000000000024e-01 1.345268000000000019e-01 1.820025000000000115e-01 2.079896999999999996e-01 1.749058000000000002e-01 1.232523999999999981e-01 7.060265999999999764e-02 9.606987999999999639e-02 1.238787999999999973e-01
1.361343000000000136e-01 1.361595999999999917e-01 1.313197999999999865e-01 1.221512000000000014e-01 1.298462999999999978e-01 1.055722999999999939e-01 9.784426999999999708e-02 1.135805000000000009e-01 6.587703000000000308e-02 8.280287999999999538e-02 9.365345999999999393e-02 2.441476999999999953e-01 1.617950999999999973e-01 2.201558000000000126e-01 1.296421000000000101e-01 1.702102000000000059e-01 7.846469999999999834e-02 6.859859999999999569e-02 7.309002000000000554e-02 1.104885000000000034e-01
1.247618999999999950e-01 1.385982000000000047e-01 1.383425000000000071e-01 9.974011000000000682e-02 1.084626999999999952e-01 1.425966999999999929e-01 1.737053000000000069e-01 1.150761000000000006e-01 6.699547000000000141e-02 8.557708999999999455e-02 1.433319999999999872e-01 1.300593999999999917e-01 2.244345000000000090e-01 1.299445999999999934e-01 1.463231000000000115e-01 2.202668000000000126e-01 1.182383000000000045e-01 7.624854999999999827e-02 7.620615999999999501e-02 1.599474999999999925e-01
1.974025000000000085e-01 1.879763000000000128e-01 2.539385000000000114e-01 9.846027999999999725e-02 8.365176000000000556e-02 1.170348999999999973e-01 9.523597999999999786e-02 1.387697999999999987e-01 1.183310999999999946e-01 1.013856999999999953e-01 1.641847999999999919e-01 1.385336000000000067e-01 1.675734999999999864e-01 1.446678999999999882e-01 1.530016999999999905e-01 1.167471000000000064e-01 8.880142000000000591e-02 1.002003999999999950e-01 1.349213999999999969e-01 2.165561000000000014e-01
2.714898000000000033e-01 2.480437000000000058e-01 2.718081999999999998e-01 1.542614999999999958e-01 1.000000000000000056e-01 1.000000000000000056e-01 1.000000000000000056e-01 1.529312999999999922e-01 1.907258000000000009e-01 1.929364000000000079e-01 2.410505000000000009e-01 2.108442000000000094e-01 8.629259000000000235e-02 1.241439000000000015e-01 5.911315999999999793e-02 1.023928999999999950e-01 9.832393000000000383e-02 7.391177999999999637e-02 8.895851999999999926e-02 1.328379000000000087e-01
3.515739999999999976e-01 4.000000000000000222e-01 1.546785999999999994e-01 1.207499999999999962e-01 1.000000000000000056e-01 1.000000000000000056e-01 1.000000000000000056e-01 1.000000000000000056e-01 1.696335999999999955e-01 1.961466000000000043e-01 2.360681000000000029e-01 2.109312999999999882e-01 1.591309999999999947e-01 8.316574999999999662e-02 6.788433000000000661e-02 7.110192999999999375e-02 7.460371000000000363e-02 1.356798999999999922e-01 8.254722999999999922e-02 1.269387999999999905e-01
4.000000000000000222e-01 4.000000000000000222e-01 3.862674999999999859e-01 1.347175999999999929e-01 1.000000000000000056e-01 1.000000000000000056e-01 1.000000000000000056e-01 1.000000000000000056e-01 1.760282999999999987e-01 1.728708999999999940e-01 2.585200999999999749e-01 1.671006999999999909e-01 1.168141000000000040e-01 6.172687999999999786e-02 4.101337000000000038e-02 6.299749000000000321e-02 7.132964999999999445e-02 1.223497000000000057e-01 1.156744999999999995e-01 1.522161999999999960e-01
2.073628999999999889e-01 3.562428999999999735e-01 2.381620000000000126e-01 1.447858999999999952e-01 1.000000000000000056e-01 1.000000000000000056e-01 1.000000000000000056e-01 1.000000000000000056e-01 1.623426000000000036e-01 3.237314000000000025e-01 3.042702999999999935e-01 1.579881999999999953e-01 1.045034999999999992e-01 5.775940999999999714e-02 5.033866000000000035e-02 7.857074999999999476e-02 1.164856999999999976e-01 9.016045999999999783e-02 8.631094999999999740e-02 1.594663000000000053e-01
2.380123000000000100e-01 1.784162999999999999e-01 1.613159000000000121e-01 1.740123000000000086e-01 1.000000000000000056e-01 1.000000000000000056e-01 1.000000000000000056e-01 1.000000000000000056e-01 2.767483000000000026e-01 3.041115999999999819e-01 2.523775999999999797e-01 2.135476000000000041e-01 1.146568000000000032e-01 7.044530999999999710e-02 1.281748000000000054e-01 1.069634000000000001e-01 5.826603000000000337e-02 6.761375999999999498e-02 6.897802999999999574e-02 1.083860999999999991e-01
1.505440000000000111e-01 1.871375000000000122e-01 1.732708000000000026e-01 2.654047999999999963e-01 1.000000000000000056e-01 1.000000000000000056e-01 1.000000000000000056e-01 1.000000000000000056e-01 2.886234999999999773e-01 3.916254000000000124e-01 2.803700000000000081e-01 1.790897999999999934e-01 1.045785999999999938e-01 1.081543999999999978e-01 9.451281999999999739e-02 9.471976000000000007e-02 5.374634999999999829e-02 4.833513999999999866e-02 6.697591999999999435e-02 8.948042000000000495e-02
1.000595999999999985e-01 9.146314999999999307e-02 1.549781000000000075e-01 2.604991999999999863e-01 1.000000000000000056e-01 1.000000000000000056e-01 1.000000000000000056e-01 1.000000000000000056e-01 4.000000000000000222e-01 4.000000000000000222e-01 1.846756999999999982e-01 2.309141999999999861e-01 1.380827000000000027e-01 1.014676999999999940e-01 1.028823999999999989e-01 9.884339000000000319e-02 6.394745999999999764e-02 4.271127000000000257e-02 5.988705999999999890e-02 9.093370000000000619e-02
9.706584000000000045e-02 1.679067999999999949e-01 1.299343000000000026e-01 2.393279000000000101e-01 1.000000000000000056e-01 1.000000000000000056e-01 1.000000000000000056e-01 1.000000000000000056e-01 2.441025000000000000e-01 2.572731999999999797e-01 1.680878000000000094e-01 1.406714000000000020e-01 1.913677000000000017e-01 1.248351000000000044e-01 9.471110000000000639e-02 7.364447000000000354e-02 6.282295999999999714e-02 6.744593999999999590e-02 6.435425999999999647e-02 1.321614999999999873e-01
8.733939999999999759e-02 1.248944000000000026e-01 1.896878999999999926e-01 2.820849000000000273e-01 1.000000000000000056e-01 1.000000000000000056e-01 1.000000000000000056e-01 1.000000000000000056e-01 3.290107999999999921e-01 2.065151000000000070e-01 2.151200000000000057e-01 1.211759000000000031e-01 8.693267000000000355e-02 1.249625000000000041e-01 1.413161000000000000e-01 1.300229999999999997e-01 5.765562999999999938e-02 6.057110000000000272e-02 9.673091999999999802e-02 2.392222999999999988e-01
8.622188999999999548e-02 7.542202000000000628e-02 1.266175999999999968e-01 1.191998999999999975e-01 1.000000000000000056e-01 1.000000000000000056e-01 1.000000000000000056e-01 1.000000000000000056e-01 1.481216999999999950e-01 1.519032999999999911e-01 1.191331000000000057e-01 1.421044999999999947e-01 8.821629999999999749e-02 1.016959000000000057e-01 6.733184999999999865e-02 8.611033999999999355e-02 1.016429999999999972e-01 1.147480000000000028e-01 1.380290999999999879e-01 2.712941999999999854e-01
7.605670999999999959e-02 6.353311999999999848e-02 1.002397000000000010e-01 1.087926000000000032e-01 1.000000000000000056e-01 1.000000000000000056e-01 1.000000000000000056e-01 1.000000000000000056e-01 1.427892000000000050e-01 1.493203999999999920e-01 8.691590999999999900e-02 1.185434999999999961e-01 7.433352999999999489e-02 7.297468999999999484e-02 4.036971000000000309e-02 6.599401000000000572e-02 1.016444999999999987e-01 1.386182999999999998e-01 1.102455999999999992e-01 1.308660000000000101e-01
6.281709000000000598e-02 1.050569999999999976e-01 1.264244999999999952e-01 1.737146999999999997e-01 1.000000000000000056e-01 1.000000000000000056e-01 1.000000000000000056e-01 1.000000000000000056e-01 1.690196999999999949e-01 8.437311000000000116e-02 9.946815000000000517e-02 1.187000000000000000e-01 7.290670000000000484e-02 1.240440000000000015e-01 7.116355000000000597e-02 1.063805000000000028e-01 1.518923000000000079e-01 1.982604000000000033e-01 2.949645000000000183e-01 2.075120000000000020e-01
8.421791000000000693e-02 6.875565000000000149e-02 9.474314000000000346e-02 9.098472999999999977e-02 1.000000000000000056e-01 1.000000000000000056e-01 1.000000000000000056e-01 1.000000000000000056e-01 1.606074999999999864e-01 2.327919999999999989e-01 1.958508999999999944e-01 1.292791000000000079e-01 9.153632000000000435e-02 1.323592000000000102e-01 1.201132000000000033e-01 1.005887000000000031e-01 7.967710999999999544e-02 2.072396999999999989e-01 2.818037999999999932e-01 2.793386999999999953e-01
8.027552000000000298e-02 7.038624000000000269e-02 6.679287999999999892e-02 8.227938999999999392e-02 1.000000000000000056e-01 1.000000000000000056e-01 3.290942000000000034e-01 3.112329999999999819e-01 3.243723000000000023e-01 3.068080999999999725e-01 2.250457999999999903e-01 2.297787000000000024e-01 1.312872999999999957e-01 1.329029999999999934e-01 1.936952999999999869e-01 2.122001000000000026e-01 2.001591000000000065e-01 1.852765000000000106e-01 2.059503000000000028e-01 1.751960999999999935e-01
1.314879999999999938e-01 1.033208999999999933e-01 8.382512999999999770e-02 1.013769999999999949e-01 1.286326999999999887e-01 1.000000000000000056e-01 3.903229999999999755e-01 2.691970000000000196e-01 3.553971000000000213e-01 3.550823000000000174e-01 2.262119999999999964e-01 1.835462999999999956e-01 1.566999000000000031e-01 1.553188000000000069e-01 2.410598999999999936e-01 2.182651999999999926e-01 2.952796999999999783e-01 2.566135999999999973e-01 1.495078999999999991e-01 1.290186999999999862e-01
1.443911999999999973e-01 1.379746000000000028e-01 1.448487999999999998e-01 1.495219999999999883e-01 1.208922000000000052e-01 2.064650000000000096e-01 3.705687999999999760e-01 3.119643000000000277e-01 3.000137999999999971e-01 3.157348999999999850e-01 2.888492999999999755e-01 2.030399999999999983e-01 1.774227999999999916e-01 1.686798999999999937e-01 2.595643000000000256e-01 2.015454999999999885e-01 2.041798999999999975e-01 2.049939000000000067e-01 1.448663000000000034e-01 2.088415000000000132e-01
1.328295999999999921e-01 2.250906000000000018e-01 8.869868000000000197e-02 1.291171999999999875e-01 1.319234999999999991e-01 3.151295000000000068e-01 3.168477000000000099e-01 3.570850999999999886e-01 3.725222000000000255e-01 3.215026000000000272e-01 3.097494000000000081e-01 2.273659000000000097e-01 1.799611999999999878e-01 1.633093999999999935e-01 2.514898999999999885e-01 1.835660000000000069e-01 2.218704999999999983e-01 1.859326000000000034e-01 1.690436999999999912e-01 2.548891999999999824e-01
1.333112999999999937e-01 1.655216999999999938e-01 8.363028000000000128e-02 9.485351999999999673e-02 1.143007000000000051e-01 1.934008000000000116e-01 3.382730999999999932e-01 2.616590999999999778e-01 2.484679999999999944e-01 2.195799999999999974e-01 2.432892000000000110e-01 1.469050000000000078e-01 1.776623999999999981e-01 1.957203000000000137e-01 2.043987999999999916e-01 3.539259000000000155e-01 2.432065999999999950e-01 2.524794000000000205e-01 2.722293000000000074e-01 2.605863999999999958e-01
1.127589999999999981e-01 1.341336999999999946e-01 1.102169000000000065e-01 1.393377000000000088e-01 1.758914000000000033e-01 4.000000000000000222e-01 3.130704999999999738e-01 2.185101999999999878e-01 2.101887000000000061e-01 1.903829999999999967e-01 2.794830999999999843e-01 2.493228999999999862e-01 2.416326000000000029e-01 2.851328000000000196e-01 4.000000000000000222e-01 3.700671999999999850e-01 1.584837000000000051e-01 3.021588000000000052e-01 4.000000000000000222e-01 1.953291000000000055e-01
2.031489999999999962e-01 2.351745000000000085e-01 1.989035000000000108e-01 2.363870000000000138e-01 2.754713999999999774e-01 2.070965999999999918e-01 2.574228000000000072e-01 1.652235999999999982e-01 1.768918999999999908e-01 2.235193000000000041e-01 3.092509999999999981e-01 3.570382999999999751e-01 3.405638999999999750e-01 2.447446000000000066e-01 2.463841999999999977e-01 3.185876999999999737e-01 2.405528999999999862e-01 2.143815000000000026e-01 2.155760999999999927e-01 2.103731000000000073e-01
2.581518999999999897e-01 3.430830999999999742e-01 2.876926000000000205e-01 2.034540999999999988e-01 4.000000000000000222e-01 4.000000000000000222e-01 1.824849000000000054e-01 2.232665000000000066e-01 1.401045999999999958e-01 2.465834000000000081e-01 2.490957000000000032e-01 2.282924000000000064e-01 1.459252000000000049e-01 1.858553000000000011e-01 2.343526999999999971e-01 2.236025000000000096e-01 2.207763000000000086e-01 1.244994999999999991e-01 8.925265000000000282e-02 1.185490000000000016e-01
4.000000000000000222e-01 2.793803999999999732e-01 3.369416000000000078e-01 2.572239000000000053e-01 2.908525000000000138e-01 3.317092999999999847e-01 1.643278999999999990e-01 2.473084999999999867e-01 1.610253000000000101e-01 1.521506999999999998e-01 2.265917000000000070e-01 1.661770999999999943e-01 1.507695000000000007e-01 1.730852999999999975e-01 1.766263999999999890e-01 1.594861999999999946e-01 2.227050999999999892e-01 1.063473999999999947e-01 1.025761000000000034e-01 8.468934000000000184e-02
3.169098000000000193e-01 3.061112999999999751e-01 3.093218999999999830e-01 2.056186000000000125e-01 1.983602999999999894e-01 1.583724999999999994e-01 1.832447000000000104e-01 2.254274000000000000e-01 2.952438000000000007e-01 2.126875000000000016e-01 1.668337000000000014e-01 1.180292000000000008e-01 1.096580999999999945e-01 1.527849000000000013e-01 1.625460999999999989e-01 2.626005000000000145e-01 2.138376999999999917e-01 9.039068999999999576e-02 1.271191000000000126e-01 1.312165999999999888e-01
1.334489000000000092e-01 1.481724000000000097e-01 2.133972000000000091e-01 1.968669000000000113e-01 2.017703999999999886e-01 1.695923000000000014e-01 1.710453999999999863e-01 2.132690999999999892e-01 1.655147999999999897e-01 1.223024000000000056e-01 1.478479000000000043e-01 7.130259999999999376e-02 1.132381999999999972e-01 1.758213000000000137e-01 2.125254000000000032e-01 2.005877000000000077e-01 2.931908999999999765e-01 2.007340999999999986e-01 1.637737999999999972e-01 1.461667000000000105e-01
1.000000000000000056e-01 8.538091999999999904e-02 1.338775000000000104e-01 9.649130999999999680e-02 1.078162000000000009e-01 1.764431999999999945e-01 1.460570999999999953e-01 1.050359000000000015e-01 1.577301000000000120e-01 9.114914999999999823e-02 1.183777000000000024e-01 1.072570000000000051e-01 1.041350000000000053e-01 1.717088999999999976e-01 1.792716000000000032e-01 1.757278999999999924e-01 1.727634999999999865e-01 1.994691000000000103e-01 1.288416000000000006e-01 1.477387000000000006e-01
1.000000000000000056e-01 1.000000000000000056e-01 8.948662999999999756e-02 7.163761999999999908e-02 7.257568999999999826e-02 1.212944999999999995e-01 9.173093000000000219e-02 7.765418999999999794e-02 9.044541000000000386e-02 5.915188999999999864e-02 5.730749999999999733e-02 8.706648000000000165e-02 1.097578000000000026e-01 2.599523000000000250e-01 1.685018000000000071e-01 1.187474000000000030e-01 1.352872999999999992e-01 1.645013999999999921e-01 1.790368999999999988e-01 1.672247000000000039e-01
1.000000000000000056e-01 1.000000000000000056e-01 1.000000000000000056e-01 1.132317000000000046e-01 1.101946000000000037e-01 1.143879000000000007e-01 5.625151999999999930e-02 7.703446999999999378e-02 6.627447999999999673e-02 7.630470999999999782e-02 3.990058999999999967e-02 8.597461000000000686e-02 1.775603000000000042e-01 1.988755000000000106e-01 1.518374999999999864e-01 1.130055999999999977e-01 9.005496000000000334e-02 1.181186000000000041e-01 1.307130999999999987e-01 1.299037000000000108e-01
1.000000000000000056e-01 1.000000000000000056e-01 1.000000000000000056e-01 1.000000000000000056e-01 1.308837999999999946e-01 6.412772999999999390e-02 5.910760999999999793e-02 6.678694000000000297e-02 8.369743999999999795e-02 8.253317000000000292e-02 7.463955999999999369e-02 8.699041999999999886e-02 1.983190999999999982e-01 1.815558999999999923e-01 1.716715000000000046e-01 9.639454999999999552e-02 1.311453999999999953e-01 8.089731999999999479e-02 1.102168000000000037e-01 1.000000000000000056e-01
1.000000000000000056e-01 1.000000000000000056e-01 1.000000000000000056e-01 1.000000000000000056e-01 1.403241000000000072e-01 1.217199999999999949e-01 6.707491999999999621e-02 6.657082999999999751e-02 6.943794000000000355e-02 9.888658000000000170e-02 8.401176000000000477e-02 6.833994000000000180e-02 1.090099000000000068e-01 2.185447000000000084e-01 2.258217999999999892e-01 1.273914999999999909e-01 1.244810999999999973e-01 9.803583999999999909e-02 1.091287999999999980e-01 1.000000000000000056e-01
1.000000000000000056e-01 1.000000000000000056e-01 1.000000000000000056e-01 1.000000000000000056e-01 1.000000000000000056e-01 1.392316000000000109e-01 1.697349999999999970e-01 1.328313999999999884e-01 1.506061999999999956e-01 1.140319000000000055e-01 1.292992000000000030e-01 1.433687999999999907e-01 1.424644999999999939e-01 1.319969000000000003e-01 1.745508000000000060e-01 1.779332999999999887e-01 1.330043999999999949e-01 1.955545999999999951e-01 1.000000000000000056e-01 1.000000000000000056e-01
1.000000000000000056e-01 1.000000000000000056e-01 1.000000000000000056e-01 1.000000000000000056e-01 1.000000000000000056e-01 9.311295999999999462e-02 1.328200999999999965e-01 8.044126999999999528e-02 1.658692999999999973e-01 1.926826000000000094e-01 1.451047000000000031e-01 1.910152999999999990e-01 1.465221999999999913e-01 1.382538000000000100e-01 1.233507999999999966e-01 1.880827999999999944e-01 1.501222000000000112e-01 1.000000000000000056e-01 1.000000000000000056e-01 1.000000000000000056e-01
1.000000000000000056e-01 1.000000000000000056e-01 1.000000000000000056e-01 1.000000000000000056e-01 1.000000000000000056e-01 1.125952000000000064e-01 1.221832999999999947e-01 1.767402999999999891e-01 2.016780999999999990e-01 1.863215000000000010e-01 1.452466000000000035e-01 1.615524000000000127e-01 1.399723999999999968e-01 1.854898000000000102e-01 1.088554000000000049e-01 1.258382999999999863e-01 1.000000000000000056e-01 1.000000000000000056e-01 1.000000000000000056e-01 1.000000000000000056e-01
