1.341774000000000022e-01 3.018738000000000254e-01 4.000000000000000222e-01 3.979294999999999916e-01 1.985982000000000025e-01 2.008097000000000076e-01 4.000000000000000222e-01 3.369829999999999770e-01 4.000000000000000222e-01 2.323504999999999876e-01 1.784293000000000129e-01 1.640242000000000089e-01 1.690837000000000034e-01 1.433944000000000052e-01 1.900642999999999916e-01 2.185323999999999878e-01 3.059553999999999885e-01 3.659510000000000263e-01 2.248375999999999986e-01 1.018914999999999960e-01
1.342473999999999890e-01 3.297718000000000038e-01 3.624260999999999733e-01 2.519913999999999765e-01 1.687094000000000094e-01 1.935681999999999958e-01 2.222115000000000062e-01 4.000000000000000222e-01 3.010553000000000257e-01 2.968995999999999857e-01 1.497359000000000051e-01 2.904025000000000079e-01 2.103868999999999878e-01 1.882302999999999893e-01 2.550671999999999939e-01 2.319792999999999994e-01 2.366101999999999927e-01 2.066275999999999946e-01 2.679522999999999766e-01 1.853826000000000085e-01
9.309227999999999947e-02 1.888125999999999971e-01 2.313848000000000016e-01 1.321981000000000128e-01 8.050400000000000611e-02 1.092564000000000035e-01 2.023054999999999992e-01 2.115722999999999909e-01 2.111310000000000131e-01 2.540331000000000117e-01 2.003661999999999943e-01 2.330474999999999908e-01 2.802710999999999952e-01 3.047045999999999921e-01 1.808765999999999985e-01 2.010773999999999895e-01 2.075029999999999930e-01 2.102788999999999908e-01 1.947570000000000134e-01 1.961520999999999959e-01
6.787427000000000044e-02 1.460374000000000116e-01 1.046633000000000008e-01 7.571236000000000632e-02 1.013402999999999943e-01 9.797778000000000043e-02 1.266262999999999972e-01 1.879142000000000035e-01 2.066347000000000045e-01 1.905403999999999987e-01 1.870557999999999943e-01 1.906455999999999984e-01 1.731373999999999969e-01 3.432873000000000174e-01 2.550887000000000016e-01 1.251275000000000026e-01 1.549535999999999969e-01 1.491255999999999970e-01 1.272452000000000027e-01 1.577477999999999936e-01
8.689196999999999893e-02 1.249547000000000019e-01 1.167273999999999951e-01 1.001960999999999963e-01 9.083449999999999858e-02 1.445799999999999863e-01 1.351494000000000029e-01 9.050912999999999320e-02 1.462779999999999914e-01 1.311155999999999988e-01 1.800263000000000002e-01 1.452112999999999876e-01 1.215747999999999968e-01 2.165169999999999872e-01 2.436325000000000018e-01 1.163885000000000058e-01 1.343640000000000112e-01 1.723157999999999912e-01 1.677215999999999985e-01 1.218600999999999990e-01
8.914341000000000625e-02 1.406866999999999979e-01 8.453251999999999988e-02 5.385116999999999682e-02 7.652541999999999678e-02 1.420217000000000007e-01 7.659673999999999650e-02 4.846065000000000095e-02 9.671523999999999399e-02 1.217595000000000066e-01 1.114644000000000051e-01 1.367298000000000124e-01 1.906459000000000070e-01 2.147882999999999876e-01 1.566659999999999997e-01 1.157900000000000040e-01 1.477610000000000035e-01 1.459239999999999982e-01 1.361939000000000066e-01 1.224352999999999969e-01
9.780294999999999961e-02 9.045319000000000276e-02 6.118486000000000063e-02 6.534510999999999792e-02 7.827012999999999332e-02 6.886319000000000468e-02 9.489032999999999496e-02 6.730721000000000620e-02 1.181698000000000054e-01 1.083587000000000022e-01 1.608651000000000109e-01 1.862126000000000059e-01 1.912763000000000102e-01 1.955725000000000102e-01 9.537458000000000047e-02 8.222414999999999585e-02 1.094523000000000024e-01 1.338563000000000114e-01 1.676660000000000095e-01 2.085778000000000076e-01
9.573908999999999891e-02 7.304813000000000278e-02 5.105557000000000151e-02 5.294452000000000186e-02 4.397585999999999856e-02 1.129040000000000044e-01 7.714530999999999472e-02 1.556954000000000116e-01 1.196253000000000039e-01 1.695239000000000051e-01 1.398366000000000053e-01 1.205298999999999954e-01 1.201786999999999994e-01 1.295272000000000090e-01 1.609618999999999911e-01 8.352764999999999496e-02 1.264606000000000063e-01 1.531789000000000067e-01 1.992916000000000132e-01 2.153313000000000033e-01
6.279434999999999878e-02 8.097355000000000524e-02 4.396176000000000250e-02 4.065757999999999872e-02 1.000000000000000056e-01 1.000000000000000056e-01 1.000000000000000056e-01 1.208033000000000023e-01 1.095838999999999980e-01 1.593183999999999989e-01 1.164285999999999932e-01 1.227203999999999934e-01 1.592671999999999977e-01 7.679510999999999976e-02 1.192566000000000043e-01 9.931433000000000622e-02 1.187635999999999969e-01 1.379181999999999908e-01 1.654324000000000072e-01 1.833268999999999871e-01
8.088186999999999460e-02 5.906339000000000033e-02 3.624518999999999658e-02 5.757846999999999965e-02 1.000000000000000056e-01 1.000000000000000056e-01 1.000000000000000056e-01 1.000000000000000056e-01 9.782849000000000406e-02 1.528600999999999988e-01 1.018688999999999983e-01 1.140714000000000033e-01 9.238925000000000609e-02 7.167756000000000127e-02 1.109609000000000012e-01 9.978955000000000464e-02 9.111391000000000628e-02 1.045360000000000039e-01 1.130619000000000068e-01 1.271092000000000055e-01
1.351918000000000009e-01 7.610590000000000410e-02 8.257114999999999594e-02 7.594404000000000432e-02 1.000000000000000056e-01 1.000000000000000056e-01 1.000000000000000056e-01 1.000000000000000056e-01 9.184586999999999612e-02 7.866228000000000109e-02 9.793000000000000316e-02 9.847114999999999341e-02 9.187302999999999442e-02 6.945436000000000665e-02 7.297689999999999733e-02 7.240465000000000095e-02 8.349011000000000626e-02 6.752550999999999692e-02 1.255129000000000106e-01 1.456152000000000002e-01
1.110034000000000021e-01 6.350105999999999806e-02 1.431765999999999872e-01 1.912657000000000107e-01 1.000000000000000056e-01 1.000000000000000056e-01 1.000000000000000056e-01 1.000000000000000056e-01 6.795458000000000054e-02 9.739467999999999737e-02 1.067871999999999988e-01 9.102968000000000171e-02 1.478725999999999929e-01 8.584406999999999455e-02 7.523111999999999855e-02 6.945047999999999500e-02 5.568473000000000173e-02 3.733024000000000064e-02 1.008557999999999955e-01 1.292273999999999923e-01
8.108819999999999917e-02 6.059677000000000119e-02 7.598797999999999664e-02 1.021235000000000059e-01 1.000000000000000056e-01 1.000000000000000056e-01 1.000000000000000056e-01 1.000000000000000056e-01 8.801826999999999568e-02 9.607121000000000410e-02 8.753257999999999872e-02 6.673031000000000101e-02 9.536231000000000568e-02 1.146739999999999982e-01 7.887463000000000113e-02 8.934973999999999694e-02 7.801574000000000009e-02 6.808268000000000653e-02 1.013084999999999958e-01 1.692288000000000125e-01
7.740033000000000329e-02 1.134302999999999978e-01 4.376689000000000274e-02 5.004275999999999863e-02 1.000000000000000056e-01 1.000000000000000056e-01 1.000000000000000056e-01 1.000000000000000056e-01 9.751577999999999635e-02 6.859263999999999639e-02 6.380732000000000070e-02 1.028677999999999954e-01 1.638410999999999895e-01 1.080908000000000008e-01 7.222486000000000184e-02 1.214278000000000024e-01 1.056122000000000033e-01 1.140012999999999999e-01 1.327465999999999924e-01 2.089946000000000026e-01
1.604999000000000009e-01 2.052711000000000119e-01 9.463167000000000106e-02 4.512005000000000182e-02 1.000000000000000056e-01 1.000000000000000056e-01 1.000000000000000056e-01 1.000000000000000056e-01 8.353505999999999432e-02 7.514326000000000338e-02 7.999881000000000353e-02 1.011521999999999977e-01 2.123007000000000088e-01 2.086003999999999914e-01 1.779480999999999979e-01 1.223795000000000022e-01 1.105714000000000002e-01 1.401642999999999917e-01 1.362906000000000117e-01 1.766504000000000130e-01
1.603365999999999958e-01 1.530293000000000070e-01 1.333292000000000088e-01 8.842260999999999871e-02 1.000000000000000056e-01 1.000000000000000056e-01 1.000000000000000056e-01 1.000000000000000056e-01 8.081322000000000505e-02 8.246288000000000229e-02 7.815192999999999446e-02 1.517247999999999930e-01 2.710030999999999968e-01 4.000000000000000222e-01 2.655237999999999765e-01 2.821391999999999789e-01 1.804156000000000093e-01 1.244881999999999933e-01 1.338903999999999928e-01 1.909685999999999884e-01
1.346532000000000007e-01 1.231363999999999931e-01 9.052066000000000279e-02 8.646341999999999917e-02 1.000000000000000056e-01 1.000000000000000056e-01 1.000000000000000056e-01 1.000000000000000056e-01 7.161828000000000638e-02 9.141971999999999599e-02 1.664886999999999895e-01 1.122984000000000065e-01 2.143068999999999946e-01 2.019829999999999959e-01 2.616044000000000147e-01 1.951064999999999883e-01 3.723913999999999835e-01 1.991188999999999876e-01 1.924517000000000033e-01 2.246018999999999932e-01
1.419773000000000007e-01 1.049078999999999984e-01 7.429943999999999438e-02 5.497110000000000191e-02 1.000000000000000056e-01 1.000000000000000056e-01 1.000000000000000056e-01 1.000000000000000056e-01 7.030448999999999726e-02 1.055944999999999939e-01 1.036095999999999961e-01 1.152059000000000000e-01 1.322058999999999873e-01 1.434052000000000104e-01 2.564385000000000137e-01 3.090671999999999864e-01 2.561053999999999831e-01 1.350659999999999916e-01 1.880217000000000138e-01 1.689327999999999941e-01
9.044791000000000636e-02 8.186332000000000331e-02 1.032774000000000053e-01 8.632040000000000546e-02 1.000000000000000056e-01 1.000000000000000056e-01 1.000000000000000056e-01 1.000000000000000056e-01 7.287804999999999978e-02 1.099404999999999966e-01 1.000677999999999984e-01 1.671166000000000040e-01 1.446672999999999987e-01 1.770702000000000109e-01 1.889915000000000067e-01 2.820570000000000022e-01 2.151605000000000045e-01 2.233036999999999939e-01 1.290596999999999994e-01 1.589415000000000133e-01
5.727672999999999792e-02 1.395646000000000109e-01 9.305423000000000167e-02 9.247561999999999449e-02 1.000000000000000056e-01 1.000000000000000056e-01 1.000000000000000056e-01 1.000000000000000056e-01 7.780544000000000349e-02 8.925990000000000313e-02 1.128358000000000000e-01 1.454421999999999937e-01 1.601971000000000089e-01 1.864834999999999965e-01 2.145807000000000131e-01 1.991017999999999954e-01 1.746313999999999922e-01 1.501097000000000126e-01 1.136735999999999996e-01 9.389541999999999333e-02
1.295679000000000136e-01 2.043143000000000042e-01 1.063507999999999953e-01 1.072928999999999966e-01 1.000000000000000056e-01 1.000000000000000056e-01 1.000000000000000056e-01 1.000000000000000056e-01 8.942894999999999317e-02 1.660776999999999948e-01 1.538930000000000020e-01 9.958314000000000055e-02 1.370396999999999865e-01 1.570329000000000030e-01 2.003897000000000039e-01 1.591220000000000134e-01 2.660079000000000193e-01 2.257496999999999976e-01 1.453570999999999891e-01 1.550236999999999865e-01
1.015053999999999956e-01 1.080628000000000005e-01 1.560118000000000060e-01 1.175459999999999977e-01 1.000000000000000056e-01 1.000000000000000056e-01 2.098579000000000139e-01 1.583991999999999900e-01 1.449803000000000064e-01 1.826279000000000097e-01 1.295013000000000136e-01 7.559762000000000426e-02 7.987927999999999695e-02 9.581201000000000301e-02 1.069974999999999954e-01 1.330394000000000021e-01 2.102685999999999999e-01 2.065964000000000134e-01 1.594222999999999890e-01 1.321762999999999966e-01
5.043517000000000139e-02 8.877263000000000515e-02 1.934538000000000091e-01 1.487350000000000061e-01 1.527891999999999861e-01 1.000000000000000056e-01 2.105177000000000020e-01 2.804672999999999750e-01 3.483074999999999921e-01 2.661559000000000008e-01 8.198286000000000462e-02 7.630945000000000089e-02 4.847763000000000072e-02 8.718383000000000382e-02 6.623226000000000113e-02 1.548068999999999973e-01 2.029561000000000004e-01 1.283190999999999915e-01 1.366731999999999947e-01 1.413687000000000138e-01
7.195015999999999912e-02 1.089007000000000031e-01 1.145364999999999994e-01 1.561652000000000040e-01 1.629776000000000002e-01 1.890255999999999881e-01 1.906132000000000104e-01 2.354987000000000053e-01 3.802968999999999933e-01 4.000000000000000222e-01 1.770597999999999894e-01 7.070975000000000177e-02 6.765377000000000196e-02 1.259493999999999891e-01 1.885331000000000090e-01 1.579844999999999999e-01 1.548175999999999997e-01 1.693565999999999960e-01 2.019741999999999926e-01 2.555611999999999884e-01
1.011568000000000050e-01 1.171963000000000032e-01 1.709645999999999944e-01 2.173469000000000095e-01 2.753175999999999957e-01 2.330755999999999939e-01 2.585069999999999868e-01 4.000000000000000222e-01 3.681843000000000199e-01 4.000000000000000222e-01 2.007408999999999999e-01 2.009277999999999897e-01 1.904198000000000002e-01 1.485623000000000082e-01 1.362856000000000067e-01 1.538894000000000095e-01 1.748426999999999898e-01 2.021314999999999917e-01 1.902978999999999921e-01 2.217385000000000050e-01
1.247054999999999969e-01 1.359935999999999923e-01 2.021927000000000030e-01 2.341417000000000082e-01 2.926739999999999897e-01 3.451114000000000126e-01 2.004453999999999958e-01 2.583344000000000196e-01 3.424040999999999890e-01 4.000000000000000222e-01 3.829106999999999927e-01 2.700403000000000109e-01 1.687794999999999990e-01 1.509739999999999971e-01 1.614163999999999877e-01 1.107318000000000052e-01 1.332354000000000038e-01 2.167521000000000031e-01 1.701699000000000128e-01 1.498839999999999895e-01
1.306924999999999892e-01 1.673572000000000115e-01 4.000000000000000222e-01 3.253780000000000006e-01 2.231889999999999985e-01 3.777646000000000059e-01 2.902842999999999951e-01 3.332345999999999919e-01 4.000000000000000222e-01 4.000000000000000222e-01 3.716655999999999849e-01 3.410097000000000267e-01 2.741966000000000125e-01 1.060491999999999962e-01 1.230678999999999940e-01 9.391681000000000334e-02 1.133692000000000033e-01 1.161525000000000057e-01 1.343766999999999878e-01 1.367166999999999966e-01
1.312849000000000099e-01 1.976847999999999939e-01 1.969932000000000072e-01 3.398657999999999957e-01 4.000000000000000222e-01 4.000000000000000222e-01 3.936844999999999928e-01 3.635132999999999837e-01 4.000000000000000222e-01 4.000000000000000222e-01 3.871627000000000263e-01 3.755688999999999833e-01 2.810565999999999898e-01 1.368535999999999919e-01 9.905878999999999379e-02 9.687060000000000115e-02 9.857647999999999411e-02 1.083539000000000030e-01 1.325391999999999959e-01 1.438582999999999945e-01
1.197083000000000036e-01 1.752192999999999945e-01 2.582225000000000215e-01 2.208743999999999985e-01 4.000000000000000222e-01 4.000000000000000222e-01 2.650597000000000092e-01 2.864162000000000097e-01 3.987146999999999775e-01 3.728955999999999937e-01 4.000000000000000222e-01 4.000000000000000222e-01 3.118434999999999957e-01 2.167598000000000025e-01 1.884569000000000105e-01 9.460501000000000327e-02 7.250297999999999465e-02 1.043291999999999969e-01 7.704919000000000351e-02 1.793933000000000055e-01
6.469305000000000194e-02 1.384888999999999981e-01 3.008677000000000157e-01 3.718556000000000084e-01 4.000000000000000222e-01 3.533429000000000153e-01 2.431442000000000048e-01 2.588945000000000274e-01 2.690114000000000116e-01 3.327069999999999750e-01 4.000000000000000222e-01 3.734064999999999745e-01 2.304374999999999896e-01 1.599734999999999907e-01 8.615188000000000013e-02 1.218974000000000030e-01 8.421952000000000604e-02 8.119402000000000563e-02 1.304372000000000031e-01 1.868604000000000098e-01
8.110625999999999947e-02 1.516785999999999968e-01 2.903429000000000149e-01 3.935505000000000253e-01 3.539353000000000082e-01 3.699172000000000016e-01 2.678660999999999959e-01 2.177176999999999862e-01 3.000256000000000034e-01 3.522758999999999752e-01 4.000000000000000222e-01 3.731980999999999771e-01 2.120578999999999936e-01 1.876816000000000040e-01 1.768299000000000121e-01 1.657137999999999944e-01 1.188903999999999933e-01 1.195523000000000002e-01 1.897172000000000025e-01 1.685763999999999874e-01
8.216498999999999331e-02 2.078278000000000070e-01 2.112924999999999942e-01 3.976763999999999855e-01 4.000000000000000222e-01 2.607862000000000235e-01 2.634688000000000030e-01 2.557955000000000090e-01 3.284023999999999832e-01 3.200580000000000092e-01 4.000000000000000222e-01 4.000000000000000222e-01 3.117712999999999735e-01 3.453220000000000178e-01 2.480173999999999990e-01 2.445998000000000061e-01 1.349027999999999894e-01 1.262060000000000126e-01 2.800725000000000020e-01 2.707684000000000202e-01
1.000000000000000056e-01 1.744266999999999901e-01 1.485875000000000112e-01 4.000000000000000222e-01 4.000000000000000222e-01 3.789932999999999774e-01 2.050565000000000027e-01 3.829187000000000007e-01 1.776179999999999981e-01 4.000000000000000222e-01 4.000000000000000222e-01 3.716262000000000176e-01 2.171558000000000099e-01 4.000000000000000222e-01 3.337691999999999881e-01 3.087083999999999939e-01 2.425714999999999955e-01 1.214907999999999960e-01 2.960533000000000192e-01 2.831112000000000073e-01
1.000000000000000056e-01 1.000000000000000056e-01 1.885109000000000090e-01 3.022038000000000224e-01 3.896408000000000094e-01 2.816441000000000083e-01 2.163959000000000021e-01 3.496119999999999783e-01 3.616341000000000139e-01 4.000000000000000222e-01 2.994721000000000188e-01 2.849592000000000236e-01 2.744717999999999880e-01 4.000000000000000222e-01 3.818134000000000250e-01 3.518373000000000195e-01 2.338609000000000104e-01 2.789178999999999964e-01 1.835323000000000093e-01 2.348716999999999888e-01
1.000000000000000056e-01 1.000000000000000056e-01 1.000000000000000056e-01 2.561547000000000129e-01 4.000000000000000222e-01 2.818026000000000142e-01 3.141961999999999811e-01 2.859809999999999852e-01 3.545518999999999754e-01 4.000000000000000222e-01 3.301657000000000064e-01 3.372643000000000169e-01 4.000000000000000222e-01 4.000000000000000222e-01 4.000000000000000222e-01 3.155391000000000168e-01 2.415766000000000024e-01 2.643795999999999924e-01 2.648596999999999757e-01 1.911191999999999891e-01
1.000000000000000056e-01 1.000000000000000056e-01 1.000000000000000056e-01 1.000000000000000056e-01 2.136815999999999993e-01 2.683493000000000128e-01 2.651126999999999789e-01 4.000000000000000222e-01 4.000000000000000222e-01 2.696642000000000206e-01 3.237477999999999745e-01 2.955789999999999806e-01 4.000000000000000222e-01 4.000000000000000222e-01 4.000000000000000222e-01 3.850959999999999939e-01 3.400330999999999770e-01 2.423194999999999932e-01 2.559130000000000016e-01 1.000000000000000056e-01
1.000000000000000056e-01 1.000000000000000056e-01 1.000000000000000056e-01 1.000000000000000056e-01 2.178595999999999866e-01 2.906833999999999807e-01 3.024910000000000099e-01 3.099315999999999738e-01 3.770275000000000154e-01 4.000000000000000222e-01 4.000000000000000222e-01 4.000000000000000222e-01 3.556957000000000035e-01 2.237480000000000024e-01 2.242890999999999913e-01 3.880793000000000159e-01 2.883896000000000237e-01 1.737724999999999964e-01 1.456389999999999907e-01 1.000000000000000056e-01
1.000000000000000056e-01 1.000000000000000056e-01 1.000000000000000056e-01 1.000000000000000056e-01 1.000000000000000056e-01 2.681834000000000162e-01 2.887865000000000015e-01 3.133960000000000079e-01 4.000000000000000222e-01 4.000000000000000222e-01 2.781551999999999913e-01 1.894003999999999965e-01 1.263794000000000028e-01 8.486283000000000021e-02 1.123120999999999980e-01 1.931672000000000111e-01 1.486053999999999986e-01 1.713809000000000027e-01 1.000000000000000056e-01 1.000000000000000056e-01
1.000000000000000056e-01 1.000000000000000056e-01 1.000000000000000056e-01 1.000000000000000056e-01 1.000000000000000056e-01 2.671880999999999839e-01 3.264206000000000052e-01 3.829815999999999776e-01 3.116919000000000217e-01 3.014715000000000034e-01 3.668376999999999888e-01 2.080944999999999878e-01 1.251330999999999971e-01 8.617742000000000457e-02 1.039970000000000061e-01 6.745500999999999581e-02 7.864363000000000603e-02 1.000000000000000056e-01 1.000000000000000056e-01 1.000000000000000056e-01
1.000000000000000056e-01 1.000000000000000056e-01 1.000000000000000056e-01 1.000000000000000056e-01 1.000000000000000056e-01 2.159021000000000134e-01 2.097153999999999963e-01 4.000000000000000222e-01 2.777188999999999908e-01 2.228893000000000124e-01 2.548215999999999815e-01 2.869106000000000156e-01 1.760259999999999880e-01 8.611151000000000222e-02 1.065543999999999936e-01 8.437184000000000350e-02 1.000000000000000056e-01 1.000000000000000056e-01 1.000000000000000056e-01 1.000000000000000056e-01
